3208
2841
-8733
-7363
-7320
3414
5582
-4794
-5925
1972
-3593
966
-1549
6420
-9528
-2748
6025
8515
-7054
-1899
8177
-4577
-928
-9042
2632
-9720
-765
-1747
-2278
6466
2209
-9036
-8966
-8806
9824
5636
-5657
7036
-9130
-9350
3299
7028
4868
3991
-7448
9998
-8794
8573
-2875
-5266
-3086
-598
9216
9057
4800
-7651
7121
6916
-2710
-6849
2263
-6020
344
6085
4102
-6323
8062
-4560
-7343
6253
-2605
2580
6661
-9531
4730
2235
9462
-4528
4226
-1273
7184
6591
6934
2159
-2977
-6734
-208
7173
-2454
7195
-1662
-8217
4678
-5500
-1054
-6942
-2512
-3889
6638
6801
5055
-194
-5461
3657
-9997
9632
1701
5711
433
-4340
8395
6684
8891
8941
5658
-8406
-1195
-5948
2868
290
-4121
-4401
3183
3512
-3756
-8757
6228
-7140
-5973
-2779
8835
1962
6511
4916
4297
5289
-5743
7516
7767
-6634
2441
-2095
-9162
9832
-1585
6840
-5183
-1908
-3562
546
8951
2814
6004
9269
-9133
2975
-4939
8110
-411
-7559
-8925
758
-3704
7332
8429
-3689
7601
-6032
-2794
243
-2177
3301
8876
-2187
2533
-374
-8655
2851
-2226
2989
-7933
6417
-6071
-2248
4646
-2522
7724
9550
3213
4006
-9915
-6118
-864
-8306
4234
1143
2976
9781
-2984
-5104
7031
-1097
7742
6461
-9026
6655
-8026
538
1927
52
8719
9225
3028
526
-6767
-8855
6018
-466
-6067
1514
-3935
-7182
-4426
1962
1233
-7340
8029
-8317
6729
1737
6912
-9703
4332
1430
9633
-8199
5151
-3595
6528
-5559
-2809
-7003
-8732
7449
-3641
-2445
4495
9219
4785
-3084
5218
-7602
6164
-3315
-1123
2153
-6817
2430
-482
8722
2124
1166
-6950
4817
6093
5007
6683
3310
2064
8060
-659
-6622
-5936
-5217
7898
-8250
-8343
-8390
2109
-2311
6077
4638
-7733
4638
8489
188
1283
-858
-1632
-4526
447
-7920
1417
-3020
-6490
5540
7243
-4856
-5179
-3177
-9214
5474
-7632
-6301
-5306
9132
-5335
-2977
-9688
7748
-2852
8055
9753
6754
7710
7657
7364
-7343
9395
-1041
-9323
-7172
-8412
422
-3136
-8382
1996
-1888
6766
2607
5169
-2143
-5265
7539
-4615
-6496
-2929
-8581
-8073
-3241
6916
-2116
3839
8386
-7173
4030
3344
-2534
-7931
-8244
4770
-8649
-8050
-5232
-7178
5440
1036
9746
-2732
6113
711
-342
-9257
-6397
5174
-643
6592
8873
9967
3763
7974
2915
-1161
6832
-2045
824
460
-2120
-1971
-1112
7357
4930
-5656
-9305
-7886
-6107
5027
-5134
5555
-8802
3004
-2514
-7719
4943
-3899
5343
9773
6767
-6724
-7808
376
-2712
-1159
2639
3154
5007
-2790
4530
-4272
8340
-7619
-8826
661
5177
5843
-7494
-706
3459
-1398
5373
7769
-6717
6894
9757
-7032
4930
3206
5480
-7849
6894
9210
-5820
-7049
-1272
-9929
-6820
-3429
-4061
-727
-8876
68
4757
1059
4834
9041
2153
-3781
8255
2583
3429
5061
8977
-5846
-6920
-5497
-5686
9016
9816
-5244
6781
-723
-6920
4651
-1515
460
5563
7192
3133
-5027
-4755
-3328
-4506
2874
-3785
2347
-4642
-711
-6580
-4186
-1370
-8676
-3360
-4792
1477
4002
386
-6657
-4637
-8177
1943
826
1565
-9330
-6058
-7909
22
9805
6953
-3385
4525
8703
2721
-6869
6903
555
-6286
5881
-5229
4225
-1390
2153
-8052
-628
3014
2544
9363
3957
-3417
7204
-7255
-8678
837
4820
-5879
3802
7746
8466
5937
6643
9532
-5896
3716
-629
2500
-4917
-2451
5578
2159
7944
-2676
-4310
8884
-9772
137
6454
8297
9125
-835
-8887
-7925
7690
2805
2358
48
-9938
3371
-5545
-3061
3292
8757
-1044
-76
-993
-201
2602
-4074
-9316
7002
9281
3440
6757
-2294
196
387
-5229
1771
-2936
7478
-2365
9058
-9883
-4217
9624
-3990
9247
6497
3043
-1670
1819
6620
-2200
824
-227
526
8241
-9753
4744
1898
3675
6938
8642
9898
5024
1250
6445
-8411
-4430
3601
-514
-9910
-7798
7912
-4903
-6280
-5209
4265
585
2321
-3944
1262
-2821
-4993
5709
-7763
-9701
2951
-7434
6422
714
-6432
-9353
-2739
5545
7126
-4983
3691
6281
1312
5100
9462
-681
7247
1830
245
230
9558
-9582
-7648
4343
9222
6696
-6865
1260
7610
5407
-1419
6914
7024
-8010
-7042
-5405
8177
-3945
5041
8547
7143
5954
-8375
-7423
446
-3404
5572
5874
-7173
-7415
-8625
4423
1242
-5543
-1038
-3235
-5308
3397
-1308
-4444
168
-6813
5300
-7390
-9991
-981
-8226
5158
4208
2268
-3209
-7150
1484
-4389
-8798
-409
-9827
-3053
-2214
-1865
9613
2229
8589
-4775
-3048
798
-9028
-5237
-4441
489
1908
-8853
-540
4734
2515
3375
-9140
-3356
5875
458
7206
-9850
-6394
-8560
6801
-6421
5818
-9432
-8290
-6918
7931
-2656
-5461
9343
4399
6269
-6503
-7693
-1221
6607
-8085
-7557
-9347
7225
-7183
-1130
6214
4975
-6774
5063
-7176
1146
6989
8914
-7102
6966
2954
-2908
2783
5670
-4143
-1138
6214
7873
7798
398
-7293
3029
729
5448
2041
-7401
-9647
8624
9046
-8132
50
-5475
-2525
-3805
-7682
8372
-5104
4122
-4551
6863
-7256
5296
3609
6991
3159
-3110
2330
1735
-4691
2653
-5611
-1277
-6235
-2281
-2723
-4898
-3051
-9490
-1325
-5954
-5048
8062
-3989
7616
-5997
9126
-9107
-9822
-5425
-3548
-8590
7269
-6761
-9492
9335
-4133
657
6884
4086
-3724
6817
41
18
-280
-1169
-802
143
5725
-7765
-7080
3456
6352
-6388
5999
4661
-3137
-7539
6490
-3219
-4645
-6198
-3556
4543
3360
-4570
5278
-3196
-4676
1858
-4097
-9098
-2724
-6061
5884
-2985
8798
8769
-3878
6589
6196
8966
9725
6359
9957
5975
-501
-6943
-1220
-4854
-8885
2084
3684
9777
-3451
6121
-4003
-2248
-7420
-8850
8883
1341
7159
160
-9068
2599
-6219
8547
4487
693
6761
-9388
-5400
-8515
7851
-4678
-1544
-1967
-9283
-5837
-5005
-5388
371
-5139
2824
-7312
5419
9339
2193
-33
1504
1144
4493
9313
-9610
334
4418
2503
7166
-6531
6940
-4333
-8619
9878
-7985
9671
-766
4235
-4326
-1648
-1297
9879
-4451
-1760
2229
9156
-4913
5751
-4726
9051
6037
5406
-8194
-9207
-6764
-1730
4455
2606
-872
-9427
7327
-8774
5864
6071
8996
-6187
-1390
1901
-7184
1369
-6246
-7804
-1308
7046
-1699
-9708
-1600
-718
-4183
-7344
-2431
7982
-2243
4151
7
-2051
-1027
2927
-4993
2048
2580
8801
-2669
7846
1751
7024
-6765
8522
-5588
8197
8241
-4785
8783
-7604
6981
-3165
-8934
-8525
2629
1186
-3179
-1642
-585
8264
2106
-3920
576
-6662
-7730
-749
8145
-470
-9850
4518
3925
8270
9053
1303
1583
6947
-5316
-4891
-3009
9900
-8245
-3970
-8452
-2823
-8742
4001
-108
4174
2180
-1
-9940
-5465
9990
-302
6418
8598
9993
-4169
-288
-3584
5763
8122
6481
-242
1854
6759
-7845
1670
4815
-3965
6518
-5687
9572
-9462
419
-2771
-6977
3859
-5617
5515
1121
2583
-149
-5128
-4322
-5381
-1205
-5082
3651
3424
5581
660
-5286
501
2771
-5850
-2050
-8241
1142
-5822
-5066
7873
273
-4021
-2631
2649
-6710
7835
8118
5698
6167
5736
-4020
-7859
-2477
1797
-1071
-8804
-2527
603
-9803
2635
6797
-6682
-6876
6075
7171
-7801
13
3342
-7214
746
3524
-6849
-5267
-1525
-1019
6987
-7376
-9325
-3133
-7429
5345
-5025
-5903
-4610
-5005
555
9738
-1346
-1163
-5006
9867
4938
-8652
7011
-6600
9484
-3387
635
7773
-656
3406
-3776
6359
8722
7506
3916
3359
-2198
8258
5940
9839
-220
6951
-704
-2222
6428
-329
1058
-1843
973
-2847
4092
-3122
-111
-3638
4539
-4741
4778
-4351
4447
-4690
-526
-2620
8519
-3185
-1235
-6019
-2852
7100
8146
-3077
-7180
-5762
3928
-1148
7200
-785
8722
-5773
-4063
-1908
-1406
-2536
-2709
6760
-4697
350
9349
-4911
7109
4615
-1111
5624
8299
-9776
-7643
-4306
-6855
3382
5274
-4813
-1213
8011
9252
3502
-5044
3098
8513
6175
-8213
-6090
468
-948
-3187
-1178
355
-8434
4637
-4316
873
-5661
-6917
5240
-2999
1614
-74
-762
-8158
-442
-90
-8732
-5255
2996
3177
8773
3477
8591
7130
-4108
3190
-6679
-4944
8667
-2840
2451
7242
-4977
-9265
-1308
390
1330
2551
4595
-6622
-1189
-4200
-3047
-961
-3891
9196
4973
7300
-3285
-8345
3366
-2589
193
-7200
9856
3761
5273
-1794
3706
-6776
1233
-9449
-872
-947
-7166
-5013
1604
-4568
3278
-8986
4979
9811
-1223
-4242
-5338
5823
-3856
-2299
-8674
9018
-8353
8416
-6662
-8650
8298
7201
2281
-3960
3617
6873
3715
6393
-2058
804
-2613
6692
-2268
-9606
-8653
2055
-6474
5607
-4852
-2930
288
-4313
-7096
-2539
-8185
4201
-6946
4756
5865
-7007
-8944
-7586
4892
-5597
-2364
143
-734
-5434
-2638
800
-2666
8683
-9512
2942
-2868
7078
-7442
2638
-2483
-823
-8641
-9472
4416
5983
806
-7745
-6196
2109
-9561
327
-1379
5172
388
1527
4637
8254
5986
8552
-3936
3914
-2802
3333
3034
7668
-4830
-7809
-8880
-1589
3662
-6136
-1455
-686
1267
6667
-8106
-2420
5994
-5097
452
-1487
2889
7654
9606
7825
6589
-9885
-4629
5695
-8763
-2202
9889
-5646
-2356
8151
9300
9178
-1734
-5109
9313
8017
-1260
-21
7956
-6041
4761
-4671
-4229
2116
-4911
6012
717
6341
4643
7089
-2421
583
2358
-3227
6484
6508
-8917
6313
761
-835
-7191
7245
3966
8002
-4288
2931
6540
5056
2487
-9551
9295
2195
-7373
-8255
-6410
5105
697
2928
-409
2002
-1108
2223
9386
9115
8021
-9657
-914
3253
-2629
-6254
-2861
-9024
-5368
-9938
8606
-1331
936
-4698
3066
-812
-444
-394
6357
-1065
-5181
997
3927
1685
8061
-5054
-5557
-406
6884
-7203
-765
-988
-8217
-3688
4809
872
-1906
-7983
7784
4070
4037
4886
9069
-294
490
2735
794
896
4134
-3753
6932
5844
6210
1967
9102
3638
6454
6619
6256
-7881
-7117
6548
-3041
-9
-3199
-7622
814
-7597
-4938
982
6051
1610
8867
-4580
3182
-3988
-615
4331
-2791
-9025
-6007
3999
1543
-8154
7033
-4921
7193
-7948
-5741
7627
621
5428
-2237
-7459
6936
3074
2631
-5428
-9415
8355
-8963
-3701
3256
-9033
-5964
2351
961
6014
-8816
-305
-7562
111
2016
8790
1780
7707
-1893
-9988
8787
-3028
4375
7109
-1241
1506
-5195
4637
-7926
9513
-1887
-9114
3513
682
5628
-1497
8701
7952
6296
1867
-7312
3509
-5924
6069
-5810
5862
-4157
-1707
-1127
4462
-4305
-7860
4692
-7435
73
-8872
4139
-7312
-1200
-7597
9260
2934
-850
-7609
-5507
-3126
8846
7068
6547
-9175
2622
9138
7234
-8677
2083
-5194
9709
2874
-5524
7371
8292
3284
1172
-6480
-3330
-1093
-2987
-9756
-221
-4568
9953
481
-7478
5571
5212
8139
6874
-6157
5164
-3401
9453
-174
8907
7019
-3530
2827
-5237
5471
4669
3229
7857
9078
-3041
1101
9397
235
630
9013
-1382
379
9235
5801
-385
-4374
427
-5130
-271
101
-249
-5577
-6618
9205
4715
5054
-2255
-2209
-7008
2903
2113
7482
3603
-7592
1587
-8924
-4524
-6565
-4993
-1642
-2419
7517
9802
-8396
6224
-7130
7894
-2118
7780
-4131
-7230
-1443
4003
-8425
6100
-6852
-2915
7029
7325
-4753
9185
517
1712
-5658
-3698
-803
-8389
-428
2104
-2205
4692
5540
-9319
-2951
9755
-4247
484
-3544
-4078
-5624
-4052
-1757
-1999
-7540
9328
-1389
-5212
2818
-9060
3389
-3262
49
-7497
-3483
-1292
1845
5679
9974
-6231
3665
8693
-9092
62
5776
-4132
-2915
-2876
9409
-7015
6690
-8975
5692
4120
8201
-6489
2571
-9810
-1708
-4637
622
6224
-2971
3112
3344
-3000
9850
4854
-1374
5577
-5087
6917
-2886
-6577
3991
4112
4398
-1740
-9977
-6607
7150
479
5155
-5799
4319
1239
1506
2413
-3395
3518
589
-6992
6263
1693
-6130
5757
6738
574
4437
-4131
1615
9000
2086
-6145
-6653
-5747
-9022
-409
3344
1493
-7897
2371
-5779
1654
7245
8174
-9520
-7558
-6918
7586
5929
7574
9106
2192
-6162
-5606
-7209
-327
8686
-1633
7862
2073
3051
7895
-8476
6047
460
-4731
3819
-4684
-8628
2104
345
6241
4399
6390
-6275
-9871
-2635
-7141
8725
-4723
-4027
-5242
6616
-5315
-7603
-2097
-9514
-3135
-6001
9327
-8081
-8833
-2837
9821
-1418
-245
1860
3920
187
8947
7035
9041
-2127
-2121
-1156
7062
-8348
-7045
8152
-1483
4606
-2737
-852
5502
1662
6958
-1667
2938
-2776
7091
-8356
6247
-4414
-254
-869
9713
-8322
1392
8097
-1405
-9261
8098
-5306
-4416
-2897
-7412
-3999
-6527
2638
-2974
-6013
7527
-2479
539
2756
5133
-5384
-6099
-8676
-3685
3132
-3632
-5283
4629
4087
8853
-8343
-4152
9947
-1230
6228
-1299
1161
9037
-1828
-9386
3388
1192
3921
4579
4176
-5289
6434
-8182
9841
-3335
-5657
-3293
-7426
-5462
-6132
-2315
-5588
-7145
5678
-9063
1255
7311
-8822
-8129
5992
3133
5750
4574
7156
2276
826
9036
4123
-4887
-721
6905
-9131
-5715
-7219
5341
-5618
1427
-3917
8599
-4343
9376
9154
-371
8993
1890
9801
-1694
-8546
-4458
-1803
-4318
-3195
7154
3732
2385
4317
-6051
-9051
9777
6644
5446
1247
6534
2593
2308
-3572
-5398
-4511
-1511
1716
-8704
512
-4136
3420
6606
-3508
1421
3780
9929
1084
3757
-8776
4838
5930
-7581
2436
1906
-2679
2931
-4967
9240
7226
-1012
-155
-7802
-8857
4187
-412
7265
-3838
-475
-6930
-2382
-1540
-865
606
-3123
579
515
6613
-6644
-3030
4294
-1794
-5524
9297
-2979
9447
-4656
-4895
8931
445
8663
3102
9100
3159
2799
-4206
8774
-7190
2893
2883
1701
-7509
-4106
167
-873
-6325
4022
5406
9593
9665
2883
6612
-4262
4533
-2694
-4725
8742
299
7329
8398
5126
4948
7788
-1182
7269
-2781
328
-2196
1531
-5200
283
4740
-3858
-355
1125
4684
-3524
564
6535
-1914
-1645
-8678
-3069
-3658
-6948
5860
2416
-8061
2143
-3603
-5127
59
1757
-2226
2253
9275
6294
-6604
-7358
1435
-8190
7397
-9010
660
-2207
2695
-3051
9830
-6591
628
-4676
225
1651
8265
2709
9628
-9218
5896
2276
169
-9878
-8675
7588
3343
4845
-9500
3482
-9806
-5843
-8024
-2981
5871
-9499
708
-8240
-6895
-2395
-5962
3930
-209
-9122
-6578
-5380
-6626
-8509
8919
8592
-151
-2505
-4579
-5645
-28
8121
-5657
-6918
-7966
5304
9152
1081
6043
2648
9504
-4865
7571
8451
849
-7241
-4047
-6758
2168
6833
6193
-6798
-9168
-7147
-6043
-9456
6509
-1505
-55
-6298
2729
-8447
321
-5069
-8152
8816
2060
548
2919
7728
812
1182
8322
-8213
-2007
20
-9638
-8409
8908
-3115
2785
-924
2334
-9796
288
1181
7007
6991
4286
-1428
4902
4120
-5616
8428
-5539
-5990
8346
-5811
6823
-8607
8577
6568
7719
6829
-4825
-7211
5838
3405
4810
2780
-8812
6071
121
-1051
-8268
-3150
-5898
-5039
9132
-8303
-7383
-5246
-5020
2023
-9020
-6919
-2569
-775
4635
-3087
3681
-4735
9135
-1102
-4875
1562
3184
8991
7195
-6756
-2331
-8051
-8476
-817
-1194
-9818
-2127
-9612
-1476
8768
-3077
-7191
-9818
-6950
-2036
9570
7797
3109
3795
3985
-1755
-6816
-3949
-524
-4521
7585
1109
-2111
4639
-81
8461
-4420
1214
9095
9350
-9421
4113
-2172
6445
5017
-9950
3550
-3024
-8488
3994
343
-7910
-3322
-6944
811
-2692
-7401
-3406
-4985
984
-5513
5773
-9911
4695
-645
3258
-5362
1556
-6670
-830
-978
1457
9636
-6950
2475
-6568
6136
-2140
-2842
1645
4988
2704
-4247
-6469
-2824
-5163
-7728
-1921
-5070
7380
730
4845
1299
-1729
-7013
4571
7937
4183
-9523
-5721
-1945
729
4482
7745
-6194
-9124
4092
1559
1045
9698
6025
-7573
6866
3630
206
7439
9093
-925
7219
-3925
858
-3188
8164
9452
-8151
-8214
2751
-4060
-9046
4387
-1013
7800
1585
2945
-4116
927
-4604
5270
-1465
7609
1985
-547
-4539
-5373
3605
-6348
-2693
-2977
5603
-1035
-2574
4025
8494
-2187
705
-2246
4121
-9734
-8309
-7087
1484
-5924
-8503
-5024
-7069
-6819
8636
2831
7454
1623
-4699
3947
-719
6819
-529
-8015
8416
-1827
1811
6708
-1770
-1697
-3772
-6017
4124
-206
-1911
6343
6651
3659
-7080
-6906
-5895
-1679
-9833
-292
9749
-6310
-4064
-6243
3210
4891
-6635
-1241
-6398
5299
7989
1841
-5167
-4432
-8503
-5254
8942
-2078
6756
-265
-1355
2676
8805
5194
-6691
6920
2066
7316
-9223
3622
-3475
-9958
-3088
-9808
9205
9255
7509
-3631
-2437
2515
5921
-358
6402
4036
-7802
6427
2256
-2269
-8882
372
-5197
4300
8809
-2252
-7708
9744
-5304
5191
5768
-6383
395
3561
2479
4111
-7396
-2452
-3663
-2109
-6966
2130
-1666
-6551
6796
9397
6883
-2602
-2268
4975
1301
4974
-4755
2363
4762
5910
-165
8945
-2570
-8091
-2781
-4584
-2577
2662
-8484
6391
937
-9360
7066
940
-8359
-6542
-5466
6779
2866
3800
2500
-786
824
8827
936
1642
5327
3186
-4615
-2494
-9881
8743
6716
-2746
-5796
-7641
253
5836
3669
-3914
-3390
-5848
-2934
4117
310
-847
8552
-7635
2968
-4949
639
-4789
-344
-4302
1033
2253
9529
4398
678
856
7391
-7427
3019
-399
-2411
8752
-1581
9768
-3799
-999
4397
8333
-9014
2761
4000
6377
1396
-6440
9351
-8155
-6800
6372
-5227
-1030
1829
4068
5378
-8152
-6542
-2118
-8062
99
1376
2110
6435
3025
-1406
4796
-1736
-6975
-1060
-2629
4180
8259
-8926
5804
5073
4008
5384
-2989
3737
-5402
5459
7014
-4594
8427
5513
3996
2932
7492
5167
-1585
2756
-7728
-5207
-8339
-6459
-6410
-8114
-1574
-4020
2546
349
-5475
-8904
-6407
4545
-4745
8944
-7528
-5364
-1583
-3077
-557
-4912
-5455
-9002
3188
2368
5722
-2612
-9410
-7716
6994
-7310
-4286
-1357
5826
-254
3586
9755
-5267
-2970
-2711
2264
-673
-5803
-4579
5811
6202
-9223
-5389
2188
-6447
-146
-523
-7390
-1763
-8096
-226
3643
9048
4323
-6182
2549
1949
6752
-5582
-2120
-5761
5083
8916
-1399
2674
-3232
-1297
3796
-2426
-863
-4891
-4355
1894
1785
-1764
6711
4751
4640
-2275
2693
-8872
-480
4075
-1228
-4882
2601
694
3490
3969
6295
-6724
-8095
6875
-81
-8698
3522
-8837
5389
-6893
4945
7204
-8708
-3494
9180
9391
8730
6827
-4526
8931
-1197
-9704
-1984
-6461
5797
2293
-508
674
-2755
-6414
1760
1490
-1540
8647
9176
4008
-518
4253
-2050
-7164
-4292
-2506
7828
5425
-4991
-6789
-4827
5367
4836
-9537
3198
-1497
-9913
2964
-4090
7329
9314
1373
5733
8360
9510
9859
394
3362
1181
-7154
8035
-9172
4570
-7526
910
-2062
-9889
7716
-8289
5651
-1294
152
-2057
1352
-6514
-2921
2002
-2352
9360
312
-4299
6270
8996
-5149
7874
-4799
-8149
5569
1167
859
2211
4443
-6111
5116
-2584
9178
-7078
-4061
560
3338
16
-1273
2514
-9156
-1016
-1987
3267
-1857
4162
-8606
2102
-2464
5662
1456
5090
5705
-4985
4712
8157
-3578
-4019
2174
7628
3142
2093
1387
8847
-9187
8127
-7440
8939
8578
1145
9703
-6757
3287
-6917
-5769
1639
3359
1582
-6887
2716
-9431
2788
-8308
2203
6785
5064
-6123
9361
-9382
8977
-9424
6638
2846
2911
2900
-5854
-9935
-2279
356
250
-694
3379
4060
-7732
-2168
8208
-8309
1674
9356
-2087
-8161
8307
-9870
8147
-5874
-3884
9699
-1419
-8296
-575
-6411
579
-8151
7362
9142
-7218
997
1074
1814
950
7470
-3137
-7150
-3592
7364
-9644
4281
7248
-8083
5870
-1982
9155
5041
-1525
2928
865
-5709
-9702
1731
-522
-2178
741
1001
-4800
9326
-2039
5152
1379
7017
-6218
1315
3801
5075
-2991
279
-7947
-9224
-4585
8182
3484
-4680
635
1351
4159
-1604
-6085
2587
8024
3250
4828
-7051
2376
3335
-2573
-9862
8473
-3847
-4734
5559
-7956
-8355
-9010
-1623
-6286
8719
7781
-4437
-8501
5024
-2425
-6229
-9117
-9560
-240
-5848
-1097
5706
-4783
-4514
-8463
-1691
2114
117
-3372
7395
-8699
52
-1215
-9546
1538
3141
6694
-7031
-7447
-5719
9702
3339
-6386
5663
-2322
7619
0
-797
7285
-9301
3276
4906
3833
3795
-13
-5400
9074
8365
-6672
-1587
-1655
-7984
-303
-1446
-9849
687
-3280
7808
8009
751
-6574
1968
3737
-5881
-9423
3837
3095
1516
-2045
-3002
2728
1353
1607
4294
-5832
-8228
-6787
-4810
-3602
3615
-2957
6730
-4982
-7166
-8267
1704
-5330
9969
-726
-8132
8974
-6474
7749
2222
1517
431
2579
7340
5239
-9572
6503
3919
4969
-2289
-1830
3895
-2394
-7081
8250
-9529
3944
2175
-4344
6327
-1085
8386
6816
-3747
2167
3028
2289
5382
1803
6474
410
2409
7159
-5840
2439
-209
514
2178
6498
-8306
3984
-8560
-9224
-7996
5396
-6468
-3699
-405
3948
7046
-5211
-85
529
-1905
-9658
5724
346
-5440
4228
56
-4840
-6906
-6341
5634
-5817
5852
-4817
1797
-7133
8951
-6691
-821
8378
-9743
-4207
-8064
-521
-5353
-9100
1696
5709
5874
5515
2543
-2079
-2741
8630
3485
9756
2222
-3360
-912
6045
-8872
-6444
-7772
-6229
1732
5585
-8931
-1376
2921
1379
-4747
6056
-4294
1293
8035
7000
-2865
105
2919
-8374
-9822
7879
1480
-557
1110
4835
5549
7115
-9834
2261
-6508
8977
-1983
-4
-5564
-5772
-7391
-4008
-569
1698
7223
-1884
-3208
-7400
-7801
-546
-2094
9846
8112
-7572
3189
9433
4954
-7162
-8826
7204
5363
-2290
576
5386
680
6971
-9228
1288
422
-6453
7213
-8003
7012
8565
-4963
-5342
-4285
6453
2894
939
3737
1535
4958
-4590
-2495
-5581
8070
8526
6107
-2550
-4065
-2543
7428
-4066
-7340
5709
-112
7199
1819
5698
-1514
-9647
5480
-2715
-5182
-5288
-9310
-7450
-7519
2642
277
-1528
6709
9788
-4662
-4520
4527
1949
8919
-3734
-3271
-2128
147
-1738
747
931
7194
1820
-5931
9032
-6423
3493
6784
4622
-3279
8481
9511
8588
-1914
-2675
-5507
2215
-339
-1017
8212
-5748
7839
-412
7139
1253
4731
-385
463
9964
1897
2457
-716
-2492
9049
6979
388
-136
-6111
504
-5527
-6873
-1773
-7705
-5767
-4583
-6846
9290
8694
8535
7783
-1428
4879
-6228
-7507
2773
7504
342
-6486
-2346
-7106
-5686
-6921
5234
-7626
840
6836
3387
-4689
-7459
-8915
-5595
-868
4110
971
4170
5499
-6935
-1098
-5803
8578
-6454
762
626
9235
-8369
-3345
-6573
-9342
6360
-3995
5827
1906
-6567
-9012
-6327
-2101
6689
-9482
4116
-5991
7445
4364
1650
8330
-537
-2822
-3087
6163
-5171
-4245
66
9395
4710
-7096
495
-2950
-6089
4487
8480
7743
7259
5244
-5679
9228
-2101
4065
3085
-3040
8020
-3380
-7533
-6912
-8727
2512
9058
6896
3610
6809
3643
3752
-5521
-601
-886
-2311
-815
2992
7614
-2588
9042
4795
6603
-6475
-4818
-8239
4189
7972
1084
8478
-1801
-8050
1226
7359
-4219
7525
7344
5476
1703
2574
-3312
8050
-4054
-7919
4243
3878
2137
2114
-8450
4269
-6424
-7858
4074
648
-2720
-7803
164
5357
-2384
-2953
1194
-65
-8082
6394
-4751
-154
6396
9867
4437
-1469
-5445
4464
-3914
-7889
9107
-9609
3455
-4343
-9372
-6400
7358
72
4908
-2371
-9174
-1224
7020
-4800
-1782
-184
-3827
-8776
1072
1463
-9706
-4423
5234
-379
9850
-4934
-6459
1329
9110
-3317
-8249
6993
-215
1182
-9465
-8477
-8933
-7262
-5736
-9099
-2762
6888
9934
1281
5338
-6165
6041
6867
916
6212
-4902
-6038
1983
3522
-6152
-8993
-8357
-2189
-7877
7556
-7975
2604
4475
-950
-7961
9040
-3603
-1137
9564
5483
5127
8317
-2071
5074
8501
6445
8890
-3532
-205
1957
3684
1078
9489
6296
5616
543
-8963
-4278
604
-1561
-6382
5845
9756
-2081
-5342
8360
7150
-8756
-5547
-205
6521
-7222
-7812
-4187
480
-1748
5031
-988
-6512
1291
7956
8755
1095
5611
3842
-4792
7067
-749
6746
9303
-9612
-7947
587
-9118
-3090
3849
9965
1435
4359
-2702
-9155
-3756
-8182
3206
-6707
6380
-6870
3635
-1649
8114
9392
-8899
-7406
4157
-4846
2345
-1253
-7532
1411
3253
-347
-1899
4664
-8216
-238
4057
8527
923
8087
-9094
-7980
170
796
-9710
5162
-417
-7748
-4003
-9530
-2620
8898
-2742
-8310
-5693
1621
8001
-5667
-492
3875
9890
7703
-8955
7020
7125
-5726
-707
-8918
138
2013
-8292
6846
-2556
-775
-7
-180
7994
1922
6283
4790
-4314
-6833
1500
-4699
-6789
-3376
-8207
1630
-4913
2113
-4812
-9806
-5010
-6839
983
-1568
2246
-370
7235
9247
-1164
-876
-6489
48
-3438
4922
-5736
3686
5195
880
5369
6998
-3947
-409
2232
5802
-6952
-6259
9987
1952
-8651
-1871
6998
-2665
4715
-1912
7634
9989
-4196
3202
-7590
-595
9298
-2315
-7650
-9926
4351
9564
3184
195
-1727
9024
8562
-8736
-2632
817
6691
1745
-4993
4931
3902
-8608
-8951
-5552
-9545
-3675
2917
-1081
7811
-5615
-9554
-7780
-6541
9282
-1598
4382
-4083
-1416
-1995
857
-612
9417
1477
-7021
-4765
1965
-9414
5722
-9916
1308
-522
-899
-6963
9639
-875
-2997
2134
6243
1526
2925
8962
-7757
7012
1041
3338
-1285
9045
9474
9328
-8921
2752
4523
-1337
-2723
-3977
830
-5084
1134
-1375
-566
-5866
-1463
6279
-8943
7632
-8125
-6654
-2067
-503
-3037
-8854
4311
7523
-2848
2346
228
-3711
7439
-8084
314
-1725
-5578
-788
892
-8865
-6476
-9049
5814
9518
568
-4854
-1744
-5669
-8839
-5919
9353
-5643
7701
34
9951
-7829
5571
527
-751
1854
8082
5889
2306
4376
1149
-4649
8439
-478
-5024
-8643
-2456
-4513
7859
3974
-3349
6147
4368
9168
-2276
-8379
-3667
4291
-2663
-4311
577
3124
-6957
-8603
-6280
-2893
9263
-7680
-7561
-2499
-5892
34
-8591
704
-5191
-4218
-5669
-329
-3918
7536
-3206
-3143
9937
2826
-8796
2834
-9982
4220
-6242
-228
6888
5348
-8052
-5738
2817
-5003
-3104
-8927
3735
6030
-935
4030
-5679
-2875
1417
3270
-5194
2067
-7459
-6927
-4737
7760
8831
220
8818
-1369
-7176
2288
8156
347
-5875
1825
-7261
-6178
-3536
7245
-5481
-5778
6565
6644
-2786
-3676
4546
4304
-9356
-4577
-1959
5960
2349
7205
-1146
-4678
4179
699
-4361
2795
-4078
-4241
7277
3105
-8739
9089
-2348
-4224
-8472
-9753
8064
-911
-2419
7621
9349
3
125
6075
-5067
-6581
7033
-812
-939
-3016
8315
2933
52
-5585
8868
5193
8561
9548
7265
-3749
1215
-3721
7993
-8710
-9870
9895
-9398
6863
8314
-747
-4418
-9045
8387
2316
-7414
2804
5651
-3531
3167
-8244
-7668
-5835
-3499
-1236
4341
503
2830
-3525
-7671
-9902
-6496
3727
-7838
1656
-4675
-6651
-3533
1423
-344
956
-7128
-854
1884
-6763
9433
-2159
-9629
5503
-4566
9700
-985
4036
2755
-2009
-540
3851
7785
4739
46
-4055
6230
6187
-8072
3731
7623
-2231
-710
-5293
8265
-6791
-2780
5449
6524
-7267
3635
-4563
-4145
-1777
2923
-8315
-6346
-6488
9405
7844
3312
-6855
295
-5829
7030
-6146
9499
6343
409
-8292
586
5724
67
-9788
-4369
198
285
7157
1573
-3541
-3218
-2305
8205
4685
-9662
7995
-4984
-822
-5426
-9614
-2464
6327
656
7448
327
-1598
3366
5718
2724
-8779
3840
826
1537
3268
-3580
-1415
-5935
870
1061
-7145
9728
-532
-6640
-1412
-7641
1698
692
5622
7897
3487
-2287
-9089
-1240
146
517
9154
-5890
3531
-6992
686
-3855
-8706
5946
-2779
-6440
-3211
-7877
3165
-5885
4001
-3763
-7625
-5620
8634
-9451
-2506
-3802
8878
-4084
-3364
3511
5591
2102
-1685
-8273
-3463
-5742
4666
3416
-3008
-3787
114
2174
5051
2773
-9673
437
9879
-8872
8774
5557
9226
2216
994
-2734
-4287
-564
7821
-7157
-7084
-5912
-2229
1290
-5677
-5874
-5910
-4496
-5948
-1502
-5534
-6502
3983
-4573
2997
7163
3449
319
-8230
2410
1764
-6069
-886
-329
-7374
-2359
-8964
-1900
7972
-654
-8259
-8085
-6135
-1052
6438
-8685
4486
-4080
-9472
8650
-7276
2993
-6200
4394
-9044
-6888
-8852
-6048
-3873
361
3520
1590
716
-2454
-4768
5291
1219
6200
-2839
6028
6528
185
-228
674
8687
5268
6828
3986
-395
-2815
9256
9216
-4135
5644
530
-2976
-7982
9248
-817
3852
-757
8790
-8626
-6671
-3628
6891
4539
-3418
-8735
-8266
6306
7348
7962
-9921
-4994
-9018
-6609
9786
-6766
-1692
7361
-2433
-3791
-8831
9722
7823
-848
8256
8853
7919
-1246
5941
-5625
-6440
-6802
7418
-6627
9010
1883
-6244
8843
-4564
710
7140
-8771
3945
-524
6018
9865
-8377
557
364
5358
-8691
8222
-1220
5747
6038
9470
-2349
-1542
-6182
9804
3075
-2220
-2413
-6127
-8781
-1768
-6604
-7273
-7036
-9669
4032
-2844
-7978
-3746
-5178
5831
4680
7881
6936
4344
-2994
-3314
6389
1781
-613
6937
-2646
-2734
-1967
-3830
-6103
4064
8956
-4127
9918
-6667
-7507
6216
-5519
-3691
6470
9291
-2498
5228
-8459
-8297
-3397
-7820
1912
-3434
5564
9529
9860
4556
-5516
7756
-3673
-8034
6059
-7538
9406
-9957
-2797
2603
-275
4904
4592
-130
1248
3942
-2045
2850
801
-8992
9130
8893
446
3259
-5748
-637
-4827
-9018
-3145
8670
-3892
-4745
-9889
-5965
3916
-3302
3442
369
-6028
1685
-1198
-594
-9263
-703
5337
2029
175
9906
7813
-3913
-2540
9015
-5396
-8667
-8799
2214
-9771
7510
9538
-5728
4429
3895
-8530
2315
-8300
-7721
8641
8525
-5927
-8838
-8250
1864
5328
7906
8740
-5406
-7645
6335
-1088
-6755
-7184
4716
3626
-6811
6515
953
3615
-1298
8910
5097
-2457
-4635
9610
-7809
8086
-1419
8153
-3311
8346
5509
-6313
-5714
-6032
499
61
-9699
9662
-8242
9432
2638
4028
-4003
7144
5485
1101
-7793
-5418
-4017
-4961
1521
536
-332
-4098
662
-6407
6903
-609
-7359
1612
1957
-8659
-9087
9271
-5456
3860
-3308
-5393
-9518
1173
3922
9366
-5805
-1390
9727
9694
-5059
-5281
8588
-9193
770
114
-3579
6462
9770
-5369
8962
4645
7459
-3240
4533
-4240
4297
4756
-6617
4050
3245
-4233
2791
-3208
-4887
3150
5261
-7698
-8138
9529
4756
-6744
-9614
436
-2787
8051
-4049
-3295
5168
5962
-1432
-6379
-3795
-3333
-3962
79
-6870
-6143
-7346
-8290
9988
-9683
6520
-3653
-1797
6547
5412
-1253
-8307
-9590
-4031
2877
-9355
7508
3875
-7957
9200
-6775
4401
7904
801
1285
9153
7729
-9904
245
7
-2543
-773
-5612
1973
-6811
-119
2693
-9011
-1106
9581
-1377
-3369
-4476
9968
949
-7132
553
2421
-8390
-4846
2034
2607
8675
370
1261
4120
5679
-9426
4316
6392
4001
-1705
2228
554
5267
2869
-5692
-3962
7293
-7268
-9051
-374
-854
6803
-5193
-8137
-6753
9995
5472
3171
-5383
-8024
-7827
-7008
2046
-1275
-1837
-2712
3904
-746
1630
-3101
8646
-3597
6272
6379
696
1021
2549
-4003
-8096
-9700
-6907
4446
2094
5122
-1709
-4322
-1883
6243
-5958
-5326
-8960
-6126
2143
1376
9121
2495
-8994
-5420
-5249
-5461
4552
-9487
-730
-7053
-5214
-4702
-1602
8677
-4173
267
5319
8104
7038
1671
5440
7197
-3308
8772
-4454
5227
-9855
-3809
-1465
301
6607
7910
7527
-3254
5220
-2164
9051
-4111
8655
5996
8890
-1190
-3355
-1208
-5445
-6822
-5943
-4816
2487
1700
-3240
-7592
6230
-1953
-7801
8101
1644
9178
1139
3928
7006
3861
3340
-2788
-4237
-6902
866
6250
-2716
-2279
4001
-7944
5926
-6273
1624
6252
-3579
-5145
-3761
-8752
6639
3664
-1727
-1980
-9063
-1467
-1575
5420
-8021
-2874
9029
-3069
3847
8493
-3125
-9413
-2032
-3700
1380
9185
2230
9936
-1440
-1892
3386
-9627
-2933
-2797
-9903
-4513
8465
1722
-1032
161
4617
-9908
-4567
-6561
-2144
-2958
6381
-5790
-9597
-4881
9305
2984
-6090
-4174
8449
-6100
-7046
7993
-5180
-3282
1411
4523
8641
4045
-42
-6853
-1998
1939
-2762
-3917
-349
1879
5919
5307
-8670
4904
3195
7197
1070
6761
9883
-5972
7135
4441
4876
-4689
-7240
-6532
5221
-5032
