8201
-2263
-4110
8481
-2191
-4264
-2082
-2811
-7163
3343
-7197
5812
3862
1178
4011
2983
-6297
7292
-1868
-697
2525
5621
-4313
-9787
-2450
-2108
-5596
-733
6762
-4171
-2076
-2779
1628
-3128
-2852
300
-2317
4889
7027
9770
-9067
2589
-4708
-9820
-189
-7213
-5039
5028
656
8722
-7338
1319
9241
698
-788
-7171
3646
6139
-4014
169
1001
-613
8351
-2865
-607
-1772
-7655
-5412
-6879
906
3092
4974
-3062
3117
3499
3515
467
7544
642
6282
3764
8043
-3970
2973
-138
7736
-1301
2441
9036
7929
-316
9618
9627
-3039
668
246
-5143
8375
8076
5038
-6798
6873
-9846
-9900
5126
-4259
-5957
-2965
3281
9430
1010
-2386
-5049
-8388
191
1035
-194
5501
6685
5584
1100
5501
8929
-7795
-7615
-3229
-3536
5259
-1508
5888
-3765
-7335
-8033
4280
-4010
9561
-9687
-5379
7938
6440
-6452
-8460
-1620
8172
7594
959
-3294
1633
-2342
-8273
8228
-9716
-714
3770
582
5993
-1149
1432
4116
-3589
-8632
-3758
140
8148
-5545
-1825
4186
-4818
-7632
2717
-2555
8290
9114
-1958
-6096
-3100
-4280
-5000
1363
-8642
-7680
2370
-8660
-9646
-1412
7639
-2353
8214
-5959
-6025
-1336
-7960
503
-4145
-6558
4262
9743
8204
8102
-7194
6835
8737
6489
-5321
-6295
4896
-1572
9203
6425
-269
-7697
3195
8170
-5187
-5640
-2940
-6157
-7594
220
-3787
-8143
5673
-7501
-2321
-1059
-644
6989
-9155
-5445
-7395
2343
-6190
-5166
3970
-8777
5672
-5997
8295
6553
-1521
-4930
-2003
7734
-5679
1848
6725
7739
-3488
-6608
7797
-4107
2505
7502
-3985
2406
8540
-1574
-9507
3195
1249
-3331
6433
4590
9100
6012
-1362
-2118
192
-8777
141
-1275
-1044
3920
8398
8473
-237
-528
-3628
2929
7566
-4885
6689
-5437
-2243
-3367
6673
-9946
-5588
559
3361
395
4661
3899
5703
8352
3324
-6296
-3118
-6669
6318
-9826
8786
-571
-149
6888
-569
-401
-1773
-5
-5716
9570
-2401
7841
-78
7175
9093
2935
-1209
-7226
-1233
-6148
7431
-5447
-2457
-3918
1716
-211
1180
-6992
-51
6344
-4450
3550
8863
-9223
543
5334
5030
1912
-5453
-2761
5014
-9894
-7234
3827
6739
6383
-9984
2089
8985
6176
-6227
-996
-8261
-7516
2402
-5386
-2396
9547
-7226
6144
-3421
7612
6830
647
-9688
-9834
-3696
-9914
8659
6238
8705
3174
-7289
5993
6889
-1958
6508
-9264
-7813
8740
9971
-7660
998
-9666
4931
-1253
5213
6982
-4863
-785
8067
4382
9289
-798
-8917
-7692
6172
-3181
3787
4074
6172
-866
-5724
5215
-6084
-8305
7832
3886
879
-8715
9072
8647
9871
-8085
-4836
-8527
-2784
-2464
5312
8026
5713
8122
4671
2943
5356
3882
3266
-9214
2230
-1082
-3142
201
-90
9465
4470
-2661
9247
-6600
6740
-8059
-6099
-4371
-3972
-3752
-9786
8518
-7585
8143
9639
6286
-4075
-4927
-3806
2772
-7188
4183
-313
8794
-5902
2277
-6686
1754
170
-8260
-3213
6309
6173
-1797
-7968
-3467
-1561
6499
-8762
5158
9073
3010
-8366
-6293
-3830
-8167
4519
-7862
5586
144
5545
-2696
-2259
-4602
5684
216
-5200
-3558
-1681
7676
-9806
-6939
-3590
-3203
7336
6617
8310
298
5083
-4061
-3910
4339
-2409
5718
-6472
9123
-9591
-4732
-8867
-5514
4891
-3638
2662
4841
2833
355
174
-6882
3263
8930
3586
5948
6449
-7292
1988
-8902
-4233
6539
-5243
-5779
-995
-203
5622
7067
1117
-7345
-4334
1713
-1506
346
268
6413
-8745
6829
-2499
-9875
481
5271
6511
-5373
9792
-5542
-6405
1156
9403
-8878
1867
1041
9914
6598
9180
6871
2453
3258
113
-428
-1562
7863
-1209
4868
8528
6283
8670
-4760
8866
-9049
-794
-9425
210
1374
-797
6417
8472
-6396
7686
-731
-814
8408
-1844
554
3706
-162
5003
2299
-3145
7194
-1330
5993
1965
-2577
7539
7110
6107
-7476
5105
2456
7691
-6498
-6962
5812
7779
-1897
-4350
3693
-5841
7431
6929
2809
6109
886
670
-8599
3215
-4128
3604
8540
-854
888
-9049
-4868
-7528
5452
9607
8782
2885
9909
2910
-2272
6621
-3701
1877
4288
-9510
6802
8049
-5120
2675
-7100
6492
6596
6941
3251
4697
-5983
-8828
-6636
-5914
8306
3522
9891
9467
-5241
8066
-4948
6699
-8665
9881
-511
1445
-3531
-6779
-7459
8160
7773
4609
794
-9183
6665
7856
8450
5003
-5227
-6622
519
-7849
5086
713
-7265
9436
-1532
-7818
-693
8299
2430
-8126
-2348
-761
-3089
2186
9548
2317
275
2256
-3309
-2956
-4089
9973
3843
794
-8637
-4756
3706
3265
-1127
8064
-4426
4096
-4282
8327
-9744
-7281
8862
198
-7496
-6376
1434
-9622
-2587
8555
-7540
-3147
5514
8099
1944
5871
4475
3224
5698
-7508
4199
3525
4488
-112
-1347
-2665
-3872
-4224
4574
-2420
-4867
-2410
-7157
-9698
7636
472
-1479
-7738
1981
6958
7582
6321
-777
-1059
-2524
3551
6544
-7415
-3324
-3512
-1939
-3944
3910
9963
-2108
-5399
-5688
-6083
554
1033
2068
4289
-479
-9493
9645
8109
-375
-7868
-2564
-232
-6077
4653
-2066
6932
1437
-8355
-211
-9341
6325
-4406
-5322
-6250
3763
-3149
6840
-1487
-7629
715
8957
-1300
8638
-2846
-5662
3625
9024
-8897
4613
1643
-5769
9597
3684
8604
-8054
-7474
1911
9552
7153
3293
6111
-8266
5957
-5344
5490
4523
-969
942
-9185
7611
1722
-1150
5882
6905
-1324
-374
-400
-9280
-7100
2234
-9434
6167
2161
1916
-7554
100
-7120
3055
4966
1798
-6160
4150
563
3971
-3196
-5457
-7356
-7362
-1942
2409
2493
7835
-8394
5667
763
705
-5412
-1129
-8761
-10000
-6920
5414
-6657
-5820
-3537
-3693
5935
2557
2405
-7032
4380
4394
-1410
5904
-4095
2171
-2065
4958
-4414
7525
5889
-1717
9181
-5984
-6287
8480
7058
631
1658
2357
4298
-1898
-5733
3141
-1707
7047
-8008
-2473
-1403
5001
515
-665
-4438
-8331
7181
-9433
7321
-4373
8526
9794
4074
1778
7574
-4429
-550
7057
-2481
2926
-9459
-8149
7639
-6486
7785
8429
7755
5918
3096
-5132
8799
-3039
1616
743
-5577
964
8886
4526
-8189
3196
-3334
-4095
8652
-4901
-4123
-3679
-4553
2317
-7306
-6575
8787
-7847
8475
-4167
-3114
9056
5855
2853
8587
9550
5123
-3230
-7735
8482
6081
2972
-1787
-3322
-1766
-5979
-1200
7427
2594
-5585
9301
-9951
1675
8865
6916
678
2577
-2422
-550
-6465
-7512
-7441
7883
9166
2144
-3214
2139
7142
3082
-3903
-1228
3759
-5424
-2854
-8462
-6635
741
2431
-9140
-823
325
5046
-1294
7609
4629
-2829
-9518
8148
7428
9195
-7946
7759
-2449
-5487
2151
2409
-938
9803
58
3605
-966
3150
-8760
1762
-3155
-128
-7588
-933
2929
7523
-7709
-9733
-6407
-4353
5083
-4283
5624
1209
6718
-9015
8881
5045
-9781
-342
3726
-7985
9389
6314
-3307
5134
3646
2656
1671
6939
3874
-1881
-9937
-6196
3867
7506
-3232
8454
4487
9852
7766
-7276
-8927
3373
-8492
2566
-9611
8036
-431
1028
-9792
-8838
-914
-2693
1694
8284
5756
-6414
8290
6320
-9705
-248
7656
1067
-354
-9727
7267
-1531
5165
-8140
551
-401
3267
-8199
9570
1031
-7215
-3673
5773
-7750
5067
2947
-5440
2758
-9803
-3849
-7649
-6036
-1362
-509
380
6933
6389
8589
4726
-7400
-2175
4745
-8071
7199
-4188
9870
4585
-827
1112
3343
-5408
-4402
-7379
7292
1488
-8292
783
5699
-9217
-7879
-1980
-3082
-2688
541
-3420
1423
-6737
1642
7564
2046
1719
6150
8128
-1231
4426
-5341
3532
4466
9489
-9984
8724
4483
-2165
-2386
-132
-2462
-6490
-9709
8604
120
2437
-120
6908
-2822
-1957
-1462
1584
-260
6536
9410
-3795
-1808
8276
-8343
-162
-8214
-2391
-3556
-2537
9940
-1491
7829
5147
5173
-1072
8882
8633
7279
-1198
-6772
3096
2332
-1542
-1916
6504
2205
5671
5094
-507
-7702
5727
514
3076
-9201
-528
1826
-6215
-9369
-8487
8839
-7471
-3655
-1761
-9607
-5934
-9463
-9534
8548
-7013
4183
6450
-6294
-5389
5587
-6894
1101
-2226
-5482
6980
-4805
-991
-8974
3965
-8551
6038
-7221
7081
-4830
-9486
-1112
4744
2705
4872
-6979
-520
-2541
540
-3122
-4305
5044
-1827
-7737
5745
6941
8690
-4616
4078
2281
4645
2929
2328
-3973
-3620
1319
4025
4936
-3650
-4570
7507
-2035
-198
3198
-6253
8818
-7367
-2446
-3649
-5025
-2218
7359
7166
-1791
-6011
4911
-9971
1548
-6305
2468
-7702
710
-5531
4254
4316
-1426
4912
3966
-3734
-5907
7427
2184
-3325
-3135
9867
1812
1210
-3119
-2013
-3415
-1808
-8308
-408
5041
-3095
-5221
5334
7869
-4650
-1934
-2153
-9865
7690
-8670
2429
4504
7060
-9384
-5953
601
-390
2027
-2133
2273
1489
3902
-8071
5169
3470
6450
-1116
6225
-2037
-689
-5632
-9417
943
526
7357
9248
-9669
6216
3787
7038
8087
4345
5744
2475
-4057
3896
3547
-4340
7689
-183
987
9849
379
9751
-1716
-1607
7592
9683
5569
4855
-1878
-4202
6883
5335
-6605
9915
2886
9942
1516
-8622
7907
-8082
-8355
3203
-8314
1620
-8542
-7780
-3852
-5197
-5146
-8091
3371
-6758
-8279
1803
-6802
185
6390
1346
-680
8083
-5976
3807
-1522
2969
8696
3361
-9925
9387
8021
-1808
8383
-7794
7173
1864
7497
3456
-6351
-6060
-8528
-55
-20
-1296
5029
-8221
-4369
-5451
-2696
3777
-981
7751
4501
9143
-5199
9081
-7668
-4030
6726
-1857
-136
-8342
5588
1670
6768
-1023
-8732
-4488
9748
3473
-1285
-3912
3377
5138
-1738
-2676
-775
-1858
2212
-1423
8893
-4667
-3334
-5620
8659
-7883
8244
-8405
9091
-496
1771
-3165
-7789
-4175
-8931
4660
-5317
-4513
1541
1642
7698
9543
-2967
-7096
-9485
982
8819
4441
9701
9227
5735
9350
-4289
-2648
-1319
-7212
-1684
5426
-5751
5655
2604
-5829
-9648
70
1222
8641
-3315
-7600
-2508
1254
-9718
-1683
-9735
2826
-7205
4902
-6867
9904
-8297
-2638
-2879
9855
7722
-3825
8945
-5614
-6254
-7952
4844
1323
6912
9392
-7959
8693
6589
1131
6791
8174
9286
-9999
1053
7319
-6795
-4634
-2087
-1182
-8854
5582
-607
-5973
-7646
-4150
3564
7774
794
-2971
8355
-2659
-2958
6554
470
-3215
-8586
4549
-234
-9181
7415
3932
-5329
6659
9915
8860
-8420
1219
2013
8559
-3397
-5074
7177
4297
9501
-7481
9202
6202
-9905
-549
900
9505
-217
9669
2295
-7651
-2787
-8992
-6904
6622
4729
-7528
-6210
-837
1100
-725
-525
6003
-9852
5742
9122
-8441
-1807
-5980
3706
3553
7202
1917
7090
-8359
-144
815
-3301
-4303
-3695
7420
6226
-6921
1248
1449
1390
-8361
-4358
-5339
-9494
7238
3252
-7523
936
-7876
3880
-2302
7682
-7560
-4535
7300
2603
6139
-5859
3430
-6643
-7028
-325
-310
-1057
2461
1193
2176
5357
8715
-6360
5443
-1561
-8955
9543
9306
1897
-2310
-9777
-5011
-195
-7867
-343
7783
6858
1368
-9958
7767
3524
569
-2263
2807
6332
2465
4499
-6407
-6015
-1864
-2615
-8778
-8988
-6181
8013
7555
6047
-5728
-605
7427
4333
-2262
-3958
4735
-3818
1124
-906
-3886
-1720
3868
-2191
7348
6975
9021
-6488
9942
2184
8271
-7425
1148
2291
4249
-2141
-6248
7661
-3895
6315
8245
4200
-8321
2654
-7732
-4674
-6089
-3335
7117
-3520
1862
2077
8974
-2044
-6491
8166
-5660
2178
7775
-3031
-8803
4708
3395
9781
2778
-2259
-8768
-7487
-5877
-8210
2985
4919
6513
-202
-5387
2987
-9498
925
3821
1148
-9231
9457
3186
-725
2418
-3609
9468
-7214
-2874
-7431
154
-4460
-4907
8322
6641
5865
-9775
5040
-8053
1678
-1827
1307
-8760
-6854
7053
-9681
-3780
977
6973
6894
7283
-303
5094
-4959
9398
-2097
1442
1996
5714
-3143
3125
-2970
-1962
7552
-5289
3272
3663
-3800
7387
-7483
6782
-7312
-4222
-1517
-833
2852
-9915
-8821
241
-467
5597
-371
3336
-9820
-8443
-3767
816
334
471
8888
7202
-8819
418
6327
-9427
1939
-974
56
-6471
-8242
6662
7656
2742
-3330
-4747
9840
5753
2183
-2665
-5969
5591
4663
-720
3798
9639
-3790
8022
9769
1088
1493
2973
864
3839
-3248
7039
-196
9633
1246
1943
6353
5433
5583
5986
827
393
4283
-4741
-8762
2131
-5982
-5034
-5755
-1416
-3522
-8827
7443
2895
2831
-5363
9240
-7003
-9061
5808
-707
4842
-1152
4460
-2790
-3469
6740
-4611
-6442
3776
-1655
-5109
-7958
-6934
-2098
5794
9808
-8262
-3081
6089
5693
-9264
3652
-1253
5077
9604
8042
-5072
-5572
810
-1972
6071
1193
2619
-5052
6752
708
-1062
3467
1792
-3127
-4586
1938
1685
-6682
-866
346
-2846
3584
2259
8335
3879
5302
-2327
-699
408
2143
9317
-7461
7607
-6514
-5029
-5128
441
1397
9144
-9849
-6486
-4289
-9717
8895
-5173
2162
316
-4263
302
-4799
-3059
1014
9774
-2332
4675
-3458
7603
7711
-9634
4242
8498
6436
384
5013
4568
3910
-9769
2415
-7024
-5487
-4831
-9901
-3150
-5479
-4358
-4062
-281
-9172
-4779
-4018
-4014
6255
311
-3765
7499
4972
-3632
-349
2262
3772
2740
-5185
-8742
1271
8211
1973
6474
5930
-2537
2217
9698
4028
9916
8604
-4050
-8191
-469
-7212
-3959
9081
7658
-1852
-8377
-9630
1420
-7712
4570
-4659
2446
-6922
5819
8673
4915
-5650
-9096
-1159
6007
-918
-3051
1813
-559
5441
-4963
7774
-8329
474
7721
-1163
9530
9940
4331
-8033
1505
-3882
-7981
9128
5743
-5682
271
8826
-9759
-5438
-8859
-1045
-2833
-1366
-8473
-9982
-8041
-2181
6010
9098
-5590
6027
-1281
-3973
-4077
-5725
-9835
3326
6957
-5838
-3278
7815
-1242
-4396
5483
-8058
-4259
-985
-207
-1734
-2158
3336
6744
-4581
-765
6569
5462
1665
5390
-2805
-4338
3361
-1228
3971
927
5163
-113
7351
-1610
-1658
-2544
-1631
-1405
-2784
-6162
-1059
-3141
-4825
-3142
-6681
4407
9522
-9311
-6558
4274
2137
7262
1388
-9552
-3352
-4191
-8002
2072
-455
-2734
-840
-4331
470
-9722
-703
717
-1550
-3400
-824
5511
-9288
4437
-2618
-6846
1412
9816
-7348
-7915
-7755
1585
-5385
-2843
2355
-4351
1741
-4847
-1077
6395
5108
-8590
-1244
9338
-7790
6926
-9411
-389
5573
4689
9668
9390
9846
-8565
7592
111
-9107
2656
-4371
-1523
3349
3888
1473
-179
-2764
-98
-8762
-9219
-1724
6296
-7940
3020
32
-1388
8836
9062
-6083
8491
8187
183
770
-6827
-9309
1074
6687
-2172
6300
2610
-4554
5828
8304
-6390
-7601
-9190
7740
-9751
-5137
-2100
1392
-8408
-8509
8403
4781
9899
6217
-1369
8325
-6028
-107
5000
-8486
6629
1203
4613
8268
144
2045
-1543
-9279
-8738
2181
2354
1854
-6991
4841
-2490
-691
-3540
5776
-7978
892
4498
-9731
6456
3350
5933
-6095
621
-9026
275
2890
-2967
8780
-8091
7460
613
9196
2369
-2968
2971
5084
7184
-2115
-2991
-6191
6409
-3393
-4857
-9086
999
606
-7086
-5132
5303
3386
-242
-1988
-3847
5038
2704
9207
76
-4121
6287
8124
7641
7890
5889
-2464
3028
-8995
3795
-8881
5520
-1589
9797
5993
-6807
9440
-2854
-6353
-7917
6541
-8670
-8322
-5555
-218
-274
-3794
-3438
7817
5431
-3331
-6746
664
5590
2457
-9441
-3180
5905
1520
-4855
-801
4878
-6873
9704
7649
5162
-2939
-485
3784
4134
-3137
9049
2311
4015
2618
1098
-8616
6503
7301
-7326
-7555
-6153
1789
1964
-9580
80
-3398
7622
-3435
-8934
755
-8474
1336
5569
-3217
-6083
2359
3341
-1692
-3450
-1121
-5539
-2356
3241
-1795
-1112
-2234
-5574
2004
9548
-9651
9210
-7181
9540
3137
7580
3641
-1883
9545
-7653
-7761
6971
5863
5343
-9471
-1183
9458
5896
506
4491
8386
1478
1804
-3692
-6740
1060
-9845
-1809
57
9612
-8734
4410
2270
4616
3390
-7864
-8832
7937
9348
-2893
-276
228
6345
9138
6699
3189
-6140
-2965
6446
2271
9803
-1198
-1611
-8679
6113
-8094
-8888
-4917
625
-1477
-6755
2524
4482
6695
9037
4153
3093
-3788
471
4679
-7451
-4117
-2046
7633
-5031
-7590
2646
3949
2980
562
8758
9732
3597
-7517
-5902
8562
1020
-6719
-3811
-1696
-8433
1162
2388
-6484
7135
1337
-6963
-9261
2373
-5639
9522
-4070
-5963
7521
7187
-2632
-2404
-5928
-472
4211
3476
6997
-1630
6200
6073
499
-7722
7598
-9461
-4113
3986
-7883
1034
2244
-522
-3227
-4185
3814
-9360
-465
7943
5202
9566
-6804
5681
-376
-5204
9838
-9370
-104
-4693
8153
-6604
-6136
-373
7493
9959
4229
-3952
-1284
2098
1983
-6898
-7187
-5493
-3599
4838
3233
-2626
3871
-1521
8128
-1096
-7996
1029
324
-8202
-2104
-6578
9590
1232
1830
432
-2981
-2971
-2660
-2301
-4329
-6730
-6357
-2874
-2712
1590
-2301
-5098
-673
6501
1254
-8246
7418
1342
-1744
8887
5698
4167
6058
8423
-3634
-6439
-3623
9063
4336
-2276
-4486
8786
-6867
3461
4535
-1154
1828
-9315
-7130
7661
-3628
-9361
-2893
-8742
9388
-7205
544
4491
-1323
6000
-6873
-7725
5468
-9481
3230
75
-4615
7643
-9192
6484
7501
2846
1530
4681
9394
375
7985
-4019
1514
-7302
928
2358
7999
-4866
-5538
-647
9483
2542
-774
2271
1807
-6444
-9132
-8303
6820
812
-2938
-373
-9836
8915
758
36
4872
-8927
-7403
-7237
4491
-1073
4960
760
-5819
4640
-296
375
-8076
7359
-6562
3838
9847
5066
2375
-1844
-6228
-6589
-2541
559
6982
-7339
-8479
4492
6873
-5227
4802
-2084
8469
4224
940
2628
5872
4119
3109
-5936
5080
9850
-2476
5465
2963
-159
-9936
-1596
-2229
-3277
6562
4141
4142
6809
-1493
2279
-4278
97
-5799
-5640
9120
-9941
-1682
-2461
2926
4743
-1276
-9444
-4980
-7924
8247
3226
-7045
-8722
8442
-5221
9674
7422
-2870
-4
3865
-2457
-7494
-2375
-1487
8834
9472
9768
3882
-937
8783
4786
-3105
-7822
7484
7267
4368
-5870
6256
6552
-1421
-1884
9332
2357
8875
9528
-4433
7052
6704
-3405
-3908
-3003
-2610
-7991
6928
6156
-7273
3140
273
-1027
-6065
3976
7031
2902
-8305
559
8360
-169
1782
1950
-3343
3456
5907
27
-5929
-8522
1642
-721
5984
6675
-90
4234
-3526
-9934
-4558
-1205
1384
8100
2774
-8842
-1725
-1425
-6953
-9556
-6148
-5699
9459
-4782
-7383
-6195
902
-8371
3024
3162
-5694
-7155
8183
-4307
7336
-1146
4463
-9100
1976
2171
7226
5592
-4175
7692
-1796
-2942
-3213
6088
1911
1871
-1774
-697
-523
857
1382
-2580
-3883
-8041
581
6139
-4722
-7534
2522
7484
-9294
4114
8365
2739
6100
2118
-1679
2384
1132
2770
-6920
-8144
5676
-9143
1956
951
-7885
-9491
-615
2054
-8611
7772
6283
-4515
-5302
4862
1670
8964
5201
5162
3054
5791
-481
1087
9554
5735
-3524
-2284
9251
2212
-85
-7310
4379
-1681
1767
3008
7199
2819
6901
801
-6669
1371
721
9782
3575
-5146
-1531
-3576
8393
-2834
-9475
-1716
1817
1052
-8457
-6532
-2653
-6374
-9794
3405
-1546
2936
-8242
5655
1886
-1681
-7206
-5291
-1158
4292
-123
7379
6988
3433
9296
-8909
2192
-1041
-1763
-2659
2226
8098
-4217
-2814
-6638
2586
-5397
1843
3333
7104
4931
7527
782
-4041
-2166
4893
8652
4109
-7180
311
1758
3571
8856
4041
-5739
-6529
1695
3094
5404
1296
-3833
8449
8274
-4047
-3667
-9377
-6587
8700
1413
-2926
690
9289
-4956
-8422
-5608
9989
6428
5306
-393
8351
7083
7560
6823
-9352
-3260
9515
9952
-1396
5482
-5936
8127
554
-6070
3937
4145
5994
-8040
-5498
-2415
7827
9518
-7123
-9251
8409
-3418
-7570
-4664
-9484
-1698
-5423
-4456
-541
-7177
-5818
-766
8219
-3571
9612
7771
-2686
6201
8921
-6746
4523
1635
75
-1330
-4849
4432
-8794
-9495
-2175
-3104
2635
-3468
1772
5429
2652
2653
-7241
5343
-9566
7445
9390
-9748
-9758
3778
-4536
-3827
2902
-9209
2912
7666
-6166
-1419
7990
5374
-9568
9079
9209
234
-3275
-3256
3862
5907
-444
-4728
-8711
-4199
8529
8898
-8250
4520
7899
5350
4519
8766
9067
-3515
2839
-8082
-8889
-9401
-8908
-4739
-1653
-902
5343
3157
-3175
779
9927
9034
-4704
7130
-3566
4482
-8742
-849
3297
-67
-736
8410
-4548
1777
-8975
6173
7288
2039
-47
-9292
-2730
-9133
8681
-4350
-779
-8620
-8962
-9852
-3584
-3730
-8508
-2828
7200
-9028
-8453
-2988
1660
3169
-9850
-8084
-9539
-2034
-1460
5453
-4485
3144
-4791
5054
4125
-5879
9733
-8769
-6267
9733
8169
-9186
3364
4622
-3513
-8654
7851
-3057
-1332
-6015
146
3929
9872
-4077
-1862
1570
-9645
5626
-9091
1799
8035
9605
-4490
8730
-8328
-1899
-2357
-2251
2503
-7143
-7861
6321
3696
8912
-185
2460
-7298
5724
9434
-1166
-9361
-9396
-8884
-6372
-7145
463
-7372
-4512
-9480
2605
1455
289
3921
-4327
-3342
-5818
3608
-1507
-8541
8438
9188
8834
-6664
-5234
-232
-1661
9901
-9032
6118
2331
6289
-1496
8558
-6669
-9115
3827
-6651
6970
9519
-4524
612
-7591
6690
-6694
2195
8025
8933
4464
8237
6197
9291
-9198
-8684
1678
1465
-1435
-2052
-4443
5270
-3703
-9320
-9909
6063
-2741
1937
5055
-9202
7002
832
3617
8898
6806
-1123
600
614
-9999
-1535
7613
7540
-5588
-8458
935
4614
-1420
2062
3614
-8079
9727
5903
1403
-4598
6087
-2036
9871
-1605
-3197
-856
6671
-9748
757
8544
-8561
-9018
-6698
5348
7591
-2509
-3019
-4707
-4581
5589
-1572
-6696
959
3732
-1281
9185
1876
-9243
-8481
-6683
4565
5694
-6333
9914
-5924
-8987
-7608
-8820
2409
-5680
7505
-7928
-3534
2443
9652
-5791
-7470
-5328
8931
9552
3558
-3926
-9359
1612
1909
-3418
3911
-7810
-4678
-7007
5848
-5612
-7093
-2329
-7904
-6357
-8883
8018
6510
7780
8314
-826
-3128
1766
1783
-9433
-3704
-7556
-1593
-8398
-305
-2471
-3374
-4582
-6040
644
2453
8826
-5544
5207
5408
-7628
8489
-910
9036
-3190
-2863
-2262
3986
5267
8079
6929
-4457
-4995
5377
-5343
-8509
9088
-4441
-5269
-5766
-2626
-644
-4411
628
-41
6960
5065
9411
-6817
8179
2269
-9318
-8959
-2788
963
-5583
-3331
-9657
8249
-708
-9576
2474
4002
6317
3559
4790
6809
-3807
2989
-2475
-2500
4748
8206
-8408
-9355
-5750
5008
-6307
-7524
-5387
-1792
6739
119
-2707
-347
-8577
6
7812
-8135
-3397
9408
-5077
-81
8685
-9077
8653
9532
-8090
41
8107
1343
-3414
-3688
-9254
4821
3556
5303
-1568
677
-207
-2100
8893
4024
8728
9226
4617
-5018
-5356
6290
-5948
-9762
8643
2524
4485
-6726
3877
870
1885
-8150
-4100
3
110
1624
329
8566
-5453
4349
-6572
-7764
-4369
-1498
2327
6848
6975
482
-6390
-1015
-1021
4980
-1012
2759
5110
6109
4690
-5821
5006
-3282
5239
-5537
-969
-3952
-2149
607
7230
-9717
8729
9083
6975
-6069
4
-5736
7466
4444
-1962
8849
-342
-8168
-1366
1977
1509
-8404
3042
-222
3562
2263
3346
-1196
1210
-2868
4323
7972
6773
-358
-2981
5077
8534
-3557
-4030
-8828
9410
4365
2491
197
7264
781
-4636
-1758
-993
9943
1853
282
8481
9527
-2272
-3030
3469
-4457
-9217
-8956
8473
-5962
3899
5605
9959
1751
-2162
-8807
179
9277
1523
4955
7310
8931
-5304
5090
1818
-332
-5197
5856
2343
-2856
-2263
-4889
-8838
1037
9079
7247
-4148
-6523
-2492
5051
7800
925
7292
4701
-7350
-8056
-5987
-4724
-3352
9845
8849
-2605
3693
7479
1372
811
1905
8247
3411
593
-1848
8979
5380
7160
-8164
-8969
-2111
1323
-7817
-8852
-4227
816
-3130
7013
-232
-9160
820
1823
-9894
1150
-4711
-6212
969
-1834
-2043
939
6820
-190
-4584
-4270
-2059
9641
-6138
-8732
7019
4967
-7426
-98
9507
-9271
7850
9842
4123
-5202
1157
9899
5200
-1814
-8658
7801
9364
2163
-9325
-948
-7632
7030
-810
-1168
4998
6985
-9262
4507
7532
8443
8636
6715
3182
-9306
-2153
-1829
2620
6339
-9528
9858
-814
9517
3642
9690
8272
8227
9456
5024
3336
-456
6109
4393
3348
-8843
-418
-1154
3018
-6861
-6257
5693
-2929
-4260
-9692
41
-9720
-3410
-4134
-4593
-2234
7185
3290
7688
4648
-4657
2228
-1441
-8466
-2995
8478
1388
113
2700
5770
-3290
9857
-8606
-2761
-7720
788
-881
7865
-1959
-3648
8721
9206
9160
-4489
4355
-5600
-6736
7288
6547
487
9494
-2972
848
-5754
8176
9588
8542
-6540
733
-5767
-7409
-1241
-1938
1102
-5259
-3209
-6733
-2538
-1491
-1922
4102
5487
2870
-1755
1195
2007
-7178
5921
1914
-6096
-2423
1631
268
-7914
9878
69
6404
-4574
-6420
1389
2421
5052
-5293
622
5824
698
-4774
5107
801
-863
-1006
7870
-1349
-5235
4717
4223
5768
615
1484
-789
8986
67
-1739
7152
-7791
6664
-9835
-349
-4139
2341
-1109
-1576
-3416
4810
-2128
-2620
-7775
-1902
2076
-6778
-9488
-3247
2596
5320
5628
3772
9288
5923
3331
-2133
556
3912
-4404
-9927
-8527
644
9084
4263
2344
-5906
-1415
-7131
-6316
-2834
2868
9880
-4111
-4490
6592
-87
5472
1027
-2011
-1106
-3776
5118
8332
1661
-1168
1230
5999
4019
-2971
-1200
-7108
4435
4597
-4619
-9363
-8880
-2302
-7511
-3302
353
3771
-6959
-9187
1504
5726
-2472
0
7710
3568
7138
-2450
1310
2384
-2909
9591
7247
9558
4701
-876
4029
6710
7456
-5916
1613
-2710
8762
3496
-9598
-116
7200
5430
-4935
4528
3181
-9628
-8238
-100
4729
-9289
1781
-4699
5383
7452
-226
-5077
5201
-36
7250
5816
-8710
5886
-7371
-5764
-5567
9421
-2455
-2255
680
9959
6699
6436
-593
1999
-2163
2764
2045
2370
-9359
-1871
-6793
-3449
-3839
8849
-4017
6434
-245
-8312
-7928
5067
-9861
3510
3567
-8107
-6366
9255
8191
-8379
-7159
7417
-9154
7289
-4444
9396
1707
6302
-1033
2077
-1785
-1094
-772
-2543
9496
-9823
-2418
-2077
8784
4289
8819
1831
-7520
1624
341
-969
150
4594
2607
3038
-1947
-603
-3840
-7859
-9890
-3037
-6358
-4346
271
3740
93
4284
7204
2065
3422
-8353
-9416
-4245
8019
-3440
-4918
6594
-9991
4652
-4459
7449
9111
6325
5032
5717
1615
3817
4105
8357
9753
-1888
-3775
5230
-3011
-6092
-1541
7339
-1788
-724
1049
3711
-4196
625
1813
-2883
-582
-4415
1644
7311
-8432
3552
9352
2858
-2352
-5069
-8103
-983
-9999
-5756
-1776
8247
5015
2133
-7625
-6318
2305
-3629
8612
-5772
9310
6049
-7890
8705
-9338
-8641
-6071
-8378
9456
826
-9184
-8995
5969
-4054
1489
-5007
5101
95
2704
-7374
-5113
9592
3599
3615
8824
-3720
-7438
9634
2255
7380
-7238
-3871
5938
4533
-493
8542
-353
-4993
3634
-8495
-5868
-7267
-8251
5496
625
-3915
9911
4660
-6845
-4251
8248
-171
7215
4241
-3936
-9429
-8180
4940
4148
8350
-6270
8930
-3138
-5647
-6889
-8862
8700
623
-2416
-3450
-8448
7256
7898
-4025
2059
-7167
8144
9109
6973
5455
9614
5386
-5351
6287
4123
-913
9552
9679
-9107
430
1873
-6927
942
-3265
1818
9809
3659
-1436
-807
7832
5280
9318
9901
8589
7942
6502
821
8569
6032
-2315
-4409
-5674
-8583
3904
3456
97
-8379
9726
-8815
-7266
-372
-6843
8671
-5074
-6323
3506
881
7777
-874
-8169
-7438
615
-6685
-2301
-8259
-2468
2693
7143
8752
8675
-85
-3906
1896
2509
5163
-2804
962
1766
-6899
-8810
3378
-6399
9707
-1020
9789
-4204
8711
8147
4845
4207
5629
-4789
-7923
-1565
-8267
1863
2611
-3559
-5602
9858
-3569
3573
-3426
5430
8120
-8829
2598
238
7850
8083
3138
5926
-2372
-7482
-2527
669
-3417
-6384
5936
-788
-2455
1
9341
5630
-9175
-2498
3963
5086
1303
2355
1857
-6944
-8497
-1675
8033
5602
4338
2451
4062
4552
811
-5785
1744
2572
9094
4513
-3157
7533
8937
5796
5136
2378
-6495
-7829
2089
4940
-7068
-4033
-923
-7037
-4880
-8827
5845
-8512
-6767
1420
-8780
8785
-443
-7904
3252
-1842
-871
7395
5720
-596
-197
-4970
8544
3071
7680
-2688
-3049
-5944
-6109
146
9462
674
313
-7675
-2915
-3625
1524
-8562
1132
4407
8619
-1481
9960
5980
3530
696
-7485
5996
3519
-9544
-6078
1310
7380
-2207
4485
6623
6173
9831
-8787
3831
1611
9708
1906
792
6835
-392
6237
-6965
4998
-1406
-2925
8636
805
3465
4330
8311
8961
-4085
-3295
-1250
1335
-3809
4000
7097
-1574
-350
4345
6092
-1893
1474
9129
-7438
-1799
-2590
6566
2063
2650
1699
8119
3236
-5078
-2607
-3050
-6290
8591
7125
4632
3012
3926
-8345
-4528
7228
-9115
34
5496
5523
9639
1681
-276
-1113
1519
-4798
6295
-9456
-3772
-3707
1636
-1359
3241
-3232
-7639
-3047
500
-6459
7418
2966
-259
-8060
-7636
1913
-3510
-2533
2936
6500
-1501
2170
8561
5952
-3545
6539
-6941
8726
-1684
-3870
8235
8600
-5242
4825
3202
9457
7438
833
9125
4292
4393
2442
5997
-6694
4105
7921
670
-2424
-9257
8757
-1274
4626
-3102
-6596
2834
-8653
-2066
-5706
7731
-1557
2228
-6104
1411
-6849
9352
-5086
4587
7336
-3791
-9131
8066
7520
2224
-3866
5284
-2359
-7947
-7119
-649
1026
235
-8944
-8896
2702
-1128
-2956
1756
6415
-4970
5307
-3490
8481
1946
-1208
6078
-9181
1986
-4019
-8199
-4976
-9450
-8615
-9521
-3786
-2232
9014
-3273
-8624
-1125
27
-5615
-9254
6598
4107
9852
2417
-514
-7485
7229
8655
9705
-4193
-3733
7805
6845
-2645
-4072
5809
-1585
-7062
-9878
-2658
1539
-5224
9022
-5022
8373
-4783
-6929
7357
-8998
2684
-8767
-2184
-5655
-6112
-3479
-3594
-1545
8842
6772
-8032
-593
3844
-365
-2939
-892
1585
9087
6918
-1464
3577
5736
-4761
-1036
2417
-5991
-6892
5755
2830
-2156
5552
-9955
-3006
-4992
-9419
430
1948
7503
4242
9986
-6435
3182
9555
-513
-751
-3907
567
-9269
3361
-9463
9902
-4624
-7369
-1507
-6062
-9150
5763
-9640
4155
8580
8208
-6270
-9753
-4910
-3483
9902
-8577
-728
491
-3629
-3107
9705
1258
6691
-2200
5100
1318
2211
-1324
-4122
-6425
3468
9099
1065
9705
4393
536
-6195
-11
-7384
-8528
-583
-517
2965
2980
9304
-6392
-1366
-1275
6700
1774
-5641
-4716
-7807
-9217
-9623
-3016
9423
-9250
-1685
2969
2816
3803
7079
8027
-7606
-4828
7409
-2651
2968
-8680
-5746
9046
-7970
7540
-9792
-4149
7611
1494
3542
1616
4908
-8756
9995
-6930
2254
6958
3553
3736
7186
-5444
-1012
6059
-8684
7046
4268
-4122
-192
-7975
6225
1172
4628
6130
-3770
4921
4860
1388
-8120
-10000
-339
-6248
-3411
-7179
6887
-1585
-8915
-991
-1994
204
8967
9894
2406
-386
-7368
-2122
4282
2693
-9784
-5973
-8715
5900
-8520
5456
-7071
-2150
-8922
908
-1221
-7143
-5616
-9519
-3529
-8508
9811
2497
-213
-4370
5991
-4070
9589
-4576
7419
2431
-3614
9040
5150
4332
-7138
1217
-4437
3060
-4325
9883
-5817
-4251
-5807
9030
-5505
5164
3313
4000
1207
861
759
1733
4970
5054
-2064
-4446
-4271
4319
-6343
8933
6186
1810
-535
8241
-7187
-681
8006
-8488
2880
7986
9244
1255
-7840
6997
-7338
1150
-5565
-9608
-6626
-8908
2559
-774
-7646
-2691
8536
-3761
5285
4142
-6861
-8415
9925
-1193
-5433
4621
-3281
-6591
8469
-9657
-1616
-9722
-3893
1221
-9083
-9412
-9350
7623
3034
-7053
-2297
2784
-1319
-2718
6040
-6526
8849
1662
4117
9950
6956
-5051
18
1613
4500
6669
-7864
2703
-4043
6846
-2365
8411
-9929
-5942
3165
8330
-7655
2333
-9496
848
5510
-4028
-5956
-5223
-160
-8818
-9197
-324
-7566
5146
-8305
-856
-9451
-4793
-8743
-295
3353
8897
-884
4744
1276
814
9340
3436
-7886
-2926
-8580
9714
4289
-9598
-3660
976
-7504
5190
-2262
-7302
8964
4281
5723
6241
7545
-1066
2219
-5606
4008
6287
-4885
7014
-4019
2966
-1260
400
6392
6745
8182
-3742
-1662
-2669
-7997
-2846
-3644
