-7888
-3510
-8032
-2859
-1298
-826
4747
-1330
5631
-43
-1882
8199
-9816
-7012
-8665
-9065
-3200
4336
-775
-1222
1815
2390
7332
-2954
-5009
-3874
7478
-6916
-5711
2730
-4366
-9962
-8949
-8521
859
-2711
1808
1578
-4378
-2220
8120
2582
7983
-246
2896
2645
-977
7734
-4747
6390
5126
-3427
-9349
-1049
1925
-771
-3397
9204
-2257
2672
6437
1408
-2237
8061
7432
7638
8099
-7731
-4038
-3311
-8566
-9446
-5143
6410
-5290
3942
1437
7156
-686
4104
4527
-651
7762
9339
-2427
5869
-8388
-5991
8129
-1539
-4866
2455
8392
516
-4617
4622
1913
-9515
9350
3241
9568
311
-8170
-9837
-4592
1836
8730
-1959
-7188
-32
1770
1666
-6382
3725
-2149
3437
-1692
-346
-3841
8952
-8600
4878
7270
6580
-4716
-9059
-4801
-2834
8076
5582
-4301
1500
5027
3790
-1196
3757
2808
-9201
-6695
-9166
-1134
9087
-3495
-3104
-7809
-293
619
950
5742
3485
-5864
-3121
2597
-114
7737
7945
-9756
4515
-8742
1234
4268
3761
-8408
2455
-6034
2176
7539
7418
2594
-5721
-4841
6516
-5573
-3873
-3274
-5732
-6103
3075
6295
-4855
-1337
6330
3473
3660
-572
-8125
884
2150
-7407
-2487
4155
-5396
-3891
4689
-1067
6993
-3666
3892
-6215
7696
-3737
-4836
-2385
7417
8698
1587
2031
9431
6996
5304
-7516
-5385
6104
1002
617
8486
2399
5373
229
-128
-1929
8866
2136
-2123
-295
438
-6290
2693
3404
-2640
5097
-9443
6020
8055
904
6608
1675
-5479
-2060
-7095
-5803
5697
-4757
2030
3743
2231
2156
1841
-6651
1999
3235
-3272
1289
4488
-1268
-6131
4169
5736
5874
2079
6592
5184
-3156
-5304
4746
9300
-5636
-1541
-8224
5758
-7386
-7565
1063
5923
-58
-8035
-1732
-1386
-2352
-352
2365
-2418
8862
-1061
-2983
-2291
-4234
9245
3439
1687
-5079
3368
4392
-1634
-5191
-8030
8752
1753
-9276
6254
-6701
-3006
6628
-1069
-683
576
8944
-7405
-1529
3014
-5853
1597
-3305
8416
7617
-1185
-2369
6974
-6930
2084
5652
1993
-802
3729
-4237
-8228
9070
-5293
924
7201
-8279
-7748
-4675
-4081
-8362
7165
-578
-9645
4850
-4407
-1284
-3866
-1181
5170
-4738
-4744
-4099
-2176
-3497
7155
-75
-8253
2876
-1673
-2248
5028
8789
-2617
-5465
-7000
-1222
-7884
-1653
-4867
6009
-525
-8977
-5176
-5817
3485
-6044
-5571
-1033
4436
6717
6246
-2693
-7215
2052
-8534
2439
31
-3320
-1029
-9092
8285
-4105
-2085
-7393
1646
88
5109
-2189
838
2261
-9672
-443
-9478
3040
-7133
-4260
289
5054
-4193
-417
-2993
9187
1642
5733
-3300
1910
8351
3121
8534
1863
2555
79
-5647
2219
3421
-30
1640
-8428
-5939
-6976
4740
622
1319
5667
-7079
-6158
3211
2709
-6054
-587
-7336
8873
2112
-4651
8387
9225
-5221
848
3439
5648
-989
-5559
5526
-5816
-57
-1767
4515
3774
1183
-2985
4992
-9855
9259
1205
2435
1911
-4378
337
9673
-5543
-7057
1958
-5331
8351
-7710
-1985
-4780
-2102
-5551
5330
1962
-7138
-3274
532
-7379
5371
9012
7930
3554
1749
6407
3011
-4260
9238
-6895
1233
7997
-9017
-5746
-1845
9304
-5863
-4824
-6008
-3781
-8511
575
8874
3962
6133
-5306
6161
-3554
-5054
-3476
3283
-6985
4291
2433
9068
9682
4580
8769
6740
-2044
-3194
-7328
1976
-6708
6021
9777
1571
4357
-9138
3598
6535
8064
-4432
407
289
-9972
7692
-4542
-6030
-6953
3028
9052
-7307
-3836
4497
-6381
2394
3758
4349
5338
6131
5266
-7467
-4265
-2556
4872
3236
-2704
-7890
-1984
-9340
-315
-6209
330
-6816
2341
-9483
-6319
-2023
-5452
9563
127
9196
6486
2197
-9733
6678
9281
2146
-1603
1054
-1579
4100
-4285
-5995
-4784
6241
2775
6828
4301
-2022
2184
7596
-7070
-1006
-9008
-4692
5989
-1469
-7041
11
7959
-5871
-2897
-7026
-3444
5265
2979
5181
-642
264
-9752
1560
-6632
-4256
212
-3926
1177
9246
-3557
-5900
6293
-5893
-8237
3323
6089
-7121
805
-625
-6968
-9013
-273
7446
7815
3597
-2069
-8649
3439
5643
-5068
5404
2277
9559
3709
-1054
1099
3141
4721
3133
5303
2031
4594
2069
3267
-2497
9647
-7872
7200
-402
-5210
-8415
-936
1115
4310
-6791
-7194
-8470
-9056
689
-2982
902
9870
3690
2022
9392
-8699
7003
7327
4963
2367
238
5426
3103
1372
-1547
-6076
-8758
7575
676
-7807
8267
-1493
-3307
123
-4001
6170
-1454
-7787
-3346
9
2592
1245
-6158
5329
9719
9961
-3846
-2916
-5605
2189
8834
5401
-7123
-5565
5309
-3863
-9723
-7750
890
-2789
7885
-5353
-4129
8212
-4695
2365
4604
-2663
2549
6403
765
8444
-7457
-2219
5689
-7641
-1399
-7143
-2398
-3278
751
2368
8505
-1079
3954
7339
4638
-5404
8238
1902
-2260
6093
3513
-2298
-4324
-5209
-1325
-2639
-6551
3949
-8168
3057
7992
365
5367
9367
7042
-7955
-2259
6806
-3093
-3678
-5471
2141
-4603
-1484
-4692
4312
1523
-4076
-4573
-3640
-3746
1274
-3080
-3587
-7528
-8116
9003
-7094
8654
-9609
-5148
-1572
4572
1894
-9216
2791
-7643
-1553
-1346
8094
8223
5736
5895
-3662
-9369
5835
5115
8839
-4633
6575
4120
-2969
6604
-535
9755
6619
6686
-5356
-798
-9584
5891
-7204
3338
-2674
-2377
9397
-3042
-8881
3914
-9548
-5611
2280
2492
-2054
7708
9745
3892
5302
3333
1412
7178
-4593
4770
-707
-7824
2440
-2995
3720
-3436
7643
-9748
703
-2895
-3343
2365
9582
-8152
2113
-2858
-2480
-2879
-3065
4805
1486
-3700
1961
5102
-9148
7845
324
2809
2506
5703
3696
-3989
-6887
-7992
-2352
9693
7114
-5028
9987
-4065
-9317
-9940
-7247
-903
6110
8570
-7277
9977
1539
-6280
9937
8872
9904
-5907
-9772
-2235
4352
-1723
418
-7873
-6922
1392
4698
8396
1666
-1656
5370
-7817
-6392
3753
6195
4839
-6598
-1427
-6810
-8444
-7263
-7773
-7751
-6847
-4275
-7183
-3891
7841
7517
-5113
-5536
7182
1852
-1580
-6499
-1741
638
-3861
7538
-5850
8738
180
1772
2554
-8483
-8865
5872
6244
2556
-6869
-7169
-9560
-2325
-7428
2148
5379
-8833
-9093
6238
-4215
-6319
7432
8289
-8393
-4933
6262
5691
-7033
150
7462
-7660
23
-1235
7114
4950
-4952
-127
1003
-3922
-8245
5073
4381
-1765
671
465
9270
7461
-7779
-5439
7566
-63
7872
-9035
9760
-1806
-3647
-8957
7147
8642
8789
-4319
79
4888
7484
-141
6045
-1854
3061
-2840
9117
2554
1799
-1436
6664
-5907
9318
8824
155
4189
9875
1060
4317
-6917
3449
345
2958
-2853
1507
-9146
-379
-9340
-9991
8717
4426
4802
-7279
5199
970
5930
-5579
393
9892
5780
-6564
-2372
-9489
2839
5924
-3117
9608
-3962
6947
-6564
-3833
5999
239
-600
7515
1939
-5274
861
1606
7424
-9573
-2475
-1849
-2616
3008
-8316
9145
2558
7993
-8776
9671
6418
-1100
8576
-2687
2302
-8068
-724
9870
9672
-2063
6376
2485
-5854
-4583
-2047
1732
6567
9447
2393
3214
-3004
-2945
7622
-8623
9556
-7409
9474
6458
-6993
-1220
8671
8878
5596
-5579
9751
-3635
1598
-7246
6289
-8449
-8098
6901
639
-140
8558
-4760
7547
2389
6989
8670
-239
4065
-3968
-5009
-939
4750
-1735
-9436
-5140
-5282
4802
-2753
-423
8944
-4749
-6985
6136
-3240
9160
8142
9814
3165
5033
-5084
-9868
-4270
-6406
-8386
-1796
-7923
-4453
9194
-6889
-1734
5805
-5675
-8300
5258
1531
3839
9169
-4840
4809
-300
1510
-1727
-129
6823
2543
4428
-609
398
7255
-9706
2908
8010
-2113
-6562
-1107
2298
5047
-4098
1959
-2831
-1109
-7244
3913
7881
1517
-4004
-1464
3244
6217
4066
4527
-7927
6515
1443
9797
-1324
-4886
-3128
-7323
-2876
-3619
1670
925
3179
2611
-2037
5467
-4953
9330
2181
7509
-3403
-721
-2302
8414
8107
7689
-9965
-572
2735
-7647
-6964
-8105
-4705
-9594
9081
-3134
4144
9217
-1760
7499
431
-8557
-3116
-7680
-5028
-5953
651
-7583
1319
7171
9617
9861
-5707
7890
9036
-1473
9396
1045
-6045
3290
6931
-9937
-474
-6760
-5847
9451
-9332
-2836
1580
3261
-5220
-9721
3173
4462
-3614
-6290
8255
732
1414
-7531
266
2817
-3202
6779
6961
-6907
2234
-7107
6871
7290
-368
-825
-9569
-5589
4829
-1722
6354
-6804
-14
-9423
264
445
9367
-9020
8240
-7065
-5792
2021
3654
6710
-8999
-6554
-4460
-5953
-4753
-5783
764
4470
-4073
-3503
5751
-453
-78
-5033
5583
6537
6418
9673
7154
-4360
-3991
-8233
-7374
-6432
-2011
-5442
4063
8527
-5388
-2413
-6443
-4472
2851
8756
-2756
7922
9288
7408
3551
-2467
-1363
-7832
-1870
-2230
7641
-4797
5682
-55
3147
-683
3750
-9280
-3601
-8930
-3340
-8158
-6395
-5110
-7132
-3041
-3795
9912
7094
-7582
8804
5284
5088
450
-5696
948
3547
3262
-5282
3561
-4693
-3831
9641
-4905
-3434
-7166
-2301
-8652
7359
8157
7578
7503
7046
5361
-7187
-3790
1269
-4920
-3110
-6991
-4665
7248
-3184
1026
-9865
6862
-9913
2711
2220
7477
-3606
271
-2836
325
8078
7423
4842
3549
-905
-4249
-8554
-4481
-476
769
3534
4616
-8960
2956
9388
-9201
-3687
-3779
-2626
-9474
-9428
3792
3861
5806
-592
6775
-8239
4273
-5454
-5969
-2083
7486
4170
-5575
429
2949
-8585
352
3409
8614
4594
3376
4214
5868
7185
-8353
-7769
-4733
-4183
-8191
-7194
4719
-7192
6012
-4610
7474
7282
-8232
3931
4137
8518
-1902
-5900
-1141
4648
121
-9811
-3080
-2929
9986
-2139
-254
-4398
7302
9566
1465
-1712
-1059
2822
-9779
-4104
-8549
8159
-60
-3964
-8918
5295
-2317
-1098
8947
4230
-4162
8804
-9876
8457
-9010
559
8231
-8786
-4043
7350
6764
245
-3414
-3445
-3859
-4344
-7691
2758
1057
356
106
-8859
-8714
2218
-3844
9170
9238
-2145
-2274
7897
5806
8137
5832
-2863
2063
145
5059
-8561
-4863
8905
9224
-1445
-7827
2155
-3888
3810
-8196
5284
-8800
9395
-3291
7347
-9586
7308
5713
-8799
-2850
-794
-8383
-4324
4488
3949
-1469
-2673
-5304
-2533
-3321
5591
6338
4724
-6641
-9560
-8708
3858
9279
-7368
-9222
-8004
-6298
1306
-3550
-535
-6236
-6203
-3289
1806
-9861
-8400
1947
-4481
-4139
6324
7525
-4114
-7623
-9334
-6193
-2171
-6009
4177
2335
-829
-8231
2558
5185
-7642
4133
-9094
1185
-3403
4491
6222
4232
-8414
-2962
1535
-3078
-757
7392
-3410
-6249
-5154
-4853
-2861
100
-2516
732
3049
-4852
8391
7296
-3060
6813
-3165
-1218
-9205
2361
-8117
-2745
5399
-740
-9171
1441
-3940
-8209
4584
4693
-9423
5706
-3662
-5588
-1444
5778
1124
6126
-6261
2293
-5714
-290
-3631
8161
2301
-8982
2684
2164
-3830
-5483
-9884
5863
3234
-5757
-2848
5515
-5681
-2658
6167
1945
-8393
-6881
9183
3411
8666
-399
-1174
-2618
-698
-10000
-6362
9271
8376
9575
-9733
3802
4239
-9807
4804
6248
-4529
-3080
-6135
6648
6438
-9535
2645
9773
6442
7497
2616
7540
7977
-7760
-7635
-7014
-2606
-6576
-656
577
-1295
-6650
2896
7512
-1456
8895
5305
-3050
-1007
-270
2998
1743
2872
-4613
-5237
-6911
-2025
-4106
-9277
6884
2519
-8663
-3714
-1762
3740
-9419
-5871
1512
-3565
-296
-8160
7342
-1056
8568
-391
-3519
-2864
1348
-8549
6051
-5612
9938
-5688
7988
1173
8114
-7287
8496
3006
3604
1657
-4293
-9463
4206
-5800
-7582
-4348
1361
-8523
4172
5915
4288
5503
-9137
-2953
7260
5555
-5047
646
1067
-3371
-9607
9497
-7266
-1657
5331
7749
-418
4779
-3801
1467
9202
-6765
994
-6728
-2031
8837
-8205
5209
6571
-5528
5133
-7869
-5463
-3878
-7885
-1401
-2429
7178
4822
8647
3976
-3339
7462
-7282
1911
-8065
-1974
722
1040
-4686
9185
-1434
-4557
5795
7498
9600
-6894
-6612
-3606
9461
-78
6400
497
1529
-5037
-2183
863
-1374
3670
-8514
-6759
4697
-1039
-8138
3079
-3997
-9540
970
3315
-4312
-8554
3038
-881
4227
-3747
2790
8305
3618
-9906
-9445
-9560
-1461
-19
6994
-7922
-5434
-1159
7850
-2861
9
-4654
-2183
-4685
1277
-4017
-2524
4929
4820
-9152
-8341
3801
-7640
9468
-2004
3402
-6330
1710
-5791
6876
-1498
-538
9392
-9178
-2767
-1208
-8773
4727
9611
4041
179
840
724
9820
-7559
-3561
-8694
-3713
7779
-4270
7313
-2889
5578
1268
-6025
9603
9471
448
9746
-7184
478
3100
-2558
1116
7950
-6938
629
-1193
-580
-8478
-3122
-3581
-6165
-1089
9822
-3567
-663
-3199
758
-729
5665
5434
6158
-8351
-3532
3788
-4783
-7967
1125
8312
-4860
8148
-6311
3269
-4642
3831
-6262
5220
8971
-8829
2900
-90
-4113
-9493
-8829
8888
-5612
1937
6554
4486
-2952
-8718
4883
8607
-394
-3410
9018
9017
-5529
-3136
5029
1797
-5803
9760
5174
2545
8542
234
7824
3338
1880
-5336
4633
9419
2364
3932
8047
-660
-11
-6813
-4225
8104
-3108
-131
-25
-5114
-3152
-3526
7834
6035
-4971
2125
8705
-2614
8309
4795
-2517
-9933
4924
-3242
-3687
9073
9591
-7865
-2357
3359
-4337
-6620
3883
8634
2661
-2600
-3995
5749
-4582
-4477
-3028
-5202
-3894
-1558
281
-9699
6209
-1771
-8715
-297
79
6587
-998
5752
-3749
1639
165
-2708
-6976
5564
-2099
-6439
-723
2477
2416
-7998
7538
-5420
-7399
3853
-1923
-9066
7134
8323
-3145
-84
-9178
7485
2540
-2608
2739
-5606
3643
4469
6628
1602
6201
7079
9039
3560
-4524
-8141
-3599
3917
6495
-1745
4070
6565
2063
4799
9582
9806
9053
-2267
-3338
-5915
9734
6209
380
8832
-3750
-5242
4153
6441
-1717
-1709
-7410
-2842
-9106
-3583
-260
-9011
1836
6929
7082
7377
-3454
2613
4447
-6922
-8717
-7858
4192
673
9935
-9260
-9350
6690
528
-8885
5797
-6990
4915
-9230
9117
6247
5072
-5952
4486
-3551
-1860
-9549
7157
6047
-3604
-8452
-2521
2823
5276
-6349
-7656
1097
9148
-6002
773
-4419
1753
-283
1045
-4414
-2667
8721
-8909
-3368
7702
4455
-6145
4920
-2886
-2158
5774
-4008
5851
-2248
4143
5284
-8101
486
1410
-1276
-5068
4924
2139
7710
-782
4107
-4656
-3628
580
-1390
-6422
-8189
8304
303
-2788
-4373
-4165
5007
8192
-2220
5614
8045
-2117
-657
-6381
4828
6915
7508
8168
625
-1025
-1869
-5406
1138
-9009
1635
-5940
-2214
9354
-1721
9554
-7698
-2056
-5239
-1837
-7000
-608
762
-3045
5555
7233
-3676
-343
2022
5918
-8578
-7094
5814
5163
-2702
-4698
-7347
1197
7443
-895
-1249
-2871
6159
3442
9715
1449
-1682
9554
9143
2052
6193
-9649
8289
8673
9486
-8568
227
-1341
8995
-8656
3635
-2291
6460
6897
-1114
-7777
-1585
2620
-3576
-3577
-2644
3210
-100
-5161
-7637
2725
-2042
7994
-7273
2371
-8729
9508
2867
2344
9560
-1924
8034
-1747
-3986
4269
2971
-6994
6504
2697
4073
9383
-8516
-545
9640
9394
-2750
-3404
4517
-8647
8743
9970
-2652
-449
9861
-6396
6760
6384
3281
458
8546
9479
4435
1963
-1279
-4176
6508
7527
-8890
9516
-3759
-1090
2233
4758
4695
-6366
3652
5988
7380
3772
-5601
-8174
-4570
2374
7674
9612
755
6815
-9130
4729
-6696
-339
-771
6805
9584
7571
827
4331
8556
-4967
4445
-3460
-5986
-2558
5276
4262
4711
7949
-736
-370
120
-2401
9528
9977
3937
9268
-1215
1158
3419
7053
-2813
-5982
5698
-2936
6617
6004
2035
-7721
6858
6372
860
9859
-135
-7006
1661
4465
-6033
7095
-4012
3022
9877
3491
7328
-899
9113
4511
-7293
2694
-8493
-8092
-4347
9948
-6903
7322
8087
-1845
-482
6919
-8992
7098
2475
-1435
-5494
4474
181
9636
92
96
-3291
-9837
2938
-2036
-5955
7774
-5132
6534
6958
2046
6804
5670
8584
2090
7021
3268
-4878
213
-3491
-4422
-4366
-2298
147
4120
549
-1437
-9752
-2161
5931
-4996
6859
-4800
-1774
8378
3720
8368
6284
-8099
7992
-6499
-8540
-2720
6485
521
4083
-2607
-3601
-2100
-822
8575
-6619
8244
-656
5025
2498
1449
3063
5373
2522
1929
1769
6257
-1750
4627
-4605
2336
-9982
-1030
9646
5290
-9770
-4681
7810
9084
-4821
-9712
-3264
-8495
9117
-3747
8142
-9456
-3013
57
-7409
-7859
7657
-9013
-2960
-8112
-3169
-5527
-3520
3975
9205
-7477
-8283
-1984
-8748
9871
7818
-2099
7287
-929
5289
1151
9898
9172
4733
-2107
8153
5115
796
-6210
-7301
7238
6133
-5670
1673
9523
8488
-1701
2908
-7025
9363
-6456
1253
-6740
-151
-7673
4936
3282
-9612
-1695
6394
-2820
8663
-3949
-7028
4128
-4593
5914
4041
2611
7004
-4166
3946
-1746
2074
-172
-7340
6488
44
9159
8680
4890
-3238
-2613
2951
-7437
8366
-1756
-8366
-8402
-7403
-8651
-533
-9927
-5878
-7565
8878
7435
-6097
-1613
-548
-4534
5478
8806
-498
-6578
-6998
7166
9013
-4739
9524
778
-9533
6572
751
7331
-324
4865
4372
3011
-3260
3826
6167
-2427
1801
588
738
9695
8095
407
1807
1741
-6069
-5964
4137
6436
3352
4723
-4471
6269
9924
-3437
-2163
-2922
-5496
-5580
7586
9326
807
-5740
-7869
3566
245
4804
-5009
-3359
4517
1171
-999
697
2433
6143
8255
3784
310
6162
1328
7362
-5991
-622
-7648
-3157
-1994
1599
-884
-9327
-8955
-1062
-410
1505
6178
-1836
4283
8323
-852
-950
1201
-1143
-1286
-7844
-8962
-1132
-2381
5360
-3098
-6789
-3485
8453
9551
1562
9746
-4114
-9550
-4295
-8151
6112
3145
-4896
8533
9887
-286
3833
-8005
6131
-4739
-6880
4521
-6448
6711
-5826
1559
-843
-4576
1821
1291
4725
4778
-474
-8000
-2628
-1674
-6860
-7041
6900
5851
4179
7140
2250
-282
-2000
-5466
-1226
8575
8688
5581
1450
-8531
-7956
-8101
-2754
7241
1285
-2706
1236
-1027
-6387
-8001
7681
-4679
-6845
2644
-9830
9657
9601
7151
-1495
-162
-5069
841
6694
9355
-9280
-2479
-3627
-5348
8727
6365
1602
8090
-6315
7854
-3803
3755
-1221
3570
193
-2835
-6310
1965
-7780
1787
-4299
-9279
9949
5773
-7825
-4450
2680
-1811
-9225
4083
-3046
-7495
-2940
-5162
-4602
-295
7242
-8919
-5032
-6460
-2191
-3955
-3712
-6516
-7639
542
-756
-6454
-8470
882
-4510
-9847
-4241
-2030
-1514
-6326
6940
-9165
1461
6129
-3645
6954
-9850
-8749
549
-5849
2701
-6130
1029
8351
-953
-7263
-3208
7495
-6990
1617
1840
-6116
-2099
-3361
5199
-816
1629
7020
194
-8972
4088
-7876
7893
-627
1523
7229
-7301
9624
1109
3427
-7341
9997
2096
4502
5741
4253
7998
7174
8809
9983
-1237
15
7901
9962
-6306
-5657
-6832
8831
7992
8043
9410
6323
3156
-5956
-7851
-3021
8184
3295
877
9652
-9301
-9943
5010
5056
-9658
-4402
-3756
1140
-5355
-889
7174
-5347
-2352
-9067
-8667
-2483
-7631
4161
-6749
8111
884
-8889
-6982
-5130
7522
6292
3367
3645
9851
4363
-9000
1802
-895
-9169
-3013
-1853
-4541
3070
-4535
-1389
6415
-8598
4649
-4436
-2240
6556
-4236
-883
4265
9004
8931
-5595
-1846
3919
2454
461
-9200
-8529
-6060
-3651
1976
2601
-4981
-361
-4377
1272
2366
8466
-258
9406
-7482
681
4912
-5953
7669
-2025
-9012
7232
2942
-7734
-2611
-2729
8005
-2093
5009
5546
-8933
-3092
-5804
2445
785
1309
3509
5097
8051
3948
-755
-5065
1945
-6600
-9265
9877
7311
-5935
3567
-6540
7178
-6311
-9696
-1842
4844
2035
-4043
-5880
1795
-4924
-7922
-6393
4701
-3700
5445
-6678
-6307
-7748
-5854
-9138
3096
2834
6587
-9852
7281
465
-36
6923
1901
-5756
-5227
6852
-5556
-921
5437
-8660
-7714
2779
4180
5105
-6366
3036
4882
-3948
-7325
-9548
4120
9942
-8477
5215
-4325
9997
-2892
-8753
-9494
9771
1865
-8154
-6649
9869
-2659
-3365
-6512
-3755
6043
-9411
-9206
-7526
-5520
5019
-4650
3747
-3580
4635
-2766
-7722
271
-3678
5608
-4750
5905
7826
-2099
1214
2847
-7216
6178
-645
-940
5519
-862
-8330
-7385
-2047
-3957
4464
4662
2268
-6001
6377
9414
-8430
-7358
-4942
-1140
-7312
-9358
8911
2010
-6599
3859
-3633
-8133
-4815
-6674
7378
8229
2329
2941
-9321
-7804
2548
6693
-8122
5629
-3083
2652
-9007
4642
6412
5557
-277
-1217
-8375
-1255
-7212
5140
-671
4182
-2553
7638
478
0
-7863
6309
6288
8821
9414
-3910
-4103
8698
-5521
2610
2241
-7504
9667
-6554
-6194
-7386
5205
-3345
7198
-7547
-2955
-9409
-9469
1605
-2564
5112
-1453
-1830
-2182
-2976
5826
9169
-8672
6362
-1476
4042
-2363
-6597
-8271
503
6186
3660
1987
-5576
8904
-9298
-2482
6289
-6132
1685
-2920
9288
835
-7610
1642
1751
7084
-1579
1166
7794
-6994
-1191
690
-1526
-974
4675
-9485
-6521
5667
-9571
-8604
-1558
2320
1207
7445
-4192
696
5834
9863
-6977
-95
6056
1808
-5947
9572
-5571
-8707
-7386
-4031
-6102
6211
-6793
1497
1905
-2343
-3524
-9584
-6257
-2547
5585
5949
-9922
1722
-1735
-8338
3756
-8915
-2218
-4739
6332
-1012
5190
-3099
2753
-1537
-3247
3082
-2657
-9420
3316
-9439
-3825
-509
-3609
7675
-2801
-1473
-3367
7940
5421
-1776
4653
2301
-8289
4409
-594
-3911
-6856
218
1180
-3968
7019
3801
-5941
3819
-4899
-1222
-2670
-5077
-3835
1049
-2731
-202
8530
625
6408
-9642
3741
-8870
-6285
9323
-8954
5416
2695
4065
1089
3431
2898
8313
-4407
-74
-4846
5468
-545
-4238
-7151
-1073
-1863
-5924
-9162
3098
-8160
5433
-8974
-4682
183
-3401
2579
-806
3375
4618
4428
579
-1793
9596
8186
1115
-5261
7845
-6632
-7263
2453
5976
-1307
3881
8837
1906
5797
-3789
1193
3651
-1340
5048
9763
7554
9803
5795
-4982
-6077
7060
-3519
8251
-9785
-9261
8337
5198
-1579
-5561
6641
-5498
3818
-3522
-2274
-5483
-571
-7553
-7313
8466
-7903
-6555
3479
3031
-4861
-4195
8226
-1332
-6593
4162
6612
7905
-8924
-3166
-1244
-4428
611
-6453
7733
-7425
-5516
4169
2433
3984
1941
2048
-2498
5228
-531
-6560
-5744
-8507
-5283
2938
9208
7041
-4461
-4299
858
-107
9501
1451
-8452
7763
-363
5925
-3206
-1586
-5197
-3273
-3629
-6903
697
-9731
-6663
-2630
7039
2969
9072
-1964
-7935
6863
-1936
-899
-1992
-942
5063
-1833
-6311
-7510
6134
-6356
-7060
-3289
1480
4745
4599
-7901
1554
-9639
-2695
-8481
-4333
-7903
2304
-8291
4171
-7813
-492
-7332
-1961
8307
-4147
-4639
4840
3308
6311
5187
-130
6885
228
9173
8737
-4370
2448
-7783
-7800
469
1746
-7530
-1020
7844
4998
-4718
-7821
-8716
4661
2674
-9242
7608
5045
6997
-9308
5513
-6186
-8289
-5506
4487
-4794
7563
955
-6968
1483
-6832
-3879
5946
2305
-6297
-7053
-529
-451
9946
-1073
-6415
931
3405
-458
-2325
6989
-1442
898
-1529
-2121
-7649
-9277
2277
-5610
-5516
5489
2137
-2706
-8366
6525
9070
2808
-5429
-8833
-6372
-295
2720
-4513
-9545
3027
-316
582
-633
-2935
-2129
-8216
-9579
1654
345
-672
2762
-1643
-4320
4398
6031
9891
-2904
7759
-3270
-6965
-9948
-5732
-1821
8893
-5012
-6967
2916
-3174
5229
1680
-8712
3071
-9662
4969
7457
6263
4538
-399
-4867
-4924
-6281
-2899
2901
4340
9403
-8416
-6744
-6288
8000
-109
7071
-1578
2853
-7343
7412
-3393
-941
-4277
5809
9350
-564
9377
-5848
5602
3201
-5874
-4635
666
2737
5859
4292
-215
3747
7494
9187
6565
-3172
5634
3221
8230
3894
1061
256
-5587
4466
-2477
-6025
-8426
-6589
8419
1734
9951
787
-3349
-7944
-9677
1166
3307
2317
4581
2173
1722
6344
3848
3794
5238
-4244
-7611
6799
2758
-1901
4189
-6299
-8279
-4934
-3500
-150
9571
-2753
-6578
-8553
-243
-9814
-2387
2557
-2352
-6210
3526
2143
309
-7165
-1824
9036
4603
-5075
3298
-5488
-5561
-8312
9524
7870
3246
-8155
9058
3128
9471
8974
-8237
-6891
1849
7024
-5403
-4353
-7829
93
6416
-8895
-8754
-3628
-2176
8896
110
8964
779
-146
-4331
-5772
-7948
9858
-6821
3986
-9415
8406
4150
-86
-8029
6579
5803
-8857
6566
-9441
-7299
-4528
-4423
-2640
-3013
-4526
-2710
3448
1629
-4999
7578
-6700
5786
9735
6083
5345
167
-3130
-2338
-6354
-9094
-3454
4279
5375
5465
-4828
-2969
-7713
-7803
-5044
7044
-8959
1138
1636
-4636
5903
429
466
-3914
-7263
2355
9490
1232
4172
-2420
-5346
-2822
2397
9528
1929
1922
-1802
9454
8229
-8307
-3716
1972
-7345
-1295
3533
3771
-9836
455
-4156
-784
2327
-513
5671
9035
-6647
-8217
-8049
-2703
-5684
9319
-6596
-1757
9620
3216
4370
-9202
-204
1312
1861
9754
-1389
-2699
-1854
7586
1729
7355
6566
687
-7736
2753
4935
-3330
-7613
-4499
-218
6152
1673
-5411
-1949
5441
9132
322
-1760
-9364
-951
5808
9536
9077
-4922
5040
4973
6913
2310
7983
-9714
-2199
-4998
-6301
-6940
-7619
8305
-495
8536
-5510
7457
-4021
4770
3992
5004
-5461
7803
-7424
2397
5157
-8280
4288
1413
-7158
-3763
8352
152
-801
8823
5695
3908
8824
9244
1030
-3398
-471
6967
1634
1531
8788
-8175
6172
5205
-984
-4210
-8695
-443
-9563
-3920
-5193
7604
9800
-6434
1215
-8372
-6027
-5404
-4267
7744
5211
-9294
-3999
2368
1341
7432
-6465
1198
8258
8224
-6199
5686
1723
-4190
-1249
-4503
3775
8282
1859
2118
-3714
-7344
3069
1492
-411
1491
-5124
8596
71
-2692
-3317
499
2054
-1916
-633
9385
2924
1817
-2407
1991
-5497
1129
-2098
-7688
5316
-7684
1230
-8724
1765
-9295
-4578
-2974
4772
5619
-3748
2959
-964
-9540
-8452
-4867
-5028
-3633
-4975
7842
-3039
-5829
-5605
6901
4545
-8517
-1121
2494
-9332
-7025
-833
-5963
2948
6663
-1129
2893
-2313
-2331
-3969
5758
9026
-1060
-1398
-3113
3371
-5820
746
5095
-6407
8397
7915
-4002
1048
-234
2904
4335
5571
2737
2577
-8843
4600
2756
538
5804
-3306
-4685
-2957
-8105
-263
7948
-2210
-6500
-3254
-7520
7256
7820
-111
-5553
827
3925
-3678
4212
-8727
8676
5891
3347
5780
-8330
1083
1792
6302
-5395
-2706
-7752
4381
7235
816
1996
-691
8458
9952
-7387
-8072
-509
8292
9655
7720
2753
9359
7271
-1440
-6849
-6965
2756
3145
-213
2554
-3858
-4531
-4978
-1690
624
-5716
-6027
2999
3605
1479
-5373
8593
9178
-7749
469
-9706
-273
-951
849
5097
4697
-4949
-940
-2608
-8647
-6422
6822
6228
49
-9760
-1281
1956
4882
6785
-4566
5837
9818
-4987
7932
-6647
-6152
-301
3286
-3869
3287
-6954
5000
8847
4825
-7402
-9334
3311
-6714
9954
-2815
-4798
-4826
-354
-3367
-2960
8846
-6248
7043
4197
-416
-283
8803
4629
6121
-8373
-7921
-3022
-54
-4578
-7357
5942
6502
-3013
-1683
7192
-558
172
-7
2327
-3385
8200
8765
6945
9254
719
4191
4371
-3530
8086
5832
-4310
-4295
-8163
565
9139
5457
2064
1218
8565
-5873
-1712
-5144
6609
7258
7479
-5845
-7056
-3490
9735
5134
-4851
-5262
-7693
-4180
1267
7006
2564
-9294
-81
-7505
-9774
-2322
-518
-1645
6740
6127
-222
8450
-8536
2766
8174
-9657
3684
-5740
-3109
3899
-6227
7927
-7752
-3844
8321
-3683
-2970
-7540
9586
7000
8808
-623
-5655
7580
-1308
-3086
-8555
3205
4978
2839
5794
9898
-835
8435
-3390
-1016
9074
5019
458
-2640
-3561
-812
9425
-5414
-2598
6258
6455
2314
6711
-4327
1265
-7765
9568
8433
4136
5971
-2558
3896
638
-5362
7039
9953
-1351
1661
845
1980
4698
4233
7198
-7714
-5899
9096
-4905
7076
-4003
-7254
8413
2483
1984
-8866
5111
-5405
-1951
2164
-5131
-5389
-8687
-1016
5811
9753
9915
-6540
-8993
5720
965
-6307
-4349
1903
-4853
-9294
6060
2722
-6169
-5980
-3337
7600
-8622
783
-7521
6597
-1614
-8341
9780
5505
-794
-6086
3788
6394
1186
-3002
7217
-4069
-9187
-8522
-4325
4985
-1503
-6072
-9485
2787
4910
2983
8135
3827
-645
-2147
-7254
6768
-1149
1150
2257
2702
-4944
1393
962
-6069
-7468
3162
-8166
-2132
1858
2567
6281
3736
3878
2803
8464
-8660
-9427
-5273
747
9001
1437
5794
-8737
5697
-5322
-7296
-2692
-4581
-8624
3242
1962
-5135
-997
5312
6105
9522
5267
-4821
-5358
-7401
8945
-9810
-7552
-1523
-8262
-8765
-2042
180
3579
-7545
3799
5215
5854
8229
-2391
-8466
-8723
-7331
1263
-5300
-9733
6104
2490
1167
7252
7510
920
6034
6702
2837
9545
1940
855
-5904
-4815
-969
-4179
-4348
-6636
4458
-461
5574
2793
-9419
-6284
9593
-1714
4810
307
-2220
-596
8586
9776
9864
8208
-6215
-1181
-1511
-2950
-2793
1594
4375
7123
-3758
824
7204
-7780
3770
-2259
9227
3026
9339
2021
3341
-179
8440
-1897
-9300
8793
9532
-1377
-6359
-7278
3147
-8142
5160
-6499
-1542
4280
-5433
-7632
-5770
7672
9543
4336
4969
4073
-1864
-1268
-9679
5640
482
1949
-9556
5937
-851
9020
5961
9755
664
-9058
1637
-8488
-1435
2289
-2878
-8276
-5061
4761
-4465
-8601
-2976
-6861
-3989
3669
-1438
7396
118
7468
8942
-6906
-8894
-6191
776
7343
3184
-8396
-1370
7810
3036
-4158
7203
-7661
8917
9356
-1783
8948
5502
150
9490
9915
-1056
-5790
6909
-55
6288
-4914
-8699
5113
7011
1677
15
-7313
-6952
-3233
9026
2108
-596
9380
1166
7785
1108
-8493
1436
-8352
-5027
-1264
-2248
3346
-3717
5236
-2151
399
1354
-8612
5058
-7723
-596
1434
551
4024
-49
5828
-3290
2788
-2119
-4755
-3575
-6350
-5920
451
-1742
2738
7530
-9572
-6184
-4859
-9068
-1975
8552
-7290
8834
-3974
-9949
678
7062
4993
-8785
7522
-5693
-8543
4357
6016
6053
4667
214
-504
5287
-1142
7874
-8139
990
-5030
-4572
-1336
3578
4486
8364
4761
-7665
3133
-146
-3740
-6923
-5747
-4918
-8239
-1759
-4548
3986
-2830
-5481
-9943
-5666
8455
-2597
8218
-4586
-6195
-2365
-1389
8645
-6758
-1803
-1183
-8338
1931
4972
9947
-5294
-5867
-9549
6180
-5579
-4750
7453
1344
8641
3099
3600
-7615
4564
-3803
-5751
-3316
761
6812
-8838
-3938
-4171
-8343
9168
-1826
-6562
8455
7474
-6905
8667
-9875
-4890
-4132
-3485
5094
2636
-755
358
1905
4436
7940
9177
-9800
525
-6789
-8428
-943
-3451
-8422
1711
9791
-8845
1378
-4805
-4872
-8815
-7337
9425
4696
1693
-7900
367
-7337
9491
-1031
-9947
-9840
-3605
-5610
7306
9264
-69
6559
-481
1920
7961
955
-5970
-1164
-8452
-7693
-3913
6957
-7431
9341
-7014
-2336
1619
-5080
7827
-2916
-6678
7867
2163
-5616
-5927
-7294
5983
-1866
-9984
-2014
-9424
-8797
-879
-2048
-4332
-9065
9029
1821
-1055
6353
7817
-9332
-6150
8860
8480
5539
5118
7604
7478
711
3338
-9773
-9628
-1280
3933
9953
-2864
1573
-3488
3669
-4724
-9660
5258
8323
-6361
-5550
4756
-6380
-7248
-2950
4510
4436
2569
2903
-3131
-9663
5780
8752
-8848
2058
772
-7100
9169
-6895
1682
-8677
-6444
-6851
-3497
6371
-3751
7361
3280
5078
6751
1955
-124
-9470
4945
-6543
1741
-1298
103
2943
6958
-7432
-547
2272
6352
3484
7455
8275
7749
5555
-3353
9138
-9375
4437
-3591
3883
1072
2385
-8749
6046
3195
-2539
9613
-3033
-3532
-4949
-6689
-4274
-4939
1240
-3037
-5072
226
-2002
-2616
5956
-6278
7125
6322
9218
-6425
9543
4414
5336
8586
7065
7132
2013
-6898
-5355
4952
-7694
6176
7466
6177
9569
1848
-1832
-2293
3332
2789
1108
-932
8254
-880
8844
-2131
-6484
9036
-9607
6072
-9931
8970
906
-9545
1549
-1001
-1980
-3920
-403
-869
-5406
-9617
1523
-2678
2339
762
-2181
-2875
-1142
-9003
6019
-7452
2224
7314
5214
-3454
8938
3011
-8741
-6326
-5563
4184
1720
-6607
8590
5277
-6820
3065
6789
5646
3736
-4477
8897
-9587
6873
-8978
-5108
-7535
4537
8102
-50
5931
-5182
2518
-432
7596
7542
7781
-109
-5350
-1863
1400
-8984
9104
8847
6999
-9856
-659
-1425
-7434
-9080
-1073
-2022
