-1501
4976
2785
5406
4437
4531
7216
-8760
-1164
-7443
-1694
-7035
7699
-2071
8646
8701
-6274
-7825
1620
-7557
-751
4229
-7190
-8812
6915
-1015
3963
-6778
3914
100
6486
-6482
-1454
-496
8370
2535
5920
-1516
-2061
8602
8743
7898
2337
9957
2006
-2935
-6841
9774
9531
-2096
-9716
7026
-6522
180
-3801
-196
-7186
9598
-2704
6323
-7737
6040
6570
-9368
-1638
480
4395
-5345
5047
-3234
-1312
4234
-3026
-6632
-1453
267
1283
-7747
-5709
-2912
-3964
-1569
-8979
-541
-5307
-8058
-3362
7635
-1890
-3562
2146
-4206
2591
8244
4421
3030
-5431
6357
1668
-6307
3988
5493
5789
-8382
1243
4228
-2679
5282
5368
5018
-6691
5007
-250
-624
-9086
-4726
3333
7879
-7954
2366
-4757
-2180
-7966
-392
4703
9739
-5796
-9055
-354
-2330
1089
-4827
-9955
1032
3460
7309
-9070
1299
3120
4523
-3329
-1586
6513
-2139
-2724
1715
-8580
6959
4785
-5173
-118
8754
-7914
-1617
2144
7424
1508
2025
9106
4379
6588
9094
9326
8000
9156
9800
-4181
3125
-8646
5335
-7140
3588
5552
-6026
-50
-5021
5514
5337
6795
2367
-2010
7508
3831
2859
6144
8026
-3008
-554
9983
-4730
-4530
2976
-9372
-59
-6986
3863
-3251
-1745
-6927
-8605
9094
49
-2668
535
8315
4558
-5686
6934
-1191
-2494
-8280
-3331
8220
-3527
-8003
-3498
3660
-3143
7784
362
7478
7768
5623
-44
-3891
71
9290
7142
-8308
-2090
9535
-4499
-9534
-7224
9993
-4752
870
9456
-3175
-4168
-1905
9678
9722
1489
2701
4485
-2455
-5809
-3371
2380
7648
-7890
5043
-5999
-3430
8701
-2672
-6631
9247
7510
-6257
9124
934
9351
4604
1055
-3064
8338
5023
-9953
4005
-8964
3030
6331
9372
-2233
-8516
-8273
6410
-7319
8648
-5429
-5272
2263
3260
-6383
-3094
-9169
-5474
3617
3328
-334
-8845
4481
-5886
1809
2477
-4997
-3287
9981
-7215
-5653
4256
-4949
-9310
-4820
8964
-1719
-2712
-5962
-9476
6505
7593
9346
-4872
-823
575
7644
-2973
465
-1683
7504
-9642
-9929
-4093
-5922
2219
5445
5375
-1113
-5825
-1329
-3103
2437
-9963
-5078
-3495
-2909
8146
6361
-9020
-827
5137
3858
9807
4157
-4759
1750
4122
-2424
6246
-4592
-5201
6085
8602
-5311
-5248
2620
566
6065
2593
1913
8400
5876
4634
874
-4976
2073
-7489
8725
1397
4838
-3068
-9885
-6734
5452
-5656
948
2387
9190
-3062
-1942
-5025
3228
1844
-9691
-6110
8447
-2240
-2946
6601
1522
6012
4708
-2586
-330
-9634
7123
1325
1363
5992
-8235
7455
-2594
-77
7928
-5955
9004
-8040
2464
-1902
-884
4402
-3153
-6970
-6911
-9230
-4914
9222
5008
5637
-4746
5772
-4038
-8118
-8450
7611
-8496
-3882
6349
-2077
-6523
2638
-5209
-1238
8839
5074
-4055
-3821
2438
6660
-6200
-4189
-8295
-1337
-8406
-4397
-6737
-9172
824
-4326
-7621
-3100
-8130
541
-5011
-2518
-3078
6656
7649
-5690
8626
6697
-7212
8643
-3698
8273
6056
-5593
706
4169
4955
4785
3
-9425
-9232
-4070
7602
-5889
8540
2573
-7694
7813
1621
8336
751
-121
-2331
-6961
1368
5655
7415
-2987
-7346
8917
-9617
3944
-3000
1611
1994
6881
-5193
9643
592
8521
161
2123
-2980
-3148
2854
-409
9591
6818
-8216
9255
3301
2557
-5590
-2707
-198
-8851
3273
-4589
1145
2897
-129
-7085
9385
-846
5134
-1260
4179
-9602
-3739
177
4288
8577
2005
-8684
-7924
5291
5639
3913
7778
-5663
-1225
-7075
-668
-8432
-1241
-219
-1433
-3269
2773
-1291
-9793
-3816
-2229
-7038
7069
-158
4807
6103
6911
-44
8003
3983
-449
4535
-3001
7446
1681
-1721
-6466
8456
3302
-1633
-7920
6723
6690
-6545
-4690
-5533
2293
-3489
-7219
7739
-8290
9998
2445
-7456
6067
9841
1889
8325
-767
2823
4119
-1038
-4013
1613
8346
-1229
3721
8991
7026
3809
-2866
-911
584
-1348
5053
4346
6602
2220
-9786
-3993
-9178
8860
4428
-8632
-1526
-7726
-3056
-6149
-6378
-334
4602
6089
-4230
9066
-4012
-9939
9064
-2390
-497
2318
4852
1566
-6359
-731
3801
-4975
-8410
-7608
-9104
6783
-1487
5992
780
3825
-230
-9419
-3080
-8304
-938
-7270
5878
4187
53
-9228
-514
-2030
9640
-6312
-2602
-365
3071
1413
-481
1758
-6053
-9272
-8182
-8174
9131
-4383
-6063
-3390
-7849
-5444
565
-9851
5830
6659
6986
3574
-4275
-9471
-5564
-3513
-8540
-3072
-1727
1115
8815
8474
5927
1725
-7244
8806
7108
1965
8286
-8049
-6586
-6239
-2561
-1459
-5877
1115
7019
3566
2824
8496
5849
3825
-5296
-7212
-7231
5738
653
7938
-769
-2600
2229
-8215
-9242
1877
1120
-2717
-6178
-684
2746
8922
-7657
6806
2834
-9857
-2765
3307
-6752
-3669
-2155
9860
9450
-4461
-8274
647
647
-44
-4010
6923
-1379
7
-8729
2143
3518
-1921
-1982
-8948
-3469
-4319
5527
214
4883
2638
3711
910
-2936
-8287
786
3547
-4490
-1640
-1236
7623
4280
6889
-5831
-2688
-7170
411
-1795
5380
-459
-4608
201
3095
-8267
-6003
7514
-861
2072
9788
1060
3377
7644
3001
129
1243
-8812
5028
5392
8895
-2767
-7231
-9379
-1968
9943
3161
9866
-3429
3895
-7028
-6190
1113
-3067
896
-5757
-4110
-6855
400
4297
-1798
-2926
-4705
8794
-7298
-1442
8894
-6422
-6590
4506
-5999
6332
5620
-5921
1491
3654
-344
-7204
5196
6721
-8846
-661
4347
9158
419
-9303
-6721
8260
3811
-6399
-4707
9839
-5725
-4525
-9528
-7614
1074
5145
9802
2114
-8540
4915
-208
-85
-8501
-4232
4053
-398
5547
-6811
8252
-6608
-4489
6525
-416
9458
-7023
9163
5543
4867
-5997
2287
4159
-4259
5651
-5958
-4638
4405
-9104
-725
-9926
3436
-8873
-7005
2926
8114
2282
1707
5375
-5027
-1243
3840
2223
-4991
5067
669
7241
5588
-5731
11
5865
-1535
7343
-2216
-8117
-6350
5404
7500
7890
1676
6924
-426
4795
-2514
9452
3531
-1367
-7616
-5624
-6363
1471
4353
-9986
4541
5436
6457
-6521
-5809
3651
-1225
8565
-6551
-3150
15
7611
-2718
-1057
2146
-3891
-3711
-4661
7690
9530
6413
-374
-9057
-4619
9260
-2851
-4776
-7561
-3008
1148
1399
-3730
5683
954
1098
612
4101
-653
-3159
3408
3295
4249
7362
2350
8200
6052
-5988
-1869
-9032
398
9087
2213
2935
4680
4549
-6085
9693
5490
-517
-6461
8529
5745
2713
6853
6402
5371
-3387
1993
-5553
9297
-1740
5149
-9534
-4324
-7933
-8104
-2472
765
4083
-1215
-5878
-5667
-6015
-3886
-985
-1889
-8938
-324
2281
1351
8754
1470
9669
1367
8179
1669
-2543
-114
-3552
-7796
8929
-1040
-3811
-9319
6811
6270
-7887
115
2783
5929
-573
-6688
-5237
-3705
-9752
-2919
-5454
-8950
9824
-8465
150
2139
7143
6478
3315
3622
3336
-6452
3509
-5238
-1457
-9708
-5162
601
8150
-8242
8890
2641
-2192
2532
-6353
6336
6098
-201
-9764
463
2840
5461
-4791
4693
4148
8685
8319
7362
-338
-6567
-9279
-4858
-4191
5947
1605
-5730
2974
-8552
-3258
-1327
-3411
-9672
-4227
-72
-4123
1110
-9409
4322
8859
-7588
-9374
7159
1705
6280
3160
-1448
-2385
-1100
2423
5014
-5737
-6970
5584
3898
-4533
4391
3884
302
8865
-1368
-8705
-3052
-8560
-7936
939
6204
7265
-8421
-8712
5757
8186
-7869
9345
-5327
-1788
2083
-5101
9145
-5229
-5159
-9932
4739
-1738
-4521
6242
8278
5747
1031
-6492
-2695
6158
-992
4383
-2460
-5818
7579
4279
-9109
-17
1556
5597
-8526
598
-5021
905
4363
-5171
-7353
-2686
1935
2787
9538
-3872
-3516
8489
1619
-1542
8981
-9130
8139
1517
-5475
2020
8137
3970
5946
-6099
-9503
-6603
-9209
2589
-2329
2503
-3521
8373
2243
-4334
1576
702
2679
5179
7298
-6263
-4529
9046
3821
-1140
2673
-830
-7675
-703
1533
-6330
-6330
-138
-5971
7854
-4976
-6947
-9615
-9840
3708
6511
9987
-2005
8121
607
8723
4557
-4738
6625
5581
1190
-7652
2154
-6936
756
4310
-5598
-3065
7795
-6450
8529
-3591
-5434
-6875
-9596
7202
1536
3950
2980
9963
-468
-3507
-6627
6408
8351
-2184
6780
-8911
-9241
-7129
5707
-3844
3339
4468
8933
7464
6019
2989
6774
-598
-8251
53
2524
-8772
4807
3946
6248
3650
6541
-562
8827
-2384
6977
2634
5605
-3812
-1491
6531
2824
-4279
9390
-5088
2862
1348
-5410
-4879
-6243
616
-7294
2888
9340
9459
418
625
6773
-1632
-8752
-3397
-6599
8335
3826
8661
4566
-4644
-9848
-164
-932
4963
-3613
-3930
9681
-7593
2438
8063
5280
-6397
-2010
-793
6584
7081
-8699
-235
-975
6668
-7710
4935
4345
-7338
-9238
-6406
-4182
-54
9691
3616
3666
9080
4018
4647
-4420
5878
8175
2588
-4375
9682
-7852
-1158
-5052
2549
-729
-501
9504
-8632
4732
5131
8124
1034
-4014
-4121
4606
-4695
-7748
8266
-8431
459
4180
172
-3427
3745
-3850
-1027
4207
-1024
1439
-2131
3569
-8700
5218
-183
4302
1947
6797
2794
8287
5511
-1493
4720
-4243
-4614
-1473
5922
-3036
-1652
-9625
9689
-6061
3640
1995
-2814
7915
6049
-610
-70
9259
-1031
-6503
-2097
-9635
1900
-4847
9202
2807
-1148
242
-3568
9144
6331
402
8868
558
6663
774
9417
-3539
-3329
918
-604
-4947
-8205
-5905
-8630
3407
-8900
2431
285
6370
2896
9836
-2914
9216
9896
861
-581
-8129
-9455
5546
-4940
-2901
-459
-4425
8336
-9310
-91
-3927
-2259
3262
2530
-7724
6454
494
-1858
2650
-2670
6326
-9351
6786
2349
9669
2682
309
-9394
-4291
-3434
6797
7539
8241
9743
3810
6859
9190
-2916
-6787
5447
9513
-419
9547
-414
-9908
-2759
8039
-6995
4522
8481
1351
-5805
3685
-9738
5462
6031
-2615
732
-730
-6716
-5739
2661
3694
-9195
6651
-1795
-7404
-1212
3137
1766
-2200
-7271
-5199
-7235
642
-396
-1548
3744
6101
-7597
6637
-7711
-4419
-5095
6021
1326
2025
9615
-2506
-9365
1877
-8912
9404
-8886
-700
8121
33
-8128
-7130
-8444
4551
-8008
-579
1289
-6180
8146
-4894
-4002
-8939
-9447
-9236
3041
8112
-7027
-962
6645
-2838
447
-1794
1824
7476
3090
-9029
9855
4659
-8856
8155
381
8353
-2321
1881
6661
9617
-7972
-3266
3572
-1288
5233
-7440
-5550
-338
8587
7201
-3818
8261
-6321
2694
-968
547
7151
-4314
6246
5997
-1303
1003
-6743
5471
-1516
3198
-8093
-7493
9852
794
3248
5081
-8208
-1747
-9454
-4138
-4012
6157
1617
8812
-7656
-4037
4930
3318
-4985
-2345
-845
2903
6337
-8319
8254
8886
3497
1685
6088
3966
-7282
-7855
-4466
4382
-1421
-7916
8974
-4941
2881
-8877
-6704
-1371
4880
9447
3270
-2060
6435
-2407
7184
7811
-1489
-4563
1690
3945
1407
-9212
-4433
-3801
6966
4061
2199
-6489
-9807
-9638
-1356
4619
-8787
9353
-4610
-9639
-3661
2597
1204
-3414
-7077
-6518
808
4721
-6013
445
-996
-8445
5457
9330
-4406
-3439
-401
9028
4501
2246
-7011
6755
-8172
-2178
246
-4640
9314
-2604
-3090
-2936
35
7746
2118
-2156
5116
-7724
5140
-166
-996
3190
9306
1102
2687
-470
-2257
7865
-751
-4810
-4641
-8912
5738
9072
-9642
3059
-9374
4016
-4027
-3131
-131
-4163
5687
376
-5850
-156
4615
-6833
7564
-4546
7856
2062
6799
2935
-4071
3991
3283
6568
68
1035
-1197
-5590
9877
4081
9903
4480
6785
-2468
9430
-2408
118
-7654
1891
-1672
1482
1921
-7488
6770
9699
-7155
-7800
-5162
-9717
-532
9623
-8310
8428
9734
-9812
8220
-9473
-260
-5292
-351
9925
-1303
-2662
8521
3989
4709
-8710
1235
2793
-3619
-6518
1691
-4753
3517
-1827
5692
7991
-8622
-886
-2644
4877
-840
-4048
-4867
-8871
-6803
-9106
9592
5530
925
4520
-6148
2814
8863
5510
-8102
-627
-6281
5313
-6425
-5900
2402
9823
5083
7482
-6465
-6300
4914
-4584
-7922
-5859
-5106
-3607
-7976
-5065
4174
796
-875
-4095
-3906
2355
-8286
-7666
-457
9424
9034
-199
6481
-2605
-9483
-8557
-7014
-9631
-6936
4060
9649
191
-9576
-505
6505
-3935
-1656
6411
-1456
-1249
-1933
7813
-1129
1506
-6666
2613
-2319
-202
-5877
8672
1615
4631
-3050
-5656
5278
7565
3948
4961
-8714
9786
-9812
-2963
-5246
5263
3837
321
3304
-7251
-7558
4062
9646
9669
5493
-9816
-3770
-5738
-2288
8689
5299
-5045
6423
-7003
-1759
952
-8574
7409
8967
2589
-680
6734
9972
-9541
3870
9307
-1423
-2780
9561
4513
8107
2390
-8213
-3831
7427
-1218
4511
-5715
-5598
-3679
6085
-6351
-6503
-655
5241
505
2266
-4682
-9671
9513
1887
-4407
8579
2764
-541
3721
-5297
4949
7540
8848
-6050
3850
-5357
6248
-7283
2413
5599
-5182
-697
-4512
382
1479
-5986
-5923
9154
3183
6157
769
1692
-4540
9277
-8972
7738
2100
3485
2096
2538
5558
-9223
3379
-5401
6430
-3750
2710
5332
9653
8222
8851
-3763
-6738
6899
9297
9480
4274
-1346
-2824
-4918
-8235
9905
-991
-6211
2814
-4170
2661
1586
2307
-9702
9929
-4015
-5968
7818
4770
4379
8676
8913
-3196
837
4760
5499
7711
8574
8410
4887
9494
1651
1698
7295
8867
5280
460
5042
-6333
2556
-8997
2442
-6754
-4363
6925
-4036
6092
5017
5313
-881
3525
-9039
-4749
-753
-1745
6392
4940
-8321
-4754
-4494
4024
5636
-5589
5369
5909
-1581
-6058
5421
-5622
-1354
6785
-3457
-5936
3469
8645
9870
-3323
2327
6039
-6152
-7670
8946
8327
9273
-8161
-1104
8240
9923
-7174
-6851
5111
-7038
5164
-2109
6372
3640
2096
-3919
-2895
-596
5185
-5762
-2525
5580
8471
379
-1370
-4280
-7037
8482
4330
9650
7600
-8869
4688
2919
7600
-6579
-7621
-6948
6946
-927
-3960
-8534
-124
4541
8669
1313
-1505
-7831
-3165
5010
3394
735
1783
9970
-4578
5029
-538
8136
-6983
6009
618
-2932
-9411
1927
-9996
893
259
3226
-3998
-7271
5637
1288
-9691
-6371
-5365
-8220
-9584
4897
-6953
4998
7245
3196
-6849
5192
1201
4986
9012
-5468
3746
859
-3158
-2048
-8137
-4675
8933
-4416
-1066
4814
7669
-3691
-7258
-4166
-412
3290
9591
3749
9472
3774
-1229
-4873
846
-2103
5901
3891
6593
7918
8692
1742
9451
-5915
-2508
7744
-6847
3907
4689
3370
-7779
741
-4189
-7130
-4025
-6871
-2182
-6072
6619
-3129
-8008
-2935
-9605
-9949
-7965
513
-5697
-175
-6584
6413
-2684
3463
8805
-2048
-5136
-9223
-6679
9466
3326
8096
6127
-8394
115
-9017
-7678
-3749
7022
-76
52
-780
-2680
-6562
-7033
1012
458
8897
-6133
-7189
-7143
6439
-2233
9539
1282
-560
585
8847
8015
-1856
-1376
4081
7068
-1853
2344
-3571
-1927
-9165
-6919
-9161
-1179
3684
-2766
-2121
7481
124
-9667
-8133
5712
-3958
-6299
-6191
-9462
8657
-2568
-2879
-4225
3024
7933
9157
6385
-1354
-6404
-1526
9450
7188
5757
-3234
2792
-3500
1921
-4067
3673
-8302
-9444
-9158
-265
-4856
5499
8272
1988
-9940
-7982
7040
3594
-1976
-7897
-758
-1111
3167
-2469
-9508
-1037
6310
-8179
-623
8955
7408
-2297
795
140
9837
7362
5508
-2668
-4424
-5545
7875
3029
2516
-8878
2474
5309
5908
6893
-2302
7652
-8275
5407
-8587
3876
-7703
8892
3883
-3894
8832
-4152
8582
3880
-6152
-4893
9806
6025
-7081
5138
-9487
8144
-4585
4476
-5363
5410
-4309
-9589
4611
46
-460
-4675
-4905
9947
-8007
7967
-1747
3878
-6156
-2842
4158
-9157
9523
-9735
2998
-7538
-8926
9456
7523
-6392
-3321
-9416
-6103
5229
8025
1700
-6515
-2083
2102
6024
9632
-380
-9519
-1132
-7952
4501
-4550
-5426
6958
1472
-1771
1264
-3038
-6947
-4946
7718
-6361
-5965
-7137
-3372
971
2844
-6431
-4177
-7170
-26
7846
-1356
-3212
-2651
2147
856
4314
4255
6606
8973
7032
-9066
1046
-8411
-6162
-8094
4918
5263
9501
-9447
-7597
203
-3048
8125
4621
-6479
5512
-6911
-7162
3268
-6351
7947
-665
-5359
6012
-4037
1300
9217
513
9831
-5632
-1044
-5042
-5640
9754
4627
2897
-838
9004
5472
6735
-9545
-8373
-3017
-8835
8615
-6682
4564
-5903
6817
-4738
-2953
-1779
-4543
8779
-5021
8344
5380
5744
-9365
-922
4443
-6178
-63
9494
-3488
-3889
7656
-1176
9540
8879
-9908
2578
-1976
1546
-2646
2891
2871
1623
5339
9866
6744
4955
6956
-1189
8827
4818
-5159
-3189
5422
-2207
5866
7314
-6052
-1276
-861
2334
4657
1972
-8254
-6862
6355
-1746
-4337
2457
-6966
2232
5651
-2284
4869
4777
-6935
4149
8607
-771
4014
9542
-9114
8909
-702
-2279
2407
-1685
5260
-1302
-7203
7696
-5115
-2253
1992
4676
8152
1545
-7838
-565
-5134
-4827
-6372
6363
-596
8983
7335
5044
-8885
-3092
6315
5406
7927
9153
1346
8328
-5810
7779
-6469
5664
4239
-7586
-1479
8724
-8585
9507
-9659
-4167
6352
-8921
-9522
-9969
-4643
9113
2328
3155
2470
9358
4449
-3923
5610
-9692
2541
-7937
-102
-2317
-9919
-9660
-5479
6482
4524
-4833
-320
9706
2456
-9454
851
-3225
-6155
-5955
7931
3667
-3003
4663
-9043
-6147
-8383
81
9613
6183
7047
-7043
-2406
-9166
7990
-1393
-4606
-6437
1021
3461
9656
6493
-7668
317
5021
-8297
-5160
-4560
7547
1228
9835
-3237
-5334
2819
5515
-340
8702
1106
-3150
-342
3135
3139
-330
-8198
3933
-5016
-3166
-3351
5712
1651
-8455
1412
-9851
6424
1064
-7385
9530
1836
-16
8590
-5101
-2340
-6919
3744
2175
9648
2014
7084
-1045
8957
6442
2836
8847
1815
4066
5881
-5196
-7594
2639
-9031
7952
-957
1973
-5977
-8242
7079
-6336
-1681
2882
-9897
-9312
8740
-7970
1206
-2018
-9085
-9538
-37
9756
5280
-5911
2391
7919
-4630
-1679
-1207
5299
-2316
-5034
5165
-1814
6892
8661
-2844
8104
2564
9294
-5647
6466
7939
2634
-8902
-6147
145
-8373
-5605
1149
-6594
-4772
-1359
5375
4024
-3418
2264
-8227
-5929
2606
9725
-3548
-4992
-2109
-7474
-6198
6730
3028
-6415
-3485
4183
-3868
2387
3177
1203
8035
-375
-5890
3655
-8533
-6262
-7251
3675
2793
3855
4469
-2028
-4320
-538
-2646
-7550
-8072
9695
-8518
-694
3387
1808
-3167
-270
1644
9013
-691
8601
5828
9823
-6837
-553
-5705
1690
-131
-6124
-5408
9167
8203
-4649
9882
4507
-3674
-1030
-2872
-5720
7227
888
1912
4354
-303
2039
-5129
1561
6233
-4264
-554
-6356
6567
8004
1159
4429
-8843
-5320
7803
9326
3142
-3192
7933
385
-7344
98
-9983
3419
5247
-1701
-2189
799
-7436
-392
-9781
7360
2088
-6509
-6374
7299
-1815
-6085
3802
5152
3052
-1153
-9573
820
-6517
3812
2705
4620
827
-4564
-6749
3375
-6486
8712
3501
-2690
4147
2057
-2110
-3689
-9299
8532
-6069
4790
5359
7981
4928
326
-8502
-1827
8480
8238
-518
8041
8624
-8443
-499
-4529
-8177
-2013
-2180
1799
-6447
8800
1439
1634
8604
7796
7612
8361
-9557
166
-3042
3270
3335
-9642
7607
-765
5849
8745
8822
6894
-2279
2196
3592
-7056
318
-763
-4637
9887
-7047
9811
3236
8589
298
-6844
19
-9306
-5020
-1462
-7242
-8537
1395
9308
-9236
-8033
-4221
-8837
2529
6132
2432
-6024
-3514
9100
3538
7489
-9491
-4634
222
6956
-8382
-2441
5381
-3428
3533
3545
-7494
2026
-2574
814
-334
-42
-3578
8074
-9798
-1434
-7436
-4179
-5885
2723
2738
-1353
-9699
-2060
8288
4267
3791
-1081
-8848
-7420
9079
-6095
-1682
-3599
-3156
1144
-5060
-5479
-2881
-515
-4997
5734
8789
2396
3181
-8437
107
-8546
-7327
-5976
6917
7074
4966
-1226
381
6748
-3099
-4313
2815
1571
9049
6925
6917
3844
-2370
4850
-7434
-2354
-3718
1187
9198
9942
4244
-8481
2586
1265
-8215
-7974
1189
7265
2364
-8062
6768
-7595
7768
2114
3406
6036
-3909
7856
-6182
-6813
55
6685
-9663
-1642
6058
1480
-8036
8321
3270
-5730
-1812
-1718
-6354
-5147
5681
-7148
-8522
-5323
8306
-4273
-5918
5426
7673
-6922
-1731
8477
4889
499
6962
-3304
-5306
-4045
-2736
1920
-8250
8398
8535
8795
-5713
5430
-1799
-5224
5954
5847
6964
-2856
82
4681
6209
5323
-8469
-4250
9915
5870
9071
4121
-2174
1904
-1612
-6399
5543
-4454
-9992
2520
9702
-1689
232
-4675
651
-838
-2827
933
-662
2115
-6454
8238
-4326
-1601
-4651
1514
-2721
7421
8301
-317
5979
4987
-4534
-6699
4355
2646
-7014
9247
9252
8585
3483
-8629
-8632
3552
-3894
-9384
5716
-1616
6516
-1211
-5947
2968
-9982
-524
4829
8598
-6404
-9686
8426
-6578
-4401
6972
9078
3627
1188
5095
-1179
3652
9678
-9875
-5769
7057
-14
-3527
-8103
727
-4863
8970
-9389
-8816
-4373
-2516
-2425
-8748
-9780
2373
1011
-5123
-4303
9500
-4694
-6681
6203
5530
3662
7867
-1637
9691
3399
-7098
-4314
2991
-5121
8404
4855
3263
-5921
-1745
5221
-9106
2073
27
-2620
-4232
-8
7603
-2899
6303
-2081
-5866
5564
-5908
-8476
6450
1339
-2066
-2309
-1488
8388
307
2323
-3425
-5249
8252
-6452
3931
6862
-1407
-9951
-2614
5113
8875
-3806
1459
6781
4620
-2700
148
9937
4997
-6933
772
4449
-7379
9384
-7842
3496
-7848
6865
937
774
-8209
5018
-2869
2411
3822
7288
-5808
-3529
4173
1449
-1472
-6862
7469
-1654
9168
-4852
9072
-59
7247
7274
1120
9668
9386
3566
7280
-9272
-6967
-2784
-2284
2090
-2807
-4378
-605
2018
-9492
9816
2442
-5306
-7667
-8531
-8051
887
-5750
1578
3368
-9604
2772
-2982
-865
1145
298
-1809
-9627
-7606
-7702
-7671
7753
-4316
-7489
8593
8355
1796
3798
2955
7652
7524
-7723
6555
-9989
2601
7701
1777
-9930
-6290
-1824
-8271
-6041
957
1675
-3642
4411
-978
-4016
-8196
2584
-1808
-7506
-9964
6093
-9595
-6538
4954
-558
-7493
-3196
2859
1956
2114
1384
-279
6543
2454
-4251
1957
-9728
-4059
7179
-5459
123
3217
-3786
-6300
1010
-9495
1712
8580
6479
-92
8223
-888
3622
-6167
3118
-8403
5345
-9532
7839
-9966
-572
7947
-5223
3186
-9955
-8599
-3912
1593
-5516
-2307
-5064
5286
-2115
-5490
-6740
-593
7100
3000
-3084
-4834
-2037
2551
1264
-9429
-7068
-654
-9014
-8339
-4061
-743
-9589
9095
9511
-6464
-8955
-508
1904
6991
2122
-4585
1146
-6685
-1653
-124
9569
8370
-1618
2006
-5010
-8126
4492
3295
-6536
9570
6868
-6914
-2440
-7322
2201
9890
8384
-2585
5302
-5937
735
-8598
3786
1496
6467
75
-6258
6261
-6382
-8715
5699
1693
2775
6337
9170
40
-6216
-8283
1749
1999
8618
-2343
-3451
-3309
1408
2654
-2751
9269
-8268
3781
-9302
1474
-1665
7479
-1451
-2906
-1183
3550
1235
5926
-9519
-6617
-697
-2668
8955
-2645
-8534
8888
-7083
2618
5396
-420
-5607
5892
9449
-6022
-178
2441
-1244
1640
2375
-1465
8347
8904
7182
3634
-5747
4989
614
-5639
-7599
1912
-2516
8642
-9536
789
-8952
-6718
-8457
611
7130
-7467
-8492
-1706
3322
-4584
-7668
1194
869
1353
9672
-1474
1022
4824
9101
3067
4123
2698
-6565
9972
-2414
-8859
2125
-9124
8623
-8901
-1666
5477
-6415
4041
1014
-808
9769
-315
6896
-7412
8392
149
-2125
7507
5391
-5022
-4853
-5418
-1616
1238
8107
-2367
8293
5616
-6424
-3049
-5890
4281
-910
9091
-2503
-5695
2746
6941
-9493
8552
-7834
-6794
-5568
-6244
-2044
-4740
-3068
-2197
7396
2475
-1819
4624
-4332
-7647
6595
4928
4257
-3195
-3959
1348
-9504
-5865
3068
-8307
-4969
2515
-2864
-2343
-6812
7792
5023
-7538
8812
8269
-7994
6892
6243
6274
-2542
-1234
-462
-1248
-3276
3957
-4795
7734
-3867
-8092
-3760
6857
5853
2076
-3179
2500
2256
1931
-8335
4318
7584
517
-928
7152
5219
9022
-3339
-496
-1672
-1910
443
-2216
4757
-4184
5052
-7909
-9302
9023
2976
-1006
-9749
-4554
7615
8990
3678
-906
2051
7961
4112
-2507
8648
-1192
-1339
-6067
-2346
-7269
-6862
1661
-4017
-9974
3133
2912
-4529
-5122
-2723
2403
-8494
-9271
-9737
104
-9061
1407
4410
-5900
-1582
1496
-9106
2075
4481
9165
205
8022
-257
-1648
5726
7356
-8168
-2624
2990
7133
2881
2608
-4065
-9936
100
-7139
-9335
-2196
1055
-1181
1096
6348
-2604
6858
-9802
-127
8652
6957
-5282
-3659
1626
8424
-4079
3856
-9810
8565
-1896
6083
7499
-1544
-7085
-5037
120
-4389
-7070
393
5751
-9744
-4680
7837
-7790
7311
-5447
2842
928
-7122
111
-2779
4018
5562
-8826
2770
8967
9434
4821
-2057
4354
4238
-5677
621
-6108
316
-9766
278
-5298
-4563
3910
-528
4860
-5973
-5859
7086
2887
-466
-1783
199
-37
4160
4687
598
2544
-4534
-4332
3271
-349
-5761
-3123
-3100
1931
7927
-5202
1842
3584
9793
7976
-2964
1073
-1308
6265
9369
-5869
5166
-9295
-9207
6512
-6374
-9908
6635
-8022
-4998
-3486
-7657
8738
-49
1375
-5974
4506
-1824
9847
164
-4668
-5906
1034
-1450
2999
4511
6672
-798
-9421
9904
-8977
5187
5067
197
5555
5481
-4157
9992
-6805
-2547
971
-7082
-5014
4010
9223
-1661
4007
-1346
4103
-6387
-7087
-5894
4379
4013
-8798
-2807
-3061
4296
3014
-3969
-353
3412
5812
-4450
1874
7213
-6655
-2232
8481
4301
-5519
7598
1379
6146
-6759
6831
-7705
-9229
2765
4717
-7262
-8540
-1739
-1667
660
2696
-4302
4269
2775
-8377
3057
2547
-3137
-5844
7702
-3275
-6624
-7870
5883
-6338
3662
-1603
6530
-291
9049
-6569
-8138
4058
-2445
-2337
9169
-3984
1598
6189
1560
9365
1479
-4564
1169
-5011
-8598
-1998
935
-6373
22
-7836
-3504
1389
847
-4071
-109
-3248
2236
-7328
-1632
55
-4510
4237
5928
534
6231
2219
-2725
9813
753
-7041
3737
-5640
-6279
-4437
-959
-3357
-4104
5529
558
7454
2453
4827
3249
-8576
-55
-5197
4599
7507
4450
6321
-311
1821
4917
1905
-2214
-6651
8847
6184
-426
8349
-3429
-2088
5946
8679
-1568
1891
-5800
-7616
-2133
-6075
9794
-4853
9795
7726
-3895
-3641
9022
-7850
-335
-5766
-100
-1651
-8620
3105
-2463
7059
-4824
9493
2046
-4538
8758
-6418
4919
-1598
-9922
-7475
-9021
-6311
3515
9406
9459
-1591
-7164
-2083
554
-6093
7577
5857
9569
8084
-3819
-2300
-2883
-5906
555
3585
-5287
2275
268
-6476
-7016
-9
8194
9231
-1143
-3599
7521
-3595
-6067
-4435
-5244
-9485
-3938
7492
-1028
7002
-6097
3806
-2362
-8927
-848
6146
9400
7032
-7239
-4990
1936
7183
-882
8082
9178
-1495
4356
-9672
206
-595
-5180
4863
-9282
5444
8993
408
-5579
6084
4176
5763
1276
-4199
-6871
7240
5499
-7434
2124
3708
-4079
6044
-7698
4424
6779
6646
-2004
-8324
4250
-3561
6545
9369
-6759
-5608
-6301
4396
-5498
5036
-8535
8329
5182
-5735
-1679
6569
3519
9895
-1127
-5937
-9169
5797
8056
3605
4825
4598
-728
8145
6176
-622
-5076
8020
-680
7948
2910
-637
-2315
5875
0
-9424
9772
-7259
-7975
7297
5918
6601
5518
2374
5773
9328
-6138
5785
-8742
-9730
6486
2073
8396
2651
9074
-9804
-9674
-3247
1103
3726
9105
-9834
-7099
130
8338
-7207
9535
3875
5090
-1646
-3737
8965
8483
-4305
9482
-4542
7655
6651
1921
4684
3526
191
-8715
-3484
3644
2876
-8611
-6565
9145
-6216
9075
-6395
-1042
-444
-7055
-1543
-292
9824
7451
9372
2378
6637
-8482
7582
2523
-265
1739
-2456
2069
-7321
7459
-728
-18
9843
2293
7580
-6337
1176
-7686
5404
-5170
3373
1877
-6741
6829
5691
7479
-33
7146
-1066
-9620
8714
-1571
-6354
6705
2550
-9271
-2517
-6993
-5124
9394
2993
-9418
2873
-7656
-2003
6298
9213
6469
9704
-8965
1908
-5913
7783
-4696
3098
-6062
-7320
4807
-9150
3372
-596
9272
1864
-5176
9862
2828
3467
-6667
9051
1143
-5297
-4180
-8914
-3370
4115
-7076
-2103
9119
580
-8076
2381
3776
-1572
8498
-1316
5932
-1781
-537
6553
4679
-252
3453
8103
2529
4436
-4339
2939
1798
-7676
6987
-3638
-8441
6071
4328
-3813
7514
7159
855
1641
-8743
-5960
1550
-2911
-8961
-3602
-2884
-6726
605
9950
9686
-224
1909
4438
8879
-3507
-4935
8682
-7403
-2344
-2185
317
6970
4160
1149
9
-2786
-2295
-8897
-2598
-6772
-4639
5535
8947
-8457
-5300
6213
7209
8248
-2233
6259
969
-8520
9432
2955
-6962
-7653
9668
496
6975
979
-2587
-1771
-6875
-447
-3442
1700
-743
-1739
-9733
2133
-9583
-3554
6593
7519
2190
8843
-6874
3928
-412
-1855
8599
-1378
-2268
8068
-673
892
4166
-6289
-7588
-3206
7799
-3508
5190
-5651
-8225
-3463
-2581
-7352
-7090
9292
9662
-625
-9000
-9130
5937
-8169
-9630
-1058
3797
-1550
-1332
-438
-8711
6288
-5705
8313
9492
2881
2897
4318
-4115
1084
4234
-1325
459
-6828
8186
1909
6775
-7353
-9663
-8669
3669
285
-9140
1383
-7988
-6684
-1233
-4065
-9085
6415
-1997
4077
-9663
6567
-426
-3636
-6619
-142
-2435
1290
2152
2707
-4940
-7224
1755
9307
3568
1646
3656
-2589
9983
9892
3788
-5755
-3876
1402
-1408
-776
-226
-2255
-3130
3096
-4635
2572
7331
-8954
-8227
753
6614
-420
-8914
-6270
-3359
-6241
-7649
1522
2252
3693
6718
-1134
-4116
7753
-2087
3980
-7391
9128
-3336
9233
-7156
-1950
2838
2763
-6712
5253
476
4323
3457
-9758
-1416
9154
-9010
-2960
2249
9848
3359
978
5144
5626
-4214
-5285
-574
-6556
5640
-5996
-6643
-9630
4582
1170
7076
-2132
9945
3292
533
-5280
-6517
-9972
-1052
-7705
5228
5763
3173
4045
-1954
5976
5557
-8634
9441
1366
3752
-8091
758
4670
-6209
-9449
8138
6088
-7558
-2413
8089
-5036
-9756
5317
2195
-9745
4745
4371
-3160
-4617
1990
-4946
-7354
7638
413
1783
8351
-6623
7081
-2267
-771
-3544
4327
3194
-122
824
-2883
-6826
2268
2075
1095
6462
5655
2496
9309
-5220
489
-901
-4118
4287
-1694
-6173
9320
8503
6652
-5847
9145
7820
4507
-3465
4616
2910
1089
4372
5736
-1989
-2432
-6702
591
3808
273
-5438
-7476
8658
4932
-2653
-7621
-5237
-4530
-6275
-4240
-6278
4635
-3091
8264
-9941
9125
-9053
2335
7142
-1271
-1449
2432
7255
3921
2970
-845
5877
-8972
7338
5111
-8747
9309
9753
-5002
5322
875
-3164
3702
3982
-8591
3096
-9880
-8413
7478
-9635
4543
1307
-9537
5032
-268
7204
-7675
9374
-695
-1027
-281
4746
-5010
2669
3949
437
-5553
856
7273
-7845
6656
-1406
5633
-3963
9357
6039
-5477
6587
9722
7887
6709
2727
8169
9011
3502
-4075
-3407
-3375
-7081
-9860
-7395
-5981
8874
-7931
-7057
5152
-8763
9475
4409
-333
-1137
1450
9221
-2181
940
-3476
-7365
5214
-2973
-2746
3607
-5842
-332
1295
9750
-198
2056
-4900
-7757
-6875
-5821
-1823
-2767
9410
-8807
-2613
-2771
2151
-8772
9291
101
992
7773
3369
4890
-7424
-3010
7348
2150
284
-2806
-3632
-2263
4678
-878
8112
-9285
-1628
8742
3060
-2724
5211
-4339
-5442
-6218
6142
4788
2269
-884
2092
-2562
4184
2030
-5383
7290
-2134
5372
8111
9930
-9661
-2954
3254
2093
5149
-9546
-7866
927
-4152
7464
1053
9188
1850
-1479
5125
836
-9630
5745
-3044
-4835
7799
-1559
9074
3711
-8509
-8124
-2428
8855
-9155
8512
-5605
1550
6653
-9514
-104
-7301
7327
7172
-2269
-1125
-5426
-9465
-1093
3188
5714
3814
8026
7411
2008
9866
6024
477
4058
-7376
1424
-5062
9772
-4887
-7542
-9032
8389
-7396
-3346
1878
-2944
233
-4045
-703
7105
-1959
-2948
701
2333
1257
-5614
-9280
6159
1510
7930
8702
1371
-2037
-9532
-9466
-8891
6822
-2768
-5486
4226
9951
5258
2606
-8492
1962
1040
-3970
248
-2853
1267
9327
-3616
5557
483
-486
-1505
-8395
8604
-1829
155
6195
1905
-3034
-2662
-7582
-8563
975
-4666
-273
5592
-9150
-4968
7120
4363
5916
7477
3118
-1349
7326
8604
-7633
9196
6418
5970
-6690
-785
