4243
-9785
-2509
-682
4412
2175
-1033
7398
7807
-1883
-4627
-8386
3676
-9154
1873
-1367
-3550
2822
-4075
7552
-7814
626
8410
-8979
7256
-552
-8198
7449
5751
-4056
8042
7396
-8710
-2235
-8217
-6001
447
270
5681
3911
-3803
-3810
-8827
-9050
-6993
-3345
-9262
-4151
-5952
-9084
6699
-5915
5218
-9349
2395
9965
6814
-120
-2479
-1142
4494
1939
-4968
3127
237
3176
3333
4815
945
-5328
5031
3482
5900
6949
-5622
6322
-9757
-7621
-7776
-2674
1583
2385
-9770
8951
-7768
-40
-9937
7086
-5515
-5813
1897
-5207
-4056
-33
425
-6120
-2740
9660
9289
5221
8701
8781
527
4462
1953
-7506
-9277
3145
2427
6115
-9480
9453
-1746
-2733
-3591
8910
2315
-8342
3743
7205
7714
2531
2755
5233
-1288
-6991
-795
3589
4363
-1516
7610
-2250
-1552
8993
-764
8739
-8263
-1720
-7519
-4664
4699
1292
1726
-6194
1399
8205
7327
8794
3670
5407
-6979
-312
6162
-2062
7655
9390
4251
-9938
5114
-8093
5913
-5064
-5589
8622
-6330
1538
-6220
4049
-7594
-2707
-5340
-2105
7583
-7351
13
-9234
-5298
4920
940
9356
-4803
4430
4247
-8091
6267
-6185
5553
8553
-546
-4127
4186
-9232
3254
-9339
4459
7999
5321
1987
-6497
-8790
-9694
-9805
1292
-9149
7982
-6138
3351
-7479
-6636
9510
9603
-8601
9553
9679
5082
4985
-2868
2259
4300
8928
8149
5096
-2192
-7829
-2195
-4812
64
-732
-5218
-1192
-55
9339
4308
420
6290
809
-5773
5550
2120
-2846
8189
-4089
-628
-3791
-7830
8032
9929
1757
9498
-1325
-5695
7180
8735
3331
-800
2627
-5889
-4609
-6040
-2119
-8576
3065
-6451
-9863
-6699
4373
-4907
4809
3387
447
8430
-3197
5957
3726
-2889
5946
3324
3009
-8638
-1558
-154
-8696
3036
-8063
-3510
1417
-5780
-9472
-4719
8233
9484
3152
-7767
4865
1070
-4637
5664
744
-9174
-5462
-7891
-6057
8988
7787
-5308
6413
-8749
6845
3703
1301
1441
8490
-3562
-7055
1165
-4541
1546
3703
6114
-3007
-8697
-7783
-9125
-3771
-1437
9977
2365
-2857
-4052
-7221
4881
-42
5565
3887
-454
5196
-9617
-5537
-8477
-8528
-3327
1811
2446
8670
-9948
-2053
-9016
419
-602
8455
-5606
-861
2351
-6679
6007
-8616
3458
3201
-1595
5953
1782
-1940
-373
-7666
-8983
129
-7303
-3770
1414
4853
7180
5298
8446
-7182
-5620
-3797
-304
-401
4669
-5469
462
-2517
-6993
-334
2120
875
6653
-5281
4384
8532
-5058
7406
-1360
7836
7849
669
6595
-6569
2189
-4563
-6022
5950
4219
8224
4908
7828
3277
-7211
-8155
468
2895
3057
8761
8471
8561
7592
-6247
-2589
-8746
5061
5409
-9441
-8828
5060
-5897
9485
7163
8479
4805
-3996
8804
6776
-7702
8225
-5139
2143
8365
8475
7060
2465
-3826
5375
5205
-270
-9317
-4290
3249
-9354
7172
-6517
9297
6207
-4818
1662
-5991
5938
-9625
-2453
-2121
3999
-2550
-8109
-7240
5692
-8294
1353
-6088
-5160
-6975
7188
-1434
-4381
-1212
-8593
-2399
-543
-2959
-5500
266
7082
-6421
-8554
-5324
-9681
-6945
-8474
-6385
-3557
917
-5140
9280
-2478
-8384
-7926
-1851
-3122
-8361
-259
-747
651
-6610
6903
9667
-2623
-7043
2036
9617
8786
-859
9837
9202
-3667
2005
7020
7024
7399
3626
8484
-8831
-7741
-7804
-3124
9249
-2891
-55
-6690
1614
-341
832
2584
9747
-1767
8560
-9468
2318
7754
2654
-6660
-3883
-9009
-361
-4407
-6634
-2626
-8304
6374
-3444
-2994
-8155
-5910
-5873
6936
-5991
6011
483
-1818
6587
-5283
2987
-3525
7141
-8662
-2595
8431
9737
-2168
8224
9807
8250
5555
4162
4453
3312
-5340
5246
-9785
8470
-3440
659
-5060
-1740
-3363
-1013
-3024
-9376
-6775
5588
-9817
-2857
8126
-5277
-1697
-5874
3986
2102
-6847
-5382
-6763
-7986
-9342
9677
9544
3898
-214
-6891
9954
-5431
-7469
-9309
6124
2443
2907
2457
7133
8446
-8639
3067
-3610
-114
302
-6677
1594
-8496
-7160
3910
4182
1301
-1494
4270
1017
9955
1018
-7686
-5275
6072
8369
-6940
-1407
9409
-1194
8680
-4639
-3447
-4811
6704
-4971
5300
6979
8901
4270
3858
923
8377
4922
-3724
8440
62
2476
-2873
9636
6414
2737
-8717
-9654
-9701
5822
-747
5607
-3794
5861
-7837
-8857
-5389
-5219
-4865
-8771
3159
6371
6369
4123
3459
2920
4660
-7437
-2880
-3611
5972
-5724
1222
9670
-1074
8316
-3268
6302
-6084
8792
4090
-3775
5117
-3352
610
-2136
8918
-2422
1574
-6346
2615
5754
9232
5354
1351
-3844
8585
9476
-4706
-92
4284
-5339
9538
-8801
1003
-6605
6154
-3864
437
-1697
-4574
1763
6929
-6839
6056
392
4197
-3869
-15
-2111
-7605
7469
-8012
5451
-22
-5753
4582
-4923
4404
-1456
9321
2498
-2943
8369
-5875
7501
878
-9141
-1281
3896
2879
6046
-3401
-5253
1272
5931
-5166
-8005
8349
-4175
-1759
3094
9474
222
-937
4530
-9773
8994
-7277
966
4840
8322
8271
-3009
5047
-2455
3949
-4631
-3830
5620
-1970
-1819
2610
7648
6963
5365
8914
-5770
6329
-7587
-9673
-2801
4664
-4679
-8686
2149
-5517
-7384
5825
-4378
-2262
2714
5630
8328
9564
8593
4701
-2254
-3101
1420
-486
-6839
8003
3827
-8910
-2504
5824
-6183
-4666
7981
5751
777
5916
-5788
-8239
2001
-4655
-2921
8293
9386
5073
1867
1210
-2862
4847
7865
-5744
-1218
8506
-3230
8405
5456
7767
-8525
7850
-8409
-1028
-3357
202
842
-3117
-6681
4514
2087
-6801
-7627
-2592
208
9592
-3059
-8899
-2642
-2922
7368
4382
-3371
5913
3304
-2694
6722
2638
-63
-8536
1124
25
-6298
5601
8349
3387
-1221
-5958
5083
7903
-6584
-3626
-4027
-7355
-5917
2551
1157
5902
-5153
-3233
-4239
4738
512
-2859
5284
-3120
-5348
931
-6193
2428
-7563
6125
-2547
2691
-3148
-380
-5226
3288
-9417
-3078
-3326
-3474
3591
-1567
-4732
-3735
8524
-4269
-2598
-6074
-7584
-9130
-6999
-9809
-4941
-3280
-1037
9645
5870
-9410
9843
4446
-4067
625
-9025
8410
9403
8278
6418
-1117
-104
6662
7230
9363
-7887
-4337
-8087
-1563
-3240
-4336
9867
5075
-745
-4539
2731
-7796
1088
5077
9279
8068
7267
1816
3390
1075
-7360
3669
2976
5692
-5200
6770
-4605
-3049
3311
410
-6761
6953
-9537
-8009
-6359
6756
-9941
1394
-72
5241
5759
-8194
-7985
-7688
-1464
-215
2180
-3392
-4297
5371
-6930
-7595
3072
6932
372
49
-5456
-1642
9767
6251
8475
-2609
-3750
8745
6583
3774
-5321
-8853
5241
245
-8785
-3670
5705
2790
-2299
9258
8438
5423
5252
-8557
8431
2125
6318
1761
5595
-2495
-3682
7640
-7339
6415
-3691
-6593
8470
-4616
7964
125
5635
-5494
-1876
-6846
9658
8461
-9232
2118
9333
654
-8956
7021
4523
6935
-9659
-2460
4697
2759
-7041
5887
1484
5703
7310
-1412
236
4268
6968
-8846
-6141
1849
-5669
3629
4975
9745
-4190
7512
-7265
5499
3979
-9384
7287
-1921
8234
6685
-5156
-7724
7031
-472
-1026
2883
598
-1420
-5371
527
-5534
9743
-8230
-2460
8498
9392
3337
7269
-691
5716
-144
8370
4315
6241
7852
4312
9125
6212
827
-5208
3155
-4105
-3982
7236
-6783
-7455
-94
1837
3376
6025
-8370
-7428
2946
7587
-5062
-9259
-7492
1427
2449
7371
-7984
6031
-2042
-3528
-3317
367
1584
5458
991
-2674
3047
-787
7743
6743
641
3634
-5926
-3281
3675
-3985
8026
-3163
8984
-3713
7391
-112
-1611
-3359
-7972
2667
433
666
9693
-9177
7524
-5240
8902
-4999
-6159
-3710
-5307
-8072
-2599
6258
-7771
-7621
-1045
-8525
1380
-847
9479
-2518
-7342
-4172
-6519
-6403
-5408
-8848
5857
-5811
-5776
5552
5355
8668
3721
8977
2495
-1441
5544
1348
-6463
-7174
8904
3323
-9912
4726
-4014
-1775
-167
-4203
4793
-6596
-503
5751
635
2846
6985
7588
-166
-324
5354
-4440
-8057
9953
-5415
-9385
-4787
-5246
-7505
526
-7112
7561
6734
-8894
-3902
-5855
-5910
5471
8004
5210
7320
-3382
-9851
3531
6874
-5922
2613
2516
1510
2294
1909
7215
-2206
775
5285
8373
485
3296
-7999
3056
-5845
6401
1998
-2048
5215
965
-4400
-6999
3238
7122
-278
-6355
3942
-1435
-2096
6737
-198
491
-4757
5628
7242
8839
-890
-1982
-528
-9467
-5752
-3658
-6141
1850
4912
-4506
4144
-6031
740
-9313
1315
1145
-5665
-1883
-9979
-3336
-1130
-22
-3881
-1127
1239
1392
-400
-5940
9197
5828
767
-1699
-2812
3016
-6424
-217
-2570
9197
195
8439
2094
-2986
5463
9488
6153
-8286
-5268
1966
-5824
-1821
-5875
964
3867
3855
6172
9852
5973
-3292
-5076
-4070
5090
-2536
4004
-6866
-6770
3279
-458
2200
-3177
-1630
1731
1894
2192
9951
4891
-2500
-5955
-3149
288
2347
-48
-9210
1051
-734
-558
-7291
330
9374
-1289
1863
1332
-800
7494
-8031
2627
-9710
-5688
-1450
-2618
-985
1335
6051
-2635
2468
7497
4179
7643
1504
-7893
6672
7229
1700
-7247
4919
-7230
-414
284
3008
-4122
-8056
-8292
5682
138
-7467
-8752
-7027
-6961
-5343
-9257
5562
9793
-7963
-1635
-3715
-1631
-321
-6005
3548
-9651
1187
-7370
6035
-1745
6550
-9257
-8183
1459
-497
-9896
-888
-3860
-5603
-6511
493
3167
-4624
2360
8757
5401
1476
-9380
9151
5743
-2267
-6498
2242
-812
-6510
-9983
9299
664
4541
7573
-1166
3943
9637
-2528
8997
2327
2365
7260
4466
7178
292
-8718
-9724
2141
8339
9351
-1550
-310
3784
8105
9892
-3566
-5200
5675
-8322
-4675
-6469
7035
-2801
-9843
-5411
-2099
-5566
548
-1534
-2319
-3005
8685
8970
-7014
9888
-8318
8715
-8241
-7507
-681
8994
-7170
-9913
-6436
3765
-8068
-747
672
7155
-8252
2922
1652
6003
-3666
-4826
3854
-3540
-82
-9643
-9556
4756
-9379
8897
870
-8004
-8817
7367
-5913
8009
8776
-4191
-8651
-2584
1047
-4109
1813
-9102
5432
3606
-6255
7042
7152
8987
-8146
9770
-1345
7309
-7467
2124
3821
-6537
-7394
370
9144
-8297
-4422
-7575
-8104
-5135
3267
-599
-6706
4366
9000
-4514
7880
-2240
1177
-6525
5327
5428
1257
-4210
-6132
1650
-5063
-2265
-5069
7621
6650
-7854
-8906
455
8580
-7109
-3421
-8159
6307
4378
-9334
-5898
1145
1426
-5911
-7375
7112
-5901
-2608
4824
-1865
-7173
9788
6884
847
-2870
-9292
932
6843
-1314
4431
-5332
4165
-3472
6846
7498
7876
2981
-4584
-5659
-3638
4373
1745
5795
-3048
-7691
-5085
334
-2652
2370
-7090
-1879
2231
4452
-8196
-3502
9387
9021
-3072
-6952
2996
4052
-7180
1485
7663
2812
192
8993
4952
-9382
2255
-5586
-4894
5953
-7605
-5852
3003
1089
-7550
-3651
-3907
5356
1480
2498
2550
4400
214
-9307
-7902
-9872
-755
7629
-2136
-5415
-5290
355
-282
-8355
171
7321
-1542
7706
-2500
237
-3640
5624
-2964
5931
5842
-2542
-3571
9039
4638
5899
8106
-6932
8428
8547
1233
2963
4055
5769
-9470
-8887
-8511
9123
-3520
3723
-3740
1277
-6806
4249
-1101
-8459
-9517
-1806
4751
-6175
905
-1195
-9988
-9440
-5169
38
3420
-943
-7845
-1172
6710
9274
-303
6419
-4613
-4613
9694
7362
-1037
1167
481
7644
-3932
-3993
-1548
1759
965
2866
-9822
7280
3131
7355
-7298
1056
-2736
-5374
-3436
-5032
-5492
2142
9003
-4025
-3886
-7678
582
-6050
-420
-8790
7253
-5606
-4833
5799
-2200
1709
-9025
5214
-2400
-5380
-7006
6986
-8944
-5831
-4933
9040
-9050
630
-8036
2374
-8351
2764
-7098
-7146
8687
-6696
7004
3933
2266
6296
3868
4590
7822
9793
5254
4012
8185
-818
55
7488
1545
13
-796
8320
611
-8706
-1279
-6917
-4858
-4698
6780
-5646
1090
-355
2340
3414
6686
-4869
7071
148
8036
5810
8868
-4136
-3933
9920
-4422
4532
-9988
-9443
-4022
-7252
5472
-8268
-9260
4927
-8439
-1624
4485
648
8461
4155
-9580
-805
-8848
-3824
-2515
4502
-1849
-3285
-4969
5733
-992
6099
-3317
-9801
-4470
2518
262
7299
-2272
-8401
-9485
7382
-7606
1290
6837
-7031
-124
9664
6775
4551
-4392
-4966
2055
3616
-2147
-1100
7967
-8866
956
-2823
-9858
5254
-5096
-2663
-4074
1139
6677
-5854
8032
9460
6371
4117
-4660
-2240
-3431
2088
135
-1135
-4128
-4661
1509
-770
-6228
9626
-2611
2226
4650
-7547
2431
1162
-102
83
86
-8802
-8110
-8644
4428
-4303
-654
-7636
4358
3849
6360
-394
8011
5226
-8119
1368
5094
6629
8873
-5096
6898
4949
7345
-1108
-2730
-1904
5483
3973
9878
6042
8568
9460
-6599
4847
7037
962
4068
3973
-6364
5218
-3770
9976
-7615
2679
-1351
-8820
-6656
5862
-6640
4907
-4427
8491
2227
4409
-4167
-9323
9746
-2274
-4040
-7155
-3861
4456
5203
-7728
8843
-5607
6057
-8963
-1556
7777
-3133
8307
-7730
-7514
-7879
-4832
-5435
-7138
6470
9158
846
-973
6692
-6299
6576
8817
1922
74
-2131
7053
-7304
2854
-9361
2448
7297
-1122
-3180
-4901
-6969
5557
9294
-3217
1651
-4165
6167
-2285
-828
-8392
-8056
978
-2560
5029
9587
-7553
-4099
1300
-40
3363
-2889
6511
7282
-6290
9659
-1330
7131
2455
1959
4914
-3791
8516
-2132
863
1000
7090
8475
5317
-1513
4745
2133
4346
-4642
-5368
5116
3266
7703
-1711
6794
-7489
-7449
-4436
7154
3084
-1798
1094
5205
5364
546
-7109
-9997
5493
6087
7068
9900
8354
-1673
-7415
3033
9754
-5232
-971
-8025
7397
-1348
9617
9654
-8005
-2653
-3954
8326
-2473
-4591
7790
5859
-2000
4267
883
-2572
771
-4944
-5532
-2290
-4948
2614
1360
2565
3493
-68
-7856
7119
3639
6857
-6149
6362
2730
-657
9859
-9639
8558
-6674
-9847
-9839
2361
6931
-9227
-6956
2181
549
-3106
2233
-9423
-9474
-2137
-8669
-8149
-1467
247
-6795
-4883
-3666
-4643
-6905
-6512
-5520
-558
189
-5279
9471
4111
1609
-2743
1441
4124
6761
9158
831
7765
3458
712
-1557
5492
-6323
4760
-1441
7925
9291
2322
7189
994
6576
-7903
-6143
-6000
-7435
-8996
-3987
-8055
-3807
1498
9710
9811
-2810
-2717
-5223
7300
-7993
655
7274
1313
-4191
-6802
3544
-779
-949
9815
3153
-4288
-8517
-9132
4190
-2142
8647
856
-7339
-4066
-9630
-3000
-5191
-7069
1332
3625
1405
3874
-1316
-3300
-2543
4778
-7597
-2825
-8079
-4847
7047
8238
881
-3951
-1007
-7724
1264
9301
-1292
-9266
-2646
8864
-441
3609
-5736
-9321
9789
-4425
-1265
4075
7768
6452
8296
5239
-8658
-2811
6335
8467
8990
4715
4629
1080
-4735
-338
-1345
-1977
7494
-4750
8625
-6528
-2017
9506
6914
-829
-528
8734
-3421
7506
1594
-8370
5075
9594
-2561
-6590
-5927
9918
-4951
6395
-2603
-889
-1628
-5835
9085
-3639
-3031
7406
-3900
6046
7324
5796
-8621
-6316
5927
-2317
6434
2564
-1550
-5153
3560
9052
-606
6836
4253
-6667
5671
-4240
2242
8543
-6523
1854
-7580
-1789
199
-6054
-8110
-2739
-1535
6692
-8982
6301
5645
-2426
2025
-9596
2973
7920
9143
6313
5663
-4282
369
-1001
1273
8932
-7733
1850
6135
-7457
-677
6418
6037
-7976
7382
-7251
-6311
-7994
9090
-3353
6917
4841
1277
-9081
-647
3380
-6342
-4181
-4190
8879
7381
-7401
2474
-8670
1583
1428
6428
3578
4779
-8696
3129
8921
5764
6065
-5125
5366
-172
-1307
2682
1916
-8853
-5891
8674
6849
5012
6652
883
7594
7649
3563
-584
7173
-6296
-2093
-9483
3142
3430
6368
-9294
-4714
-6522
3743
-9535
-5201
-1217
2275
9507
-9778
-814
-46
-9828
-3121
-4893
9370
7380
7524
-1731
9444
-5081
9713
4949
8219
4500
-3785
4758
-7958
-5023
8444
8097
-9239
7983
-9000
9992
5000
-8003
-8526
534
9653
6624
7940
-8033
8230
5256
-1837
-9085
-7089
5437
-5433
583
-790
4455
-8114
7009
9399
3505
-775
-8762
-6727
3695
7384
3705
-2765
-2500
-6026
4652
2932
-9519
-1051
-92
2673
5763
-5889
-4074
8401
5149
-5612
3912
-4804
326
9363
1104
-4160
7527
5423
-1713
-5433
-6763
-5863
7341
9658
-4312
3475
6776
3402
0
-1014
-1431
3949
-4466
1623
4740
8223
684
9799
6857
2495
-8560
-4209
-1180
-1399
364
7271
-8497
-2900
7435
-1527
7901
529
3910
-9508
-968
-5392
-337
-2078
-7208
-8258
8008
22
4256
-6389
6190
5052
-5898
651
-4745
-9312
-4640
-5954
4097
6997
3243
-2064
2951
7746
-1422
2464
1747
-9099
-9720
-6068
-6436
-4491
-2473
321
2823
4042
-5742
-4520
6488
7655
4086
9008
7064
-3876
2150
9322
-8533
-3364
3171
4332
-9115
2842
6722
-3963
-5324
3957
-2272
5155
-4784
1609
3466
-4405
1555
7992
-441
1445
-5849
-1851
-3933
1376
7276
-7262
-5446
1964
7055
2629
-2340
8657
9987
8523
5352
-2414
1406
2505
8727
4415
7807
112
-9961
-7357
-2422
-3847
-6932
5169
8588
-6170
-5128
1733
-4466
8263
-6624
4442
-2367
-3649
5458
303
4783
4610
1172
-691
7028
-9812
-3395
5822
3385
-3528
5575
1563
9567
-412
5204
-9274
-9418
-4938
1251
4059
-7838
-1244
-6867
-7987
-5129
7453
6913
2680
162
-8276
-5378
9947
-1090
1148
7298
115
-2684
4042
-3479
5127
-8785
-7629
4012
7546
6862
507
-8304
7168
-9216
-3858
-5248
-4146
-1964
1075
-6972
-1203
8642
8657
-3625
-7828
9964
-6969
4625
-6178
5104
-3372
3920
1827
2718
5642
2911
-2464
1842
599
-4935
-4180
-3795
-1449
-9430
-8091
6267
-7454
-2276
9671
-9863
-1244
1156
9429
-5597
2315
-1284
6321
-8988
122
-7317
4629
-2801
-6478
1883
984
-5753
-4988
-9780
-636
-8984
-4686
-9611
-1124
-5566
-6149
1407
7123
840
-964
-9570
-2340
3044
9629
5427
3131
-4308
8711
2580
-3713
1856
-5402
-1302
4763
8072
6496
5274
-5546
5901
-9235
5119
4733
3026
3495
8400
6561
4220
8332
-4991
7110
6338
-1027
89
-130
-4505
-3492
4505
3049
-1258
9117
3345
1605
2604
-2956
-9694
-5866
6287
-9557
-9510
-1327
7892
-5644
-7562
6241
-9852
9378
1971
365
6907
3991
-6660
899
-9113
-1207
6863
8580
110
9055
2729
564
-4033
-9437
20
-7066
9179
-3112
4904
-5530
-357
3662
-1943
-9543
-4696
7417
-502
-9650
7611
3325
-5029
-9779
-6626
-5343
-8893
6074
-779
10
-9837
4596
-2468
3579
-7461
-556
-6766
6346
-9626
-4556
447
6588
5174
-641
9302
2950
4949
-6864
-7651
2021
1750
-1568
8402
-7358
2530
-7588
-5482
7284
2952
-2194
-3026
-1398
-5217
-2748
-7306
9947
4998
6765
-8070
-5937
-2237
-354
5689
7196
-3609
-864
-9313
-4462
-1528
-7959
-9094
-2023
5691
2335
2464
-9425
8407
2794
434
6342
4170
-526
-4938
7810
-7320
4066
2351
3741
8980
-9655
-1484
-4860
5946
9477
-6607
7047
-9714
-4628
-7318
-7414
3396
-545
-7485
8417
7945
-127
4870
790
-6784
-3787
1552
-2136
-9730
-6284
2803
5679
2913
7342
-8700
-2825
-1296
-6771
-8410
-3967
-4342
-5107
1825
4256
3421
-7617
7045
4959
1584
2939
-5032
6458
-2523
-7576
4711
-5928
-5704
4020
-2764
1329
8949
-3367
-2430
3448
8063
-2929
4707
9425
-5493
-5606
3549
4453
-6476
512
-3888
-3145
-1629
3751
7588
8460
-9532
-4103
-7823
3985
-1487
874
6785
-4913
3345
-185
5110
-4080
6064
-1589
3964
-2088
7481
9038
-2349
-4706
-2687
8958
2848
-6497
-9332
3474
-8770
6953
7231
8677
-4469
4252
-8684
6197
-8447
2260
-7106
1389
-5793
8319
-6741
2883
-2494
3007
5510
6424
-9196
-8119
6369
-537
-6111
-5854
9966
-2791
-3931
411
2802
-3210
7869
3035
-653
5750
-3207
-2915
-6586
-9624
-1127
9290
6518
-9775
-3022
4603
-3007
9801
9938
4632
9708
-1234
-1386
9121
4765
-252
-4358
5657
-1305
6600
-9046
-275
-7150
-9795
-2516
575
-3881
-4525
-5376
-1038
-7478
579
9342
-5662
-8882
2583
-5538
-4
3052
-1385
-4329
-3345
-9346
-2011
7568
-1757
-4388
2762
3216
4585
966
6270
-499
-84
2988
6087
970
-780
-7001
1741
7175
5488
-5396
1103
5957
-2873
-5044
-1371
7873
-934
7807
-9013
-7676
-7854
6164
4611
-3370
2290
-7985
-702
2946
5366
9414
9438
-8596
2389
-3746
2153
7926
9597
7225
4804
-492
175
-9760
1624
-5849
-4156
9688
4318
-6216
8869
6942
5668
2858
-142
-8233
4490
-328
9598
1177
-3560
6822
74
-1720
-3352
2082
-9439
639
-2188
6511
2909
432
-7780
-6463
-5325
3475
6012
1032
7816
5998
-334
-5103
-7743
88
-9117
1879
6919
7743
8942
5698
-693
6801
-8973
2506
-9700
-8470
5235
1079
6827
144
-3945
-2793
-4244
5193
-9874
-1543
9242
-3526
9125
8289
3054
-2818
5672
-6604
3842
-557
7576
6619
-3584
1284
-1834
-4775
-8739
-1762
6533
5931
6238
9177
5147
-2530
9629
-3962
-651
-2777
4982
9312
-6425
-6068
2579
4071
6859
-9293
-8301
4304
3037
2016
8191
1562
-7892
-2083
672
2629
843
-5700
-3570
-6372
-4077
7670
-7265
8184
1344
-8132
1046
1500
5440
-1908
-7056
8853
2382
-5318
5104
2040
-8696
3237
2049
-2089
3201
-6048
1456
4939
6213
-2159
2815
8018
7192
-6784
4706
6202
6494
-1817
3019
-3076
8140
-4781
-3551
-4829
-8268
-7077
-8157
9677
-8299
-3084
4969
-5229
-2754
1963
6177
9936
9111
-3517
1327
-2369
-1163
7864
192
3940
-7885
-6313
6871
6423
-7016
7367
5978
5585
6268
-7507
2528
-6167
-5342
-1118
-9443
1472
-8817
7728
-475
2896
3332
-7585
-1783
899
2502
8528
2415
9096
-9514
8100
2490
7419
446
-4870
8011
-8652
-1025
2085
-2943
-5001
-5743
-4918
-2414
7840
-1046
9813
5743
4292
-3652
756
4342
8856
-966
2616
7515
6982
3009
-6174
-8646
147
-4362
-2905
5354
8792
-155
145
-9812
-302
2346
8891
9617
4080
1222
7135
5345
-4759
-2356
1392
8258
-7582
-1080
-7872
-477
-7078
4970
2599
402
-1294
9776
-6717
-8151
-9056
-5800
-9202
-9346
6999
-9781
4251
718
6422
-2046
-4732
-7685
-7450
9866
-6235
2295
-9385
5774
-8536
-9771
1718
3924
-2551
-3239
9780
-8491
1232
-9181
-2709
5570
2282
-659
9084
-4091
9054
1395
7359
-1823
3539
-1445
4048
9737
1961
4394
2521
-1699
9188
6722
-9207
-6744
2879
2351
2037
-8040
-2098
9207
-8025
6053
7991
127
-3025
3390
-6044
-7390
-6938
5344
418
8758
-1861
3241
910
-3004
-9044
7370
-2212
4632
2893
2473
-3299
-707
-6706
1581
2011
-7554
-5373
-3305
6214
-1451
4816
-3611
8263
5387
6621
5580
-3921
-3449
8992
9685
391
-5471
-1939
2698
632
-7214
-5451
-5537
2781
5511
-4264
-9027
4143
3600
-1830
-1893
8976
9135
9083
-7101
8064
6296
-693
-1094
5970
3808
2616
5440
-8760
-2714
8
-1933
-967
-1306
-3762
294
5655
9722
7331
-2270
-5497
-3444
2838
7149
6011
3158
-6961
-1503
-4279
8247
2592
-302
-7834
2590
-1826
7459
8697
-4264
-9526
1335
7026
5236
-4359
4772
-7286
3225
6014
9799
-7421
-5520
3114
4336
-8107
-3727
6233
-1937
4843
9195
4391
-5876
386
-1149
1414
-5762
8804
-3473
616
-8236
5316
1491
2424
3311
7995
-7122
9746
4429
8388
-9336
176
-3394
8185
6963
-2442
1041
-8142
2618
-6890
660
3671
-9716
-6286
4041
8723
-9411
-3693
-9298
-5905
644
-8784
-5579
6118
4416
-2595
2203
-5441
-2939
3420
-8841
465
5346
3313
8908
-5824
-4286
5515
-525
9307
1917
-7980
8121
558
9565
-7163
-3013
9183
2619
-9235
-3180
6788
-1128
2972
814
5435
6983
-9700
-1246
-1826
595
904
-8335
-2609
3520
3354
9547
-1154
8620
-4941
-8562
-345
-6047
1815
4516
-9038
-1567
-8856
4724
2124
3579
-1039
2116
-5389
6543
2836
-9490
-6769
-1488
-6427
187
4989
8740
-7213
8798
-5069
-4132
6875
6139
7742
7514
73
9861
6423
-1635
-753
5798
1053
-169
7990
5437
2873
-6022
-9331
1735
7987
-4872
1642
8923
-421
4407
5655
1899
-7336
6655
573
7354
-2
-9423
-9386
1866
4226
2949
-3865
1860
3007
-9588
-606
6535
-2395
7584
5950
7676
8729
-4811
8098
9580
-1777
4723
9362
-8249
-3615
-4726
-109
-1488
-7529
6645
-8646
-533
4722
54
-8111
9500
9122
1855
-2207
-1029
2237
-9678
6552
-5274
-643
-2433
-1351
4650
-8459
8645
4120
8587
5930
-2103
-8272
-973
3125
-4773
-4519
-7906
4677
-8932
-7244
-4952
7454
-4062
7270
1142
8145
9131
-5780
-1668
1803
7619
1539
-2403
5607
-886
-5011
7174
-4310
5264
-8506
-3079
-5156
9684
-1043
-13
-405
-3542
-280
8065
-5022
9047
1557
481
-5587
-8317
-5866
-454
4020
3162
4398
7205
-6328
4649
7196
-508
2262
309
7419
3094
-6500
-9154
-723
7245
-5772
-8567
1340
5255
-9212
-2533
-2607
-3444
-1133
7723
-9869
5923
-6424
2471
-7967
7399
8796
-3836
3851
3994
1236
-9607
-7239
-7238
-6190
5400
8710
9212
229
-1751
-5134
6131
-4265
2555
6918
-3598
5735
4072
195
-9203
-3592
-3287
-9778
-7184
-434
5422
5485
5478
8662
3061
5255
7616
-9138
3517
-3383
667
1521
6838
1129
5707
-5175
4150
24
-9124
8356
4918
-5215
-1505
-1224
2149
7378
-5793
5183
6555
-6923
7949
-7005
-4261
3466
-1463
-1262
-7785
6897
1677
-8703
-6665
3744
-7153
1369
-2422
-4008
3062
-7500
-2304
9143
-5940
-564
7659
1450
-49
-7112
-5743
8785
-3068
7587
-8220
-6196
2855
2697
-5732
7869
-7635
5509
-5510
-8576
-9106
6036
8181
-3754
-1699
-774
716
-1234
1487
4348
4734
-5731
5111
-4272
3285
-9219
2465
2645
-4654
-6500
-6898
-564
8748
-5471
3164
-1992
-185
5849
-6520
-3896
-2312
8457
-5955
8557
-8117
-9564
-817
2140
-7186
-1220
-2841
-850
-2734
9055
-4966
2291
9072
-3588
-4197
5011
-7833
-9719
-8276
3647
-772
-1817
-4938
-544
-8030
-8543
-8126
7316
-3360
2409
7697
1376
-2032
-3955
7886
-3177
-2851
9374
-5058
9626
-3072
-3441
7126
-7923
3832
6692
-5445
-1962
-4212
6911
-4934
-330
-3980
-226
9714
937
-8696
6350
-9679
-2374
5929
-5854
-8024
6170
-8064
-4746
-1018
-7336
5419
-3074
9068
2783
-3199
9808
2481
-8527
-7185
5827
6220
-6945
6034
470
5451
4758
-2510
4827
-7674
-931
2084
-6716
7859
-1199
4921
-8115
-149
-2562
6517
5701
3413
-6754
-2932
-9133
-8226
6423
8952
-9700
-9684
-1585
1320
4052
3886
6727
-4683
-3882
-5867
-918
4844
-2612
3323
4218
2518
4419
3537
3763
-883
9256
-602
1996
1938
-9937
6227
-7687
-9909
3777
230
7641
4761
-1821
-6134
3261
-5269
3275
-3212
1522
-9015
-1375
-8791
-4323
-6198
9655
3659
3671
5208
-4346
9010
-2693
521
-9432
-5528
-4113
-7699
5834
-3927
-8457
5986
5107
1548
-4028
6352
-1068
1461
9472
1670
9860
8921
7619
6186
81
-5016
-6210
-3416
9831
-8852
-7098
5199
6785
-7740
-585
9723
736
-9490
5632
-3073
-5443
2158
-9884
-7062
8076
4342
5670
5952
-60
-3515
-9447
-6037
-2712
739
2509
4984
4696
7628
220
2362
6038
-5412
5493
8828
5199
6585
-9818
9072
1538
-6763
-1721
-2821
5391
-8100
8230
-8940
1959
5891
9656
-9998
3179
6851
-1795
8527
-3880
-942
2510
1659
-4633
-8618
1595
7813
3918
1866
-3788
-7679
-6518
-543
4872
1864
3338
5137
9880
9264
294
3332
637
3471
-321
-513
-7076
9337
-3095
-3715
3070
-8207
1652
-4406
-2896
-8251
-3686
7992
8863
5852
8079
-6932
-4106
-5039
3914
-9982
-7139
4629
109
-2213
6315
-6870
8663
-9193
-3069
7192
-3490
-3994
2523
1932
9807
7532
8830
-9821
-6145
1157
524
-3424
-2184
-5386
8030
-8759
-811
192
-1512
4852
2091
379
-2238
-143
-140
-4202
4813
9328
1309
-4641
-747
-2473
-3526
-505
6096
8071
-2167
-8890
7209
-3060
-7408
-1417
-8957
-5791
1650
4172
-9269
2406
3312
-5265
-2262
3173
5063
-4556
9830
2954
-386
7225
8124
9135
2258
6617
-1089
-1161
1695
-2033
7900
-8067
1924
-4029
4975
-4328
-6014
3156
6099
-9748
-1962
8075
-6106
6146
-9406
5483
4563
2127
6443
7415
5932
7389
-3312
1112
-1833
9669
-2153
-2906
9156
-716
8434
298
-5052
2468
-247
-5823
6098
1010
6155
-2138
-4312
3804
1007
280
-7117
5210
-1765
-2063
1817
-6358
2218
-3176
7735
8080
6238
5700
741
-9775
4165
-7496
-5583
-2860
5828
-1181
-1178
-4757
-6766
7273
-2813
8237
1240
4472
-3053
-1407
-6843
5045
108
-5596
-628
-4782
8375
1991
6041
5115
910
2979
-3185
-9632
7738
-840
-2402
8443
7022
4717
2577
1649
-8420
6561
1100
7487
9187
8160
-1990
-1660
3991
4279
-2353
-1813
8812
-1463
-5023
5150
-7792
-8082
7008
-7796
-9433
8872
9220
1655
5182
6377
-2815
-8230
-9083
2454
1467
-9174
-1933
5354
-6894
-169
7180
-1709
7030
-8146
-8643
8245
-2409
1821
-2076
5024
-6486
-2083
3576
-573
-9944
-1809
-7890
-9404
7305
4421
-8779
-4103
-6607
-6627
-1771
7427
-9341
3660
6889
-4664
8349
-4606
5210
-2868
-5993
-1362
8496
-1559
-3523
7215
5549
-8938
-5286
79
2441
-8753
8186
1009
-6299
5589
7639
784
-3953
520
-6144
-6056
-7427
4822
-9571
1868
-7983
-6774
-9257
-9153
-9221
-5438
5107
-4283
-7632
5740
6013
-2657
-5872
1201
9140
-9892
-58
4204
8865
-2248
7418
8833
-9505
2598
4729
-7996
3357
-9450
-1167
4795
-7026
4336
-1426
-7933
-4535
-7220
-6242
-2308
-5296
-471
-7862
-8899
-8655
9440
-7370
2544
4438
1702
-9308
2265
-689
7615
-6565
-6448
-5615
2021
-5106
-4341
-656
-613
-3821
6120
5546
4807
9455
-6056
4255
5758
455
7219
2773
1624
-6345
1568
5842
2098
-1238
-6318
9961
794
-1034
5981
4230
-9170
-3928
-9671
-8959
5305
2939
-4892
4336
-7086
-7371
2327
-7910
2149
7333
-933
181
6245
-1761
-9033
-2139
7628
-5722
-5032
-7248
7515
7233
891
-3104
5726
7293
-2560
4701
-6181
-9385
-4183
2146
-9104
-6310
-7090
484
-5502
2895
346
8307
-4782
-2849
-6930
-4800
8174
6840
8504
1973
-9101
-6737
-2159
9979
6541
7861
4542
-8595
-9011
7105
2330
7246
4862
-9810
-3125
9252
-9265
2408
-7562
-3391
-9454
1003
1650
7310
7599
8319
8198
2854
-5037
-2718
7540
2935
-2447
-3369
729
3234
-8100
-5071
-2849
9716
-280
4711
-189
4717
-605
-8897
-2614
167
-2135
8905
1700
-6455
9849
-4775
-5898
-9342
-1394
-5093
-6373
-5378
-2813
2831
972
-8355
7401
454
-9265
5463
-5802
9437
8587
2025
-1966
-319
9566
7960
2722
9466
9765
7436
-8351
7836
-5739
5594
7778
-5206
-7076
-2649
-4781
-553
790
-6228
-953
-5590
826
7334
7081
3816
5363
-4028
-7055
1855
4114
9575
-7473
3359
-8873
-8601
1677
8284
-3204
5613
9145
-1971
-1344
5150
-9870
-9139
2141
1771
-8621
-7614
1177
1116
5869
-5444
-3084
335
532
-2892
-6522
-7355
-4675
7728
6271
3635
-1849
8235
-459
4324
-8823
-3375
-6087
3097
5142
-3695
-2680
-6301
-6155
-9709
2163
-2512
-2943
-6731
2868
9144
-6917
6448
-6957
-7282
7781
-5861
-3473
9600
-998
-3657
3768
-3911
4962
-2575
-2069
6656
-8641
-3838
1621
-6486
7656
-6386
-6002
7967
429
-9281
-5967
9411
6371
-395
4507
-6838
4884
-8322
6649
-8156
-7381
7266
6011
7800
4493
6631
-7081
2268
7172
7986
-795
1253
3474
-2158
-1077
7415
2491
-8288
1727
-218
3110
4888
6277
5713
-8047
140
-8248
4678
-2977
-5020
5627
-6087
6462
8149
-1322
1535
-8871
5713
-842
-8948
7508
-3302
9532
-679
-762
9022
4307
1911
6240
-8892
-9019
-184
6604
6173
-8357
5838
-2055
-6040
2466
6133
-307
-5793
3387
-2955
-3279
-8669
-4819
-5086
4695
-6235
-8734
-1294
4339
340
5936
9693
2782
636
2768
2228
-5084
-7811
-2869
462
3164
-5828
1155
355
4340
8716
-6961
-9197
-7874
-8751
-4723
-7480
2262
3235
-3464
-2093
-3498
-6483
-880
4966
-8546
-2149
-3875
-3028
8881
-8533
