7970
323
-9635
-6422
-2459
6982
-2941
-9831
7209
-9158
-5885
230
1677
5010
2496
-9372
761
3998
-4579
-3655
-9208
9078
-1755
-3333
-37
-9918
8585
-3325
4106
7995
6608
7958
5424
-4643
-5584
-2959
-5402
-7367
1395
8051
9349
-8108
7666
2633
195
9488
4418
-5193
-7707
1559
-9839
-4337
6256
2081
-592
-5622
-567
-7932
-2021
-3725
6840
3897
-2044
3939
-6126
-7797
-1588
-427
-7891
-7678
3
1255
-4353
-7601
-6049
-1814
-350
3498
-3779
-8915
-9253
9474
-7912
7596
-2752
-7983
-5157
-1442
-1219
-4371
-6320
5135
-1804
-7424
9042
4814
-3394
2779
2518
7859
-1157
5284
3648
-8734
-8512
9778
-8737
1653
-1041
7110
6079
-3993
-5140
3687
-2539
-6619
3983
8365
1597
-8593
4787
69
-1222
-4082
-4285
-3170
7422
8733
-3809
-5353
-3338
-1224
-1474
4486
-4361
3312
-6564
6818
-6895
-8233
401
-8728
2108
-3069
8763
-8213
6324
5347
3197
316
6512
-8003
2459
2755
-2769
9674
782
4195
9657
9193
-6616
7776
4775
-4182
4114
-6797
6059
-3662
9712
-7773
-8951
-3717
-7875
8487
803
3419
3315
-5109
-2665
5468
-1802
-2969
-7944
-2295
8082
143
-3351
3723
7334
1690
-9989
-6730
-6115
5022
1501
1328
-9798
3726
1781
-9122
6139
-7918
6897
2723
-8806
-4170
4612
4886
427
-6945
-172
5927
2075
-6529
8864
-6847
-4930
5532
-4259
3372
-353
-7132
6035
3106
-6555
3499
2799
-3954
-3657
-2060
-3425
-7004
4030
-598
-5083
-1203
1507
-9614
-7350
-323
1312
-1771
9596
-4923
-2363
-3813
3156
3362
-4975
5898
-729
6224
-9952
-6942
-2902
8001
9524
-2271
-5740
-8294
-6684
1649
-3984
2414
7084
-1571
-1521
-7818
-6848
-5614
-4568
-8533
-409
594
-3249
-4413
4793
-4276
-4106
5926
651
-2492
-9497
0
5777
-9644
9797
-8199
3845
6777
860
6278
9688
-5690
-2281
564
-2536
-5855
-1679
-7817
332
-3337
6408
-9705
-1520
7344
6929
7114
-5472
549
-5384
9581
-9123
3937
8840
2512
-5333
-5524
-9139
9281
-7965
-5055
326
8783
9753
-3506
-208
-1587
-1673
-7073
-4784
-9414
6677
-227
-2967
3358
-6462
-1346
4345
6002
-7196
-7472
4536
1380
9052
-1818
-1133
4593
4820
8786
-8171
-9811
4850
-6462
8618
-1387
-9188
5835
2460
7851
-2850
-9302
-2619
-2662
6895
8414
2160
-8775
6200
2291
4039
6318
4653
3623
-8967
3959
9870
-8786
-7891
-4922
-2459
-2212
-3066
8029
9378
2890
5697
-2621
6985
2607
-8773
3774
-7012
1412
-821
833
7873
-5621
-78
7949
-4494
-7706
8812
-71
2129
5357
4426
1597
-3536
9145
-7324
7802
-4321
4320
5548
-1037
8229
2493
-2684
4718
-2776
3233
8658
8139
-5706
-3917
-2681
-4294
-4452
8574
-3849
-1016
-4044
-2925
-7645
-3032
3712
3335
5996
8783
8816
-1957
4379
1258
2663
-9021
-1993
-6493
-2279
-5905
-27
-6867
3282
9384
8639
8906
1604
-8322
5443
6883
-4008
8910
7004
4199
-5126
-3563
-126
4245
-5999
1560
-1579
1278
-8041
6627
-3295
9663
6750
7779
5049
-6794
-1493
-4960
8182
965
-1276
-277
1991
528
-1514
-8962
-9102
-4789
3532
1584
7333
-245
6742
-479
3369
-8024
-3299
8907
7879
-9682
-6379
-1009
-2647
-8863
6193
4268
7741
-5772
2319
-3914
783
-9869
-7030
-454
-974
3768
-1906
-7355
7702
7925
9210
-5779
-7250
1367
258
7254
-1445
8457
5339
3160
8895
-5497
3602
-1996
-2901
-3807
-6773
1530
87
-7879
7575
-3164
-314
-8147
2276
-72
-1567
8008
6922
-9042
3138
3806
-8500
-8310
6654
-4678
-5545
-158
-7300
-6405
7470
7542
6899
-9691
-8354
-8614
6455
-8673
-8775
-1634
-8205
-9878
8850
-5471
6289
-5331
6661
-7680
711
-6070
-8897
2937
1451
3929
-4721
9540
-8286
139
-9627
623
-7179
-9009
-3370
-9750
-5931
-3765
-4916
-7625
-193
-9494
-7814
-7834
5927
5034
1387
-4680
-5919
-1669
6696
5506
-6040
1523
-1378
-3170
-1631
-2645
4121
1779
-5597
990
-7820
212
-7556
1685
250
-3486
7779
-3314
2477
1615
-533
9285
-8171
9227
-8912
9799
1484
-6940
-7291
-6376
7219
-7237
8116
8503
-4638
3433
6912
-8541
-5466
199
-3105
6695
7376
-8088
4548
2635
6561
-2495
467
-4093
6901
9593
975
5673
8617
7911
1252
3007
6383
4423
5039
-8385
5343
-8305
5174
4028
3695
3828
8571
-8313
2118
6240
9256
-8379
3623
990
5848
-9840
2196
7092
-9244
-583
4991
-89
-2151
-1018
748
-8644
-4589
7560
6660
1548
8517
9602
6918
8670
346
2807
8832
209
2231
-3146
6612
3518
-1789
6768
-8610
5698
5143
567
-1197
-3201
-65
-7052
1261
-6745
4372
5047
9810
1002
-9721
4618
1123
3703
2477
657
-5479
-8100
-1409
4560
-8612
-6031
-6655
7587
-7740
-6232
5592
2628
-2252
-4008
9041
-3370
6958
3883
-5583
1125
7202
-6414
2678
-9975
-8035
-4035
721
-289
-4201
-8458
-239
9153
-3707
3959
3013
-3828
5394
6695
5048
-926
-129
74
3070
9706
-5965
200
6492
-2592
9934
-3373
3632
-9840
-3048
9755
4388
8135
465
-3430
1537
4817
-5837
-9295
-9366
-423
-7381
-1487
-1422
-2292
-3354
6390
-8853
-1072
-6322
5638
-6999
-168
8816
-1010
716
-5366
-7843
3612
-8214
-8221
-2047
4328
9146
-2105
3288
1164
-5116
4274
-3882
1822
-9838
-777
-1832
6583
-1748
3583
-9003
-7446
-4052
-929
1357
4326
5894
2538
6163
-8101
3622
-1118
-8369
-3280
2986
-337
7225
-189
1472
7333
-4663
7665
-5005
-4748
8984
2498
4725
-3256
-904
-1091
7688
-600
4200
2172
-9967
-7271
-9847
-6757
1865
-2139
795
-3030
-2736
-3570
4375
9328
-7244
-2870
655
-7989
5810
-7266
-8053
-6471
9468
9032
1986
-9850
3363
-5887
8400
579
-3761
5323
-1675
-7207
551
-2125
-5563
3675
-981
4032
6581
-4725
620
5238
1598
-1014
4412
1177
5225
-9566
-4078
-977
-8055
-1385
-8096
-5813
-3815
8198
-7025
2428
-2045
4627
-43
1127
3041
364
-8197
-6640
-3509
-9358
-6133
8455
-4603
9453
-6802
-4437
-8862
6434
-3029
-7854
-8907
-1044
5715
-3291
8728
6136
-917
-1365
7875
-3871
-7097
5628
9938
-9606
9404
-7597
-9318
-9974
-29
7472
4507
-7526
2392
-8762
-1810
3286
-2196
4785
-779
-1556
232
-3803
1521
-8424
229
-7409
4425
6537
10
3734
4940
3931
-5752
2972
9504
3965
-7247
-7841
3944
-6735
6703
-5654
2275
-9749
4869
-1864
2149
-7080
-6024
-7201
-2956
1754
7744
1794
4003
5686
2252
43
3124
5141
3613
-9429
545
-7392
9119
4936
-8957
-6009
-3737
-8309
-8297
-8055
3710
7979
-3006
6353
9084
1167
-218
-3940
5245
-4406
-9696
-5839
-362
2532
-178
5378
-9079
9034
-2253
-8402
2738
2613
-4883
-8943
2966
-5741
1246
4189
8547
-1101
9713
4900
5166
-871
7450
9834
-3818
-2012
-7402
9192
6474
-7931
4212
-2594
-6939
-3218
-1021
1719
-727
3485
7028
6332
279
6791
-5192
5166
864
6602
-517
9879
-8086
8786
-1999
1136
121
6767
-5492
-760
-6481
9615
-516
-2853
411
7614
1321
-9806
-3876
-8618
-1426
-6187
-2475
-6385
1276
4658
-2626
-8999
652
-3257
-4868
-1480
-1064
-2663
5239
-1717
8455
5380
1350
2990
3235
-6181
969
-9505
2951
-4606
8758
-3602
-2657
-5802
1103
4624
9478
-5621
9920
9738
-768
-9482
3773
-6495
9774
2250
8686
-5334
-8787
-8117
1606
7840
7390
-5340
6656
3131
2577
-541
-8030
-465
8313
-1264
-3649
-856
4373
3477
570
4316
-8216
-2812
6520
2187
9051
4440
-1934
-5946
295
-6733
3359
4876
-5143
-8092
-2231
5014
139
-4667
-2666
-919
3294
-9081
8120
9971
-6569
6745
-9571
6150
-7348
6834
7228
6536
-9900
9603
3648
-9144
-5774
-355
8650
5121
-1572
-3071
5425
-1819
-3607
3498
2846
5825
-1583
-2293
-1135
-6605
-7617
3749
6768
2131
-2686
-4543
-7787
7574
-9889
-10
-2522
-6941
2783
2482
-3136
5416
7520
-7402
-402
7078
9469
8128
-7604
-8632
8621
9584
9603
4897
-3162
-4284
-7736
5833
7314
1609
-2436
-8125
-7776
2696
-3263
-6538
-2937
8815
-370
1575
-376
-677
2328
-332
1138
-9763
-2724
6852
-3756
485
1963
6788
7053
3728
1311
8707
8397
8183
3369
1021
3270
5750
-6880
9143
-2738
-1259
4088
2269
7776
4762
-5657
-2930
3213
-6754
-1626
-5367
9569
-2785
-6811
-650
-7997
4163
5595
7520
2150
-5712
4173
-7906
-907
9852
-7951
5238
-7567
8692
8014
1828
4401
2273
-3402
8818
6231
1602
-5213
-8515
-3124
9713
4540
-4274
180
2637
-8633
-7534
1944
-4842
8790
-5073
-9996
-513
9023
2122
4922
2824
6722
-8576
-8064
-8294
5268
6210
4164
-2238
3814
-4560
-3381
-4354
-1308
-1912
9999
580
-237
5709
-5592
-8471
-545
-3615
-6432
-8583
5712
-2452
-8462
3579
-1059
-7287
8308
-145
9037
7034
5476
-6166
7448
6150
-9142
7082
-4333
4194
2757
-844
7630
-6349
1056
-505
-8587
8355
-7010
-7081
-5399
8738
767
3049
-7568
-9678
-8668
-8618
-2083
5440
8079
-8719
-9673
-3889
2955
8572
-3104
-2280
-5808
9630
-9787
3250
-4052
-5732
7779
759
-2608
-1361
-7719
8554
-53
55
3155
-5678
2622
1221
8287
-4536
-8930
-7878
-5236
-7049
-8415
-6159
-2618
3578
8172
-9842
-3386
-7437
6133
9579
-2746
5085
-3323
-7049
6246
8349
-4335
8833
-4061
429
3087
3440
9992
1823
-428
-7628
-2689
5832
-1222
-4930
2236
5825
-1182
-124
7379
-8069
7893
-8279
-7404
4608
6232
5966
-7952
-388
-5698
-5229
1906
-7660
-6043
-8019
-4894
8516
-8051
9898
-9920
-3368
-8269
7059
-7164
-9141
129
9955
3109
-6030
8950
173
7775
-5744
5063
-4567
-95
-7366
-7504
-2138
9234
9183
580
4643
4000
6133
-6942
-1524
3401
2887
3788
-3362
8890
1999
3270
-5786
-2842
5059
4298
7522
8432
-2301
-507
-2105
3238
2773
-8382
2679
-2579
-2813
275
-3225
-8940
-5329
-9353
7630
623
-6175
7405
54
6214
6777
-1877
6198
-1410
-4092
5494
-5289
-1266
-9959
-400
-6874
-4065
1956
-8878
4810
-2612
6990
-4389
3287
5025
-7015
9942
-6108
9856
3523
5586
-1033
9709
3721
-3238
-5515
-3462
-6713
4962
8858
-9647
-2390
-332
-8471
2571
-9237
9580
4711
8389
9814
-1844
9608
450
4271
-2042
9666
2008
2945
-5615
1894
9631
-8801
-7740
-5231
-2520
-9301
2452
6607
-1324
-5142
-7583
-2045
5049
-204
3398
-8381
6153
-3069
-6413
474
2042
-5506
-4960
2100
5816
-7414
-9793
6107
-371
-921
1257
-881
-7702
8539
4369
-5671
9629
-1603
4525
6918
7071
5555
9503
1366
2448
8094
-7918
9436
3844
-4660
-362
4127
-155
3291
7069
6513
3581
-7509
-5174
8824
9591
1544
9332
-33
-4715
6960
-1831
-6904
9410
3535
-2170
-5524
-6624
-112
-1540
4491
6677
-3064
-4626
1140
5587
998
9729
6440
7088
-4373
8324
2544
-8222
7823
6875
-9359
-4633
1142
-6942
-2949
4453
-2130
4487
9116
-9020
797
-5607
-79
4594
-9778
3900
-814
1678
-249
-4155
-4305
7609
-6104
-8111
-1771
3669
-1709
702
-4706
123
-169
9323
-495
1319
-9704
4473
2334
-8255
-5463
-7411
7160
7888
2936
9326
-2417
6835
6939
7003
3606
2113
-7103
1928
9771
-3094
-6784
-3360
-3355
6927
-7328
1023
-4174
-4373
3791
-9761
-4660
4182
1323
6736
4970
-1944
-3721
1592
-2094
3703
-6917
1357
6643
-5494
535
-4813
4680
7480
92
-5555
9629
5358
883
9029
-1078
2328
-2148
6469
-3133
-2062
6734
7835
4838
6832
7135
-6611
9187
5249
3520
1640
5209
-895
3185
-5036
9729
6557
3688
-671
1543
-8717
-3882
-4721
-940
-3524
8037
8336
1771
-8517
-8283
2598
-1618
4084
-9725
-7663
7975
4818
-756
-1188
4832
3728
8327
5992
-4565
1628
4231
-3275
4613
-9899
3824
5623
7059
-7321
-3025
3582
1955
-693
2921
-613
1982
-4546
3864
-3866
6867
7434
2549
2426
890
-985
6226
409
-5740
-3194
7964
9617
4023
-9281
5652
-5328
-5791
-1834
-5306
9251
-1602
6953
-6156
5655
839
4619
-1005
264
-3268
-9617
350
-6641
-5161
-4004
-2924
-1441
-8681
-3338
8443
8215
-4708
6637
-612
9216
4781
4436
-9724
6056
7417
-161
4554
-3003
7721
7553
2675
-1211
6886
884
-6804
8221
9974
5315
2344
-4722
6171
1890
-7883
9742
-5633
-5405
-6107
-6183
962
-3649
-7309
-938
-9402
3366
1455
-7700
-3893
-1716
7678
-6022
-7291
-1950
1940
-7171
4246
-8571
4633
-5894
-9517
346
9907
7357
-9807
-9180
7644
164
-8628
9095
7158
9672
129
2345
-8956
-572
8353
9018
-7162
4144
-2970
2419
602
-3478
-1177
4973
-4956
-9492
8142
8436
-1852
1632
5169
-7772
3372
9759
5558
-261
-1993
7920
3053
-61
6714
6464
6708
3793
-5816
-6264
-9032
-4503
5524
-7687
1339
-9822
1693
7395
-1388
5066
-8565
8066
-3590
3585
-4627
9676
1342
4748
659
-6127
-4343
4614
-9159
-7680
-1204
5561
-7512
7907
-9039
8931
9517
3713
7308
-9080
1155
8304
-2731
-8161
-6885
-9985
5738
-8391
2134
4109
-6624
-2646
6174
1611
-1367
-4759
-7089
5159
-2854
-8116
-7188
-3152
-3202
-4820
-2847
2560
6776
7994
7553
3881
-1548
-6643
663
-5422
-8511
5901
-7306
9476
-5003
-5450
-6746
56
-8011
-5443
7516
327
7783
2354
7700
-8072
402
-6835
7824
9166
-394
1891
-2012
2329
858
-2438
-288
-3198
-9157
-6706
1217
2178
773
5788
9411
-8441
2580
-188
6888
-1950
9477
-1171
-734
6469
-5114
-385
2059
9120
-8262
-3330
2886
-6249
-1265
1013
-8235
-1118
-5977
-9365
457
-6263
5602
-7892
1612
-2197
-7936
7396
-7600
-4630
-6645
-1607
-4643
-4337
-2423
9067
-4717
-7394
-5158
9741
1579
8612
1522
-5452
-3140
7704
-9845
4480
-9124
5966
-5549
8443
5167
-1054
5954
-3917
5831
-8850
2840
2176
-9351
-4298
4808
-7879
6374
7660
9151
-1587
-3415
-8626
4767
-1588
-9329
8426
3424
-7641
-9682
9198
-6618
-2996
9599
690
-9189
-1333
-400
-6632
8916
2079
9111
7028
3343
1007
2846
8040
1277
2954
-1920
8148
-6578
-78
6592
7812
-6129
2101
2355
31
-2213
4723
-7811
834
1928
-8536
7339
2031
-2676
-3611
8014
-3342
-3359
-4241
6509
-7406
5413
4239
-7097
9114
6513
-5677
6283
212
2464
-2952
-3078
-1175
9553
9703
-6491
5002
482
-8214
-3408
1733
-1890
9713
715
-8292
428
9195
-5247
-5524
7354
-317
3962
-3215
-8728
4250
-4572
-4276
9387
-1391
-3814
1334
4128
-6362
-6517
-2472
-8756
4799
3670
-8039
-7017
-5114
-1812
-7118
6799
9632
-9232
-483
-469
-7264
-6716
-6715
-9704
4265
1857
-9503
-4768
488
-6325
7108
-1840
6055
4909
9464
-9667
7371
-3626
4444
-8637
2015
1746
2483
1142
-9208
-9196
-7890
2032
6258
6471
5965
-1904
1686
-8922
-7351
-3979
-2563
-1091
4907
7416
7024
9619
-3850
6042
-2855
-5192
-2908
-1684
-9631
-4939
2777
5569
4933
6801
8334
9568
-4863
-6447
-2708
-1464
5273
-5526
4590
4885
-2939
-7250
4981
-5048
-5206
-1636
-5922
-6046
2598
8058
-1728
4048
-1310
7209
2723
-3501
-1554
8067
-2555
-178
-3329
-7966
-2772
-5736
-3330
5541
2572
3371
5440
-6940
-7344
-3086
2538
-5470
-6962
8116
9184
3608
-3663
1125
3171
-4207
9783
9957
8889
4616
-7612
7885
-6987
-3443
7212
-2627
-2906
4730
3166
-1662
1541
-8417
-7901
8840
-6461
-9152
-7491
8671
9954
7742
5670
-249
-4471
825
-3139
2307
6970
4727
2208
-4572
5121
-8866
1310
8266
8383
-2577
9992
397
-7532
-6758
2604
-2285
-3407
-8361
-8113
2677
-9342
-1432
-4213
9765
-2044
3117
6204
-4416
-2515
6877
5015
9027
-2039
-7996
-4168
2555
-8203
-8404
-2484
-2457
2481
-8810
-7901
-8576
-3977
-6203
-7898
-2311
3617
-3876
3707
6817
-9252
-9318
-8758
-427
-4968
2535
6591
6017
-7218
3684
9883
-3598
6289
4238
-137
-2087
4116
-350
7119
-8877
8472
-561
8162
-2635
-9150
-2522
-110
-5561
3940
5063
-840
6228
-884
-2561
-3074
3117
-8620
8334
-490
1918
8428
2569
5028
-6809
44
-8149
4727
-7028
-8234
-4695
3415
5272
8679
-7084
-7172
-3718
-9833
9792
7567
-6812
-2019
-2497
8410
7323
6321
-5562
-960
-3669
3544
-6247
2398
1984
-7920
7815
-3699
6015
-1093
4027
-6016
1571
-9433
-983
9179
9933
-1729
-6716
1954
-6420
4918
-6520
1378
6149
-2674
8604
-7633
-8867
5390
-310
1704
-8762
-367
-9903
5356
3111
7888
2732
6869
5738
2234
-3395
1381
-7404
-6709
-7508
-1716
5418
8225
7631
-4117
9073
-144
7961
3451
-5805
-1697
1537
4128
-5384
8528
-1823
-6225
5890
-1714
7834
-1152
5762
1926
8224
7511
-762
1330
5131
-5825
3365
8282
-2999
-222
-4774
8921
1092
6306
6526
-5335
-932
7014
9511
-2154
-1553
2490
-3066
2143
6088
-5720
5831
6637
-2973
-3026
-2997
8520
3850
-7361
-1725
3850
-8092
2809
-7604
3212
-810
-678
255
-5398
7203
1159
-5434
-4132
-1125
-9628
4338
-3182
-9893
3378
8185
-6474
499
2802
7622
7537
4655
-880
-2009
7027
1389
6187
-3218
-7924
6243
7581
-2238
5507
5609
-3240
-4546
-3235
-3159
-2763
2036
-6233
-2924
-8708
5046
1291
-155
3090
7993
5953
-6797
5144
-6025
-9589
3126
-8975
8154
6169
-906
-3553
-4382
1888
-6285
3008
509
740
2570
-2134
4482
-7683
4001
-609
-2440
2128
1715
-9539
929
-4156
2171
-5641
-4138
-2068
6510
-1623
-1501
2665
-6534
-6144
1487
-5013
-9315
3095
-1998
4335
-7780
-7903
6445
-5152
9060
-8047
7266
-1839
5865
6045
-5407
-335
8705
-5794
5158
6924
-8389
7351
8568
8720
-8892
961
-2680
5757
440
-8490
-5795
6463
1444
-9278
6089
-6663
5777
-7859
-7018
7271
8830
-3023
-9195
-7323
1737
-1233
-7632
-7138
-8236
2552
6628
1008
2744
-3918
-1939
-89
1362
-2867
1329
-3904
9817
4597
-129
3241
-3600
6672
8012
-8124
-5942
-8575
6798
-2018
8703
-7849
-6877
7448
9701
604
1529
8821
-7596
1813
-4309
5384
2038
-10000
-4528
-992
2445
1683
9827
7611
-3552
-3232
-2838
6377
-9633
-1716
-1055
-3372
-2183
1689
-5117
7322
7764
1954
-954
-2894
-3695
-4812
5515
6405
-9337
-521
-4081
397
9816
-1297
-9635
9746
7209
-2521
-1133
4778
-1445
3551
8100
-6194
9499
6984
3533
2514
-6777
3107
-5721
-3229
9050
5797
-2321
-9883
6761
-7191
6790
-2887
6087
-1075
8091
-4053
2745
-9129
9494
3530
-5206
9912
-1257
-5119
3717
-7802
-4959
-5794
328
-7958
-4382
-3655
-2998
-3833
-8934
-3516
-3739
-5764
844
-854
6796
-2707
-6624
-2971
-7866
-4353
6590
820
9487
7516
3682
-6244
913
8944
4232
-7089
3006
-6534
8856
-7045
-9985
2288
-1257
-7952
-241
-3299
-6313
-9796
-7839
-1556
-6590
7636
-4808
9415
8138
-5309
-1901
-5224
-2284
-2928
-2080
-2760
-26
8872
6668
-8906
-9583
7308
8873
-6299
-5663
9067
3134
1568
1125
-7158
1655
-5196
7806
8139
1378
6084
-3536
7118
5660
-2416
-6586
7237
-4938
569
7177
4167
9811
-5522
-8011
-2344
8112
-9429
2298
2482
4804
9858
8213
-9219
-9809
-5595
-3363
-3673
4263
5802
1414
8175
95
-7864
-5798
-9431
1333
-307
2142
-2009
8059
9797
1918
-6185
5597
-5407
-4690
2894
-2126
9132
5300
-3830
-7706
-8886
-5340
-6583
6468
9145
-5355
3094
-1593
4815
-5344
-4710
-9627
-5902
-6349
-8612
6667
4143
-5179
-8532
-3994
-7863
7646
-7288
4860
-8038
3089
-9926
7275
6763
4417
-4006
9918
9177
3405
-7954
9567
1233
-582
9262
-8804
8681
-2668
-1833
2198
7097
8239
-5787
-7620
-8885
-4057
3609
6939
788
337
-3740
-6904
4640
-3119
-6371
6742
4840
5852
6523
3706
-8350
-333
-6324
1619
-6886
-9224
1809
-315
-6424
8487
-9534
-5810
-6123
-8317
-4838
2019
7358
-5400
6668
4866
-3671
-7648
3557
8790
4120
4982
-1552
-3771
-5795
-6153
-7677
-8268
-6052
2146
1869
9760
-1408
-1252
6214
-9926
7978
9581
2809
5935
-7829
3451
581
2808
-6710
-6884
-7002
-4340
-1212
8262
2811
1718
-7645
-5077
6542
9606
-616
-4689
971
9235
6666
-1996
-5432
-6814
-7149
2025
6342
-3452
5015
-6573
-3275
-9699
-2131
9247
-9438
3806
-7359
2521
3507
7836
727
-3738
4428
9899
5724
4415
2028
3930
-9992
8611
4040
674
4513
-1696
4518
4857
-2769
-385
-9501
-3845
4275
8585
3277
2575
-1399
1275
2610
7953
4455
436
6912
3546
-7666
-2852
-9484
-1934
-7789
-9520
-8671
7802
-7951
334
8071
-9589
-1559
-5758
1769
-1280
-5012
9254
3987
-8826
3398
-396
2508
7570
-355
8783
-1754
8066
-1832
3157
4523
7702
3630
8445
1006
-4690
-4269
-5841
-9968
9101
-8007
-7498
9732
-2921
7621
7921
5959
-7356
2968
8729
-9133
-1004
-9254
2103
-7109
6920
8465
-923
7154
89
-8465
394
7454
9385
6890
-6767
270
-9681
-1180
-3659
-7612
-464
1800
-5445
5592
7056
3069
187
-5479
-9304
-4842
-1676
-7857
-512
8770
1274
-1290
-6271
4830
5469
8394
8846
7421
-4326
364
7841
-5404
-9326
-5601
-1937
7195
6496
-9354
-9723
239
2186
9045
-9820
4032
4355
-4317
-1851
-7224
-1830
1716
127
-2263
7610
-1435
-1375
5577
37
-7536
-6294
7319
7379
-3697
-2295
-2334
7231
-3672
-1391
-3232
2023
-9366
2846
-7145
5874
9738
-4985
107
-6052
553
4298
6852
-4384
8447
-2901
9269
104
2718
7279
3757
-5810
4790
-2270
-6281
-2513
8414
-4267
-4062
8036
-3298
-6745
-4529
5466
-1100
9378
5394
4774
5488
9270
4558
1266
-7340
9087
4884
-9093
-2023
2286
-6874
-6695
-8210
10
1732
3753
6689
-7750
8392
-6004
3231
2384
-714
-5092
-1744
1856
-5226
5519
2650
378
-5559
9733
-6712
-1843
-7024
-5382
6391
2861
-3663
5863
-5195
4761
544
6431
493
-769
6070
3337
-6763
594
2649
-2729
-4355
-9698
9168
-9386
-3514
-4609
5445
2748
4614
-8861
7051
9153
3349
-6323
-8727
-4713
-3967
31
-5987
-2848
4547
4961
-7452
-4123
-5771
-2617
4939
3761
8714
3805
-4421
3946
7723
3495
-8581
-3890
-1657
-8295
-872
-500
-455
-2734
1766
-6457
4279
-5281
-172
534
9363
-8840
-6874
7050
-8043
-3301
-2313
7508
-482
9669
7995
-7668
-2087
-6275
-9401
-7579
3733
7616
-8399
407
-1563
5486
-4832
-8312
-9361
238
-223
65
9257
7244
-1353
-5615
5891
-9928
7828
-7410
-5072
6106
5711
6901
-406
8779
8780
-7370
-447
6039
63
-1001
4485
7266
8880
8914
7261
-4414
-2873
-7820
1610
-7888
-207
5862
3325
-6195
4463
-3252
-4372
7395
3614
403
-9004
-8234
-4928
-7358
-2281
-3730
-9613
-3569
-2049
-6029
4616
-6318
-3515
6331
-4108
-9412
219
-7847
-9848
-1166
-6427
911
-7917
-2168
3747
-3575
-9091
-8806
-9118
2367
-1517
-8140
2230
-8207
7279
3334
-7910
1928
8978
-6572
-3016
2323
-8460
8151
-8033
7192
-7513
-6267
-643
-4467
-9488
1904
-2346
6185
1599
-7212
-9423
-2788
-9936
-3730
-6418
-9060
3113
8956
3721
5836
-5936
5837
-775
-3584
-1423
-18
-3011
-4898
-8140
3920
3656
3041
-9886
-5059
1276
2746
6489
8415
-76
-7679
7700
9098
-2820
-6198
7003
-2106
5529
3342
-8541
512
9066
2349
-8262
-2094
-5150
3410
-9950
-7098
-3409
-881
-7801
-6626
1651
2692
9901
-1928
3696
7323
-1091
9806
-7856
4395
9500
-8279
-4393
-4635
8317
-9675
2158
3803
-3261
5386
-3030
-3014
-6641
7699
-7707
4805
906
-9271
-7975
-306
-8145
-136
-8661
7899
7126
5415
-7114
-7881
6152
-4326
-9320
802
-8261
-2529
-9507
9394
5120
5375
4449
-5314
7331
9172
4598
2274
-1805
-1279
-1631
6547
-1378
-7489
-6034
4357
-7884
6965
-8953
-3167
7548
-815
9676
525
6736
-270
3858
-9781
6868
-4409
-7866
-6741
9583
-5369
1471
5095
-7169
1074
-4525
1365
8669
1652
3231
1978
-9085
-5917
-8146
-6128
-7696
-8559
-9145
-8070
1583
-7015
2258
-1656
-2190
9390
-9476
-8062
-5971
1241
5431
-4910
-5004
-9582
4202
-1277
-9823
7001
-5383
-8448
4655
7478
-1052
-699
4769
8151
-4279
3872
-6680
-8078
5447
-2064
4602
-5847
4768
-4352
722
-2799
8158
4161
-2629
-7579
8847
3609
8522
-733
-9017
-3967
-9735
5167
-4115
-1236
-527
9427
7484
-2755
7090
-5945
4488
-6751
1311
5683
3396
1799
-9940
-3926
4943
-7242
6484
-9384
-3729
-8825
-1449
-177
-2368
-6018
-6312
5865
-3676
-8814
8016
4179
-7078
2120
3721
-4830
-2875
5326
15
424
2081
3091
-6894
-6312
94
-939
-4419
-7005
9648
-5885
-9150
-6710
2214
7966
-8235
-5464
-7277
-3297
-1298
-386
-5806
3073
-4205
-3642
7594
-5794
-4170
-4839
-2141
-1919
2716
-5809
-9296
-1132
-1523
-9970
-8940
-2469
-6365
-6812
-8676
6644
5999
-4433
4699
8106
6122
-9508
-3812
-1582
-3355
-4593
-3890
4168
-541
7246
-6000
9386
2641
-4088
-3881
4052
1957
5638
-5480
2282
2529
-4509
-6874
-3517
-6124
400
1044
3066
-6490
203
-2695
-4310
-4228
-496
5593
-1487
2014
-2713
753
756
-8733
-8368
2196
5082
-1559
-2848
-1983
-5450
6992
-1485
-7752
6866
-5442
911
-4103
-2665
-9080
-1992
-3797
4758
-9348
-8075
-5997
-630
8788
3696
-6538
-113
1666
-4429
-9548
-6295
-9220
-8164
-693
-5252
8341
-1684
9739
-8727
6951
4181
-4189
-2381
5444
1072
-6347
9761
1175
7327
-3299
8764
-2140
-9418
-3047
-3044
-6803
8931
-294
-5540
9270
-8921
2244
-5106
2948
-6167
8163
-81
-1226
-8620
6455
-4583
-738
7536
-9489
4246
1322
-8085
-9570
-8238
-6920
-506
9042
3439
-3357
-6321
-3794
4894
2179
553
-2159
3839
4556
1392
-609
-936
-5628
3382
-3487
-7694
7600
-8788
6563
-3488
-9423
-4559
-3153
-9055
1925
9025
-7216
9925
-9922
-3335
-9935
-4832
6992
-7502
5054
-4826
4370
9908
-3504
-8565
-2731
2107
9699
-8025
4513
-7880
305
-6781
4835
-6594
-1232
-9874
1131
-6176
154
-327
-5118
229
9950
-2365
-5895
-7176
-3109
5557
-9624
-6717
8377
7231
-9522
-309
8697
2764
-9683
-7922
3845
4671
7657
2896
2063
-1725
3610
372
-2479
-8824
8438
-2457
-4113
-6760
-9238
5079
7889
-8625
8177
-7286
-5213
6176
9993
3668
400
-5180
4115
4511
4529
3476
-9688
-6318
-5135
-9291
-5690
-7424
9563
-231
-3747
9542
-9781
5260
8264
6330
2971
2984
-7050
-4291
5342
-9614
5752
-9669
-6215
-9067
-1084
7410
5716
-5870
1104
4672
-2136
-8731
-5610
1938
4406
8988
6079
-9313
-1013
3452
2540
4272
-9184
5636
-4262
9806
7165
2810
2200
-8690
-8042
-8896
-3767
418
-5698
4812
4705
-2260
-2231
-8557
-8565
-4834
1425
-7059
-1616
5614
4725
616
9900
-860
4571
8614
-5581
-7631
-4919
-2123
-1714
2698
302
-4982
8169
4501
2889
4
6543
7560
1662
-1066
-8570
6205
9027
-5001
-834
5887
-7995
9484
-8369
-5905
-7381
4342
-1106
6912
-3403
4144
97
251
-3510
9301
4920
3841
2328
1433
-9734
-1125
180
6257
-3103
5407
-1819
3934
-5873
-1813
-6721
2401
2151
-3044
2560
4033
743
-3129
365
9713
-8289
5454
3220
-7298
-775
-7485
-384
-3350
7097
4816
-5209
8031
-6915
-1428
-8349
-3071
5180
1394
7398
1855
7375
-9635
-330
8838
2803
-5805
2879
-2732
8022
-5894
-9362
-4219
8954
709
-2338
-4289
-8093
-9063
8987
3736
-2763
-6166
1101
-7838
-1437
-4521
1202
2775
-7740
5431
-9435
1971
-5981
4119
4630
-1210
7767
438
-8173
-1112
-6609
135
-1233
-4357
-6284
-8736
-4219
-2909
9150
-1252
-2389
7401
2637
-6121
3021
6855
5680
-1046
-7652
-1926
-2001
1746
7581
9008
-3819
-2015
-2016
5677
7849
4940
6053
-209
5227
-645
-5
-9197
-8407
-5518
2522
7661
-1000
1512
-7404
-5456
1028
-1815
-8029
-2277
-4140
-953
3961
-1122
943
3231
-1394
6652
1821
3286
2868
-597
-3334
6514
-1940
1066
2629
-5107
5353
6445
-165
7566
8656
7385
-6475
-5659
1190
2365
5727
3011
2892
-3247
7375
-3793
-8467
7320
-7334
-8288
4141
-1427
-1804
-4513
8408
-1964
-119
-1535
994
-1738
7798
630
3592
-1009
-7378
5011
1822
5381
-2520
-7518
373
7640
402
8317
2265
-4106
8470
1491
8829
8644
4242
-174
9096
-9070
1050
-4804
6061
1354
-8364
-8025
2534
6789
2656
-2779
-1158
-6062
-3618
-7199
-1567
-2043
-1022
1082
2646
27
-9488
3909
9363
141
-1986
3637
-1759
-1707
8057
8849
8340
-3409
-9383
-4204
7321
-6355
-3630
-622
-6963
9296
-7267
-7113
-596
6607
9470
-786
-2829
-9979
2142
-5175
-891
-4194
-5583
-4754
9132
-5846
-5416
-5265
-5258
1419
-4003
-5317
4058
-7741
-8755
4603
8108
3515
522
-8049
5190
5353
-7542
-3213
9050
5542
-4304
-339
3489
1642
-140
603
-9782
-9927
-9336
8325
3928
-5666
3142
7137
3355
-3306
-4162
-8477
2339
8706
-5320
3140
-1630
3777
-8834
-3086
-559
1071
-5447
1218
-9243
-2223
540
-1424
4420
9457
1708
-9819
4902
-3812
1844
828
1685
-7252
2887
-8528
3341
-8321
-7985
-4466
-9474
-2669
4017
-8119
-3746
419
2188
5044
-3265
-2079
-1703
-858
-2967
3531
-419
6210
2031
-8443
6804
-9076
4351
3428
9542
5919
-6594
-7213
4674
2505
-5508
162
5316
-8504
-757
-4591
5651
-7408
-827
9493
-9179
4728
7287
-5529
-996
-2986
-7070
7433
-5264
-1556
-3323
1349
-1975
3087
-2860
-4037
1595
-5923
-2274
9367
2277
3716
-5380
-5083
1904
-9242
1779
-9410
6470
9355
-114
-2768
-7017
-1917
9803
4595
-9679
-3613
-1941
9049
-7256
-9615
-3432
6272
6190
2186
-8399
-7772
-9794
-5561
-7446
-5495
-7179
8668
8455
4212
-7425
5606
-2234
-5915
250
-6193
-2586
3164
7671
-5326
-3120
5475
-5978
-440
-2495
-9216
3694
-923
5680
6790
9173
1982
1291
-5326
-945
8165
4108
-8591
-5027
8513
7439
8360
5996
6142
-2210
3129
-2867
-9947
8313
-2697
6508
-5083
9094
-6897
2698
-1890
-1662
5552
3769
9998
4123
4584
-2229
-5517
-5824
145
1764
4399
8206
8614
4583
4332
-1983
5342
9196
-865
-995
9176
9387
-843
-4325
2911
-3438
7698
6058
-2115
-2426
-8646
6373
6021
7826
3437
-8604
4570
-1575
7930
-4358
5113
6265
-3484
2813
740
-9187
-4915
-918
9788
-1580
5601
-8370
-2668
-3639
-8219
-4969
7828
6558
-3530
-8242
-3417
-5239
7677
-6044
-4996
-9135
-508
-2294
2523
-4173
3609
3941
-1743
5662
-6915
-3798
6116
-702
7046
-6992
-5457
8699
-8835
-8411
6575
-297
-3928
4771
-9377
-8292
6764
7696
-9120
-8905
-8778
-3563
-1826
8159
-6248
1748
5204
-6055
-5851
-5418
-1868
751
-4682
8001
-5110
5979
-8286
4106
51
-7618
1055
-5789
-4606
9460
8252
-3797
5340
-4033
-7878
8720
-3079
-1592
-3598
-8779
1898
9316
-7059
9450
-2989
-3158
-9021
-5043
1829
6808
-3992
3909
3062
-5805
2259
-7053
2535
9930
6601
-4563
84
-3734
-8306
-5517
-9790
3289
-8612
-4781
6685
7072
7178
4486
202
-257
-8803
-8864
-4991
4650
3213
8590
9165
-983
-488
4827
-8539
6362
-6428
3749
2942
-7280
-8005
9488
7323
-7809
8947
7163
6028
3323
9443
-7940
-3367
2424
-1980
-4909
7399
3622
-7396
1980
6694
-8763
1400
7965
1799
-2188
1974
-4553
-4083
-3178
-2388
9975
-4696
9374
-2843
9804
5506
-542
6182
2591
2026
5297
-9554
777
-5597
-8241
-4421
-6693
8378
-1315
-1909
-9366
-74
-1123
9100
-315
9736
-3494
-4628
-5554
-9469
-7588
-8639
6609
-9423
-4505
3076
5541
5060
-9533
-3080
7645
-8364
2912
-9302
-812
4386
1337
-3910
-2384
3327
1271
-156
2714
6230
-5578
6533
-9644
-9243
7019
-1730
9634
7449
5683
-5878
9366
-4263
2566
-6899
-6318
-6536
-8211
8173
8013
8671
-3553
5194
-7429
-1292
9947
4375
6422
1297
-6720
-6797
9892
508
7529
3274
920
-9544
1327
-4880
1115
-2011
-9771
4777
1030
-1690
