-8063
993
1662
3108
3926
7277
5670
7410
4119
-6289
1556
6510
-7582
8763
-3683
-1293
-8849
5729
-84
-7110
-4328
5476
2882
-3995
-7363
4032
-8320
-997
6942
-31
4177
6940
-4649
-5017
-8910
-924
3060
4535
-9940
5939
-8871
3655
-8166
8065
5770
2981
2010
-1895
5291
-7674
7074
-84
-8718
-2485
-6847
1193
-9480
439
5791
-5377
3412
1385
8634
-1897
3769
-9393
8689
-5887
-8933
-4706
-3661
4404
-3393
6800
-9528
-3367
-6745
-1
-1807
-7665
-1257
-2056
8827
6480
5785
9071
-3435
4628
2785
7323
-7998
8614
5546
3575
-2533
3018
4788
-746
-7314
8788
-7349
-5041
-9411
103
4796
-4001
7288
553
6476
-2276
8771
-2564
9807
3452
-5526
6245
387
1698
1486
5107
-5894
-6655
3624
6493
-703
-8578
-890
3960
2609
-8473
-1194
-7356
9151
9725
-6916
-3870
8639
3566
-6558
-9965
-165
592
-3888
9744
7658
-4510
-6221
74
5342
-2338
297
-6568
5813
7293
-7658
7380
-7451
6837
1373
3730
4796
8465
-2503
-7005
-4180
152
7788
-2384
-6945
-683
-9712
8022
-4329
7467
6290
6987
1323
-5921
-756
6417
-1628
5005
605
4639
-2211
8087
-1434
-2345
-3899
6927
3419
8371
-3971
-9328
7357
-4091
-7730
7715
2762
2991
8719
6760
2684
-3601
1380
3068
8619
-4644
5753
-8884
-4186
974
-1093
-4790
8077
7708
-4181
-3466
-5189
-7788
-8530
-7705
-9841
5152
2701
-1103
6484
-1662
9501
9084
1431
1010
2963
1272
-3773
6912
-6703
3613
-4887
-6078
5482
-86
3708
-8702
-1655
9391
9291
483
-9517
-1540
-3104
572
3528
2977
941
-9262
-896
6486
-8403
-7711
-5056
-3992
4483
9557
-4199
6112
-4935
-873
8236
2281
-840
-597
-8267
-9165
-8078
-8317
-5010
3145
229
-62
-6472
4694
-860
-5644
607
-8649
1121
2991
5699
-4551
5091
5924
9775
-5517
8437
-1851
482
2430
-5583
-4992
-8555
-2622
6814
8900
-1234
8684
-9540
-9292
-6835
3567
7256
4491
8030
-2681
5681
6164
-9345
2389
-7996
-7430
-3878
6967
-164
-8938
5311
2868
2880
-6032
-3918
-9984
-8889
-1738
9446
4461
3104
1012
9517
-6601
-8249
1363
-9498
-379
-614
-3833
-8677
-8222
-8885
6132
-8011
5786
4003
6649
6718
-6723
-9545
4089
8544
-6662
202
-2476
3684
-8979
-583
5426
-8993
-2313
-7817
6726
7403
1238
9191
6528
7255
7043
-403
-3731
3659
-5098
-935
-5516
6896
9003
-512
-4397
-7417
9346
-4643
1663
3037
-6715
7834
-3609
-1544
-4422
245
-3582
1153
-6282
-7241
-8540
1973
-8758
-1613
-3552
-3965
-4796
5067
-1473
-761
8748
8983
-7877
4142
7941
-4441
3284
-977
6622
-8020
5653
-2991
2319
2983
6222
9865
2960
-5112
-834
7836
5479
-8699
-7100
9245
3127
-941
4967
3284
-9182
-2385
4553
-4566
-9365
-6924
-498
-4076
3895
7363
-6474
6593
2817
-1574
7006
9699
5029
9869
-6282
-2140
-2227
6374
-5276
3489
3922
5918
9137
2817
-8590
-3208
-6573
-1381
-9086
2953
-1743
-3226
7489
7940
7008
8033
-5710
-7119
-1874
-2552
-3399
7204
-9376
503
3942
9461
6252
-5999
2695
7971
7355
2174
-8950
-6882
-7904
-5011
4642
-1975
9443
-2135
-8268
6172
6648
7730
-2105
-9555
-2512
7695
4444
1931
8823
3619
6255
9988
-7377
-246
3487
-1715
-4900
8729
2012
-7893
1241
7146
2127
-4203
6122
513
-3495
7757
-4420
4842
-9392
8734
-3780
-3669
1239
1176
1218
-913
-522
7011
-7280
936
5418
3859
-7337
5231
-3702
305
9618
-5294
1852
1979
-8709
2936
2653
7971
-1414
2515
-54
-9945
-9126
-4424
-566
5609
7115
5508
-5051
4149
-6560
-42
-3395
-3674
9517
4410
7279
-9772
544
-9673
-3018
9867
-1234
-8850
7264
217
-5511
-9929
3272
1127
4247
1361
-4381
-1231
-7457
4130
4368
-3531
-1160
3349
1434
-4303
-3829
-2768
3700
-946
-4305
-7605
-9317
-6387
-9005
4655
-3546
-5730
1326
3763
8508
-5540
259
1447
-8678
-7314
8369
-5687
-6672
4531
-1590
-741
-9385
-6983
-4518
-2202
4108
7000
-5299
5442
-7918
-9682
3607
5140
1312
3234
3691
9585
-8857
-6154
2039
-1127
-5411
5129
-5795
3325
-6426
1246
-3752
6064
4726
2411
6482
-2278
-4243
-6685
-5953
3748
-3216
-4687
-7853
8905
5528
9169
1762
2576
9072
-6393
5294
-6146
-4265
7066
-8396
-6782
4207
4206
3075
5995
-338
1565
2029
-1143
3912
-9007
6874
-8205
4142
580
2954
613
8418
-6941
-3111
6823
8672
-6243
7181
8810
-647
6664
-7479
4759
-9612
9296
3115
-1828
6883
2339
7539
9064
6412
-6205
4434
6293
-9643
4452
6789
2132
9885
7321
2796
-3131
4491
3017
56
6514
4308
-6901
-6531
971
5057
-243
-2632
-3529
4550
8314
3924
5649
3027
2237
-7995
-8392
-1231
-250
-2240
4747
-2349
1800
-1539
-7027
-9419
-2254
6110
-8613
9419
-6902
162
2278
-8870
407
1428
-1807
-3506
1896
115
9707
-6326
-6466
3373
1426
4171
1049
-7990
5678
2871
6298
-9702
-1244
4942
-6446
-2226
-2913
-1861
5909
2945
3113
4996
4858
5019
1229
-5427
-5908
7625
-9582
3109
632
7017
3643
62
7712
-1148
4155
640
-4164
9690
-534
-4307
-7323
9494
8169
-2791
-8054
-2740
-7077
4035
4983
1332
5700
-9912
-5477
6463
-1625
3338
-1543
-6701
466
-3106
-7875
1408
5238
1540
-4859
8891
-1166
894
-1511
-256
5068
-9324
-2034
-648
-4202
-6191
-4979
-9266
-6778
9503
5828
8347
5220
-5359
-2223
9200
3695
-416
6056
251
3430
3590
8141
-8087
2905
2486
-9299
7507
-5140
3376
6354
-721
-966
924
-2737
8995
-5452
5334
-1193
2281
4444
99
436
3681
9566
3119
-8485
-5936
-2972
7579
-2907
-6577
7636
-6719
2211
-6836
5020
-8353
-3246
-6983
-9625
-858
6595
-7370
-9066
2234
-5696
-104
9107
-7779
-5703
-1062
5386
-9965
4927
5696
-7447
-6163
-5127
4999
-6124
-6015
-6881
9874
-2330
447
-2805
3173
3876
-8602
4473
-8704
7057
-7285
-8569
-5609
1445
9915
3997
-4719
-9571
-8425
-4483
-680
7996
-2078
535
-9999
2654
1748
532
473
-9280
-6836
3202
-1923
9238
-4736
2752
-1604
2142
-9488
-3544
-260
-9274
-7122
3347
6353
5995
70
-2905
-6704
-7112
-1979
4890
1512
6458
-7291
7091
498
828
-7008
3156
-4819
-8864
-3236
-9144
-6278
-7453
-280
-5670
-1372
1817
9341
-3557
-2770
536
-7199
5530
-4892
-3502
-6650
-7730
-3477
-8999
7929
-2594
-1232
-5947
5859
-9014
-2972
-8727
7055
-6574
4004
4922
5152
-8141
-4956
833
-9727
-9136
4712
-5681
6351
-2373
690
-3041
-1057
4554
-2277
7231
2367
4184
-8952
-3148
8012
997
-9323
340
-1476
3796
-1133
-5994
-5571
7027
-5128
6956
6421
-6400
7627
-7888
-1397
361
-7602
-1255
-8850
7360
4128
4944
5794
-8481
9189
5002
-2097
1244
-8977
-4266
-6188
3162
4071
-2416
-7808
-2987
-5191
-9425
7906
-3477
6551
-2249
4437
2010
-3305
4178
-5506
-4363
-3013
7256
-8097
2622
3662
-873
-1411
-306
2324
3771
-8791
6516
9276
2488
1107
-6232
2072
6566
-7526
-5681
2918
-9735
-6673
-150
521
-6700
2310
6555
-4533
-7202
-2884
-4640
6666
-2548
-3556
8741
7650
-4950
2655
6749
3263
6711
1884
4092
-5887
4524
-1083
8355
232
-3993
-3838
4505
-3213
-828
9842
-1585
8299
-8150
-3526
-9227
4077
3793
-6196
6349
-5278
-7600
688
-5010
2048
6302
3369
9559
9853
2790
-8201
-4914
8100
7303
1563
8111
-268
-420
-4523
-4103
2168
-1564
1339
189
-7787
2216
-9101
3434
4112
-9
3662
-1972
-7318
8441
1226
-4170
-2723
7086
-3336
-9308
83
8853
-5365
9633
3899
-4110
-5098
6431
-5714
-6296
-8466
-2123
1629
24
-4137
-6277
-3653
617
7244
5912
-7915
-3524
-5282
9495
-6256
3115
-5962
9647
268
-3002
7620
-1696
-8460
4204
-7709
3975
7899
-3234
-3814
-1024
-1416
-9499
-4688
2703
262
281
5859
-629
9963
-2008
5512
-8338
4052
8526
1552
-3083
-6319
635
-30
-5289
7314
6311
-8422
-6341
4887
7680
4680
6595
-1789
-9106
-4383
3302
5543
-540
3881
2460
7119
-1664
-6865
9533
5303
5307
5468
-1440
3065
3102
-4686
6248
740
-2439
-688
-7601
8349
-1354
9415
8089
-6039
-7236
1748
9447
-7266
-5946
-5492
7798
-4079
273
2440
8970
-7701
-531
854
-2336
-407
-5525
-9843
-1610
6669
9139
-2337
-7528
2508
-6346
7604
-481
-2027
2570
2596
803
-9243
-2025
3816
-639
1480
-3902
-7815
-4098
-7834
-95
-9000
1761
2522
4531
7958
1494
8285
2100
-2190
13
-9434
4708
3819
-8659
7626
3007
5634
-2456
5989
5011
7630
3666
-8850
6975
1127
-9795
4971
-7695
-6485
1257
1939
4653
3463
5797
-8174
9373
-337
5118
-6850
9722
-9043
-4198
-2978
-8964
8825
-5249
857
4867
-113
6422
-4170
-7361
-3696
9982
5115
-9873
7672
5918
-2107
-7760
-6062
-4728
7853
7050
8537
-7462
892
-8096
273
-2027
4045
1669
-4577
-2214
-2656
9534
-8650
-9952
3978
7613
4628
1876
-6620
7455
3831
-8469
-5575
941
-2100
-7754
4027
-3889
-8005
-5785
7862
6548
3765
-3051
2617
-2835
-772
9290
-5468
-5628
7765
-9215
6749
2411
9911
8141
-6535
4134
-1312
9654
1814
295
1780
-7063
8922
4919
-1122
6645
4076
1376
643
3444
-2081
-8775
-2061
-9751
-9564
9087
-8653
2285
-4501
2036
2037
-6576
-8153
4347
-766
-6083
-9091
-973
-3620
-9169
1470
-8566
1336
9216
1384
5645
5425
1900
5750
-9653
1645
8890
7957
8429
8743
-9132
3281
2482
145
7236
-4936
-4902
7436
-3502
-8571
-7745
-9639
1612
8977
-7284
1612
-8142
7860
-5658
-8189
2692
-5600
-3133
8075
8649
3129
-3442
2993
2400
2273
-4484
3062
3129
-4218
-8047
-8986
-6271
6104
5140
5279
-1140
5197
-8052
-6434
-7303
8548
6287
-9743
-4847
3626
1179
-4273
868
-1998
-3154
5429
-8210
3822
-6387
8448
2766
-5645
7894
2242
-2534
7789
1977
7016
4968
-499
6400
5314
-9192
9914
-3650
6264
6145
5935
9222
-7137
2837
-4096
8975
-4609
6534
-2669
9317
-539
943
4404
7208
-3526
9219
-9527
1799
-8008
-7977
2937
-5900
7273
2402
-3905
3395
5377
5022
-975
-8251
-5665
9719
8292
-1804
379
-8189
2095
-7648
6651
-8188
7749
7650
-9066
1622
-8356
-8332
7964
5855
-5713
-4228
5622
-3413
-3200
-3644
-9590
3696
8025
2734
-3554
-5271
-7196
5789
1319
8864
7552
3179
-8791
9238
-5263
-3573
-2132
8839
4291
-3676
7684
-7284
6502
7046
-694
-8554
-8339
3308
-5414
2112
273
508
8688
5068
5609
-6253
-2833
9969
-4647
-7810
-1275
6859
-8679
-7379
2220
-8808
-5867
6412
-1413
-7303
7645
1998
4987
7601
9953
9132
7313
-4408
8383
-4965
6818
-5142
74
5027
4775
-1382
8077
6840
-8268
9143
5838
3368
-8670
5092
-417
7278
1318
-8956
3118
7140
-322
-2004
5334
8374
-4902
-7734
5543
5012
53
-3646
-670
3133
4901
-2356
-1307
3240
6640
-6195
5648
6770
6635
1929
-1413
-1417
-7949
-1236
8545
-1044
-328
-8204
7981
8552
-9506
-7270
3431
4303
2593
3699
-3770
8394
252
4053
-3371
2454
-9402
-5878
6531
5458
-7247
4308
9968
-8533
-8589
-8188
4334
5701
3586
9919
1629
1096
-2366
-1277
-494
8291
-6274
-2135
-5436
4099
2872
-226
9234
7408
3324
7895
-8
-3488
6259
6093
5716
5530
1834
-6812
9236
8164
-3325
-2609
-6574
-2150
1303
5903
-9271
-5560
-7203
1338
-9581
-4358
8941
-1635
-3652
4476
1106
1121
-3579
-8255
-6232
1349
-3952
-415
1647
127
2316
2615
8508
8639
5829
1075
-5734
-1328
-8307
-8768
-1795
9757
-2863
-2223
1550
-4724
5365
-3132
-3677
-610
3065
6625
-6624
2125
-930
-1344
-7455
-6416
5429
-1244
8509
-2837
1829
-5443
1339
-8608
-6433
-382
-6061
-1037
-9594
8033
6946
-6026
8840
-4988
1839
-8184
-3984
-9888
3852
-9998
-7716
-795
-8627
-6281
5834
-9940
9463
-5356
-1020
-511
5589
299
-2862
9088
-5956
1979
4666
7738
-2065
-591
-4575
-1780
8551
-3911
-4428
-2830
-9510
8615
4905
-1815
1879
5639
9583
3374
4596
1789
-3696
1302
-3685
7603
-5663
-4491
8966
-5790
-695
-4233
-7644
-5497
6209
-6659
3675
5126
-8161
-8604
9541
-437
5902
1250
8791
5298
740
3533
-3564
-9572
-9954
6468
1199
2372
-3726
-328
-7978
9195
7154
-8900
-6089
8278
3348
-8939
1940
4943
6429
-8361
-151
-2667
-5216
3742
7697
6134
9332
6229
-6982
-4634
-9556
-5109
4948
-3832
3308
-9980
-7701
133
-4369
-5697
6604
-4693
3151
9101
-2304
3406
-142
2910
-7726
5181
-508
-82
9740
-3239
2253
-1475
-1873
-3203
-3838
-686
7237
7381
-9695
2578
1653
-6750
3687
6194
-1870
-923
-1252
-8512
2694
1609
674
2807
9894
6979
2766
-4264
-2827
2710
-6069
5917
-1834
-478
1622
-13
721
-6195
-7343
-3432
3850
8387
-7084
-958
732
-1755
-3578
6850
8389
2193
7620
3441
3220
-7326
8111
5289
9611
952
-8842
8799
-2107
-711
8305
-150
1630
5745
-8199
8894
3905
-5184
-4821
623
38
8834
-5054
9767
5008
8666
-5285
2728
9757
-3364
-7276
2362
-6471
8526
-9713
-7079
4706
-1915
7985
1759
0
6594
-7602
-3077
-7287
4736
8573
8871
-5827
1439
-9054
-9720
8219
-967
-6648
1044
-9926
7497
-4810
-5727
9707
-8683
-20
504
2017
-3110
2601
-4177
-7463
-2077
372
-2105
3922
-2050
-9673
9342
9584
-6590
-2739
4309
1844
-5599
3878
5936
2803
-5331
-9442
9862
-2894
4754
8229
3443
-9106
2588
9590
5089
3183
-4624
-6269
-752
-8234
-2756
-7806
9279
9237
5598
8175
8766
-4079
-5505
8288
8075
-6992
8348
-9942
1200
5469
-514
2856
7350
5132
-2232
-566
6253
-4366
7566
-4099
-6478
2019
-9182
-4582
4354
-6974
363
-7277
2474
7979
-7636
-9844
9675
5767
4850
7092
-8931
7203
-3587
-2953
5606
2951
-5373
-7968
6207
-6015
-8316
7176
-6891
-8354
-4515
-8976
-1807
6771
-4890
278
-3612
7267
-4892
-7031
-2401
9139
-7986
-2121
-4732
-6239
3769
4497
-1426
-3029
4108
-4433
1372
-7322
-3781
-9832
-8722
-9922
1778
7615
-2530
-3798
5607
-2408
1138
-1852
-3771
-1974
-8444
-2868
-900
5132
-5556
9819
-5946
-3274
9267
3336
6301
-1012
8292
5863
9768
-4970
-9290
-8774
-1855
-2288
7292
5577
-8080
-2021
-9365
-9196
-9650
3273
6093
312
-6186
3666
-2757
6730
-999
-526
-989
829
-2837
5030
-2106
3314
2987
-6497
5332
-6654
-8166
9966
-7687
904
7697
-5279
-7434
-7899
-8166
9992
-9686
-7223
9945
-1586
-1005
-8809
-7761
-6729
9660
-2539
1840
6606
-9569
4784
7053
-7701
8901
-5496
-4980
-6856
-8815
7135
7810
-7894
-3876
8496
3627
-4666
3312
-2346
9766
-1959
1465
-5641
-4651
-1434
-6553
-5080
8808
-4421
9161
-8747
2597
-7277
5755
-6695
-1611
-7807
-7962
-9435
660
3219
-5368
-3540
-3797
-1050
-8113
7806
-923
4538
-5746
-1762
1194
-3066
-432
-708
-9647
-6417
-5910
7910
6252
-8885
8377
-5109
-5960
-5521
1859
7073
4196
-8209
-8585
4570
4744
3642
-4369
-2825
5985
-8798
-52
9341
7055
2035
-2734
5720
7646
9546
4657
3082
3889
7590
3383
-9606
-8051
649
-4236
-1708
1614
-4460
4818
-7517
-9713
732
1885
2381
9895
-7286
-2839
-1389
-9665
3331
7697
-3148
5422
-4653
-2470
2368
9998
7598
-1629
-6234
7276
3897
-5554
964
124
631
-8684
497
-2230
-920
-5461
-8813
5336
1294
4119
1054
-836
-1116
2836
-6295
8738
-7917
-8863
-6591
-7589
64
-8857
-2779
-6107
4764
-7837
7352
1009
-5116
4929
8743
5771
-4639
6391
9325
1950
1498
-274
-1528
8054
-7530
2528
-2635
961
-9081
1345
-8988
-1385
7654
-5125
-4641
-8019
-8431
9530
-7792
4609
-3806
-849
-753
-451
7294
-6073
5634
7598
-373
4954
-8476
7371
-1124
-5669
9110
-4723
8922
3653
2688
-1446
3810
-2674
1522
-8245
2720
-8277
-2651
1317
-7218
-6372
-7360
1215
9082
3894
-3789
-494
689
-4256
-2730
-1945
-6926
7602
9700
-1037
-4127
4752
3479
-4613
-9426
-4178
-2454
2859
-802
3341
5274
-3085
4126
9286
-1649
1961
8509
8529
2393
-7516
5425
2939
-5255
3412
210
-6598
4498
-5802
6790
-8403
-7742
-7418
7799
-6590
3125
4456
-2594
4251
-3509
9274
-5110
-9474
2167
-5977
1967
9747
6111
-6537
-8819
7930
-9109
-2275
9519
6272
6298
-9229
-8354
-5704
-6250
6238
-352
-9968
4384
1404
-8457
7979
3701
5999
9210
-3318
4926
4880
534
6698
-8395
8970
6175
5838
4252
8481
1412
-7305
-5874
5231
3775
6579
-3827
8578
646
-5818
-4111
-2327
2902
-3654
-4969
-9283
13
7711
1123
-6046
7408
8454
-2924
3094
1312
2531
-634
4263
9770
4773
806
-5311
1111
-701
-2551
-3395
-2707
-5530
6417
-8061
-3582
1453
-7495
-9564
-4130
2274
7442
-2237
5034
-3342
-7163
-9015
5304
-5189
3035
-8169
6304
1271
4775
-4883
4615
-3763
2309
8363
1617
6499
2345
9851
-1815
850
-2720
-8114
5062
8545
-4069
-6796
130
-5298
-3876
-2319
-8306
460
-7546
1980
-6120
-842
-4761
9312
5688
-1397
-7132
7853
9662
-1463
-4883
-5032
-5321
-2935
6149
5050
-8953
-5909
2373
-3364
-7337
8086
-7229
5644
-7904
6559
-4513
-946
2903
4451
-2543
-2222
5815
-350
8726
-7286
-145
5456
8174
9870
1710
-1936
4519
-3502
5618
6115
-9388
617
8213
-1793
-9406
5492
-2442
-2274
6069
2424
-2360
-4458
4290
-9880
8746
-4770
-71
-7280
3209
4597
6341
-3532
2550
2454
-8738
5477
8653
-1099
9861
9987
-1723
-531
-1366
5642
-6299
-1892
-8150
8597
-139
-3151
-7851
2575
5816
-4671
1876
-4719
-3671
1703
1283
7496
2609
1246
1959
1772
2161
-2753
8752
-7739
-5234
5686
7487
8466
-5984
2082
-7113
5482
-1406
-8973
1645
7053
8354
3747
-2976
-7580
2
5351
1204
-883
6993
-5640
-8671
1069
-8938
-8066
7536
2121
1310
5464
8459
-1413
-1296
4697
9693
2918
3698
3590
-1730
-3061
4591
-4766
-2549
5872
6120
1723
2455
-4389
563
4835
-5507
2096
-5570
8839
-6655
-1597
-5362
8766
9783
-7705
4588
-8335
-2132
-8625
-2534
3356
4779
-2060
-5425
-2818
7231
2668
-3659
-2041
6546
-3568
9013
5512
-7880
7348
4057
-1850
3847
-1375
2366
9698
-4682
-8133
-3417
1321
9832
3765
541
145
4299
7044
-3748
9568
9829
-6583
1800
2987
-1894
6254
9534
-9187
-8251
-7514
7094
2966
3894
2617
7463
-8214
149
4520
-7518
-9515
2822
-7727
-5633
-8806
5389
-9271
5856
-5600
-8460
553
-4594
-2868
5995
8888
-852
-5793
2104
-2233
-5136
-7296
-9626
1805
5345
2493
-3162
-5096
-178
-4046
4737
-6092
1898
1763
9861
-481
665
2724
5394
-1035
2046
-2723
-8313
2425
7835
-5885
6280
5322
7814
6927
6699
6780
6759
-9739
-880
-7622
6614
6700
-3843
-7849
8519
5469
-8365
-7907
3181
-3856
-3901
-7094
917
-8835
-7177
-320
4651
2744
1469
997
95
8286
5822
915
-7441
4089
-3818
7630
-7951
4249
3880
-6088
7049
8542
-9557
4028
-2730
-4813
-8752
20
4405
1411
5452
-8912
2672
5489
6122
-1952
4913
-2498
-5677
7842
-5110
-3241
-4677
-6617
8823
-7509
-241
377
5886
-7499
-8063
-3634
4040
-9957
-1860
-1298
-6477
-3325
-9612
4208
-5038
5023
3028
-475
-8716
4453
7819
5931
-3980
9315
-7542
8446
-9480
-6374
-3101
-9031
-2698
-2964
-3240
-7273
242
2183
8838
9859
-6659
-3012
5213
-8758
-8855
-6369
2189
9961
4544
-9529
-1246
-4571
-3465
4243
-2723
1544
9582
8410
3748
5377
-920
7216
-9337
2655
1268
-7292
4924
-8525
-4582
6598
8497
-7889
-8596
3546
-4451
-6366
-8890
1133
9292
2966
-8442
5776
-1417
9778
594
-5955
3316
-3975
-5231
2780
4776
-3965
-9015
3165
9892
-4611
515
6414
9082
-6096
-225
-6720
-9626
7242
-3605
-7312
-4757
-6863
2536
6836
1825
-6094
-6879
4888
-4644
-518
-3164
1592
3764
3414
1905
-5594
1126
470
-8466
5935
-2325
1890
5011
5851
-532
-4
-2628
786
1008
-9187
3435
8618
4129
-199
-2183
-7430
-7822
2886
5683
5035
-7421
9603
-6246
4896
2071
-6674
2237
-5088
-2038
2759
4850
518
-530
1081
-5238
-3739
6964
7119
261
-6377
-6035
4606
8278
-1473
8355
-452
8655
6807
-3982
3539
-9940
-699
9722
-3287
-2052
4678
-4742
-1297
7210
-1952
-6715
-3479
-2866
6633
-2515
609
7398
-6347
3287
2462
-5981
9992
3615
4356
-9702
3226
8480
-5256
5713
-6504
-9696
-3392
49
4442
-5601
-8809
7557
649
3939
-2169
-5339
9229
8037
-5732
-7088
-2685
-692
-5475
5728
-6097
8474
3005
916
9135
-1578
-2128
6093
-710
-778
7723
-7059
5907
-3588
3915
-291
-1176
6289
-4448
-4631
1748
7141
-628
4365
4705
-8789
-1247
5217
2217
-4652
-4489
-7319
-2081
4910
3972
834
6887
-2590
9811
-595
8886
9223
868
5833
-4956
-2542
-6192
-9891
-4925
-5784
2070
-2663
-6972
-9300
-6078
-5444
5801
378
-1054
3837
2869
-6458
-5
9423
3077
234
7630
5026
8996
-2555
5351
-1548
-1984
460
4532
-6621
-9352
3241
-6909
6584
8100
-8953
-2173
-3688
8710
7499
-100
9837
-6965
-4053
8660
-6660
-7829
-8418
-162
9275
-3066
-1688
-4599
-7679
-3447
-1525
-3117
-5429
7145
1274
-4804
-9953
-8260
-6192
6839
2682
-3259
-2125
-1443
-17
-8568
-8114
3061
8095
9567
-4629
-5720
5284
9790
-3376
-3617
6401
9254
-2961
7640
-1757
-2550
7113
6753
-2290
565
8563
-5949
9305
-4517
-2269
1831
-3631
-7382
6184
-2795
-4359
5702
-6467
3229
1756
4291
-6705
-213
2439
-7406
-7490
6780
-7437
-2582
-3534
-7962
5374
7515
-392
-4552
3698
6136
1808
-4828
-603
7331
1739
-6294
9084
8631
-2170
-7929
-2451
-7647
-8989
8382
7527
-6024
3384
-7114
7747
-4246
5519
3556
3441
753
-528
4015
-671
5535
-4312
7305
3175
6592
-8040
-7824
-4223
7494
-5797
-9185
-6459
-5623
9372
2372
8186
3648
7874
-9917
3979
1255
-7498
1570
-5966
-248
-8605
7574
-9709
3742
3048
2793
5197
9365
-4603
8670
9137
7148
9319
266
-9496
5081
601
2491
-7007
-9198
-5923
3033
-1237
490
8240
9469
732
7960
-5323
4572
7746
5676
-4555
6930
-8089
1815
9029
3631
-5783
-9400
-3185
8033
332
1642
2696
-8351
1704
9658
-3803
-2223
-4375
6680
1895
8248
-7185
826
-7786
8013
150
8002
-2804
1129
-2881
-7574
-625
-1417
-1793
6051
4582
4504
4918
8261
4076
5864
3784
-1182
-2689
3569
1590
-2987
-3584
-1895
5673
-8654
-4900
330
148
-4010
-8952
7481
1524
2019
-4274
-943
-6059
-8721
8802
-2268
-2716
1355
-5839
-825
9628
-7868
1802
1585
-5226
-5285
6251
-9626
7353
-4228
-186
8515
-5032
-8225
8178
-619
7905
9427
-3575
4873
-7765
-6816
3675
-1582
5118
-9088
-3592
-4388
-1246
-1976
3301
6746
2853
-9024
-2299
3926
2045
5519
-243
1870
9152
-7649
9945
-1069
-9677
-2791
-1200
-7026
-9525
2318
46
8867
4594
-5263
8279
4153
-1791
9790
2296
1090
-8584
-9527
-8680
8954
7323
3496
-6331
-3789
8718
1650
-1403
9213
-6111
2827
1826
-1507
8485
8309
2757
4091
5493
-2118
-2972
8930
-2231
8679
4908
-1478
-4964
9543
-7799
-1333
1550
3500
4247
-2972
1935
-8592
-5387
9611
4754
-279
8817
8554
5818
-7356
-6454
-8231
3053
6061
6561
-5520
337
-3281
5334
6930
9583
1734
8654
8765
6428
3618
-3850
-9460
9907
-4286
4679
-1959
629
-4243
101
5219
5131
-5988
-8891
1705
-6326
2049
-7649
2082
-1260
-1925
9339
-9246
7754
-8608
-3140
-1249
-934
-9834
-4103
-6786
-9126
5298
-2847
7430
-6168
-8690
1401
-8004
-3767
2582
-1149
200
3236
4983
-2818
-4813
657
-8646
-6456
4824
-3333
-8139
1427
-4967
8241
5085
2590
3390
-5135
9019
9053
7546
7909
-9832
-6120
9557
7914
-7950
-9435
5929
-2010
26
2666
2754
-6307
-1234
6554
287
3804
-19
-7684
130
410
7571
-9868
-4203
9217
-2206
9729
7092
-7295
8350
732
-2460
-2787
-888
-6711
-9747
2609
8255
6744
9587
2693
-1854
8148
-5062
-3370
5119
3285
1216
2233
2872
8933
7071
-5608
-484
4008
2839
-7651
-2803
-2608
9942
-2966
4808
4527
3025
4681
-9512
-4662
-1233
-4911
-3763
-6078
660
8702
9288
8865
-1143
-5678
-4568
-8400
-8298
-5883
2955
2132
6101
-7584
-3809
-3588
-6180
-5192
6383
5940
7483
-4838
682
-5195
3996
3674
5580
-4797
8810
6491
-2115
-9320
-9960
-9855
9072
-4765
-7217
9653
-8702
6957
-9264
2668
2760
7568
7542
-6599
-2905
-9343
6493
5793
4950
8263
9827
1922
3462
591
9058
-9765
-1754
-7002
-3575
8344
-2458
4333
1223
-6772
5555
7886
-4567
2321
3980
3661
796
5485
1733
424
2574
3084
-5832
-6099
-3060
5838
-1340
1591
767
1248
8234
-7885
9000
-6119
9938
-9011
160
5605
5957
-4302
7413
-7258
-5268
-8262
4898
-9257
-2836
-5328
-2958
-1706
-8974
-9807
6717
8707
118
-8364
4725
6772
-50
-3578
9387
2045
-2571
-2284
2389
-4819
-231
1691
-6470
-4862
8818
9582
9519
-5178
-4005
-2329
-8200
5021
4829
-5861
6116
-5187
8446
286
-5818
-9932
2024
8428
4946
224
-566
-2174
4174
-2438
3923
8253
-8745
-5120
-2386
-6819
5920
3972
-7801
-2047
7852
1833
-6404
-3841
3112
-6099
-279
-3716
360
-769
6677
5921
4543
4088
8315
6956
-9340
5636
3197
2783
-9630
8633
9517
3233
-4214
-4198
9759
7373
-2168
-4376
-8240
-1929
-5848
9837
8025
-7268
9775
6340
6412
-1877
7435
-1279
-2969
6800
7354
7929
524
6085
5733
389
-7401
-7922
-5382
-6608
8740
3867
9740
-405
-5770
-308
-6356
-5911
4560
7167
6362
9496
9933
3712
5205
4899
-6003
-323
5155
-7030
-2098
-8069
-2004
-8705
1723
5020
6710
2432
2619
9378
-7794
6303
-8039
-4714
1743
9018
-2855
1845
-6841
4127
3296
5257
470
7683
-5776
-9311
-1143
-6672
8517
-1001
-4336
-7826
9523
1467
5516
7719
5786
-8129
-4663
-5407
1601
-2869
-4078
8309
8311
-9475
5287
494
-3921
5251
-1437
100
-8608
-7587
-8766
-9215
-1365
-6150
4424
-5241
-3756
-5295
8214
7465
9088
9360
2677
-6398
9164
-5538
-9339
-6276
-6239
-5199
8907
-3056
-4794
4713
9761
-1220
6302
1121
-2147
-2746
-299
6296
-5164
732
-6755
-5667
-9835
-8309
-7995
4001
4369
-735
-3231
1271
7018
4852
5144
6229
7890
5448
-5896
-3916
3522
-2505
-9464
-6070
-7046
6763
8216
165
-2402
3636
4335
-3607
-3192
7071
825
-4562
-5478
-5642
-2630
-9790
-9153
-2923
-5687
-2916
-4301
-2942
623
3634
-7423
-9409
-8237
9474
-7350
-4335
-5920
6993
2193
7627
-7714
-8490
6795
-4314
-5860
3683
-4794
144
-8357
3206
-630
-9505
5316
-2187
-4611
1812
-6690
-7737
8509
3845
-5372
3728
-45
-5844
2558
9887
2109
-8635
-6787
-9950
-6597
-7502
-4142
5380
3320
6103
-4714
-6966
1631
-316
9619
-6546
-6103
-7606
3615
5035
-7903
2186
-684
-935
-331
114
-3806
-5633
-415
1266
-5615
-7890
-8423
-7092
3598
-154
3666
-4016
2092
3585
-8104
-2428
-3454
-7025
8873
-283
2440
-7520
-7110
-8533
1134
-6471
-3233
2828
6523
-6000
8145
2246
9250
4704
-5794
1145
9958
-597
-4931
4678
9193
-1782
-7002
1985
7858
-2098
2650
-3626
-7864
9903
1504
1445
-6795
2957
8622
-9694
-6169
1392
-6267
-6028
-181
-3751
-1509
-9748
707
-8130
-8588
2533
4757
1658
9901
-3846
2612
-6694
1069
-9169
8392
-1443
3568
4262
9982
5961
-3119
2785
1884
-1989
-3230
7755
2849
6431
-1060
-9580
9952
3862
7144
-4697
2124
-3031
1403
9189
9134
5915
5339
-1213
-6483
5661
4369
-4523
-2758
-1454
-4811
-2943
3611
-4223
-7222
2248
5707
-6963
-1508
-1582
-4776
-7420
-9481
-1285
-4157
8901
7422
7807
4164
7049
-4592
-9211
-7993
-6567
-3602
-6752
6918
2075
-5118
-8946
6087
-1563
-2415
-4632
-2336
9225
1025
615
7154
6843
-4873
-7678
1171
-9370
3134
5955
1352
858
1352
6993
8469
1447
-6302
5158
-348
4821
-6509
-5481
5905
-8178
-9414
8536
6032
-3581
-1734
-5462
-48
-356
1748
7881
575
-3118
948
8124
-5511
-8935
-7783
-4911
-3027
-182
-8065
8437
-4429
6704
-5024
-6680
-159
-2055
6949
-1654
-6200
3781
-1918
340
-1726
-6978
7175
52
-3955
3708
5417
2132
-2866
-8219
-1420
1019
-6679
9385
275
-7989
8817
7314
-2803
149
8450
610
-4643
-5644
-9653
-4474
-2999
-5450
-8720
-7480
9021
-609
-5231
6671
4435
-1322
103
6420
8161
-922
-3048
6415
2404
3418
-2601
8077
7968
8041
4205
6718
5403
-8035
-5723
-8863
-1986
-3761
-5164
268
4529
-2159
2436
385
-4525
-5544
-5499
3307
5238
2804
1393
3522
-16
5151
-4346
7231
7305
6770
-6389
-6423
-648
7935
725
-3416
-1285
4458
4489
-8165
-6868
-2712
5453
9271
2316
3876
6764
-2331
-7809
4556
-4825
-6040
4571
3461
8097
7284
1218
-5439
-8769
1352
-2176
-4863
4987
-2367
-4958
59
-8670
-2021
4936
9308
-2806
1814
4647
-6777
-2548
-5120
9657
-3688
-6460
-609
4509
-6012
7801
7824
-418
-4997
880
-9059
1005
-1006
-4193
9030
-3584
-4256
310
-5347
-1320
-8322
2295
8268
5899
3560
-7821
7805
1267
-7960
-5066
-9912
-6477
2365
9009
-1176
-9689
-5486
-2772
-3188
6002
-1674
6311
-3631
8915
1048
-3936
-995
-8965
-7226
-2888
3775
-3358
2655
7524
-3052
-7258
-5340
7533
9421
-810
3617
4049
-1362
-5942
7548
-4523
2387
-3517
-6518
-5791
-8521
-4516
2628
-4885
-6059
8586
8613
8843
-1863
9493
-7200
8011
-4998
9824
6016
2154
8955
6624
8495
5063
8332
5543
6583
-1288
2462
3571
-5438
-8127
1204
9433
3860
7075
4860
-6360
-6678
1541
-1022
-4053
6979
-1862
-6041
5435
6702
4365
7777
-9021
-3888
-8559
-9286
9623
-3650
5421
190
8469
-7798
-160
-3638
-8845
-4987
-4857
-1927
-4833
9227
9957
-3167
8881
-9648
8677
-4666
8548
-8530
-5129
6139
4014
-7785
-5182
7255
-5726
6285
-8897
9607
5879
1776
-4773
-2723
-8374
-1435
-8952
-7410
9321
-4589
7051
7408
-4231
9556
2346
-2114
8604
4173
-1669
-8952
-5797
6135
-9543
-3878
-9774
4978
-1878
-2425
-613
2251
2814
-1773
-7505
254
2209
6333
-7375
-2528
-6695
5550
-7242
-1264
-4238
-2776
-4943
7749
678
-8370
5973
2021
6889
8497
3823
-7023
-6848
3493
7435
-717
-198
6103
-2180
-6864
-7651
459
84
-1442
-4011
-7190
973
-7094
1494
-8738
8649
-2353
-5538
-1652
-5256
-5933
-6372
-9378
2586
-8904
-2220
9923
1240
-9159
-4214
-7649
7260
3294
8855
-7400
-1171
733
-1144
-2200
-6161
-3734
-420
-2828
-597
-4767
-1353
-8723
4990
-9703
4546
-4878
5099
-1206
4786
-8643
-929
1792
-78
3700
6055
-124
-1318
5843
2913
7287
-678
6690
-7498
2010
-6636
-6917
-1224
5129
4906
241
-8655
3920
7514
-2978
7235
6363
-6733
1729
9225
3892
6671
3515
-6615
-8727
2927
-8495
-6965
-8491
-9918
-5316
-1821
-6507
6249
-3082
-9668
880
776
1956
-2195
9293
-5929
6480
6084
9293
277
1861
-2485
5764
-9331
3640
-2876
8292
-2128
5467
-3120
-1140
1294
8016
7158
7699
-5943
-4459
-8037
9433
-51
4392
6705
6572
3729
-8617
-8412
4125
-1214
1747
2397
-2120
7339
8275
3084
-3418
3731
425
9964
5938
7061
-2886
-9016
-8666
-4291
358
-609
-2436
4063
-8721
7598
7153
9105
9610
-2576
-6857
-1877
-1191
-5118
2822
4515
4990
-8232
-2758
-4617
-9819
-8229
-1099
-372
8995
3740
1339
2131
6349
7714
-6452
2632
9847
-881
-7507
-4777
9019
6389
-3804
4118
-3876
-3110
-50
3027
-8490
9448
-7439
4884
2001
401
5811
9585
-3454
8083
-3540
6136
-4582
9970
242
4215
-6411
-9695
4980
