-9695
7766
-6592
-3308
1957
7029
7220
6130
7977
-1878
4454
-813
3446
1173
1067
4645
1324
-4876
-598
6823
801
-548
-8553
-706
5649
8353
-8213
5177
-1201
5461
8836
7432
4597
885
-576
-517
-1450
6102
-3553
8971
2259
-5101
8147
-5053
-3566
9936
-9823
-6203
-2085
-4269
4573
1618
4892
-7944
-400
2128
-5100
-190
6189
2921
401
7715
-1778
-3072
1359
-6629
2061
-9358
-7402
-3923
3575
-4328
1081
5067
-4158
277
5353
9154
-5009
-1387
-4424
2005
9725
-6076
-5951
-635
-6803
-376
-1331
9601
414
-1017
-1216
843
9318
-3842
5394
3887
5253
-9136
-9758
-2511
-253
514
-8194
-7317
-7027
8139
-3917
-1046
-7713
-174
3044
-4924
-4130
-8661
2977
9853
6992
-7271
-9595
-5822
-2461
-8767
-145
-6584
1861
9416
-3247
4322
-4450
6095
-3503
-815
3704
-9379
5798
-7428
4754
2496
3602
-6162
4311
-1732
6300
-7942
-4727
-8583
2927
2334
-656
7766
-3541
-4976
-210
8052
-4897
5148
2468
-4815
4123
6092
-9718
-4167
-2617
-4997
5932
8618
2557
-7849
2603
-3283
-65
-6788
-9326
9858
-2346
-4014
9251
-2807
-923
6859
8921
8506
-9477
-3179
-7886
3457
2724
-4874
5964
2098
2282
-67
5063
8222
-6534
-1212
8062
-6591
4115
7256
9403
2892
-4858
2855
-790
-921
-7775
-6606
648
5550
2951
-3284
7845
-8893
-3138
2127
-8616
4899
-1246
4388
554
-4550
-1935
8554
-9105
-9825
-9097
898
-77
9635
-6117
-2391
6338
5049
-2507
347
-8107
4296
-8760
-4670
-4004
284
1069
4071
4397
4653
-8958
7194
-9472
2756
1790
-7260
-1930
3375
-4632
6515
8251
5482
9
8554
3056
1880
-9724
-2411
8257
-6188
92
-2208
2412
5309
-4701
109
-5967
-4240
-1115
8325
-4949
-3897
-1830
-8030
9026
-5489
5210
9161
-9886
-6881
-9154
5289
2372
7398
-8789
-2023
-3909
7560
9631
-5731
-7465
9331
-9327
-1755
-9433
673
-4363
7753
-6673
5407
2908
8326
-6258
-5689
1381
-1655
7391
9776
-225
-7526
-7427
-2170
3912
-8811
-2971
-6723
1233
5278
2613
5833
-4586
9375
-24
466
-1141
8578
4854
6430
-4520
-7823
-4165
-2037
-2953
8560
8955
1106
-8733
8056
-8777
3132
-4244
-3707
-2379
9332
1831
-2336
-3865
-9310
8360
-3705
1950
8089
406
816
-4552
7419
-2756
-6957
2175
8389
-1100
-911
-1321
-4643
9651
-7257
-3531
6806
5778
-8278
6538
9040
-6698
-7635
-1506
-8130
-7751
3656
-4350
-3960
-7874
-1882
-9739
7770
-5496
-2323
3523
-1237
7271
6763
3072
5062
-2825
-5442
-5278
-507
-997
418
-8821
-1094
6939
-5028
-715
4577
4872
4976
7113
7190
-8312
6823
-4883
3182
-8117
-3870
3581
2682
8864
7810
-7064
58
-5738
-6871
-261
-3112
-7355
-7648
9353
675
-4792
8354
2995
2481
3439
-5762
8095
-541
-2230
-6791
-6165
5690
-4351
-8369
-5249
-6438
-4521
-5986
8084
9809
-643
2179
-9254
-5496
1744
-1065
2858
5284
9927
-4041
-7470
9464
-1343
4715
-7039
751
-71
-8287
4752
-4077
9252
1690
1894
7555
-5795
-6026
5239
5898
-8571
2097
-4609
2627
5103
3163
-6924
1511
-8489
6451
-4239
-849
-4503
6381
-1080
6460
-8669
8025
745
528
-4465
8853
-1097
3807
6757
-497
7913
8137
-9052
9949
7822
4693
9249
1394
-3501
923
-6173
-5679
-956
-5790
8372
-4357
2404
-8541
7410
9146
8589
1025
209
-5716
-1195
-7338
8854
2752
-9430
7452
-1739
3401
4825
3414
6902
-6434
4820
7664
-6999
-8681
8827
-3103
-5457
8668
79
3623
5063
3750
-2837
2001
3482
9505
7278
-9295
5024
-660
3751
-6172
-4342
7410
-3987
1964
-5691
-9622
-9333
-1671
893
4141
5081
-4616
177
7157
5612
1010
2752
4440
-7171
4279
-8088
7138
3867
7710
4703
9788
-7730
3682
-504
202
-5535
2554
7671
7985
-3488
6148
5443
9560
-5856
7695
-6230
2811
5154
6072
-4007
3696
-9576
7239
-9064
524
8057
-9883
9910
8982
-4529
-5432
-1349
-2455
753
-4878
-7572
-7694
-1423
-6102
-493
5463
6186
5795
6483
9462
638
9465
-9173
-4493
2460
-1518
-2036
-6636
-9369
-4949
-2127
4012
2806
-6795
-5504
-6602
-4928
-1156
-5632
-7571
6801
-6356
8387
-6527
2526
-6596
-1129
-7252
-7417
1303
-8796
8573
-8359
7336
-6923
-7257
969
-162
90
6057
-1309
180
4422
-8402
9534
9485
4443
-3585
9095
-2528
7844
-2771
-7903
-1372
6554
-6667
-7176
2539
8846
-279
-9649
-7807
-5187
-8801
1244
-5734
19
-1421
9373
4184
2728
6565
6618
-6666
-3691
2949
697
6910
5473
5697
-356
6799
4994
5734
-2081
2466
-9827
-3684
-4416
-2225
618
6585
-5029
-7806
2114
6869
-680
-7342
-7228
-8271
1758
-4486
2197
-2580
-1155
3148
5958
4505
-1896
-1393
3597
9284
-9184
1259
-1956
-9154
-280
-3466
-5310
-288
9985
-7298
397
-1421
434
6290
3019
-8977
1323
9792
-2941
1275
-781
-8947
-9889
6112
-7657
-3194
-1044
-1869
3169
9996
-9653
-2189
-3571
-6176
5108
-8210
5786
-3987
7170
-364
-4802
8823
879
-3845
5017
-8365
-4156
-7959
7710
4851
7061
9815
-3340
-3170
-293
7050
475
7506
-587
-2630
2799
8401
-2395
7152
1878
-242
-8480
-535
6154
6437
6834
5500
-5956
-5846
-7771
-9815
260
9381
2923
-2941
3371
-116
7401
-5396
-8751
-3740
7454
5942
-2806
-8739
8555
-2515
-3602
7286
3072
7724
8206
-8503
-2387
8692
7629
5514
-5699
-4024
187
-6461
-6561
-7786
2517
7562
8690
1499
2440
3196
4570
376
9421
3972
-3922
-9279
6433
8816
4272
-7232
1734
-1198
-2508
-6673
-251
-2807
-4583
5137
-2073
214
337
-2537
9881
-1371
-1783
6807
-8069
9127
-6132
-4320
3768
8408
9372
-9180
4021
-2165
2214
7280
3961
-8740
-7926
6818
7988
-9938
-684
6891
-9669
4736
-3894
-9696
6385
-8327
-198
9945
-1546
9958
8786
7116
-670
-5922
1056
2356
7531
-5965
2694
2027
3161
2353
8766
-4171
-3553
-909
-8593
-2485
1589
2428
-8816
-4804
4936
1053
6366
9532
4428
-3442
-7816
-3992
6807
-8841
-8002
3232
-1594
5545
-8732
6483
4343
-3661
-7901
1143
-7562
7555
-387
973
-6164
3932
-4752
-5963
-6499
-3098
3937
6281
-6708
1636
-3907
-1619
1452
4449
-1514
-294
-5887
-2945
-1712
9558
2186
3973
-4724
-9663
-6869
-1067
5728
9491
8732
-5532
-3214
-781
-5282
-9941
-7304
-1347
-210
-754
-5975
-5041
5684
-9918
-5428
-7709
1015
-7540
608
-3875
-3595
9065
3315
-8470
8913
688
-8221
1598
-3933
-6216
-1672
1982
-2138
7033
4170
6552
-9161
-4407
-5087
9444
5048
9962
7335
3558
-2968
-5829
-484
-1806
-4412
711
-3116
3192
7813
-1928
9094
917
908
-6308
7862
-5891
-7133
4794
-5886
-9203
-2883
-6552
-4918
-1383
-5556
-8456
-2897
4619
-1966
4921
-4977
6475
-2929
1233
5422
-135
2595
767
-5958
6679
-482
-2759
2487
-9513
-21
2707
-74
9700
-9949
1828
-5569
3634
3873
-5577
-8312
-1298
-8963
-3680
-2004
4136
6849
5839
-4998
6510
8561
7871
-2020
3612
-598
2816
7664
-1770
-1087
-348
-849
-4137
-3369
-5648
-9895
-5903
-9355
-5880
9862
8372
6501
-8343
-7358
-528
356
-9455
-3168
-10
-9309
7816
-9710
2863
-9347
7794
-8628
2817
-4460
2282
-3579
6440
2645
-4608
-4725
25
8384
9908
-4307
-7749
9935
-5729
-7237
-8347
3810
-83
6667
9298
-9417
-2750
2158
3349
-3984
-2212
-7225
2123
-1620
6309
-3814
5461
-651
-9398
-3567
3235
-191
-2646
9614
-8368
-361
6905
-8067
-6022
485
9567
5393
4046
6175
-7782
6407
-4107
-9278
-448
-7771
1200
4337
-533
3527
-1680
-1423
-7415
-2504
-6363
-7993
-6211
2216
-5803
1764
-7324
-240
-9407
2508
-4823
-2036
-8695
3134
6686
-3645
7733
-9473
-3426
-8764
-513
3757
-4158
-2348
-5896
-8959
801
7059
-5633
-9871
-1744
-4629
9913
-2086
-6086
-1546
7932
1892
-8325
7314
8026
8493
1243
4008
-3091
-4949
-1667
7821
-2170
-5758
-9757
-6891
-8416
-7091
7528
4792
-6900
-360
-6436
5800
-3193
-1011
6999
6260
-5049
-2232
-5704
-6208
-5079
-7582
5715
-6809
-1855
7496
-8266
-2042
539
2049
1070
7651
1837
-6434
-8522
-6366
9839
-6176
-6059
-6082
5152
-6273
-7627
6847
-9597
-2186
-893
3257
-2723
-855
-9568
1197
8406
6802
-6011
-1720
-1857
1755
143
291
-3536
6215
-2624
6659
-6652
-7929
1229
9148
9216
5300
-9424
-7300
9916
3455
-5218
-8492
-9513
-6895
6593
7409
5876
5431
7002
-2051
-1312
9470
-743
6338
5429
6615
3400
7332
5399
4004
6914
-4559
8195
-9871
2395
-32
-6169
3383
6275
-137
8121
-3979
7073
4804
-2950
-153
653
5078
1905
2906
1652
7556
-8465
-941
-7519
3014
1997
-3080
-9464
-6997
2429
-8356
1575
2147
8425
5756
-5297
-5600
797
3709
1567
-9918
-6211
4038
6966
2710
-3666
6355
3457
8340
-7637
-6624
3494
4957
7340
7989
-3588
1426
1111
2857
-9794
-1702
8567
2709
7976
8689
903
-6131
-231
-5681
1455
6166
-6364
1120
-4491
5242
5947
-1573
-72
-9635
-2160
-8627
6795
5749
3328
7657
2244
-7300
1909
350
3039
5909
-3504
8278
2551
7609
-415
1819
-4510
4258
5257
-7305
5040
1983
-156
-5383
3970
8418
-6226
-5274
8648
-6727
6123
2872
9976
-7189
-9787
-5423
857
-6452
-9711
-1925
1866
501
-7492
6301
-7576
-9821
-7804
9930
-9670
4295
9451
1155
-9772
-960
5678
-2035
5706
9907
-7545
6792
9845
-2331
-4856
-2151
7114
18
-8832
7096
-3262
7404
-9558
-8419
-1089
-5750
9065
-8920
-3451
-3941
7860
7066
7074
-1967
-8664
527
-479
1212
-6215
1105
2657
-365
-6059
-5280
-6496
6967
-8456
-2824
-2455
2404
5762
5788
-3477
-2484
-2915
-1502
-1711
6674
1070
6191
-1260
6507
3794
-314
-8891
-7739
3765
-2779
6379
-1400
-5428
8843
-4021
6059
5711
5651
4721
-7343
548
-177
-2027
-1030
-9707
-6595
-3491
-2873
6212
-4008
2836
-1741
9515
-903
514
2610
-3504
-9696
-2499
-2493
-1400
3294
-1364
5472
9658
5735
-2084
-2669
-2108
-655
-7341
-9212
3722
4569
-3610
-3018
-640
-6797
9796
-9592
9408
-4206
4769
-2917
-3702
-6912
-8818
-5006
1259
567
6700
-5697
-7238
1926
-6783
-9893
2747
7024
-1566
1586
8903
-5459
9780
2736
7473
71
-9209
-353
8868
8565
2417
6987
-7057
2566
4608
8216
-8849
9966
4019
-5727
1890
8498
441
-6084
-1729
-1963
6724
-3387
-3351
5724
-1468
-8707
6663
-4728
8477
344
8643
5606
20
6807
-7043
4165
6451
8718
1869
1026
-4340
-6746
-1221
1041
8875
193
7483
-6679
-4038
-4821
8352
-1578
5799
9173
4751
8140
9413
5741
-4254
-2205
-1795
7098
4358
8600
3906
7364
4659
3665
-6098
-6243
-777
4762
-1439
6263
-5754
2167
8204
-3821
-6564
5804
2893
1188
-4368
7783
9428
-9695
7175
-1885
-8497
4000
2714
2790
3424
3550
7467
-1115
-5365
140
5057
5138
1190
-9808
-3503
-6453
1958
3213
6182
4759
8547
-1139
5792
-6466
-3717
747
-4070
-2888
6617
3868
-2603
-6398
6632
-705
1634
7120
-8295
-1107
-4484
8499
-8000
813
-4924
-7368
6232
1926
3618
-3053
6128
5289
-7668
-448
-326
7396
-4144
-4051
3248
-6020
-4540
-3454
-5249
6806
-2089
5959
8392
7778
8027
-8652
-986
9888
-6026
523
9492
9540
-6295
-5056
1927
-3372
-2111
5050
6453
6471
1925
-4410
2501
-2675
-9611
-6128
9476
9657
3895
-1746
-9860
-2062
-5572
5212
9359
-3149
7713
-3239
6627
9091
9751
-5028
9067
-387
-1060
-6522
-9216
1664
3450
8242
8305
4582
4847
1196
9728
8501
8380
-2344
-5359
-117
-2044
-9693
-1926
6365
-4191
7176
2967
-4545
-9192
1213
-4314
-9848
-5799
-4064
7472
3248
7960
-3914
5808
2049
-4148
-8003
3019
1334
-6635
-3064
2018
-6956
6529
6816
5049
9838
-3936
-5338
-2647
-6855
5100
-3766
9853
5797
23
-1964
-3015
-592
-4733
-2537
-9443
8270
2089
5911
5212
994
3829
6045
-3491
4874
4423
806
6895
2287
-4214
3021
-2606
5910
5315
1795
-8226
820
8781
-8813
0
-5636
5698
-1021
-9975
-4914
7976
-9347
8672
2781
6903
2928
-8274
-2166
8788
-9693
2271
4840
-7407
-7081
4055
5020
2360
-1192
-3226
3249
969
-8707
-7659
7930
8862
3577
-5565
8990
1022
9630
-1628
1926
-750
-1031
5284
708
-8712
-4821
7206
4923
8061
-3647
2160
9903
4469
-2244
2523
8571
-1848
8210
-6955
276
-5485
6196
-3009
4976
-4425
4765
768
-786
-3988
-6835
-7005
9124
-7519
-7910
5805
-4503
3692
1093
-2122
-5300
1984
4254
9308
7818
-4308
-2674
-312
8354
-5207
-9993
4915
7082
-6500
1322
2197
3108
-4829
5054
8194
-2245
-2155
-4060
3640
7747
9923
2727
-5632
-9568
-7377
-3600
70
9493
3263
-6271
8806
7974
-8063
1609
-6578
3397
-802
6395
8021
6109
449
-7035
4284
-7566
7016
6100
-2160
-9685
-1524
2186
-5980
640
7225
1792
-4004
-1178
-6671
-1751
6567
9847
533
2136
2781
-6442
4441
-2469
6286
453
9523
-8593
-8204
-5321
825
3634
-7250
9920
-5331
4065
2756
5818
7915
1135
6292
-2612
-9241
8621
-1474
3905
-4340
220
-9629
3341
-4427
-3736
998
3524
-7345
4693
7359
605
3977
-8981
-2132
3878
8923
2717
-8280
2807
-3835
7626
-2692
3549
848
-1944
-8072
-3302
-1788
-86
9879
3540
6022
9148
6308
-2577
-6137
-6671
3948
-3802
-6002
-2067
342
-8385
-174
3564
-7426
311
7097
-3641
6550
7163
1118
-8498
6641
2272
9912
-1351
-1954
2537
4620
-5049
4808
-1520
9725
6844
1721
9263
8480
-7024
-8449
8685
7587
3550
-559
3383
1720
-6850
1389
-3193
4510
-2474
-8504
1964
7617
-4449
3089
6674
3648
-8873
-4116
8196
1865
5510
577
1850
-7830
4999
586
-200
-9465
-628
-5740
1460
2350
6610
2771
4355
6503
9242
2219
4315
-5386
-3452
-5642
-6462
-5425
4822
-8676
8032
-925
-6386
7190
6567
4968
249
7699
527
-1591
6382
-1257
5773
-8351
-4836
-2077
-4842
1247
3051
-8332
5839
5884
6930
2733
4361
9762
2931
4802
-4917
-612
-8543
5048
-8007
-4817
203
3669
-5214
8131
965
2852
7463
-8142
-5051
-2250
-929
-4219
-2784
-1827
1017
6064
7343
4852
7263
-6389
4285
-6588
-1080
6740
5846
941
3838
-8032
-4651
8193
4951
-8976
5659
-1818
8334
-6249
-923
1351
-911
9992
9056
1287
8672
-7029
-161
3066
4200
2041
-7452
8350
-4558
-3893
-8751
7001
9958
-240
-4664
2424
1717
8645
-5305
298
2700
6515
-4185
4077
4619
-5350
6096
-2120
-4387
-7033
5645
-6817
-6041
-1190
4479
5673
-5673
3006
8172
-7918
4270
314
8239
-7970
-7396
7250
839
8799
1266
-9327
-1307
-4085
1874
1383
2894
-7975
7619
-5539
-8803
-5160
6094
-1039
8966
2061
2604
-1625
6836
-1927
-1345
-8997
6953
2871
167
2801
-1016
7995
-6382
8580
-8767
-1087
-4153
5184
-120
9664
-3679
-2237
-6656
9532
8603
6432
-3858
-1525
-847
-2668
-278
1536
-1440
-2329
6186
-9604
-1791
-6389
-2232
-2414
2358
-5423
-8100
-6296
4663
-2112
2241
-4563
-8238
4370
-6381
-3872
-6199
-8827
-2682
9175
1918
-5098
-7209
-5786
4496
964
648
-93
2625
-7440
-6106
7567
4807
523
4263
7795
8895
-3358
-8153
-1539
-5422
-8554
3409
-4037
-7311
5397
4925
-2125
-3203
-868
-7602
139
-2854
6497
-7079
-1004
-849
-5360
-6165
4450
-9219
4801
-4065
-3869
-457
831
8446
-6965
-9895
-9585
-4874
3052
449
-9689
4225
-1640
-3326
-6954
6296
2761
5437
9417
7044
-9379
-8001
-6423
-7614
-6204
1097
-180
-5639
7222
5757
-2023
3190
6344
8621
-8465
1160
-1734
-4140
-4070
-6889
-4547
5818
9131
404
-7108
1140
-218
4770
3884
-4428
-752
7719
-976
8116
-6938
5018
6343
5739
-1640
-805
-3458
9225
-5053
6534
5703
9046
-6423
-8090
-7433
8196
5458
144
341
-56
5573
7882
-561
5747
3669
8870
-2712
-8779
-2746
1995
2049
-3478
4317
-6205
-4779
-9001
-7348
-9036
9672
-2558
9234
-3844
1133
3892
-2176
-5058
-5068
8024
5262
-2801
4079
4822
-8541
-1766
-7790
2014
407
-4382
7423
-2970
-3749
4980
-1157
-1754
-9482
9932
-8245
-5767
-8312
-8539
-5379
618
-2875
-826
-8389
-2782
-2793
1353
-5981
-3088
-4552
-2627
9949
-8079
6648
-7791
8039
-6921
7962
-9877
1499
8655
-3958
-4102
9215
-8357
948
-449
-4318
-997
3434
-6065
-7122
8683
3308
918
-390
353
2571
-5563
9010
-2966
-3143
6888
6410
-9766
-8339
6276
4288
4292
614
4724
-571
-8464
-9302
1190
-2896
9312
-256
-3636
1390
-1653
-6521
-7113
5013
3435
-5462
9552
-318
6301
3161
-3901
140
-6467
1288
4741
-2405
9974
5153
8576
-6037
-2036
-4202
9612
-1769
2299
7810
-7051
540
-6611
-9915
5650
-1140
-1123
-5777
-8637
-1761
6443
-2917
-926
-7211
-7933
6194
-1040
-4670
-3234
-3864
2128
6087
9618
-7465
6042
4587
1880
-3443
9563
-5563
6133
8497
8554
-566
6081
-3844
4066
3500
6144
-5813
4245
4205
153
-1477
-7267
4058
-5214
8410
3439
-1865
7865
-7064
-9166
-6041
3613
-2745
-1471
825
-1610
1742
-9453
112
3310
2733
8207
2377
-7738
-307
1517
4133
-6227
2145
1913
-7352
6371
5230
-602
-8397
-8317
-9282
-5176
-2116
6515
-7584
-42
-4998
-6547
-6306
3065
5509
9800
-3511
-2027
-8105
-8344
-8126
-6239
-9767
8656
7355
1841
4397
-5579
8198
4183
-905
-7251
-5114
-7026
5409
-7670
-1144
6275
6600
-6013
4316
5406
-6061
-854
-4559
-883
2048
-3055
-8979
8420
6114
-3215
4896
5179
6833
-8323
766
-8722
-3820
-7530
4806
869
-8300
8782
-9980
-3468
3515
-6507
1821
3539
9436
5472
2533
-7258
1425
7488
-763
5797
-1785
5745
-1512
1171
-6434
6172
4752
6935
-6382
6504
4482
-6829
-5069
-1452
-2214
4267
8234
6773
-158
6956
-2471
-5917
-9751
-3878
-2343
400
581
-6350
-3598
9098
-3274
-951
1782
-2238
7421
-9742
-1430
3030
2268
2378
836
3603
3551
5465
1421
2188
4581
-6854
-8706
5339
-3523
6391
3962
2388
1616
-143
-1801
-9311
-9070
2070
9118
-5701
6306
-5708
5106
1643
-8281
-8537
-384
-967
8765
-3417
-5644
3522
9565
4705
-6733
1973
6984
1496
3542
-7889
4053
-6808
-4703
7864
-2465
9448
-8706
-2838
-2560
-4840
-4778
2854
-3172
-2113
3605
5042
5745
7418
-8837
-4825
-8681
7584
5190
9027
-8600
-4038
7914
-4858
4915
4155
-1436
-612
-2901
6149
-2027
-2286
8347
-4010
529
5342
-3751
1004
-6346
2333
2044
-3844
3197
-5226
8856
-4720
-443
-5910
-8452
5110
-1198
-9602
-1656
-3513
9895
-3633
-6287
9088
7476
-8460
1957
-4528
1988
-8646
-1431
4471
-5976
9025
176
-226
9783
5301
-4202
-7667
-1650
-8932
-3863
2777
1303
3286
-7889
-8508
3645
-1819
-7594
-7382
-3099
-9255
5934
-6559
-7182
-3641
-9908
5995
-9953
534
7638
-5733
-2144
540
-3387
5378
4968
-7986
4785
-7393
8869
-1582
-6536
-5928
6821
7580
4055
-4650
4163
-2193
-8578
-235
-3414
2765
-2613
-3040
-3037
-6599
810
2813
-3696
-2187
-6764
-5285
4181
104
646
-4936
-1915
9851
-6044
-331
9675
4514
-6982
1044
-1045
-7276
-7638
-9350
1954
-2543
8014
5654
4660
9717
8508
3916
-3522
9502
5146
2215
-8998
1035
5113
-4037
-7443
3108
9111
-7868
-9494
4273
3095
-6246
9091
-4726
-6953
-543
8512
-7516
-1834
-4445
-2192
-7861
-990
7347
3563
7103
1230
-8694
-4647
2232
3395
5679
7741
2757
615
-9644
-2151
4230
-2532
-1032
6654
1711
2169
8809
123
-7102
-9668
-7903
-8596
-1399
-3720
7369
6938
-6663
-7211
-2791
-7225
-2771
-8318
8702
-3985
864
2094
-693
8502
-8821
463
-2343
553
4043
435
9064
-6142
-5385
1366
-9559
-4045
9159
-2123
5687
2351
3777
8132
-3240
-8539
3857
6447
9382
-3095
7353
-4244
7299
7208
8662
-2401
5021
9651
6541
-1231
3277
6579
-8129
9813
-6776
-724
9445
3903
-4352
3181
8275
9908
-6055
1862
-7560
-4041
-9438
5547
6104
6463
-3068
-1435
8688
-9912
-2579
-7114
9556
1165
3474
4945
-1619
1507
-5330
-8001
-8692
-9316
-4041
1907
9650
-3873
-2319
-6191
-1430
-4518
-3783
-2084
2507
3434
-2680
-1119
9675
-3466
9498
300
8746
-4663
-2573
-5167
4135
-4484
-7174
1625
3198
-7017
-6453
1087
-8664
5942
3193
1157
6537
4490
-7319
-5849
-7442
-3172
-1783
-5191
-6531
2683
-8610
-3927
-818
-5039
-7661
3000
-3051
773
2959
5525
-8128
3774
-5325
1011
1410
-8254
5497
7767
-8321
4221
-8915
3622
1099
-8843
1899
9332
-1701
1124
9117
7424
9496
-6431
-3869
-1569
-8615
5586
-6033
8075
2607
459
-7264
-1577
-3394
-4331
9478
-1598
-7423
602
542
5284
4392
7911
-632
-4351
2955
-3151
3743
-999
-3407
-6478
1516
-8431
9513
3964
683
-6474
345
4264
-1214
-1764
8318
5378
9569
4974
-1410
6396
-299
-4652
-5995
6967
9727
8357
-1672
-4183
-7406
-7017
-1026
-2511
4630
-7674
-5307
-7503
4400
-3118
-1743
-8086
3936
-4313
9346
5430
9075
-2978
7916
-8631
9715
-7162
9252
-8720
-6838
-2304
514
-2899
4579
3833
-7133
-312
-5327
-5136
-6709
9152
1890
6435
-5929
2449
8391
-5991
-9694
6501
756
-4905
5376
-1576
8396
-767
-5381
9263
-1009
3416
8084
-4630
8296
8148
556
4224
-5846
7855
6532
2868
-7405
-5786
-9551
3187
2356
-4889
4319
1859
-7334
-8006
-9020
-5688
2594
5626
7471
8770
7016
-4296
2869
-9266
-425
-9374
-4144
-588
8291
-336
-1927
7167
1825
-5510
-3528
-9401
5964
5833
5420
-5863
-8823
3961
7281
3383
-8812
-5910
3818
-7276
-9799
-7317
9314
4595
468
-5310
-5131
3082
-1316
70
2234
-7262
1628
7172
9217
-980
-9191
-2994
-1288
2637
-7533
-647
7183
5315
9000
3175
9108
9095
7168
-4089
5431
6923
8706
2691
-7086
-8587
3125
3107
-6441
9603
-8612
-1463
1698
3086
-3563
5211
-846
-3073
6330
2268
-6603
-7160
-239
-5323
-7877
-4819
6966
-8439
3822
-5308
9018
-8914
-3743
-5694
1210
-7247
-9838
-5180
1842
-2012
18
-6674
6530
4478
4918
327
-1577
9850
6611
6633
9168
-8215
-6495
-8608
-3701
-8404
-6384
-3540
-7126
-2324
-9906
-4883
1269
5585
979
-3934
-6848
-2668
2343
-9136
2099
-1342
9949
8094
-8775
-1532
-8293
3648
9635
8430
-7740
759
-9497
-8300
-7331
5357
-1423
8100
5602
-9787
-664
-6854
7548
2050
1640
-7479
-8004
7648
7379
-2739
-464
3495
-6644
-7880
5616
3121
-1251
-5572
-5729
-1172
-4963
-5826
9437
3082
-5814
4727
6435
-2717
5681
1012
-3126
-6765
4501
8781
-8369
-9718
1676
7994
3123
-7379
-3865
-1749
-9013
-6
6635
-846
8616
-8470
-7258
-1606
-4623
-8050
7305
-2545
5930
4899
-6642
9100
-6196
9613
4923
-3344
-4413
825
-2746
-7375
7664
9293
2268
-4895
-3378
9581
6251
-5404
-2111
-2071
-5281
-9365
2187
2816
5205
735
-4351
2519
-701
-5321
8025
-8793
-6366
-9576
-683
-7784
3658
-4637
-8461
2218
-657
-4705
9139
2989
1669
7162
-8348
500
5442
4229
-6051
184
-3988
-2441
-3130
3799
-8810
6689
7257
-4473
7749
214
3147
-8764
3558
-527
-4754
-3462
-4847
-3976
-5983
-8346
-1089
-8420
-2142
-8643
6011
-4330
6445
2549
7889
9483
-4659
-9867
997
-1425
-6237
7520
9806
4860
-2131
-6524
-6370
-8201
-7898
2857
1814
4700
-5667
-1572
4800
8720
78
-9514
3455
-7036
-1407
-7033
-2326
-8342
-3719
3183
-2661
-1562
7155
2115
2532
4990
1210
-549
-3148
3831
-206
7568
9084
-3273
3099
8286
-3077
7868
7194
-2412
-565
5720
9408
-7181
-5178
7715
-9283
-1687
4060
-7889
-5149
6281
1035
-910
8514
-6332
-6439
6595
2087
4426
-4717
-9417
3635
8846
4769
3033
1339
9060
-3472
5997
-6231
-851
9819
-5039
-3868
4714
-5648
-6552
-476
-1204
-9092
-5258
-8449
6019
-8565
1426
2329
5771
-8328
-4460
9165
2657
1524
1188
-6483
-2513
-2933
-1789
7028
-6116
1633
4897
-1906
-8011
-3268
6174
2765
638
-2673
-1357
-9282
-4061
251
5678
362
3246
9674
6373
6170
-5472
219
-4038
3427
223
4416
-1514
-8211
2701
-482
-6152
8944
-9938
-9536
2386
-7197
5462
9530
-6773
5485
4390
-1439
-6938
-9324
5934
8336
9164
-5460
4367
4722
6786
9447
-2705
1682
-2981
3460
5581
3281
-7086
-9663
9081
985
3130
5279
5691
-5824
-2942
-3037
-1907
2537
3861
4675
4570
5964
2882
5788
9508
7628
-4866
-7446
-2711
-9595
-2379
3771
-9906
3478
-8617
4885
-5160
-4753
-2958
-1554
-2932
6442
-723
1193
843
1645
-4868
-4929
-2376
1419
7560
1910
9690
3050
-3841
-162
-6794
-3914
7911
-2948
-2418
7782
4955
5815
-119
3707
7913
-2277
-371
-2418
-9079
5452
-5701
-1556
1023
8858
5296
-8975
-9944
-2057
9912
2902
-7303
5870
-1433
8742
2318
7468
3942
-5002
8751
-7819
4807
4956
4313
-2675
4934
6444
-9952
3589
7103
-9518
-9322
-7269
-70
493
5803
-10
-4007
-1451
5589
-8895
9760
-6199
-564
-3013
396
7280
3941
6003
8556
3736
5007
5939
7257
-6049
-6657
9732
4926
-2889
903
7076
7728
-4155
3020
3243
-3518
-6156
-4618
995
2122
-7700
-9520
-9322
-6061
-404
4072
748
4350
-2556
5256
-9571
9510
3519
-5816
-510
-4587
4842
-5504
1014
2596
-5001
1487
722
5601
-7000
9000
8429
-4391
-1949
-5400
322
-2599
-7171
6906
-3228
-1037
4380
-7537
3113
8987
2068
-4004
2221
-9259
-6324
8678
7858
2926
-6035
5091
-2056
7810
-1648
-6953
-4160
2066
1492
2115
-7681
-459
6048
7552
8709
-6335
-8464
-30
-5633
6681
9158
-9863
-8943
-1174
-3377
-1908
-5486
-8657
3218
8798
-3728
6095
-9833
-6286
-5261
5738
7245
-9546
-3097
5952
6551
2276
-9141
9987
-8163
-7543
-1629
4794
159
-445
-8291
-8949
-2825
7879
2546
4705
-3058
9953
8114
-4268
7375
-934
2088
-4483
-9025
4992
-7763
7292
-2899
3480
6237
5578
1773
5990
-226
5293
8812
7007
4366
5134
4147
3632
3804
-4447
-7918
-7549
6881
8551
-8159
6172
-8308
8184
-9595
-3745
6423
6423
-8563
-3059
1786
2069
-50
-2404
4707
3256
-5147
386
-6110
-8821
-1083
3337
-9557
-7832
-1461
6163
2236
-9622
-1316
-7703
9223
7615
-157
-5927
8464
338
6325
-6631
3536
2070
7642
1692
-7510
3788
6616
9378
3980
-2293
-3249
9754
715
-1695
4906
-2779
7247
6814
606
-5351
220
2449
6634
-6248
9347
-5980
1407
4692
2402
3316
-168
9083
-9847
9776
-4282
7355
8424
-8230
5632
9340
-8297
6488
-3954
4575
196
4794
-3817
6031
7430
2080
8385
-1416
2571
6624
-9115
8897
194
-2667
-4103
3340
-5106
-9675
2911
2529
-191
4971
2406
-185
9199
3677
-6395
4081
7593
-2143
-1639
-3058
-8926
-2307
4230
6335
-5106
-4831
3236
2137
-6399
8250
3021
-382
1047
-9879
1731
-5921
-4959
-1758
1034
4677
9117
-1534
1422
4897
6036
3851
8107
9709
6920
-2554
-4886
5167
-7983
7806
-7199
-76
7824
-5097
1056
16
7719
-5031
1528
-8184
3209
3760
3024
9950
8483
4003
-3734
6361
-4688
5676
-8299
-4192
-9539
-3358
-6015
6627
8372
5024
-6693
-9160
-6137
2802
2689
9877
5735
1862
-3535
-1931
-560
7955
9117
-8743
8169
7644
8416
9186
-7567
-7763
3437
-890
-4778
2313
2155
4664
-69
-5618
57
-1997
5505
-355
-7171
621
-3336
7818
-6344
-192
4137
-5693
8983
1297
8581
-5490
-6466
-6188
-8283
-7805
9000
8918
-9213
8619
8820
5891
-5873
-3944
1327
5215
-5608
3316
-6002
-4717
265
-4858
-8757
-3989
6692
5947
-8753
5406
-8526
3867
5664
-2725
9179
267
-7846
3553
9944
1713
-7981
-3747
7766
6193
-327
-7653
4366
2030
2959
7952
2121
-1332
-9092
-2888
-2413
4849
3911
-6598
-8967
8917
7219
-426
-2145
-7996
-7621
-9176
-101
8277
1008
6496
-9257
8784
4629
-7871
9653
-6464
-8185
-7977
-362
-867
5080
1608
6416
-2185
-189
3783
-1441
3656
5331
5203
9561
5661
23
-3783
-6032
-4155
3011
1624
8555
-553
9582
9526
-213
-3630
-740
7863
-616
6581
2923
3519
-3970
3966
-1181
-7438
1505
3972
-4411
6322
1006
1116
8647
5021
7996
3375
3197
3220
1570
-5510
-4932
1213
2824
-7365
-7965
4718
5361
-1816
-9584
-7963
5454
2178
-8392
-7636
4106
-2929
-7299
-7635
4467
807
-2282
-6042
5846
-5582
7635
1256
9904
1085
-9789
3793
5532
-7444
4754
3914
-6373
-4905
8713
-2935
8986
8105
-7368
-7851
255
7191
7279
4733
-9792
-8825
1594
6238
6808
5760
-3366
-2565
-1207
8419
-1917
3139
-5513
-5712
-1628
-8465
7637
5181
7949
7681
4464
-4482
-2438
-7551
2777
7218
-7183
-2940
7133
6168
-9123
-7105
-3953
-6069
6433
-2536
-7322
6297
-2420
9570
4767
1011
7170
-456
-633
638
-3596
1204
-592
-3921
-2422
2115
3265
-4205
-197
-668
-4006
7079
5463
-7152
-1465
9087
839
4288
-9716
-8798
2967
6979
-7454
2220
8025
-7263
1059
-4263
-7826
-2588
-143
-6764
394
-2574
2644
1458
9339
-619
-1462
-3177
8386
-1841
-6199
4570
-943
8203
1628
8667
-9731
-4901
9209
9747
-8209
9584
-9161
6106
-3738
-7352
8397
598
2282
34
-3976
6082
-5808
7836
2627
-3311
6458
-5054
4372
8184
6132
9296
-2311
-3783
-6107
5388
-1234
187
-9010
993
4863
1627
4621
849
5270
6246
-1730
-511
8294
8464
602
-8455
5606
7735
4477
-7537
-7515
353
-3962
-2901
-551
2881
-5186
3650
399
-6772
1149
-9865
3866
-3798
-5811
4888
-3203
1003
2187
5154
2346
-2083
-8930
-6355
7395
-9334
4723
5199
3035
6585
6163
-615
-2465
8934
2783
6918
-908
9486
-2316
4132
1796
-6804
426
7434
-316
-9335
-1713
-8532
-1157
4667
-2996
6671
-6045
-2156
-5667
5911
1891
7207
-1159
-8340
-2280
-4272
-2517
9985
-3370
-3510
-5437
7298
-315
2967
-4196
-7308
1786
-4111
1414
-3822
-8320
3636
5755
-5336
-4847
-8520
8324
-7778
8982
4535
-6812
-6585
-4451
-613
-6211
8206
3355
2783
-6346
-642
-1908
-1770
-9354
-6325
1721
7732
4805
-8296
-2776
4145
-6161
2469
4795
354
-9954
-4527
890
8946
-8212
9959
1091
9763
5422
-9637
-3639
-7110
3664
1417
-8764
516
3380
254
3086
2261
2705
-5536
2759
6818
5315
-4488
9972
-8325
5243
4807
576
2272
-7323
-7987
-199
-6689
-3543
-7216
2483
6294
-8882
-150
-5845
-292
-5000
7415
-4481
-842
6542
-2256
5296
4519
2734
-5378
4859
3581
-6483
-1775
-9550
-7291
-4220
-3047
7651
6116
-2385
-9604
4279
-3231
629
-1980
8812
-8432
7547
9498
-9701
-9286
-2096
-7499
-3440
3173
2713
-1447
-2856
-1692
6588
7365
-4861
-5886
-3549
3260
9332
6659
2591
5459
8895
9873
4197
-7114
4027
9669
8286
3513
9131
6774
-5885
323
3012
-757
2434
6357
-1522
-6521
-2004
-2088
-1068
-5668
4647
-8736
9126
2793
-3620
-487
-1960
5267
-5248
4158
-314
2600
-1862
-6449
-1032
8089
7415
8821
-6260
-1145
6121
3998
-2175
-3407
-6806
-6100
-6038
5571
9515
-8496
-3756
-4703
6354
-9615
145
-3752
-5572
-7155
568
5933
6431
5383
5773
6746
2550
8583
-1372
-5449
3083
6061
9640
6040
4376
-605
4105
4980
9516
2794
-6717
9235
9614
8136
-3326
3549
-8545
-2669
-5653
-289
2434
5343
-6957
-8703
6186
-2286
-4237
-2957
2013
8875
-1912
9949
-9103
-448
701
8562
-9313
-1401
658
1762
1088
5495
9193
1725
-2693
-7224
-3305
6075
-6279
5265
236
195
-6288
4230
-2270
-6604
-9315
210
-9505
-7400
7604
8919
-9106
9913
5113
-2665
-718
8864
-3279
3789
-5555
585
-3467
-7781
-991
-6115
-4446
8816
-3396
403
6168
-4127
-9451
4218
5657
-1313
162
3897
6836
-4476
-2449
-1571
