6754
2457
4223
-6350
-7910
2843
-3522
-2937
6643
-6967
7539
6769
-7078
-3957
-7797
-8801
4505
5510
3883
2382
5210
-4799
8954
-6682
-7866
1415
-7337
6723
-1071
3175
-2027
2345
1626
5896
6406
-9406
-6760
-6423
-7609
6606
3588
-2615
-8614
381
807
6305
2366
8539
880
-1773
4011
-501
-5772
2743
-6683
-8360
5665
-5503
-2168
8265
8057
-4424
272
-6134
-4095
-8801
-9722
-5132
115
6760
-9051
4918
-4948
-2774
8053
4288
-7753
-229
-9131
9489
-6902
9451
-3148
-241
-7732
-4597
6208
4284
5881
-9917
2241
9137
3346
-7025
-1205
-6684
-6418
23
4276
2171
8190
-4584
-5465
4274
-3498
-449
-3791
6979
-800
4164
-1330
7215
3796
-347
267
4400
5364
5302
-6410
-9362
7790
6350
7529
478
-6210
-3930
-2381
4253
-6663
-1187
265
-6101
6246
7555
1617
4607
461
-8676
7230
9146
-2064
-4868
7486
-6470
-6442
4336
-3209
-6524
899
5306
6623
1633
-9065
3389
4310
6003
7130
-6560
-4007
-4448
5558
409
-3654
-191
-8535
545
-4157
1699
-3524
-7366
7031
7562
4977
-840
-4270
-6638
9518
-9333
603
7915
-4730
7103
7625
-826
-37
9610
-5207
2134
6131
-4464
-8059
9914
8887
8523
4345
8646
-4766
-8421
-8859
1997
-7356
-2655
-5420
1454
8864
8220
1864
-9673
-6138
3767
6297
7125
-8117
4256
-5120
-9431
465
9169
-1746
624
3610
7480
-9890
-4523
-2385
7795
-6858
-2367
9054
-1332
356
-9924
-6624
-8746
6983
-1383
-6024
9204
-1819
536
9001
-1549
-6273
-1963
8394
-2941
5726
-6259
8806
-9902
9397
3686
3664
387
2339
64
-9123
-3148
-3499
7197
-1375
2486
4374
-7694
1513
-2257
9965
620
1311
-2947
7419
139
-4029
-9545
8080
-3994
-6670
-5973
-5464
-2507
-3977
3920
5130
-1619
-9921
68
-2350
5430
-9408
5883
-35
4676
1524
8440
-2472
-7628
-5742
-9065
-69
9023
4212
-8976
-6542
-782
-6510
7544
2749
-5546
8037
-9342
739
-325
-9628
-704
7458
-2935
3874
5170
-75
8312
3173
-9896
-3871
5290
5568
-1876
-9276
6970
-7082
-3654
-6757
9415
3429
3094
7018
4091
-9743
-730
9224
9203
-4276
-1247
-1831
3876
-906
2701
-8989
6986
-5706
8255
-490
9383
-4867
-401
4720
4228
4800
6890
-2214
-5197
-373
-957
-2044
6460
3959
5789
4496
1461
6178
-4654
1282
9819
9059
-3627
-8878
2905
-3723
-3418
1474
-9090
-7620
466
-7505
8993
853
-5153
7778
9627
-7198
6775
-3758
-3836
3043
-707
-1804
-8037
6674
-3145
-2801
-6993
1062
-2703
6957
-9007
-5656
6196
366
8801
-6528
8022
3354
-8161
9676
8678
577
6353
-9295
8165
9398
3332
1376
-4297
6152
8778
-3125
-4276
-9561
-9125
-398
-248
6797
2933
8576
-6070
464
-2151
7141
2973
-4111
-3161
-4567
-6430
9813
-6832
8111
5163
3817
1230
-2554
5928
-5265
-4141
-3043
-4490
8656
-5093
-9774
4027
2793
-8170
6492
-7092
7749
-7612
-483
-6227
-6626
7903
-9093
1321
748
8857
6657
-8911
-5324
-4085
6177
9744
-7606
8130
2080
-6137
-1069
-3560
3952
-9927
-7279
4346
6284
-5156
1730
5970
-5932
6994
1181
-5889
7268
9896
7793
188
-4806
3475
9718
-3598
-4450
-4176
8698
-377
-7468
4454
-2705
-2996
-5803
8906
5676
-4056
-3364
-8513
7013
-4406
5608
-39
-651
-7047
-8886
-7494
-7242
2082
1780
-6515
3269
-2700
2993
-578
7751
5994
-4203
-9976
631
-5265
1750
-695
-6864
2388
8027
494
6808
-9805
-1992
3762
6575
1767
8373
5078
-1685
-3527
6800
3768
3564
5419
5377
-8215
1233
-5913
-7988
-9212
9858
-4125
1043
-6200
3759
-7537
-3292
-8896
-3939
5179
1825
-9520
9211
9950
-8468
7583
-5638
-6357
-3398
-46
-1108
-1516
6974
4537
-624
-7966
6567
-2286
3168
6575
2453
433
2809
-6599
-5738
-465
5200
7835
1695
-668
-5494
6742
3925
5687
5331
-4347
8289
5563
-4570
-8858
715
-9931
8142
9973
9643
472
9607
5074
2149
6150
-778
9714
2585
-1304
1129
6120
3959
6220
1605
3785
5222
-3470
-4922
-5641
-2109
1004
-8489
1820
-5275
-4749
-6670
515
-7080
-9287
6257
-2096
7557
-5104
-2764
8316
-860
-4831
-5417
3138
-5817
8928
5576
-5555
8055
3333
6709
-7620
6630
7758
4050
-2818
5102
3504
-8554
-914
5525
-3932
2905
5452
3998
-9072
6965
-9189
-8060
8231
6276
-927
9512
-927
-12
-4439
1029
-6981
-4132
-6492
1314
1191
-1379
6313
-1498
6650
2255
3283
-4966
3465
-114
3142
3872
6432
-9142
5491
8234
6002
-6123
7047
7674
-1829
-5617
5742
1640
-7077
3485
-494
1245
-4743
5488
311
4734
-4297
6160
-4197
-9058
-8080
8070
-307
-1994
2132
3156
8744
-2838
5375
-5893
-7459
4835
4391
2727
4827
9174
-8457
-3410
5636
8641
-936
7676
-9466
8845
-8638
-5030
-1743
-6289
-364
6326
8099
5525
-9459
3299
-2107
2098
-2937
6233
-4933
4086
-1486
-542
-3008
-2646
498
-217
-6428
-1172
-2167
9792
-6466
3417
-2643
-6773
5306
3268
-6259
-3328
4937
2701
909
9430
4960
-9927
-4832
-9629
-1037
-6705
-5220
-2143
6650
-2379
3363
2087
-927
-2328
9373
272
4368
195
1911
-5276
-2506
6519
-4795
9228
-4759
1215
2905
-7117
2027
-3698
-4351
-5351
1968
2435
4537
7737
-5277
-5151
450
-6101
9815
2035
265
8374
1958
6874
-4204
-9107
6160
5265
-7450
6110
4392
4789
4912
2184
6858
9357
617
-2788
-4192
8793
-1608
8844
9181
-5192
7361
8908
3026
9570
943
6411
-7080
5880
-7395
-5835
6109
-4629
8161
-6278
-3188
4980
-7764
2138
9554
-2502
414
-8402
-4935
-9540
9706
2372
-5221
6543
-4188
4587
4655
5647
5199
-9138
-9185
2287
1087
-7643
6078
6702
-3682
-1724
2468
-4807
-8740
-5974
-2088
-7095
-1955
-7165
-5164
-5008
6086
-5679
-1116
-6485
-2787
2029
7581
-6320
4789
-4732
-2071
2379
-217
5753
-4551
-5714
-1060
-6305
180
1211
-2063
-8850
1520
-5505
4615
820
8620
600
-2662
-1815
3567
-4877
4053
8777
-3326
-8000
1318
-3031
978
-2581
394
8951
-864
-3434
4501
6516
7507
-4740
3052
-9018
-1742
6489
2270
2819
9960
-4227
4977
-8176
4047
-299
1962
8892
-229
-540
6249
3843
4790
-7683
4625
-5248
3424
-1628
-7865
6990
8846
7148
-2223
-1239
8209
1622
9984
3187
7859
8948
-6110
1767
-8005
897
-1382
8933
-4013
-3896
9786
-1246
-4169
7430
9389
5336
6038
-124
1442
-3140
4798
-886
2040
3711
7336
5483
-4298
5897
5275
3382
-6729
-178
-8617
-5783
-5249
-8595
9214
3377
-2098
-8814
-9919
-1567
4820
2126
903
1628
2435
-5448
-9401
8612
3938
4236
-2913
-660
-6327
-6648
8786
9852
5537
9233
4978
-1694
-3835
991
-7846
-8930
1497
5708
-2797
5486
-8950
-2172
2800
-8047
7918
8051
-7881
6003
-6575
-6028
6018
-5341
4256
-125
2082
-8411
-5802
-6048
-6907
9456
-4312
-1878
-2931
-5283
3744
-4433
6369
1518
-9586
2250
-8433
7516
-6665
8290
9700
-7206
-8007
-4164
2429
-8857
-7685
-3011
5336
4116
3544
-9941
4177
5518
-2806
7427
9299
2105
-4710
-7955
-8280
4812
-9511
-7793
-7758
-6826
2461
-3843
-3582
-9252
4716
-177
-2555
-9131
498
2096
2184
5062
-1306
3333
7113
5554
3486
6350
-2201
-6550
5035
6616
-2574
7556
1192
9193
392
278
6030
14
6581
9737
-9057
4818
-3301
5487
1674
-5871
9562
9704
-8193
329
8040
9712
-112
-4363
5918
-4793
-338
-4035
-6346
-1029
-6140
-7307
9986
3339
-5752
-1540
-8045
901
3747
7369
9160
-695
-4584
2955
2560
-4041
-2047
-2234
9061
2686
-4693
7052
9581
-4255
3880
-5821
8136
-1694
-1461
-683
2559
-7701
-8824
1108
-1555
3087
-7575
4271
-1117
7522
-4888
1634
6816
-2157
-3310
6720
-1051
6278
5627
-1253
5912
4291
-305
5531
-3026
-5144
1962
4205
-1465
3551
4353
-471
3608
1303
434
84
-6698
-7369
-5194
-1603
4773
7490
-2175
760
-1627
-7551
-3846
-5000
509
-123
9340
8839
-368
273
454
1961
1662
-4976
8256
9717
6924
289
8182
-54
2648
-1830
-1056
1815
-9352
-7018
1150
-6803
6160
-2060
50
-2051
-4678
-2728
6928
-9338
-4521
5582
1587
6123
9458
-5501
-6587
-5833
-8791
6133
8678
-5678
-3351
2175
-7821
7049
9279
6301
-4118
6936
5603
-8958
9149
-8800
3593
6279
8392
7833
6810
-9921
5698
8671
846
-2757
-9091
-3258
858
-6042
-9582
-2794
3162
6928
-1127
-463
4406
20
380
-1022
-8118
-3030
-9477
-9192
3814
-4542
-3721
1299
8244
1385
-8741
-3630
1877
-4196
-8491
-6566
6224
2364
6244
5719
-9271
-3737
5660
8
6918
-246
7962
1917
8072
7886
4238
-6976
-9859
-8391
-9019
7984
7247
-374
2377
-4390
8333
-9695
3017
-8841
2493
2412
4117
958
-3692
-8752
-6950
3094
5305
-3287
-4789
4019
6028
-4686
970
4282
8659
-8289
-580
1335
-4838
6087
-4755
-3418
-9198
-1644
-268
-8659
-5815
2002
-4742
-9908
8289
4669
9640
6383
-2402
5420
-8975
-395
-6846
1829
-1592
-1108
3232
-8205
-8837
7619
-1305
-9906
7425
-432
9098
8916
-9416
-3855
-617
7957
7345
1799
5573
7462
2759
5993
6660
8270
670
8717
9931
3032
788
-1844
-2940
1018
-8760
-160
-3479
4258
7119
-9736
-8977
-7779
-6164
1493
2954
3040
-9546
5959
-237
-1660
-8012
-7725
7106
5991
7452
7151
-6020
-4174
4137
2409
-7097
-9940
910
7183
167
1603
2953
8020
1863
-445
-712
-605
1974
-6021
-591
6128
2058
4753
1102
-7245
-7202
8679
3291
8181
-8716
-3156
-9472
5007
-1554
5948
3580
-222
-5274
5196
9759
-465
-1515
-514
-3217
7359
4068
-9649
-8822
-9294
9928
3018
8434
-6311
-959
-9746
-7550
-1130
-6193
1840
5475
-6854
-4203
-7568
-951
5924
-3468
-1225
-6928
5467
6207
-4074
3992
1357
-7765
436
-1882
7032
9305
-3681
-2438
3382
-6309
9138
-5394
2872
9174
-4877
-455
-4480
-5056
-6708
5287
5982
-2047
774
9227
-6682
7743
5661
-6784
-6738
4324
6082
-3359
-8936
-1360
-1893
-7980
-4941
-5748
9422
4303
890
-5422
6936
1672
6481
-9748
-2438
2581
-7660
4928
9910
1542
-5470
-7104
9649
-3063
2647
-9386
-9383
3207
-5151
-1553
5487
40
-7990
-2786
-7826
-3147
3396
8481
-7466
-1380
4702
-1912
3857
1007
1131
-320
6923
-3489
7081
2864
9970
-3300
-4500
4792
-1291
1367
-8452
-8181
5953
8998
4078
4635
4328
-496
-7818
-9449
-672
32
-6975
-9931
-3261
-9828
-9489
2767
-7438
2205
132
6686
-4294
7626
-251
6963
-636
-4527
5637
-7783
-412
4415
1161
-6944
3816
-7479
-1384
-4938
7932
-9812
3525
7051
1948
3208
2889
-2808
-755
-2471
-1132
-1817
3023
3176
4591
-8866
3750
-4926
3323
-3998
6712
1254
1450
5188
9228
7571
-5953
2270
260
2779
4164
-774
-2935
8544
9822
-3465
-4326
-2578
3838
-5549
8534
8766
8647
6737
-3956
7466
4400
-9667
-1995
3904
1144
-9540
2386
-1233
3613
-4252
-9857
-7506
-4289
-7791
-7867
2619
5980
2211
7800
2065
-7328
-5116
-6219
9282
3376
-254
-8469
-7278
8609
-8552
-4297
3287
-1723
5747
2
-7253
9803
-586
2062
6096
4526
4539
-9209
-921
4588
9922
3470
-3588
6596
8388
-5832
-2410
-1366
5856
8856
-4109
-3774
-3124
6855
649
-2075
-3634
-4018
-5057
6982
1179
2287
9936
1679
686
3690
-6014
1418
-4625
6375
-5764
-5400
-6119
9610
-8937
4212
7331
-695
2623
3260
-8340
5865
8402
-6374
7404
8057
-3067
-4007
8205
6714
7425
-7343
-3519
-8669
-9787
-2994
-7569
4596
6854
-2963
-1282
2526
-4957
-1082
5624
8488
8851
206
8263
-4434
3599
-4139
-7904
-5349
-7467
-4459
8821
648
-238
5199
5344
9807
-1812
7703
-2365
-8546
-602
3857
-3273
-9809
9838
-8392
-1176
3303
-2610
-9969
2724
-8421
-3242
-6366
6426
7988
3433
-1232
8942
-4474
6482
-8610
3523
6056
1859
6698
4483
7248
-5438
-4175
426
7654
7736
816
-6769
2895
3702
9100
5048
-3705
2746
5051
2497
2797
7023
4628
-387
4210
9268
6667
3783
6540
-8904
-4566
-8518
-9706
6585
6728
3411
-4725
-2859
77
7085
7341
-6203
-1905
9086
-9288
-9352
2762
4409
-5490
-521
7143
-9069
-1530
7901
-9312
1859
-3382
-1634
-8771
-4067
-567
-7377
3588
4616
-4659
9501
115
-2775
7370
9999
4415
-4463
6330
1264
-4194
945
2114
-7023
9941
-726
7061
-5943
562
-6362
5018
6650
1858
8012
-1238
-1298
-5868
4624
3374
-7144
-5321
-1865
-7758
-2094
-209
3087
9957
683
-2871
-5981
-4992
-1528
-3837
-2878
527
5940
3201
-7113
5862
93
-1299
1348
-593
-9903
-8062
-6288
-9475
8612
2581
9848
-4157
1949
3151
-7492
-8269
-4721
-3313
-4218
9616
-5670
1291
-7432
2108
-4548
8622
-7862
538
-6471
-8719
2522
3267
-3849
7695
9800
1480
-5430
7813
1718
8775
5351
8625
2576
1571
-2450
-2072
6345
9027
-1582
-5597
7405
-1030
4187
-1667
-537
4138
4914
-3017
-6439
-8340
4790
394
-8429
-1979
9102
3612
-4545
-8249
9924
-7331
-6731
4322
-9069
-109
5466
-3310
7125
-9042
-3828
72
8193
2533
-9752
-4147
7963
-628
9015
-6994
4849
-5723
4348
6148
-31
6459
8026
-5914
-2479
4109
6215
-2774
-9280
3899
-3475
3817
-9935
3336
4870
8187
5682
-5848
1342
4797
-1348
811
1234
-4379
7757
423
7143
-297
7306
-9721
-2653
517
3952
-8595
-7910
2601
-1567
-3613
-6500
-4684
1384
3103
-8626
7999
84
1102
-7216
712
4965
-4465
4227
8589
1601
-2766
4193
-5311
2401
-2408
-825
-4156
-1565
-4817
-363
3184
3086
3539
-2273
8072
3625
-6597
-3898
321
-1392
8569
706
3659
5462
-1489
7881
8176
-7362
-4921
-2198
9971
-8227
-3302
5346
3905
322
3036
1155
8427
1325
-2699
-9566
-4387
3405
7197
-9587
4252
-6813
752
-1970
-4194
9515
-4194
9895
-9162
-172
9173
-2568
-227
1718
5653
2286
-4246
-6700
-9312
284
8206
3584
2336
478
4485
5303
4478
-3053
-8705
7475
-1253
1802
8855
3911
2659
88
-2932
-1301
8889
347
2460
3317
-9216
1188
953
-6737
6372
4278
-9638
-8660
1610
-477
-7545
-4417
-4907
961
9491
-326
740
4445
-3381
4116
2286
-6028
-7777
-8535
-5964
6690
-1745
420
-3811
5004
1613
8351
-3365
-4229
3462
6892
-3424
8654
5934
-4381
-9344
-2769
-5244
-4250
-3398
5651
-3157
-6932
-4096
-820
9155
-560
3375
-8726
9984
-3865
2053
5033
-3372
3946
2099
-2912
-7804
4918
-8857
-1641
6958
837
7650
7031
5631
-7749
6931
-1388
-3825
-5247
4499
2043
7018
7461
-4230
7841
-3593
7106
8212
-2400
-4910
-3857
3226
1441
9540
-138
-1115
9031
860
3202
9709
4206
-6327
-2309
-4749
-5097
-7571
-3728
-3472
2444
-2710
4337
-7426
8144
-6195
6653
-5447
7381
-6921
4283
7717
4785
2346
-6974
8369
6058
-4920
8729
7174
-6555
7266
-774
525
-7420
4215
-3543
8136
-8056
3093
8329
-4679
932
-8430
9749
4906
-1036
-3666
4744
6721
-7651
347
-2507
9144
-536
-4833
-2397
-1126
6104
-3579
-3704
2786
1722
683
-1933
-2789
7867
-5603
1173
-4309
8561
-4665
-1086
-7302
230
-7328
45
6663
-7944
7033
3060
-4247
-5829
6900
-4236
7697
5417
-2559
-8751
580
1621
-7936
8584
6389
-1132
-4969
-9555
3668
-2099
4897
-4647
-705
7159
7038
21
6046
4109
-765
5653
5407
-9795
7786
-2112
6486
3183
-4752
-8631
-638
2993
743
-5327
-4420
-3730
220
4212
-4586
-1559
9693
9439
7306
-8008
5498
-7130
-6063
5230
877
9120
-3002
1228
2823
2901
5319
-7287
-3077
-2197
1718
-2701
-3057
8714
3900
3816
9535
5796
-4616
-5380
6419
9034
-6881
-2265
-8152
-7149
8628
8708
1890
-8916
3288
422
8913
-8301
9566
-2138
-513
547
-3037
-9453
9981
-6487
8087
-9216
-272
1027
-1197
-7117
-6406
4439
5596
4599
-2742
-1881
-2916
9817
-7893
-7366
-9636
-8909
-4213
3331
-4808
4596
-4581
-5882
864
8785
-6480
8817
-1141
4722
-2269
-6629
-6153
2035
4994
7787
5638
4994
1041
4859
-4917
-252
4571
-7255
-2209
-5400
-3727
5727
-8209
3796
5350
-5150
437
-4260
3163
-3557
-2677
-6511
-4204
-936
-4142
4488
9672
-838
3937
63
-9284
1547
3834
9104
-2729
1207
-6438
283
-7912
-3112
6386
4632
-3247
3176
-9399
-403
503
1495
7739
3514
5431
-3866
864
-8556
-5710
-7159
-6968
-9171
9650
-4497
4473
9434
-4503
-2355
-2514
9848
-262
1900
5999
-2478
3360
1141
3920
9877
-4847
2805
-9235
1494
-9273
5250
-4886
-9486
3790
160
3286
3061
-1772
-1308
5949
6782
-1659
-3247
5857
3634
9640
7409
-7633
-8064
4318
-5845
9589
7709
-2542
9553
-7370
-5061
-8237
9205
-1015
1934
-242
-969
6018
270
920
-9078
-4228
2566
-4614
-9803
2301
-3992
3919
-8586
-3795
-6131
2139
3216
5985
9216
-2364
1156
-4021
5687
7083
-8362
-3110
2986
7464
306
-4113
7574
-8052
-3279
-9110
-5372
-918
-5515
-1327
-6020
-3122
-3196
-8120
-9687
-2681
-5965
6648
-5499
-1234
255
9314
82
-6039
6377
-108
3219
-53
7165
-3575
-5143
6427
1727
5271
6620
-2983
7794
-6329
8641
2943
-95
4991
-3273
541
202
-4860
-1043
3998
-5384
-2990
3048
-3775
-126
-925
-7945
-1055
-4200
8337
-4954
9927
-5430
-1987
-4030
-6896
-3622
2400
3517
-3039
-4522
-6895
3714
7354
-9135
327
2086
4688
4236
-4324
2083
-7985
-4483
1645
2948
2560
5217
-4795
2281
9584
7690
-7041
-6637
-7038
-5278
-9599
-7964
9027
20
881
5319
8521
-3768
-2445
1955
4360
-7126
1561
7629
-652
-2445
2148
4745
-5595
4146
-4248
4860
7166
-858
-7185
-8951
5151
9003
-3072
865
-2533
6762
5429
8394
-4383
-679
2359
-571
-9112
-4550
-4893
-2893
5153
1695
8967
-4483
6001
7237
3791
-2444
-7882
-6587
-284
-9057
-7277
9980
753
-6887
-30
607
4976
-5330
-9826
5657
-8497
-9719
-1451
-5424
-6049
685
-3455
-5503
6790
7162
-5559
-1080
8284
-1145
-8485
-322
3015
6140
7767
-5956
4641
4058
-8515
273
1159
7283
5134
-9001
-8670
-3580
8556
3738
-2557
1599
-3657
997
-2526
3816
-1234
8285
-4189
1938
-2176
4099
-2646
7025
-6245
9238
-2879
-2899
-4312
-1425
7661
-6749
770
3844
6187
5286
2406
940
5610
-8266
1041
-1565
3340
-3772
-9886
403
32
-1239
7754
-3492
-2002
8885
-1017
-2622
-7002
1953
-514
6388
-9218
-6959
-9480
2790
7684
5013
9030
-9375
-7344
4183
9716
-2153
-3470
6895
-1232
3768
8285
3368
-7499
-4753
-3270
-6226
-1019
9059
1863
4586
8657
-6540
5042
8176
-825
-572
6636
-3295
-7407
8566
-6101
2855
6713
6784
3982
2092
8251
-8561
-9310
-83
6169
-6826
-8779
4723
-7850
7613
4704
-5423
-1314
1172
2491
-3491
5866
1238
-8618
4865
-2714
1020
-6986
-3682
6171
6579
4898
8033
1493
4377
9902
1150
-2405
4
5258
2305
9936
-9354
4892
-1692
-4305
-1845
-8359
-2729
-3287
-7677
2551
-3349
-3763
-7564
-9673
-5114
-7927
-3928
-362
-5261
2055
7067
-6711
-2179
-3633
-8514
2470
-9205
-2177
6456
-6675
-5148
116
4883
2610
2466
2756
8959
-6116
-5669
525
-3984
-6010
-3152
2450
4300
4659
5441
-7123
-1485
8580
1600
-6316
8270
-7371
3430
-6815
5762
4224
4003
-8061
6750
-2836
3063
6746
7149
3579
6886
4644
953
6517
-4275
2637
-1480
7
-3573
2159
-3134
-1464
7794
-5080
3414
1171
-6265
4456
-4531
-952
1557
1470
7553
-6992
-9878
8437
-9795
99
-1619
-3772
-7867
7332
6256
2472
4661
6057
-2458
4832
8436
-5208
9904
-6892
-6126
-8837
4048
-8403
-1000
-3859
-8878
-7986
-6888
-7324
-5585
606
-7345
8494
6943
9465
-8299
7581
-8250
3006
-7024
6035
5657
7826
-8600
-2991
1892
10000
3411
8670
7500
566
5687
-8307
-3010
-5721
-3622
9555
-3685
8694
6172
-2196
-3925
-8141
-281
1463
-2777
7479
-4989
5333
-5510
577
5654
-1713
8765
1889
-2314
3623
8383
-3295
1167
9200
9714
-5654
-7042
8612
-9922
-404
-7793
-1838
-619
-5413
-8602
-9670
7001
-9731
-5340
5248
-6615
-3877
1333
-5011
6828
5889
1127
5996
5163
8461
-8219
1113
754
-9209
1070
5220
-8336
-4328
3205
2620
-8459
-5755
8686
945
8864
3290
-3878
-7288
-2376
6102
-6
9932
-6041
2516
8758
-3051
4752
-3076
-4930
2350
153
-9477
-5951
6772
2213
1156
8007
-5124
-6538
-2101
-2446
0
-5233
2726
4171
2254
-2922
5552
-5783
3579
-2378
-8878
-7417
2938
-6172
9601
-2371
-6343
-1710
-4958
-2948
-813
7077
-3023
9211
3861
4239
3554
-5784
-145
-4306
3972
8268
2917
6798
-117
1346
-7274
-1175
-7774
5272
-8112
-4227
-8911
-6027
-8144
-1351
6083
-7185
-405
-3255
-9491
8253
5233
2124
3854
5108
-3891
2954
-6400
3043
9709
6387
3064
1870
2910
-9146
-7283
5574
-7128
-6951
4644
6071
-4040
2664
7115
-1765
-7494
-9336
2546
6833
58
-3820
8729
6381
-3006
-1650
-6411
-6010
5421
7997
2352
1664
-9303
-2721
-1772
-7123
-5363
-9714
9338
2012
8540
-2087
9237
-2773
3152
-5076
-7791
-2693
5107
7987
-6603
-4790
2596
-4971
-274
-3118
-7308
1989
341
-3884
5358
-3910
-6313
7678
-832
-1388
5400
-8041
-5157
-1884
4863
-9647
-2325
-2994
4776
-1433
-3422
9125
4459
-6160
-3890
-4459
-2789
-8098
-3464
-6155
1235
4784
-1836
-1771
8513
7146
2753
-4006
7505
4672
5483
4041
8310
-8747
5344
1983
6105
7826
-4368
9221
-8904
2663
9054
2871
8189
8467
4649
-6890
-4950
3582
4430
7957
-4678
-1014
8039
-6733
-7533
-3
-5103
6751
4053
-9696
9084
3849
-2557
5947
1575
-8789
-1691
5295
-9119
4522
447
7229
-3036
-7404
8431
7020
-7701
8590
-1138
6572
4259
7848
8586
44
4859
7034
-767
-4304
7148
-4639
64
1678
9968
5934
-9039
-3903
9021
5530
1823
-1724
-5572
418
-8688
-4146
-2187
1967
6344
-4991
6984
-4731
1006
2126
1885
-8438
7312
6491
968
7072
3855
3879
-2171
5570
-5205
-2323
-9331
316
1134
1897
1801
-4387
5992
-1748
-5756
2260
-5128
-1274
4703
1586
-627
-8474
-6669
-1535
5694
8748
-2090
8228
5534
-1640
-9497
-7796
2727
1391
5796
-6725
6789
9529
-4098
7343
846
4209
4900
-3495
3178
-1497
5718
-7798
-7758
-8412
209
-7193
5846
6145
-273
-7966
230
4608
-3670
-4866
4709
-6223
-5281
-1520
-4125
7676
-2286
-946
4347
3290
-2279
5640
-7446
2582
-8598
6448
-4556
7627
9013
8241
-7824
-2898
2308
8258
-3271
1419
-2265
-9917
8414
-6267
-118
-890
-2032
5704
4592
9240
-8619
-3594
-3345
5611
6715
4107
-833
2543
8615
1198
-5390
4297
-8702
8857
2688
-1825
9098
-7698
-3627
-7910
-4199
7111
-2185
-6903
217
9893
2790
-1987
1887
-8065
7371
447
6121
4372
-9413
4011
1611
-3895
-6031
-7040
-4085
-4142
9413
-53
9297
-10000
5767
-9875
-9641
2010
-3370
-572
-5786
2588
-1250
1244
-1671
-4984
-6582
-7746
-9802
4084
-1973
5442
-3910
-6448
3466
9227
7715
9392
6314
-5210
-1787
5380
8367
-5690
5331
8497
-239
-5369
-6073
-4353
-7361
-2078
9382
-3434
-1466
-9763
-7262
-588
8106
4903
8908
-122
2396
-148
-7140
6821
7317
-507
9248
8066
-7656
8162
6485
-1224
7941
-1648
-3814
-3449
-4548
-4005
342
-8164
600
2309
-1352
-3606
-7240
-7966
-4822
-4026
-6359
3100
8891
-3406
8021
-3428
1868
-4893
-412
-2144
-3056
6526
1426
2476
926
-5307
8737
-8832
-4972
7152
9570
-7765
8988
9896
-2306
314
6416
-90
9492
-6742
-2922
2108
5901
3131
-7447
9809
5845
6897
561
-6816
-1130
4852
-8187
1426
4748
3143
9479
6048
-5690
3117
-9959
9131
7110
-977
-4915
-9614
-3467
-1941
-3469
-60
-2266
-1542
-765
-4860
2527
-7699
-4238
4136
-5224
-7238
122
-2338
583
-9643
-7971
2876
-3362
-9001
-4279
6631
9998
2345
1061
2668
-880
-8881
1653
4085
6891
9959
-3921
-539
1839
-4075
577
1736
-1440
-4667
-7349
-2910
-5101
1017
-2406
-4150
-8913
4202
4602
-350
-6987
676
-3868
-7466
-3539
5834
4397
3842
9990
8695
131
-2383
9755
-6691
-2520
-555
8338
-6498
-2503
349
-7927
-2805
2237
-9647
-3747
1993
7231
9728
-4091
1769
6214
-1093
-7182
1024
-4339
-1170
-5801
-6376
5130
3056
-4933
-3178
-7943
3974
8650
-9137
685
-5797
-9844
-8099
-1995
-7685
532
51
-3194
-2647
-999
-939
7906
5682
-3216
2511
-6468
1031
7707
8068
2979
-29
3302
-4736
-5166
-9076
6071
-6692
1112
9323
7133
-6601
2334
5780
9008
-4494
9708
3823
6729
-4252
-7295
-5273
2992
7950
-9239
-4600
6316
7402
-6624
8178
7381
437
-4408
5972
1515
6662
3366
-5561
-4622
3770
-8363
2978
5775
819
2218
-3493
-2162
9311
-3893
-8160
1095
6426
-859
8737
-9396
-7264
-8061
-4395
2642
4597
-129
-8544
-5451
5306
-9228
3043
9293
-2377
8244
93
6144
-182
-7888
-9177
-4710
-8586
6747
7569
-930
8383
5284
8131
-5988
6509
-8399
-7381
-3157
-4570
-6242
149
9473
-8314
9691
4543
-9445
8838
5159
2372
5790
8591
3176
5720
-6526
-6492
6611
9935
-8683
-6885
7322
6933
-6338
6436
4499
-426
4717
-1605
4081
6459
-2726
-6827
6205
-8460
-3409
-203
-6862
-5903
5541
-9119
-686
9640
-9887
-2995
4105
-4976
469
-4132
1962
-5644
4602
508
-6165
7966
-5426
-6278
-1925
4713
7214
-6743
5676
-2425
6803
4578
8948
-4289
-4175
3232
-4115
3074
1419
1600
1199
5058
2115
-1266
-9747
-6428
2479
-3958
6137
-8168
-1582
-2188
4650
4161
361
-488
117
-9861
8216
8127
-1018
-5712
1568
6761
-4563
302
914
8058
9430
3131
-1634
7038
-7638
5833
-9079
-6571
-4291
-3696
343
-7319
-2872
6438
3496
5225
-4130
8284
46
5607
8684
-2657
7929
-8885
-6956
6016
417
8027
-5245
-8718
-993
-1906
3369
-8192
-5467
-1931
-7631
-1137
384
-1566
2611
-6998
-1128
-9623
6707
4548
4025
8614
-9270
-7026
-4231
-8828
1686
9028
-5208
7325
-813
-81
-6202
-8553
-819
5656
-1294
9943
8657
-6316
-7291
-1462
9144
9581
-8054
-2897
7966
-7175
-9656
6396
-4755
2352
-4207
-4667
-3876
-8168
129
-7183
-7528
-7763
-3230
7685
-4336
1979
5968
6359
-6754
-7978
2019
-9161
-2263
-4919
-9433
-4935
6617
9187
8460
8208
2206
-2228
-9499
1850
-968
-8558
-2481
9146
-9226
-237
-1521
9234
-1347
-6732
7665
-3386
156
5897
8182
-2116
4679
2637
-2987
4749
9979
6676
-7533
-3718
9608
-9855
6742
-5634
8481
-6348
-6458
-9950
-2907
-6323
-7243
3887
-4897
-4662
-371
-9263
-9909
-1606
-7355
2782
740
1417
2477
6469
-5401
-8519
2432
-8971
-3504
7936
8407
1677
3939
8333
-3734
5811
6440
1454
4555
7970
-1008
-1351
1891
-1928
2100
435
-938
3959
-9000
-7082
7481
7415
9847
-1302
1886
9844
4427
794
-8300
-2544
-17
-9623
-407
8124
-5334
-5694
5385
6374
-9939
1224
4518
2568
349
-2489
2372
-5133
-9506
-1266
-6383
-1610
3319
598
-5243
-2763
-6483
-1776
-7577
-4767
-9974
7759
2053
8514
4263
649
6285
-3245
5564
7299
-4688
-8960
-7249
7625
-4763
-8343
4918
-4819
7234
4323
-1578
-5245
7885
-3792
8871
8558
-8030
-1495
1357
-5310
6090
-677
3494
182
4964
-8633
-3130
3822
8550
-6052
-1090
-5272
6098
-8708
-3756
-9951
-4889
8901
-4383
5257
-175
1901
9400
-7000
-6252
-9557
7857
-5049
-4095
-9224
5834
5903
9073
-1239
-2687
-3150
-6916
2236
-2731
4251
-7333
4812
-4205
-3473
-2460
-6263
7167
-6354
-1654
-421
-3357
649
-5090
-6980
-4009
2349
6029
2124
-6071
3068
5731
-2754
-3392
-6868
-5521
4163
7018
415
-7703
-7620
7983
258
748
9992
-6676
-4961
4431
-2280
-5220
-7877
-7471
-7720
3164
-8364
3619
3008
2221
5468
2111
8069
2790
-8234
-4941
-837
-3576
-1112
6507
-3512
5741
-1239
825
5916
-4688
-6782
-7749
-9698
5885
-1974
-2404
-4420
-5882
-4988
-1386
-2814
-6112
9390
-5200
7896
4968
-8540
-8855
-9012
-3164
5017
1614
7422
-8455
-3923
2426
-4522
8407
9738
9792
7471
-4111
1293
-3498
7611
-3476
-8391
-932
-6857
59
-6613
2571
-5986
-2254
-3935
9612
-6645
8119
3920
1692
-5807
3114
-5451
4198
7407
-1573
-8247
-2721
915
7890
-6729
6919
-724
61
-2194
-7223
3433
6495
4709
-5654
-2280
-6800
1668
6307
-9349
-8661
9514
2029
-6473
-5820
-8789
-1236
5233
-6722
-361
-2875
4896
9409
2479
-8131
4709
-5899
4079
-4624
3580
-8474
9734
-2577
-5818
1031
5511
2712
-6390
-1002
-3094
2468
-2909
-1187
1553
-567
4444
-6315
2314
9897
-9185
-6121
-3083
-5234
3941
5327
-740
-5418
8541
1000
1545
9231
-7289
-9489
9413
505
-7819
-8362
-9438
685
-4908
3612
4391
-6515
3132
-8738
-6478
-6332
-7590
282
-5306
-991
6358
3893
-5680
4445
-1804
6037
-5663
4606
472
9130
-6122
7267
-2825
2029
-7892
4597
-4825
-3595
-1658
5003
3073
4338
-8646
2974
4008
36
7316
5968
-5543
1661
-2378
353
-6441
7956
7666
-9933
-4703
545
3678
8723
-1310
-6615
-3891
4257
-9758
883
-1401
8961
-4997
6809
-8837
-4878
7645
6850
-73
-1426
-613
2891
-1787
-6710
5657
-984
-6603
-448
6804
-8961
7229
549
6066
-1610
2789
-6026
4419
-5690
-4362
-6031
7635
6284
-6646
8571
2211
6700
6612
2723
1408
-6484
-8042
-4995
5178
-5967
-2902
-3929
-642
1207
-6673
-6981
1691
183
-4947
-252
7282
9699
-2865
4750
-8035
-2515
-7320
-2512
9857
-5991
-4218
2141
1499
-6718
-9559
-6080
-171
451
3613
-1331
5648
3050
2057
1180
-8682
-6035
6557
-8009
-3905
-9912
-10
6271
956
9442
8415
-333
-80
7691
2171
-4027
53
-9867
-4504
7475
6985
-3717
-3664
-2039
-2268
-541
-8569
-6097
6752
9812
4630
-2756
6071
-759
7657
-5554
8999
6348
-8945
-9789
6654
-8589
3881
5161
5477
-9281
-9789
96
-959
6961
-6088
-9338
-2324
-9091
1296
4166
-565
-8326
-6951
8960
3560
3083
8075
8732
-2332
5580
3471
-9711
1967
-4991
-6830
9112
9165
-9460
1410
798
5966
8325
-6859
735
-5795
5085
-6667
9811
-3645
2421
-8676
-1926
6958
-2864
9090
-2068
-7558
-2619
2522
-2514
-7851
1444
6746
5262
6433
-8537
-1020
-5343
9242
2906
1148
-2729
-2414
6859
-2726
-255
2141
-2899
-6455
1154
4988
7614
5846
-2606
-9375
911
-8138
-1046
-5203
-5366
-3867
-891
-3996
-8369
9138
-787
-6338
9267
7364
-558
-6864
4761
4016
7588
9636
-8431
8737
-3560
8314
4487
-4092
1169
-6244
-1551
9143
5737
1279
9619
9105
-8477
8991
2228
9371
-6583
5753
-6274
-3374
274
132
-3944
-8929
-8477
6981
4796
-6994
-2902
3702
1120
91
4945
-2248
-6438
-5052
1058
-3595
5221
-6168
21
3671
-1742
389
9888
-1022
-7338
5754
-3286
-6847
-8313
7903
-7231
-7464
-1199
-7218
-7640
7767
8176
907
-9322
-1757
-3053
181
9397
2866
-7426
2552
5788
-2452
-7373
3257
2755
9590
3345
-7814
-2239
-9066
9822
9794
3226
7368
6702
4061
-1298
8368
1431
-5892
7079
1376
9417
708
-5364
4334
423
7441
-6392
-3959
293
-960
6950
2896
652
-5452
1752
-1114
4007
1155
4909
5121
8069
-1419
-7205
-3904
-1051
-5724
-7358
-4955
-9192
-6990
4495
7191
8836
8258
4639
168
-8007
-4692
-6195
-566
6625
1701
-8122
-7617
245
8970
-9767
-8868
-9523
3180
-3180
-6485
-6497
-9304
7150
-2162
9193
1471
-7148
5604
-8089
9652
6928
7573
1509
-7612
-5597
-3508
-2180
-987
8658
7845
3832
1670
2728
2352
5021
6176
-1418
4017
-7114
-1178
-4225
-9318
-4820
-8967
-1162
-2098
513
9238
-3371
-1647
8166
-1336
-3933
6120
-8728
-2801
3757
3939
