6536
3290
5403
2761
-476
4693
-5634
-5799
-1925
6604
4465
-9294
-5141
7613
-3888
8300
7947
-4870
-3552
-7196
7186
9877
8138
9996
-1994
-297
-6838
7244
-3204
-8643
2728
-1863
-3510
8920
-6359
-7229
1558
-6536
1001
865
-3283
-5157
-6607
-6218
5480
6544
-5810
3161
-9863
5904
-8036
-5118
671
5754
7163
6989
5268
5925
4061
-3418
5108
-5951
-7834
1374
3948
8785
8599
-4507
-1260
1585
241
-9270
-1414
-100
3747
4437
-3386
8112
-430
-6290
-1516
2341
9649
1519
5137
6208
-7471
-8643
3784
2975
-1129
-6641
-5133
-9888
-9099
-6419
4800
175
-8164
-6676
-735
9008
6907
851
30
-2874
-9759
5877
2679
9185
-6922
6686
5071
4421
-3299
-2636
-5796
4619
3879
-3301
-7758
-1580
3954
-1489
3488
-1843
15
-693
-5072
3149
1190
-2752
6180
4901
-1703
8979
-1291
4954
1980
-4668
6415
4961
9748
-2542
6345
457
-2766
-5453
5817
9872
1659
-2441
5799
8763
4748
5114
-1593
-1675
6727
-3241
-6429
-4265
9577
9439
2786
-2575
-7218
-2875
-3822
4689
-5012
-1020
-8960
-2376
-1517
-6676
-951
6802
-2618
4707
-6530
2897
-7527
9230
9175
1538
2076
7376
-410
7372
7147
-147
-5594
-2791
-9168
4383
-1199
-5334
5162
-2420
-3229
-6650
7016
-7597
-580
6007
-8348
4482
2945
322
-2637
-2390
133
-5697
3124
-9595
8583
2498
3398
3466
-1272
-7207
-2566
-8719
-9236
-9432
418
-1921
6471
-1765
-6105
5477
5116
3481
-8515
8399
-4509
-6488
7728
4358
5960
-3366
-4746
-9747
4897
-2884
-1006
-5783
-3417
7918
-124
-9034
-9215
4398
-1763
4183
-1368
7549
1571
-1333
9517
-3513
-1712
7698
607
-235
3693
-134
-6539
1411
8881
-654
-6856
1237
2429
1782
-2869
-5710
3130
2431
-3533
8345
-5159
7816
8804
-4266
-7616
-8871
3231
6879
4332
7596
1068
5571
9479
4841
4357
-1227
4190
-6098
-7095
8742
5619
9106
-1860
2161
-2656
-4259
-79
8604
-1841
-5125
3516
1697
2955
1762
-2470
-3893
-6216
3909
-5697
9756
-2043
4636
-8128
-9061
9969
-7586
5075
-9378
5405
-2550
-5817
2719
-1714
4780
5207
-9761
308
3201
-9244
-8202
3354
-1466
-9452
8860
-2058
3662
-1332
-4281
-8476
3411
4154
-9833
-354
1076
-2930
6516
6548
-8848
8539
8060
-5292
-7591
8639
-2269
-8749
2506
286
8023
5098
-6897
-4974
-4880
-3746
-4636
8192
1778
154
-2271
8534
5009
4245
-1162
-5899
3300
399
-8495
-4387
9664
-7625
3592
3115
5442
5661
-2541
-7369
1914
6488
-9823
-3279
8773
-999
-400
1477
6788
-7440
9461
9119
-4055
-1625
9940
-5068
-1390
8915
9811
-35
2609
4470
2171
2053
9713
-1382
1148
7772
-1335
5974
5812
-1771
-5176
-5733
-2415
9307
-1643
8165
-2531
2764
6387
8189
-978
-8420
-4047
7590
2740
8114
-4135
-2537
2562
-9862
2689
-4187
4341
-2571
-130
-3017
22
2603
-6538
-9647
-9292
-4142
-489
3685
2052
1070
-6541
7354
5380
5352
-9473
2567
-5494
-5847
-459
-8461
3091
1858
1502
1429
-7361
7765
9671
-1179
9950
8635
-1929
4475
5215
-1840
-4686
-2847
-7213
-6396
9604
1806
7026
9989
8625
-6855
6306
-3472
6721
-5951
-4156
3991
-439
8985
-4887
-833
3963
2288
-3586
2614
2109
250
-4900
440
-1450
6687
-8037
9373
-6591
5790
7536
9639
-8501
6183
5099
9852
5773
-1907
2446
-6775
-7710
1010
-9012
46
177
5797
-1123
-5743
-1357
-8804
-1234
-9649
-4696
-5057
-6808
-9641
-646
-4306
8416
-6766
-7094
6543
5824
-6253
793
385
8930
-2955
-8552
6631
7707
532
7460
-8690
-1579
76
-7999
-7469
4023
1793
-2549
-766
2618
2880
-4490
-6286
8251
5804
9863
-2944
9720
-3777
4403
-7320
1620
4477
-3638
-827
4027
8741
2691
8443
2277
8343
5466
-1702
-3903
5787
-9960
-7057
-7668
-9521
-7592
5681
6547
9974
9633
2320
2524
5364
-3125
-8905
6067
1374
1947
-3280
7323
5482
6145
4630
9176
4949
-4048
-4987
-4619
-7342
7226
-505
2127
-3788
7945
-7151
3120
-8130
2377
-2876
-5023
-9650
570
2417
1888
3079
-5917
-1427
2140
-7253
-2714
3830
9565
2956
-283
9985
-9389
1252
6085
3554
5982
-5900
8282
-1796
2552
-7364
260
-7422
6052
-1312
-5801
-117
-2424
-1570
-3772
2383
8326
-5986
5468
-7413
5502
-3852
-6103
-6421
3091
-5182
4286
-9010
1338
-5400
-9837
3008
-7393
-3834
-747
9495
-206
741
4731
-4674
6872
-5585
-9419
2717
-7200
-8735
-7954
-2745
-6789
9855
3534
-8670
-1409
8878
-7264
-2845
-7131
9618
-8569
3114
1295
-1866
-6382
-8209
-9167
5105
-2340
-8231
9905
-5856
-4298
-5390
3352
1119
9602
-5148
-6058
2373
2798
-9426
-953
8145
1681
-1645
-129
-8313
-8951
-8038
4280
-9977
-4128
860
-5574
-2984
1811
6936
-2904
3033
7920
-9326
-9819
-1620
-5109
-783
5756
5065
-2199
-5152
-652
9334
-175
-6917
-1470
3457
9068
9660
6749
-1941
-5859
1377
1875
-5808
3452
8322
3467
2594
4702
9311
-5994
-7991
-3519
-9288
7534
-5690
-7121
4342
4463
-7388
9692
351
-6774
-1985
7862
-3954
-6718
1492
2734
7651
-3498
1359
-1477
477
5871
-4576
3930
-1949
-2689
2183
-6088
-9725
8618
7621
-2874
789
8621
8735
7191
1884
-97
9198
856
-7362
6043
-597
5765
1689
-6055
-7505
-374
9401
4553
-498
7429
7492
-7219
-6240
-3763
-3928
-7309
9532
1927
1260
-3248
-9529
-6462
6159
7696
1203
-4672
4100
6154
-3577
2916
-3405
-93
8242
4638
-4364
5569
5259
-5628
-7281
-3360
8642
-5323
-7915
740
337
-365
41
8198
9853
8075
2613
-6652
6498
3032
3366
-1988
-2590
-9512
1608
-4129
-8908
-6206
-416
-7264
8183
7306
-2487
-6332
8480
-5862
4480
2447
5939
1094
-1872
-6508
5558
1279
-30
-5964
-9434
-7758
-7520
4394
-4189
-3637
4506
-7399
3205
-2845
-2495
-1140
-4710
-1326
-1657
-1790
3770
2385
8501
-5151
4816
2453
-9747
-5733
-1427
-1851
-7927
-3720
1830
-7579
-455
-6392
-1782
-1536
6678
7837
-1347
-8172
-6789
-7073
-8442
92
-2373
-58
-9964
8803
830
-5493
828
502
4967
7820
-2286
-3568
4624
3352
3547
-5224
9376
-7077
4897
9781
-60
-8381
-6265
9781
2174
-3643
-2506
4402
-6025
2460
-5542
6552
-6923
-2134
-3947
1245
-3683
1964
2553
-3016
-5226
-4873
8238
-9453
3184
-8960
3158
-1206
3048
-5660
3397
6252
7630
-4391
-9254
-7645
-4402
-5779
3193
-9495
2608
6876
-2865
5501
-6947
2124
-9555
-8004
-2128
3260
-6903
3237
6582
9832
-808
-211
4267
-9551
-9062
6503
-604
-4308
-8446
4117
-2354
3374
-7768
2529
1494
-15
7637
4061
-7
1573
-1655
8785
5915
-5917
9142
2330
848
-9090
-6491
-152
-5974
9965
2866
-6089
6215
7774
6014
-1377
-2333
-7493
5716
-2666
-6686
6219
-5613
4057
1236
926
-8968
-8680
-5747
-4299
-311
9917
12
-663
2843
1031
6409
8507
979
4638
-8144
9532
-8481
258
4109
6744
5245
8992
3457
-5698
-15
-9265
-1708
-3687
2028
-6543
-5498
-1398
-1929
2935
-4901
366
1149
9674
691
-7398
-9408
6632
8872
4093
1967
-8190
6320
-5543
-1868
-4099
9509
7361
7477
-7260
-2922
4294
-2366
-7762
-4989
6855
2824
3966
7157
4626
-8074
6950
-6071
6213
-9675
4192
9720
6172
9530
-2032
5905
8653
-389
4136
5383
6004
-8849
4984
-2683
-8118
8439
-3188
4704
-4917
-9590
-9396
-946
-53
4031
-7436
9516
8615
3478
5418
9877
-5469
-6349
5559
-6731
3676
-1677
7662
-9392
4402
6404
1364
-7542
-673
-804
6562
-7349
7421
-6891
-9722
1602
9344
6384
6206
-3709
-6303
8035
5169
-8236
3189
8942
-4137
9946
7519
-856
4914
9266
3369
-420
-1144
-4546
4655
1790
534
-510
-4310
-1127
-1538
7911
-8402
-5132
-5093
-1540
5873
9901
-6937
2479
5261
2227
-4954
5752
-9483
2694
9043
-6391
8571
-8867
-8042
5331
-8104
7266
-9449
-1521
8016
-4833
2808
-8178
-2430
-4185
-6961
-9192
-6233
2026
4663
-6367
8195
6832
-5450
9389
-3653
140
9128
-8200
-1954
-5599
-7741
1804
5213
1317
-3468
-8440
5255
-3983
3556
9522
5069
7725
1063
3785
-9555
-6766
2004
-8673
7938
-8516
5270
-3152
6774
-2983
-1630
9868
-8216
5096
2041
4842
-2877
-8860
-3541
-9740
486
-6162
-3056
-5168
-4348
-8435
-5609
3416
-7565
-6453
3618
-5596
9964
-2041
-8246
1230
4713
5642
-2075
7985
2726
5358
-4793
-5500
1139
-6343
-32
9989
9349
4228
1992
5703
-2443
2654
-5101
-5197
7181
2911
8573
2846
116
3190
-449
-5074
948
-6013
2461
6366
-6736
5057
7907
-2278
-4192
-6738
9598
-9387
8001
-7705
3898
-7424
-2791
6699
9910
633
5216
8103
-9926
-3865
-456
4954
-8399
-3837
4376
1191
-1913
7552
8560
-6477
-1893
-7954
482
-2048
-5110
-1558
5215
2760
-4449
4010
-8209
8718
3862
-7327
952
-9729
-6917
6892
-2578
7151
7981
7216
-904
-690
-8675
-2914
-5742
-2187
-9971
5411
5866
-4473
-2049
6467
-8540
1051
9884
-6772
-7120
-1497
-2409
1588
-7941
-8277
7048
-5696
-2405
2932
9470
6749
-4010
3532
-431
-9548
2913
662
-7788
-3708
2531
6271
-1902
-3750
-3700
-8242
6971
-3718
1924
3668
-9138
8082
-2391
-5543
4603
6942
5582
774
7450
6275
3556
-2287
-7397
3370
3265
4347
2262
-3463
-8654
8156
-8582
-6070
-7681
4298
-6529
-8564
-3914
9677
-2030
95
4891
9188
9830
-1167
1043
-6585
-6132
2857
9666
-4746
8400
-4976
-8141
-2844
2929
-4300
-9431
6827
7867
-2413
709
32
-514
-7684
-2932
2770
-2940
7413
-5130
-3285
9202
4298
2252
7600
814
6016
-9505
-2490
4476
-7940
9312
-4014
7543
6803
9230
-3928
-2233
-7452
-496
7600
9147
-5753
7196
57
4316
-8171
-5519
1238
1704
2598
-991
7636
-4852
-5576
9188
-5116
7187
8234
-1993
-6880
406
6983
7169
1327
4306
-5273
-3730
-6844
9446
-9593
-9413
-4463
-6107
6286
9399
-4731
-9148
5710
7362
-2184
-8596
6836
916
-9323
22
-8459
3566
-2183
7134
-2837
4388
-1217
-1389
3827
-4850
4502
-9867
-4345
9383
5084
3208
7330
-2666
644
-9949
315
-1892
1621
2263
6141
6754
3423
818
-1432
-3350
-9412
3208
-1
-750
4004
-1275
-550
-615
-9379
7499
-6719
874
5072
9628
-2839
4273
-7030
-5694
-595
-1330
1575
-8669
-189
-5166
-187
1158
4585
2551
2988
5715
-6955
-1513
-2401
5648
9512
920
3555
-4505
6609
1515
4741
9823
6174
-1107
-9423
8187
-1365
-8824
-1158
4149
8635
4640
4155
5153
-9352
-761
5114
-8236
9544
-860
6530
2000
6408
-1659
-7673
9103
-795
-8882
7101
-350
-2055
6229
9757
1372
-5340
1698
-2438
6803
-1740
304
-3748
-4920
-8493
-6053
-8521
-7773
-9896
8884
-2144
-7967
-9524
-4232
7203
3475
-906
3822
3453
-6138
-6882
6384
2216
-7802
-7540
-6067
8038
485
-2856
-4519
3644
-3371
8919
9827
9084
-9989
6000
1813
2314
-3481
-2604
8546
6402
6539
2138
3349
-8062
-5248
7848
-5070
-3261
-2911
-7272
-6932
8301
-673
9618
-893
-8933
-6742
-8213
-5108
-5846
4896
5414
-1853
-2160
6008
-9257
-2015
7446
-3407
9502
180
3232
-4022
-5721
1212
-6953
-2458
-1591
5256
4869
4451
-7665
3103
-9597
9433
9549
-7994
4609
9367
-9617
3105
6279
-2454
-8219
-6192
-3888
-5830
-4623
4172
9368
953
8910
773
1519
9024
-3442
-9834
3907
-1490
6622
-5273
1753
2444
2202
6359
-706
5564
4596
-3464
9630
8141
4352
-5191
244
8672
8235
-2506
8800
2543
-5203
-9274
8839
2388
-2984
1495
9526
5851
9911
9426
-1032
3704
-3236
7801
-7052
5514
-8197
9363
4611
8399
-1825
6076
-3039
6808
-1636
531
-7252
7695
-2191
7308
5254
-6006
1830
359
6193
9947
-7772
7817
3221
-4162
297
-90
-4904
-1647
-5705
564
-21
2009
3376
-792
-3188
4473
-4403
-3662
-2938
8983
7986
-8710
-9669
7655
-7074
-3470
-8140
1875
6556
3574
8104
-7424
-5759
2150
-7108
-1129
-1933
-6006
-1462
7781
2956
2079
4986
5282
-5611
-2652
227
-9362
394
-1989
-3565
6561
5082
-174
3857
-5645
7043
-2217
-4084
3145
8635
-1737
6858
8267
918
8960
7557
6097
8430
-2121
-3401
-5697
-1743
9908
-2799
1474
5160
93
-6949
-2036
-4064
-6133
-4877
624
120
9171
3814
5189
-2864
7635
-9154
4176
3010
407
-2115
-6177
6254
2405
-8632
7739
-6290
3340
-62
3842
-2319
-1410
-4793
-9800
9401
-3723
24
1700
-9675
-4362
-4631
4851
8683
9185
-7321
6209
3824
3671
-9063
7231
1304
-6446
-5182
8200
-3861
6456
-425
3715
4015
-6216
-9824
1734
6614
-6996
-9240
5329
-67
-4421
-2088
-7141
7785
-4508
-2961
1424
-96
883
4583
-7502
-2161
3636
-1878
-1508
-5296
9080
5780
327
-7462
7526
9883
2833
3717
3136
-5002
-8689
-8905
5876
300
4268
-2986
-655
-4760
8575
4049
2846
-9459
-9440
5288
2548
9370
1706
-9986
-2204
3219
-4669
-2918
3470
1306
5584
7465
9595
4139
-9703
5234
9015
9234
-5036
-8992
4314
9483
-1748
313
8293
4160
-1991
512
5470
-2756
-5813
7155
-3022
2660
-2770
8707
-9917
-3971
6881
6736
6770
-8607
-4633
-8507
-1840
-6343
-1899
2737
482
-7374
-5839
7871
6380
9600
2101
-5270
-2919
-8929
5996
-9416
2171
-2602
-8689
-3423
-7145
-8785
-5931
-951
185
484
7344
-4937
6698
8245
-8864
-9505
8761
3990
-9612
-3844
-7573
-7890
-7121
-5909
7201
-1216
1652
9382
-4647
-741
1162
9492
2813
4447
-3348
-2005
3693
4068
-177
-4991
8789
-7282
-3322
-4815
2594
1265
-5994
6207
-2807
9752
-7817
1229
7914
-7749
-4580
-3514
8714
1612
-3993
-2209
5436
-7326
-1875
4763
-6211
6516
-619
-8864
-5818
-7970
-3223
-1667
-5885
2263
1683
8758
8989
8460
-8160
-6234
9501
4806
921
-6736
-3419
9815
-4814
4314
7915
6233
7773
3588
-8905
-7986
672
-5839
1506
9398
7781
8376
3990
6732
-8978
-3812
500
-4409
-2928
-2735
-1666
-2143
2516
-6636
-5073
4668
9928
-7988
9472
-2740
-9039
-829
-7616
-2648
6977
8367
2644
-1611
-5096
3721
2046
-8116
1977
6189
-1433
9515
7519
8176
-7540
-3989
7724
7281
6229
412
4328
3938
6580
-7519
2096
-7498
-6621
-3356
-9311
2643
9692
7002
-3714
3640
3033
7198
7037
-6094
-1758
-6716
-6118
-4586
-2065
-7043
-7561
-9846
7290
-5264
-5939
-983
9163
-3917
2569
-6687
-4539
-5035
-3093
4284
-4766
1568
7243
7079
836
2973
3493
8484
2556
-6868
4578
-6132
4027
-5341
7294
-347
-940
-2751
-1425
-9174
-7413
-1691
-8172
-6470
1400
5131
-8019
504
-8050
-5723
-1657
7978
-9847
-7746
-5234
2373
-809
-3225
-3013
-6198
-9610
1385
6340
3789
3074
9813
7681
5107
7183
-6420
2513
1201
7457
-3632
-9791
8893
4384
-111
3855
-5633
2424
-741
-6755
-5434
-3038
2620
180
-3350
-3196
-3366
444
-9035
-826
-8172
-8330
9608
-7832
3715
7950
-8220
9435
323
5274
7575
-5854
8554
7462
6917
8637
2775
-8749
6984
9309
-2240
-7239
9846
2431
-9668
-9701
9592
8651
8401
-8207
-5443
5881
-1827
-3286
1009
8324
2968
3174
-2121
3789
-7870
-7678
983
-9422
3737
-8185
6204
4819
-1659
-2465
6691
9320
4182
-4005
-2354
7226
15
-862
6118
656
1687
-8262
-9796
-4811
7145
2521
1096
-4537
2912
1238
-183
4228
-4745
-6186
2070
-5366
1480
825
5403
-7295
-9194
3953
-9152
7163
5681
-4651
-6158
-4428
-9817
1387
-6554
-3768
-6389
-9889
-4636
7828
4633
-271
9953
7802
7889
-3744
-7085
-5568
-2553
-3222
8862
5785
6804
147
-4630
202
3467
1945
8584
9264
6825
-639
3128
-8024
163
3389
-8810
-4373
9435
-9971
5403
7631
-8527
540
8441
4671
-3317
-9423
-1668
-8897
4963
-7139
8693
4666
7656
-3349
6462
6008
-2492
-8053
-9068
-3893
-7010
6945
2917
-684
-9462
9582
3250
-3939
-7970
5777
7678
-4226
-7309
6443
-4499
3291
-277
41
2297
9512
6345
4694
-2628
-7393
-7617
-9092
-9416
6582
977
2360
7103
3793
5769
-4225
4569
-7944
8333
2010
-3368
-4765
-8312
-247
-6916
2235
-6729
-2058
1944
-2283
2588
-8808
4725
-7359
-2921
6020
-2384
2746
1108
-9038
3941
6753
9590
-1519
6646
-1310
-6102
-3471
635
4897
-7007
3260
-8962
8236
-7407
-9773
679
713
5318
-6763
1766
2121
6388
-1284
-2452
9976
-6400
-2092
9758
-7402
1090
-1882
-902
380
-6729
-9350
-6671
6013
-308
3166
3780
5382
-5210
187
-1808
5573
-6786
4483
3381
5461
2406
-2090
5930
9003
-2218
8792
9588
7927
-123
4700
-8547
-2939
9273
-9882
-2565
-8913
-2787
9932
1209
4825
8312
8947
5897
-3675
4559
136
3833
-1086
9014
1026
-3514
-3842
8641
-1065
-3674
1236
9596
-4321
6212
2745
-7709
-8920
8977
-5337
-8821
-7896
6087
-2457
6922
3201
-1903
4653
-8497
-5758
9718
8677
-3458
-9656
7788
7925
6654
-7851
3394
2098
-9008
-59
307
8106
-4101
-938
6234
-7373
4192
-8085
4619
6978
-9555
4912
-9499
3338
6324
3045
-3054
-7508
1032
2515
-2923
604
-4485
5731
424
6332
3712
2995
1389
5156
8344
3127
-8509
1256
-6953
-2694
-7760
-9097
9668
1254
1820
-1154
-5659
8085
193
-2169
-7980
-7901
9172
8138
3707
-9257
-4756
177
4287
9490
8164
-4396
-9603
4362
6662
8952
9354
8859
2130
8569
7090
8032
5947
-4993
-5436
3186
-1625
9061
5888
9266
-5909
6410
2946
-3847
-5019
-4150
257
6808
5131
308
-5975
2436
5278
-1299
-5595
2510
-6403
-5239
3134
9723
2487
537
5754
-5697
-8370
-9861
2638
-6806
4197
9308
-6267
-4039
-8223
1437
3110
-204
8167
-8642
-1195
8937
-6247
-296
4012
5161
-4557
3073
3773
-5932
5567
8904
2184
-3914
7164
9143
-3563
-3144
-2881
6668
-3408
8180
-5747
9912
5302
3251
-8527
-4102
464
7625
-4039
5326
-7144
7011
6698
-2510
-1609
-8571
486
-850
-8490
8838
9110
-7785
5927
9694
1311
-9236
99
7445
-7967
9484
4506
3982
7952
-2808
-1682
-7049
6525
-8803
8868
-8695
3460
-6157
-4663
-7158
-8084
1584
615
-7604
-4916
1616
322
1442
6726
4978
-8729
2245
-1443
-2407
5983
8697
-5619
-8925
-3470
-1469
-9883
844
4483
1407
1210
-6044
-8319
-1026
2710
-1458
-4580
-9922
4123
-6099
-3913
7450
5243
1457
2523
2742
81
-3660
411
3006
1738
-3370
-7456
5931
-6686
91
7251
-948
2427
7286
5877
-7168
4358
-3499
-1720
2850
6066
2551
-2821
-2424
-2262
2782
-309
-2277
-5076
-1320
-9982
5803
2554
4398
-9271
-1529
-2838
8835
3462
-5521
8742
3005
3357
748
-5211
7821
6335
1567
-6507
-9582
4144
-1120
-856
6879
3740
-3018
7790
-3187
-1926
6443
7416
-5257
-678
5543
1468
-4964
-7602
-9814
3143
8885
-5222
2091
6441
5550
3501
4691
6026
5056
2329
-2274
-5450
-9504
-4605
2100
5006
5635
-5948
-8449
-446
2890
4099
-8227
-326
-1180
-9631
9014
2831
2652
-9705
9163
-2615
855
8322
-1923
4385
-8916
-9736
-2062
-2751
-5522
-6543
-3920
-7217
3844
324
4464
-7087
3891
-648
-3513
3533
-3175
-7764
-6039
-5105
-4115
5362
8187
8566
-9090
2413
-9522
-9075
-5710
-7287
8866
-2481
5531
3103
82
-7776
-9175
-574
7134
9563
-9609
3497
-4890
-8868
3221
2458
3214
-5527
-5227
-4349
7149
6966
-1951
8845
5231
-6257
7556
-8102
1327
7000
-6916
2662
-2745
-3804
-9506
4770
8874
-4926
1401
-138
-75
7955
-3801
562
-6160
-361
-6832
2745
-7424
-4191
-6816
3175
8904
-8204
-3692
-4965
303
-1375
2792
-213
9850
8825
-1826
594
265
4958
-9571
-9678
-8938
-8888
-7512
-2775
2464
4055
-9480
3968
-7748
-7373
-7187
-5458
-8038
-3186
1493
-1338
2451
3874
-211
6470
-1824
2021
-3318
-1270
-2045
-8739
5549
4912
8426
-8936
-4518
2682
-1122
7128
-9754
8056
-2122
-6711
4329
-6440
-8923
1551
6136
5450
-8633
-1180
-275
6110
8953
9964
-7500
-427
9268
6161
6245
-3393
-5894
-8987
7329
-1705
-426
485
-1136
-7191
9087
-4322
6803
283
-3995
-5441
-1718
7749
4341
2935
-7540
-9315
-6631
-3461
-5835
-9827
-8315
4067
2424
7177
8441
1360
4594
1320
-2250
-8664
-9424
-6405
-4070
-3963
4656
6314
4286
-9276
5774
-3700
-1695
-6419
4270
-3980
-2141
5003
2398
-8716
7948
6049
9193
7281
-403
8557
-971
-1793
9268
7023
-7107
-7923
-9187
5020
-8484
-3362
2680
-3702
-1683
6504
3426
-4351
6717
197
1529
-959
9924
-9297
4541
2223
6477
6216
-4163
2304
8904
-5618
8761
-6262
-9003
-8031
6073
-9124
-560
2226
8843
7253
-9423
7932
-8502
-6871
-5645
3696
8447
7384
9623
9509
-9035
-6509
-500
-211
935
-100
433
-3604
2167
-2043
2749
6724
-6839
8638
-5514
4785
-362
7450
4581
-9920
-6765
2812
1800
1049
8613
8835
-4724
-1950
-8987
-6117
-3920
-1930
8012
129
-2762
2351
3487
7725
2447
-2730
6327
3146
1923
-2121
6707
6441
-8372
5047
-6111
5334
-8964
6386
-3758
6193
-8693
6310
-3333
1019
-2298
4599
7354
5117
-484
-3512
2053
4481
1985
-9726
-5227
-2825
-3341
8834
-3140
5670
-7723
361
-280
2906
2581
-7356
-7543
1889
-3480
-2207
-226
-239
-8081
9553
-7129
1264
9884
-7885
-5997
5201
6134
-3771
-8584
6316
8018
-6499
648
9311
-4216
6373
-8395
-8459
-744
6914
-3034
-9413
1027
9757
-9415
6749
-197
-1189
-3023
9941
-6713
939
2025
-6695
2573
7106
7480
-5359
-635
5895
-5390
-7458
3848
-1248
-8798
7325
6569
7355
-6829
-8257
-2559
6565
234
-3668
-7730
-6256
-9801
-7302
-8289
-877
-4795
-8733
6495
9531
-3511
-9079
-6972
5256
-6945
-7181
-6202
9445
-9652
8295
-6665
-3739
-8882
5793
-4927
-2167
-4286
1319
9916
8304
-5647
-373
-3600
5773
5373
8428
-1352
-5573
-5826
-7292
-3356
372
8949
-2684
-1640
4170
-7091
1774
-9500
-5564
9480
3757
1428
4191
-8352
-7470
1972
-2906
2376
-7519
-1424
-2720
-2769
-4401
4685
3597
-9186
-4734
-7222
1855
-8385
-4838
8635
-4068
-8485
-4646
33
8164
-5638
-9195
6149
-4678
-7947
-1810
-6927
5043
3504
6490
-6165
9207
-5630
-6967
-6744
-1892
-8539
-6469
-2924
-5345
-962
5290
286
-6591
3572
-2933
-2951
-8869
8451
7825
-5939
179
-5304
366
7721
6706
-9618
4441
4348
5223
-2577
-8417
1878
6576
1162
-9116
8276
-1784
9568
-1314
9399
3411
9871
-869
6295
7460
661
-1778
2583
-5243
-7282
6170
1420
-424
-6270
-1505
-1247
3759
9588
-1142
-8338
6916
-1345
2789
2017
7218
-824
4375
5352
-7135
852
-8364
89
-5928
-9816
3679
-9683
-5970
-8950
-9014
8345
-2964
3914
2577
-7248
-7516
1152
-1044
-1214
-5351
-5013
-4894
-569
-4829
-1213
8173
3151
-3369
5867
8220
923
-8853
6996
-4913
4119
-8215
7213
-9600
3378
2971
-2101
-1018
-6968
688
8701
9255
-5850
-2127
2477
9059
4073
-6100
9144
662
5805
-7963
9814
-9708
-3136
3123
4099
7805
-748
3907
5938
-1796
-4512
-6741
1281
-2923
-1117
6677
4992
6704
4968
-8030
6817
582
-6741
-3123
2646
9186
5236
-5936
-7858
6373
462
3874
4106
9158
1247
8765
-9539
-1073
-5085
-7721
-5163
-1560
-1444
5573
6816
-3585
-2263
3182
3058
-3823
-5033
152
4170
8470
4469
-6207
-6410
3052
8578
2803
8696
6405
-3676
-5448
-5964
7459
-801
7600
-4582
-8371
-2882
9064
-428
9140
7993
5335
9483
6903
-9116
-9479
-4140
-7758
-4892
-4836
-5804
226
-9052
5063
-5837
7196
-8443
-7868
2391
-7576
863
163
279
9767
-4286
5284
4651
-6554
8460
7445
6982
5035
-8392
4659
-3594
-5814
6728
-8974
-2826
-2826
8697
-2067
6811
-8909
8916
-4997
7786
2491
-4142
3220
-6903
-7624
9792
1859
5550
3009
-985
1651
5360
5604
711
3004
-3286
977
-8781
4147
2391
-5608
-5220
9507
7304
6075
896
6113
-5739
6199
6338
-9082
3876
-6071
6956
2083
-3955
-6201
-9140
5005
6986
-5930
7108
9047
2166
7738
4782
-8905
-7236
8105
-460
2818
832
1168
4594
3869
-8699
-3586
2613
104
-499
7752
-5382
-6798
-2958
5755
-9641
-1514
-8060
-8355
9562
-1467
2095
1643
8412
3159
-2536
-9017
-6264
6230
4878
-7646
-5638
7070
874
-6703
-2049
2818
2926
-9267
526
-3115
6774
1064
2341
5175
-6084
-6966
8425
7613
-8061
-515
7252
9776
-8783
2679
5336
6341
598
3460
-7887
-1369
-1637
-4079
5688
-2130
-9252
-7985
1792
-598
5033
-6154
8239
-9740
-8928
-5832
8676
2437
3977
2159
-7512
-3224
-1161
8981
13
6894
5950
8530
622
3451
4301
-9658
-8700
5915
6030
-817
1896
6012
-7769
7088
7359
2956
6045
-213
-162
2181
3411
6814
-6452
-4144
7006
2747
-6085
8145
9455
908
5816
2481
-6585
-5706
9443
177
5076
9879
5773
-9054
5893
-8375
8719
-5971
-6072
9620
6424
-7661
-2313
-6634
7890
4820
4671
-9194
6283
-1832
7651
3517
7808
-1827
-8966
-7793
-3865
-5668
3360
-279
2032
-3865
-9990
1684
8373
-2461
7095
-5047
-9527
7460
6941
4463
-8113
7518
7355
-8631
9076
-1302
-3561
6437
-7768
4160
5478
9563
2825
-8586
1175
1461
8164
-4318
-6729
-2932
-8808
6856
6406
2037
-4664
-7689
4765
79
4864
5580
-4069
6007
-2824
5891
-6210
-8743
-8810
4117
8245
-658
-2432
551
4608
5703
2267
5300
7057
2552
-3581
6795
5521
-6508
-8002
-2308
9144
3915
893
-6064
7010
9343
3196
9041
2346
-8888
-4536
-4713
-2272
2631
3496
6677
-7610
5476
-9164
-7331
-3689
8406
-5247
-1623
3614
1507
4411
-6235
39
-6060
5784
-2532
-133
5424
-3075
1077
-1135
-3512
4164
-6613
-643
-5224
-5625
-5014
-6647
5377
7229
7899
-7171
-1382
2156
6379
8364
214
8371
-2682
-2906
-2054
5440
7311
-7650
-1400
-8892
9819
-577
1402
-1190
3276
2365
-8729
4334
-6085
-7094
4350
4179
-9927
9992
285
670
9280
-7480
3596
-1345
-6261
-6244
6669
7731
-4288
-3587
7195
-5513
5501
-886
-2146
-9757
9772
-5605
-7539
5868
-7658
5064
-9788
5451
5715
-6879
5055
-3815
-214
6863
-175
2426
4485
5037
-2427
5352
-5879
-4377
5733
-3412
637
-4936
-7690
-3593
-8855
-8038
-5272
4130
7134
-1436
6984
-7577
3565
6458
-5802
5192
8189
2509
-319
5986
-2282
-2558
-1186
2925
-1420
-5692
6140
-6918
-610
9223
-9714
6493
4519
3390
3047
7332
-2262
6252
5157
1210
-4120
5032
-9456
-8319
-7071
-2856
8380
414
7075
6608
4549
4805
-8696
2469
-9074
-793
6816
561
6314
-847
952
9118
-9690
-8550
18
1579
5008
4129
-4221
7122
6133
-6271
-1246
6262
-2857
-5811
5881
8366
-2300
2909
5777
7195
3316
-4352
-1203
3919
-8010
1733
-3305
-4428
-5700
4446
3662
-9250
2432
3654
7723
-9860
-3530
-4699
6105
4791
-7536
5787
-660
2553
7382
181
6718
-6121
8681
7656
8992
5472
-5588
-8491
-6245
516
-1880
9899
9008
-6656
8590
-461
5404
9127
-9828
2878
2428
-347
-5278
-9135
-3930
6542
1250
-5061
-1969
-6056
2131
3154
-5218
-1999
660
-3571
6664
-6098
8472
-3185
2979
-8994
8082
-1773
-9605
-4594
3671
-2519
8884
2548
806
-1296
-3338
-3446
-4609
-5474
2622
-5894
1761
-8351
-575
3297
4221
9744
8323
840
-1565
-6761
-438
-9984
-4445
-1312
3792
-8559
-3826
-2547
2923
9487
-9391
3065
-1502
77
5760
-7485
6779
6887
7055
760
-2786
-8203
-8704
1498
-8500
7339
-395
-2441
9174
5170
5587
-6275
-2618
9565
1094
9973
-7323
-2735
4934
4992
6012
-4881
-1819
-3807
-6488
4008
3473
5529
-1397
-7260
-5315
-4610
9972
8750
-1912
-7051
7716
2441
-1138
7900
-4500
-6421
-954
-2355
-7620
6592
3349
316
-3975
-3712
7135
-842
-4727
7537
5004
-8649
-6546
-5840
539
9518
-5864
-4047
7737
5277
6442
3342
8962
1897
5979
1215
-7280
6136
4515
-8651
-5607
-7192
-5925
2410
-8223
9842
-3937
9188
9870
4667
5806
-831
3840
-9133
9996
6246
3289
-552
9087
-6151
9306
8216
-5441
-1406
-5229
7384
-5157
4281
-9119
-2204
-5309
4766
-5373
-8170
-539
743
-2046
7225
-7701
1719
2583
251
-1452
670
9427
-2379
-9421
7545
2213
6243
2909
-937
5131
7147
7960
-1585
-6432
-1950
2058
2433
8020
-398
-3740
5240
4639
3628
-5945
2977
202
9621
-9075
558
3528
9470
-6412
3896
6927
1525
-2801
-8670
-8886
2715
7317
-5759
6430
-7619
2008
-9834
3680
6253
1764
-1288
-536
-934
-4826
-9335
9522
-1103
-9559
-5942
-9363
-2490
-709
-6009
1061
-3666
-7560
-9193
-5935
-8664
-7166
-2643
-5390
-9109
-8143
1995
-9017
-3078
-4376
15
-1027
-790
-3457
8451
-5014
9144
-1638
8823
-3550
-8089
-5683
-2197
-2232
1904
2104
-6267
7443
-7528
5971
-500
3329
287
4730
-6541
6239
4583
7274
1581
4287
3426
4907
-6993
5517
-6035
8753
-3171
709
-7160
7696
4205
5830
5282
1964
-2815
-4770
9363
-134
6766
5138
-5467
-1507
-2916
8640
5218
-1537
-3970
2803
-7812
-5355
6043
-2705
6090
3261
-2230
9732
5054
2530
-8497
9392
-8110
-1856
-3434
-1724
-2339
-8344
-2659
5940
9111
2065
-2022
5610
-489
-9894
-1107
1911
-5057
8605
-34
-230
8996
-6992
8032
-9790
-9586
-8186
1885
-6843
8641
-6256
5942
-9466
2801
-5706
-3133
-6023
6126
-8522
8175
-9940
-7949
-1068
9984
-625
-5582
2302
-218
-4057
-7119
5565
-8806
6872
-4354
-8461
5356
-4603
9580
9283
-7407
-8159
-2942
-3824
-2634
2574
8914
3457
-2319
-8620
-1469
-3902
-7665
939
7552
-4240
-8874
-6044
7580
-7428
9278
9725
-9871
6807
-3301
-6205
3133
-7909
7512
731
-7455
1274
8628
-3173
9579
-9879
-979
2710
-2688
-4339
-8620
2684
-4409
-51
4080
-316
-9280
3120
-6535
-8132
-3553
-6073
7108
2660
875
121
7943
1261
-7107
8064
-4722
-9777
-1377
770
9365
-2115
8283
647
-818
-7833
-3117
-7487
-6999
-5334
7953
-5656
-297
6392
1492
-6710
2280
2345
9673
8221
733
-3563
7224
-7840
3537
-1541
-2577
1434
9462
-7341
9857
-5540
-5510
998
2016
7269
-4084
3976
8631
-9341
973
815
324
3975
-6901
-6671
9366
-6985
1231
-4638
2597
-2625
6287
-452
-8485
480
4741
2448
-4877
8018
502
1513
-7814
-6276
-5629
9165
-4600
1626
1964
-1858
6290
3532
-6333
6166
-5714
6797
2476
2572
7207
6920
1169
5259
-3344
-8881
2420
1526
2134
2889
-37
-7205
5372
-5506
-9431
3853
-5144
-860
-4055
-9344
-841
4674
4551
-5997
3474
3282
7367
-9401
7540
-892
-6379
6669
-3266
1001
1881
-5050
-3668
2009
6210
-523
1502
2882
-4197
-1283
964
1987
-9696
2882
7781
1135
6487
-190
9163
7271
3008
6319
2071
6287
-5578
178
-4187
6970
4028
-2425
-7052
8243
7002
-4242
4940
-9537
1569
-4584
6206
-2388
-3261
9321
6091
-1157
-8135
-65
1263
-2172
-8084
1338
6727
-3508
4224
-2269
-5166
-2119
908
2974
-7270
-1134
-4688
-6431
9148
7711
-8362
3761
9521
1078
152
-4612
-5095
-1092
2002
4553
7228
15
9006
-8299
-6796
4034
4060
-952
-7063
6538
-7970
-9424
-6231
2113
5454
2760
-2379
-8835
-1746
3137
3523
0
2833
-9021
4639
409
-4763
8137
1689
2578
3899
-729
-9892
9077
-525
-2900
-9817
6047
-2781
5770
194
6909
6562
-8606
-815
1759
-9695
-3172
-2334
-1329
5502
2094
-2349
-432
1674
6223
8770
-54
-5266
4673
-2113
2968
3608
6540
-8145
5077
-3895
-5088
1061
-3567
1359
-3658
5265
3390
-7014
-7488
-734
5601
-1205
-7188
-2934
4630
8448
7689
-3316
6711
-2375
1156
-511
8361
-6993
-3582
5544
-2071
1930
-2546
6590
6174
-4843
-7974
-124
7246
3750
-8653
-5671
6305
5701
4709
759
4621
5882
-302
1215
967
-3054
-1378
9442
