-5401
8318
5783
3439
8570
5369
996
6950
-8029
-5237
-5822
1282
-2984
-3829
-3204
5746
3003
-3386
3439
-1717
-7279
-7566
7740
-975
-2823
51
-1374
8163
-6290
-7538
-4213
9671
4063
8173
-2998
-2263
3771
761
-2751
-4818
539
-8416
-4415
-5648
-2990
2697
2018
-6055
7222
755
-5463
7997
-1836
8494
4355
63
-3458
-7371
4214
-1285
-123
-1084
8892
-6769
-9416
-1082
2017
2596
-9301
-6650
5928
9991
2229
-6091
-8673
388
7264
466
-8412
3666
765
294
9804
-1592
-3440
8613
-8842
7289
-473
-918
985
9422
-1883
3597
-2404
-6697
2249
7731
-5719
4291
2527
-4351
-9664
-8831
-1774
-601
6807
-2703
3336
3653
4646
1604
8257
642
3208
-1510
-8514
8452
6606
2523
4046
-6722
6935
-7423
489
1116
-6327
-2176
-9029
1581
-7074
4138
5853
2109
249
-1231
6294
-4319
-490
-1995
-7972
-7104
8267
2083
7976
8510
1289
7512
1437
4044
3506
-8764
2746
-7707
3611
-2715
-6072
8147
-4893
1273
8883
2585
-4819
6617
-685
-5382
-5858
2937
9375
-6492
8658
-3747
-9252
7404
-4970
-1947
-7997
-8650
-452
7106
-4751
3467
-6840
-703
7803
-6782
-8914
-5430
8307
7327
-4099
-9095
5994
-3412
1633
7144
3877
-9625
3787
354
1584
-2592
3809
-5898
-1150
-8778
3960
-611
4833
-6326
-2315
-5058
1864
5873
8838
5791
-9875
2442
-9640
1032
7236
1578
3322
1974
-4492
8164
4807
7830
-6692
5571
-193
-7866
-3487
-6157
804
7721
-612
-1509
5811
499
4583
-2286
636
5387
-2258
-3022
-2641
7798
8316
-6857
6536
-5447
6606
-8765
-9427
-4160
5851
3601
9420
-5730
6257
7015
-2327
7650
1166
3142
8160
-1196
7141
2838
-2831
9982
6565
230
-737
5870
9191
3316
-792
2885
-2943
-6475
-1842
-2682
9694
-8859
3378
-7007
-8775
2858
-4014
-3594
-9513
1099
-3268
-1987
4240
-8760
1855
-4893
-4873
-377
-1920
8822
9467
6784
-1421
-5043
9904
-8330
6222
8159
-8303
5112
9347
-4961
7641
-3590
-9353
666
-1593
1668
-8767
-3120
-9677
-1091
9168
-8082
6378
-6829
-1623
-346
7159
8015
-9934
6105
9986
-3968
9408
-1705
-8325
1850
5732
2748
442
9552
6930
5347
-277
8608
-6349
-8273
7156
7081
-6164
706
5190
1675
8978
-5371
8319
-1621
-9754
929
-3644
4326
-1543
688
-3971
4169
-6245
-6917
-275
1399
5985
-1355
6172
7637
-1617
-2870
9457
-8140
-2302
-2637
223
8688
-4176
-5704
-1179
-6726
6692
-5344
-3389
-2202
2393
3234
-9846
-3481
-9598
4132
67
-7610
7742
-8506
1173
-2278
-1989
332
4838
8870
7123
154
4885
2149
690
-5432
-7357
-2337
-1930
-1165
-3406
-9600
-6079
3853
-5519
9282
-3340
-948
-9241
-8650
-7984
-6144
5853
-2320
5887
-8066
-6241
-4094
-8085
-6235
-2586
-7505
-3904
-3543
-2450
-5992
-9649
8883
-9317
-6357
7883
7101
-4727
-5913
-7923
5929
-9762
-4560
345
-1230
7836
7916
6991
-2516
6491
6607
3277
-459
3206
-9793
1431
6899
-9130
-8146
1707
5730
5051
2579
3584
9961
-5953
-277
-498
-6228
4046
8828
-9754
-3096
-5312
2566
3912
-3588
1256
-2678
1165
-5568
-5864
-4027
33
5822
-7513
7197
7991
4992
7023
-3840
4616
882
-5931
7027
-7278
-7066
-3592
-6049
1417
-2224
7770
6833
-8091
3186
-1019
5014
-8593
1256
-4319
-8565
9680
-7080
220
857
-3235
4060
19
3035
1019
4086
3418
-6674
-8603
2269
4504
3825
-2506
-9220
-4938
-1765
1133
477
-3763
4029
-3171
-2653
-3409
7641
-6790
-5070
3118
8838
9190
-3739
4315
6062
8835
-1857
7210
9475
2048
7222
4341
-873
-1574
-2388
4687
-6487
7145
-7759
1460
7882
-7166
-1339
7803
2912
6192
1388
7200
9555
5053
9846
9602
-304
9197
-5073
-55
-3769
6087
2172
-3895
3159
-4374
-7968
1459
-8391
5921
5593
-5730
-9713
-6784
515
8286
5939
4736
-5878
-2537
-9652
-9045
30
-8321
5082
2879
-3257
8653
1719
9907
3895
7639
-8235
-4472
-6244
8419
-6735
9042
-3991
-1341
7010
-3570
-3219
5544
4044
8840
-8513
1596
-9780
-9937
4129
-8932
1885
-6553
9787
9429
8109
-4009
7208
-7670
4701
-2597
-9237
9201
-1321
3116
-8093
-366
2893
3336
-3116
7235
936
-3529
1213
-6535
3024
9163
5155
8515
9273
5411
-5847
238
-8987
1205
-4746
-7924
-8934
-230
1718
-8648
-7135
2472
1795
-4952
-2459
2719
1522
-760
894
1762
-1895
3326
-3893
-1938
257
3930
2857
1152
-7916
9502
-6535
8521
-3758
-8434
-4862
-394
6686
6472
3606
-7671
-1290
-2754
9080
-4026
1867
-1826
-1125
-9976
-9617
4777
-5607
-9532
-6666
-1512
-4719
-4615
-8397
-6610
4563
-7365
-2523
3247
4644
-2025
9311
-3190
-3225
6153
-2397
-6018
-5776
5603
-3793
7413
-1183
8908
-9787
-4617
-1811
4502
6753
6946
-9037
-8558
7122
-666
-5461
-2108
-6168
438
8638
3630
9657
4063
-8870
-7252
-930
-3320
-5384
7391
3493
1305
1037
7739
-1837
-5886
5581
6278
8874
9626
-1492
8257
-3093
8851
-4366
5931
2375
8405
1974
-7245
-4223
4090
2214
-5655
4131
1775
388
-9773
4768
-734
-526
4629
8722
8892
3778
-6030
-6651
9346
9313
-5672
862
803
9599
7467
1591
-9344
-2480
4911
9518
5359
7014
-5176
-3462
-7385
8713
-8144
6589
-4116
2502
7574
-7956
-6899
-8494
-7236
-8788
7671
-6521
-6967
4458
1467
226
-2360
3848
8388
-490
-7049
7493
-7245
1003
8411
4690
-1938
-5832
5930
-7652
-2117
10
-6401
-7687
1618
-9365
1735
4356
-1787
-5077
-3168
-3659
-1886
-1772
-377
5354
-5493
5384
5213
2724
-54
8418
7537
-340
-6545
5832
4989
-6643
7598
-4273
-9458
8562
-5381
-1086
449
-4789
-5008
7202
9599
-2813
5339
9789
-1201
-2386
-6648
6365
723
-4685
3828
1977
7058
2122
4551
5007
4501
-8470
-4117
-5172
-7324
-2803
2610
-9373
-3187
-3583
5406
-7191
1636
1154
-5094
8026
447
7907
-1409
6156
5670
5413
5954
8307
905
-6923
110
-728
7540
1849
7846
9217
-477
6019
9916
-6062
3213
7839
2326
2448
-2062
5861
-9885
-3498
1749
7624
5162
-5861
3673
3207
-4230
-4494
-3703
-9395
3206
6126
8555
2041
3793
1803
8490
4831
-1768
-9817
-9385
-2423
-9688
-3417
9051
4723
3951
4698
-1101
6919
6804
7267
4623
-6817
5871
-5466
9455
-7018
7361
7195
4959
-4513
-4225
-715
-4838
-4395
-7227
-3216
-1779
7548
5150
-359
-3457
-4421
172
-1555
5819
-8294
-5805
5295
-442
-1786
7771
2495
-256
-9811
2638
-3551
-1935
-637
-5147
6513
-3862
-4285
2774
9677
-5750
4097
5239
1740
9681
2977
7471
6641
2659
558
6805
8233
-7571
-1327
-9094
1984
2889
6626
-3851
7082
1417
-5340
-5538
-2498
4884
9105
-6672
-4842
4342
7882
-8568
4173
-5917
-891
-7210
6314
7737
6029
-4998
6686
-6615
-8182
3931
1179
2419
-3096
-2175
-4179
-3966
8862
-3890
2485
2756
1480
1693
-6585
9884
4456
2212
7502
7067
4944
7799
-8265
4897
-534
-1661
3953
-114
1490
9431
-3207
-9031
-2952
-7502
7126
6021
435
-7328
-8553
-4461
-9803
5349
-5876
2423
-9836
-165
704
6996
-1473
2196
8022
-9180
2892
6150
-764
-5971
-3672
-3325
-8153
7468
-4460
-9042
-8580
-4617
836
283
-3345
-7566
-1305
-18
-7141
-5477
9773
-7631
4803
-6169
-2236
-9348
-1584
7937
5935
8656
-5923
6537
6745
-4312
9575
7451
7212
2734
-9801
7301
3293
-2321
2315
8516
-2615
9561
-1679
8260
-860
668
7929
-5982
-5735
7916
-4346
-3966
-9919
6862
1508
-1754
5374
-9182
7003
-8441
1432
6004
8543
6473
-8207
-8297
585
6829
5033
-4117
1025
8222
883
-7347
-5072
-2313
9
8920
-7955
-2854
1423
9486
-6775
-9112
5224
1947
4536
-2996
2323
3381
-6114
4882
6608
-8487
6797
5297
-227
876
-8898
-8339
3360
-4281
899
8006
-9551
-3081
-6610
428
6482
-411
8902
3436
9962
2558
-3710
9848
5778
-350
-5229
-2387
72
1829
-2454
6269
-3967
5587
-597
106
-2236
-875
8249
7051
-9024
-8806
2670
-5842
-5848
-8837
-1047
-5781
-8391
-6033
-5194
578
-9002
-7611
778
3463
-1188
-1722
9861
-5
914
-7526
7344
5670
-7059
-3207
-7680
2307
-9973
7809
8173
1478
2786
3475
9090
2826
4823
7031
8841
2512
301
3705
4593
-189
-8340
-1221
4770
-2911
2230
-9512
150
-949
-6903
9852
-4513
3545
-3601
7347
4106
-2325
9826
2394
7635
6292
-857
9999
4894
-5106
-6346
623
2689
-6713
-1788
-2639
-1293
1288
48
4388
3302
-5921
2536
-3354
9472
3518
3103
-1024
2881
-4984
296
4623
-3601
5907
-5209
1122
939
-7680
-2840
4661
-9277
8300
-4613
-5823
-6555
-9909
8506
107
-1515
-8550
-1102
-3364
-6971
6604
2788
-3966
-1581
9882
-3340
-5047
1844
-9446
-143
5280
9409
-2918
-5440
3340
6140
-1208
-2165
9459
862
4424
-144
7295
-7210
-5047
5754
-710
-1606
-7353
8506
-2988
4016
9571
-7403
-536
1835
9257
-8455
9171
-9053
2990
2253
-8718
-8627
8640
-7118
834
-5948
-2182
9035
-5747
5171
-1314
4287
5864
-8259
4984
4535
-8145
8633
-1332
6921
-2512
7470
-6539
-3723
621
914
3580
7054
7848
702
3015
-4164
-1498
-9064
-7572
-7998
-9907
-1139
8509
-5856
380
-4596
4548
-6221
8722
-6680
3469
126
-9473
-3477
2425
-8793
3935
4827
-5445
-3709
-2534
-1040
-5679
8763
9183
4309
5495
6656
-7871
-8575
-9726
3370
5957
-6459
6060
5186
4356
-867
1874
2456
2128
-1851
8636
3137
1886
6431
3420
6976
-2827
-192
2058
8124
242
4696
9951
9977
-3892
3998
-4716
1063
2787
6913
-9429
-4936
563
-9040
6527
170
3955
-29
-132
-8835
6619
7088
8982
-3081
1973
-5295
3008
9862
-1666
8945
4086
3228
752
5851
-5534
2113
-6759
8283
5511
9092
7417
-73
6623
2185
-1058
9298
7789
7478
-4389
9906
4675
5038
4711
-3677
1861
4435
7491
5971
-3328
9008
5663
-4896
-7793
9962
-4012
-3681
1980
-2363
585
355
-7998
-5131
-7171
7140
657
6273
-2613
-4351
-6773
-2747
5935
-76
-1298
1581
-1106
-7404
-4465
5204
1631
-5560
-18
-9261
-1095
9944
7107
5645
5294
-8782
7430
6945
-2648
858
4817
1068
2212
-9630
6595
6397
2819
-3920
4810
8520
-2587
-4339
658
-9321
5397
-7595
7313
7989
-9784
-7957
4763
-1387
6134
-6236
5231
-8154
95
-1900
-9289
-6854
3657
3178
863
3607
477
3339
-4006
8672
8761
-8742
-5503
-4685
-3191
-5689
-5199
1456
-7273
-8642
237
-3546
-8811
-1946
344
7198
-4176
824
-8757
-2621
1525
-5147
-7396
6116
9206
1224
5525
-4077
3193
-2690
-8270
-7512
6605
-1474
-5086
1416
5094
-3785
-8576
8028
-4223
4041
866
-6858
-8810
1797
8188
7176
-9673
-2824
-4275
621
199
5722
-9702
-2539
3731
9712
-7422
749
2895
-7573
4372
9502
3671
106
-5282
4608
-280
-4923
7579
-2922
-1741
-2923
5618
-5690
-7382
361
8415
-604
6463
-3075
-7484
1857
-6633
-2132
-442
964
-6963
-6945
1638
3653
3942
-2699
-3203
9776
3021
-3864
-8670
-3822
4018
-4502
-6555
-3374
-6034
9088
-3178
1663
6400
-4667
2387
8188
-8598
-6294
-4805
8356
6135
-2914
808
-9018
2884
103
-9460
-1889
5538
-9437
361
-899
-531
1622
-6542
-2721
6002
1999
-4334
1966
-9225
2536
-494
-3810
1278
4013
-7757
-7192
-3676
-5739
-7493
-1153
6196
-7853
2124
5367
-1182
-3019
613
-3443
7248
-167
7442
4234
-4477
-2810
-9265
-2010
3994
-8440
-3655
1134
7055
3507
1253
4649
-2734
569
-6021
9054
-8670
362
-8245
9483
-6384
-1705
-1521
465
-1207
-6466
7998
7502
7012
-5120
-5850
3831
-7614
-819
-9146
-4879
9968
6367
3082
166
-9095
9004
6877
-8738
-1063
-2468
-2561
9523
8260
4473
314
-2472
-738
418
106
9809
8425
941
4926
9264
-1669
1730
3086
2794
-1753
8913
-5788
-4934
8749
2311
1436
-4703
-1445
1835
-3
-3747
-2900
-9402
9198
1280
5660
-9891
-9120
3322
2658
9849
-3644
-9689
3371
1944
4858
7261
9970
-6471
1552
2162
4843
8635
-3954
6646
9160
1764
-4714
-8748
-1942
-2141
470
-4020
491
-717
9240
9067
5951
-609
6361
-6004
2298
6991
5722
5441
3110
-7766
3635
-3166
8098
9212
9849
2287
554
-716
-3929
-8285
-7661
-6646
-5518
-9159
7864
-1432
-3810
-6638
-3460
6013
5030
-7315
1909
9949
-6622
4447
6460
-3688
3431
2198
-5186
-9769
4221
4109
-7681
-56
-6574
-6709
-352
8484
4381
7360
4493
5281
-4970
2656
6137
-9119
2227
-9986
3073
8235
7995
267
-2335
-220
-6493
-4226
986
2857
5536
8143
-4080
5172
3937
7494
-6318
8689
6623
8533
-8083
-3769
-7720
8561
-2322
4862
7144
5323
6036
1548
8090
-4815
9011
-9271
-1198
-4611
-2889
4878
-6173
-6753
5650
7211
3151
-261
166
2329
4194
8312
-588
6225
9984
-9309
-7048
-5315
7961
-4193
-7379
-6426
-5988
-4607
4395
-3530
9916
-7808
8634
-8047
-4379
4600
9414
-3182
-3584
5966
-1552
-478
-2910
-2589
-1163
-8519
-2736
-8953
-1574
9550
3041
403
9592
9686
1088
7124
-3104
-2321
4744
3825
3309
2381
856
-7644
8749
-1122
-1514
-9684
-3770
-7352
984
-7518
1007
1122
2647
-6970
6091
226
-8370
1527
-2874
-8172
-2370
-6880
9174
4676
7911
6215
6289
-6182
7877
9161
338
-4447
9684
-3563
9878
-5785
855
-4637
2164
2231
-4075
467
9943
8562
9564
-6304
-1730
-5918
-8204
2669
-1127
-3561
1039
-3877
-4954
5214
-9429
-4267
5718
-5395
-5495
-9168
1217
-4143
-4278
6428
3028
-5652
7484
2180
-5978
7440
-3620
-1464
-2789
-1897
-905
302
-1569
-1340
-7389
864
9022
999
-7406
5484
8872
-1777
-4692
8455
-3313
6073
274
-6775
-5057
5485
7615
-2295
-8952
-8758
-8360
8112
-5102
-2035
9546
-1444
-9869
-1121
-7134
-3734
-7266
7288
-1344
6252
-821
-3925
-6419
6114
-5222
1292
-1160
3272
7776
526
6883
3783
2048
6122
6247
8470
9926
-8155
9869
8934
3761
1669
-7563
-4818
7297
-850
-7607
-7184
-2599
-9895
504
-2948
377
-778
3411
-4389
-2743
550
7570
5966
728
-7227
-3908
-7873
-3672
3869
-1297
-2079
-4007
5008
-7870
1978
8847
8248
-8272
1154
9365
-6537
-8743
-302
-9925
-3418
-7550
3855
1647
-4347
407
9508
-9190
-2112
9289
-4479
-5356
3290
8271
2100
-5400
-5742
-1937
1132
1807
-4189
249
-8034
-749
-2088
-8775
-9378
-3438
-3196
-4702
7553
-9133
5515
7144
7979
1714
3613
4915
131
8416
2716
-6182
7886
-7554
-9435
-2162
6904
1901
-9490
-1382
8085
5758
2375
1961
-6475
-6682
6577
-6788
-4453
-7350
6622
-557
6474
9098
-5035
-8171
-243
6301
-8096
1225
5753
9956
-4186
-2972
-9338
9564
-7462
2455
-4605
-4746
7628
5369
5904
-1881
8642
-2585
2886
6518
-5328
-7255
-6575
-9289
7110
-7966
8420
-1638
2293
-8470
3800
-7792
4702
4216
-579
1102
-6841
-2098
1499
-6122
218
-2637
6408
-2614
3973
-3149
6635
-4052
-7561
-6369
-9188
-1116
-1843
1453
2859
-196
-5679
3349
1821
7970
1861
2075
-4851
-5748
-7066
-5644
9906
1487
-5404
9080
-4484
-3096
4072
-7229
1904
3997
2670
-971
-2461
-770
4793
4781
6270
3151
1666
8610
1532
-8655
-2792
8561
7931
-7661
-7847
8946
9954
9924
7401
-2950
8994
163
-7407
379
6301
-8633
3884
-8712
1073
2404
-9735
-8068
9271
-4426
5189
-1557
-9111
-447
-7045
10
8618
8285
9572
-4064
-9081
87
-1679
7210
-5846
-5787
-841
552
4448
-5180
-4101
-3758
5790
-6800
-475
-6950
-8786
4065
-7080
-5143
-2725
3068
-3378
248
4410
1802
4088
-5610
-7131
-7634
-1529
-4602
-9430
8388
-2389
-7894
1750
-2534
-2288
3648
8093
5669
3865
1145
-8060
-3723
598
-1110
-1805
-8141
9052
5358
6815
4672
6869
4274
712
5325
2421
3148
-8763
2572
-4778
7377
8220
-5919
-9395
2166
-4193
3610
5755
4513
3350
-6422
-8114
-3990
-2432
6237
-9408
-4095
-8287
-9424
1460
-7817
4932
3905
-1645
9465
1032
9259
-7348
9756
-8073
1182
-4759
2719
-5524
5209
-7783
1064
-4322
-9724
-6219
-1299
-4113
4967
9705
1134
-2878
3023
5435
-9457
9784
3544
3116
-3555
3431
-1397
258
9119
-7990
5316
4509
6068
9178
1152
7458
-7261
499
9416
6096
-7739
7715
4367
-3956
-9334
-6130
1157
-3849
-9161
956
8250
-8054
-829
-5748
-4673
9861
4022
-7693
5507
2425
-1542
1427
-4503
-7036
-2838
-4940
9671
-3130
-9615
2141
-6281
-6610
-2188
6697
1832
-1398
4917
-872
9239
1515
5267
-1256
7722
7453
-3845
-529
-5733
-1103
2071
-690
-6589
-8125
103
8543
5459
-5214
-43
-8659
-5817
-2516
8543
-2532
4580
8120
-8492
-5155
-7729
-2468
-1622
1919
2445
-5343
2618
9334
7518
7106
564
2881
-1098
8848
-5445
-4053
-3762
3191
-5781
6514
5276
-8637
-8501
-8260
5454
-5565
3634
2595
3086
-1227
4550
5852
2001
-4436
9095
3830
65
8046
8209
2154
-5133
-8745
6397
7962
-1801
9233
-2759
1630
-4176
7410
2213
-7628
-2835
-866
-3979
-2981
-8622
-2659
-8473
-349
-2019
-6114
4319
242
-4446
-2254
-4352
-3524
7028
3323
3233
1029
3124
9828
9524
1833
3237
-6561
1993
-5558
-4780
5116
-3243
-6904
4637
-6592
-3806
2566
9428
-8326
-6321
-1651
-7001
-2834
2545
-781
-2732
-5412
-5578
4155
5985
9269
5932
-7056
-5250
-3512
2827
-8467
5370
-9831
-1473
-4820
6591
8289
-2972
2224
-3127
1286
5982
8953
-8444
7466
-8283
-3461
-5513
-4095
-2005
-5747
-2915
-7277
8426
-1490
-1887
-4275
6967
-9060
-5115
-1119
8305
9243
-5438
-1776
3358
6315
1457
-2145
-8305
6959
7530
3365
-792
-462
7595
-4071
3986
-9583
-5852
-535
3241
6551
2457
6941
4816
2783
-9065
5444
-7275
-4030
-7314
7115
4005
4956
3157
392
9630
8420
-1332
-3237
4002
-5094
7180
8846
4916
8488
7551
2445
-4749
8922
-8579
8516
-6793
-7553
-5741
-3566
-4235
8159
-811
9497
8432
-61
1068
-6572
3439
310
-8427
2972
576
-7055
36
49
-225
-8858
-7345
-8503
8040
-6685
-7624
-924
9262
6236
483
-399
7943
8374
-2092
-3229
-7533
4482
-1456
6180
5512
-1791
6375
5146
-7515
929
-1535
2642
5777
4247
-7527
6089
2589
8848
-7566
7531
1969
2660
-8157
8097
-1755
-5388
-1030
7329
-3942
-8713
-6295
8272
3225
-1738
953
-4172
2451
-8344
-2647
1541
8956
2853
5865
7390
-7593
-9196
-6670
5491
-4707
-6657
-2479
-7697
-2235
-2162
5417
-1530
2674
5096
1318
-4522
-3754
-5661
1608
-9141
6286
-1911
-1957
-9495
-9909
-3766
9855
2486
-9224
4540
-3097
1602
-7149
1837
2497
-1103
-3243
4
-5149
-2005
-2212
-5770
-8988
8980
1856
-7185
-5536
-9043
290
-3513
5284
-8738
-9455
-358
9400
6422
-5626
-9965
2171
201
-7946
1371
-915
-95
-2824
8905
-3985
-5089
5458
-355
-2899
1848
9726
8083
1666
2123
-4198
-7343
-4917
93
5142
6088
6586
-9263
7029
-9689
2578
884
7289
-2152
4109
2369
4838
-2652
-3215
4649
1234
-2503
-8315
2021
9261
3054
5641
-6671
6165
-9408
1847
-2769
7837
8367
4193
1791
5820
-1536
-7307
1559
1164
6139
9727
-6377
7893
-6781
9171
4609
4125
1112
-2802
3042
720
-1161
7644
4477
-5756
9950
6706
6126
8092
-9952
-8422
1586
-4821
-5920
548
8455
-5493
-9659
4785
6960
674
-8450
-5104
2375
-3597
1984
-987
5444
1469
-4910
6606
580
7333
3405
-8371
1136
-4290
-4522
-6171
4733
-1356
6512
-8170
9320
-4281
-6780
-5078
-2389
5219
1722
7422
1639
2330
9247
-8567
5232
-4091
-516
-6958
3772
-3391
-2131
-3376
4134
3324
3817
2906
-7370
-7
9509
6695
-9036
7704
1659
5651
-514
-8109
-9593
-6742
4164
-8685
2769
-2701
3446
4657
8913
-7655
1596
5455
-5192
4399
8838
9195
7794
3894
8672
8126
1604
-3935
8348
-3889
-7032
1843
7260
-3889
5435
5596
9733
-9127
-8126
-8818
5401
9442
6434
7705
1262
4235
1965
-2169
4314
5521
6825
9181
-2703
5392
3350
-3675
-6289
-1841
1662
1190
-4622
-5313
1225
-6920
-1476
-3285
-9536
-7803
-278
1766
-7014
-7858
-4057
-642
2262
2132
6840
4496
-5937
-1250
838
1733
-4668
6876
5217
2623
8687
8172
7746
1230
-8134
-716
232
7092
-3363
-2300
-2249
-9998
4006
-4524
-5413
-5235
21
5147
2202
-7274
-5517
3816
-9150
7025
2748
2961
4140
1510
9352
-6395
-1487
5086
-6628
486
-6499
-8195
484
-6638
-3294
3031
9484
9256
-5804
5475
-6423
366
-2083
-9198
-783
649
6311
900
-9500
6740
1230
-5357
2589
6367
6113
-5107
8325
6134
1851
-2455
9937
1564
-5232
-768
2054
-5430
-9099
7970
-519
8289
3683
7619
3591
-4677
7134
1946
-6064
9472
38
-6893
362
1558
-9525
-1275
290
-6115
3485
974
-3795
-2615
4344
-4306
817
-2909
4893
6594
-1134
-2679
-5711
-337
4922
-9960
4900
2394
5729
-6440
6036
-1073
1510
817
9506
4170
4420
8610
-5738
3613
4205
-9512
6221
-3621
-3163
-1632
9675
7044
-2917
-1786
6226
-8923
-4521
-2358
-2057
7194
3788
-8218
600
7944
-3159
1665
-4101
-6647
9895
9435
1089
-7432
7970
3441
-1173
-9550
-7584
-6107
8439
-3977
1969
1888
-8690
-3319
5827
8921
-3803
-5090
-3587
-8588
-8529
1788
8492
6234
1223
1200
-5496
-3287
-205
6887
-1880
9582
1690
-1897
9600
4819
3581
8412
-2451
9772
1810
-2252
9327
-1141
-2350
-3960
2089
8713
-2559
-7508
-2842
9910
74
3597
804
-4725
6152
-6990
-3338
-3549
-3011
6333
-9259
-1475
-1533
-541
-5010
-5248
-6506
7968
5984
3279
1473
3298
-5868
4847
-4198
2390
6689
-1935
6822
-7146
1002
-6051
1795
-883
-5525
-2789
5881
-9656
-2458
8904
9684
6524
-713
243
-9437
-3828
-4321
-3992
-1132
3232
-9388
-5385
-4439
-4471
4175
-7301
-5330
-1555
9067
-939
1851
-9525
4548
-7189
-7042
-5737
-5610
-1233
6667
-7159
-487
7400
-7118
9168
66
-7389
607
-1952
1889
-2589
626
7761
-9273
-406
501
-5991
1726
5281
1866
3345
-7614
-7363
7867
3195
3792
-5726
8011
-1629
-9794
8405
-7690
-7693
-6109
8578
5652
-1819
-7028
-4738
6913
-9569
-8626
-2869
6986
7452
1532
-302
-5642
-3805
6334
4188
-4920
-521
6679
-2336
-6585
728
1445
550
-8838
3459
2721
-8521
-712
8798
749
-5863
-5293
6049
458
897
-9672
3038
6807
7472
-384
-6841
7718
9253
-7942
-4947
-4084
-6692
3072
1134
-6063
9182
246
-2202
3677
3806
-1195
-101
7572
2498
-2235
-8968
2761
1455
4437
8122
4105
209
-4937
-152
7388
2866
-1017
7906
-3919
744
-5988
5401
-9771
-3872
-7339
5455
-3029
-8624
3157
-1186
-3684
165
2387
9457
-1188
1280
8158
-1766
-4119
-3722
1089
-2168
-4868
4205
-1272
-2378
9822
-4862
-3446
-1359
2137
-7140
9781
-460
9845
8859
-8644
5392
6801
6493
-5715
-3229
-7753
-8585
5945
6003
1700
-1675
935
-2431
-9607
-7096
6583
-5858
3545
-5563
-44
9592
-4369
6636
-3446
-452
-4164
-1770
4145
-7589
7846
2982
-7786
-6420
5562
-3927
949
-6844
-3823
6585
4724
-839
-8656
-4678
-9237
-6993
8507
-4459
-1803
8576
8084
-4563
-8199
-7318
-6915
-9243
-7353
-7269
-7960
3504
4635
-1785
2344
-4403
-7916
-2001
5963
84
-3544
-6996
2553
7012
6499
-4235
-5646
6305
105
3884
-8787
-2043
5904
2092
9338
-8038
-3549
-6458
6282
4635
-3903
1532
-6528
-3837
-5943
-3440
7381
-9269
9500
510
5121
-7339
-1384
1088
-885
7305
-2058
686
5431
-922
-3611
-8046
3795
6818
7535
-3741
9312
832
2554
5536
4049
1180
-8585
-1891
-9293
-6463
-2812
-8702
-5406
-5346
-7795
4656
-5120
-8994
-9577
-7445
-8109
-1264
-5801
6453
-7569
-7075
17
-7546
-1445
-6383
8555
-2089
1920
9758
-606
-5427
6857
1680
-484
-9733
-5977
9363
-3436
2335
2720
8168
-2819
3410
-16
9483
6994
6304
-4426
3321
8833
-9617
-8542
-5821
-9430
-2687
-5907
-1366
-256
5115
-6235
47
-4811
-6600
-1234
-3886
1625
-5473
2978
-9377
5375
3081
-7411
9675
-1822
6424
5336
-7075
5298
3298
-2014
-5300
4562
2628
-4381
-1556
3964
-7616
-1797
307
-2086
879
2240
-4305
9273
8850
900
3516
-8820
7354
2245
-9290
-3961
1523
-9794
9359
4252
959
82
-9079
479
-5444
8592
5695
-6791
-7351
-5798
-5348
2396
4439
-866
-7059
2867
697
-9081
3973
2877
3535
-6588
9777
-8016
2751
2658
-7410
-3206
-442
-5353
7905
-9233
-1307
-1232
-9553
6888
-9627
-3486
1428
-320
-2617
5809
-764
7324
9831
1189
-675
4514
-4818
-5818
-3274
9574
-8315
-8356
-3376
1137
1963
3900
-9646
9209
-7683
179
3332
-5531
-714
743
-9503
3770
-3588
-6188
-2122
-4034
4270
-9860
2203
4826
4148
-8857
7802
-8260
591
4680
5675
1159
4385
-401
-7042
5430
4516
-2838
-4093
-6066
-1516
8908
-9640
4025
-5807
5051
-9592
4294
9410
7429
-6866
-6506
-7717
8458
5723
6618
3035
-2163
7576
-3376
-3149
-6813
2839
2561
-6211
8374
-8542
-5316
7963
2400
-8108
4278
-8492
5163
7947
-2679
3511
-7075
-5346
-7092
9504
2734
3484
4088
2977
-2295
2374
4712
1543
8293
9011
-8388
8572
-532
-6079
-9622
-3770
-9195
-6200
-6727
-9176
-2948
-7889
-1658
-3811
-4490
137
-4014
-483
718
4857
287
5096
-8496
-304
-1507
-2231
9875
-4027
-8576
736
-2516
893
4800
9569
2078
-314
-9379
7284
3366
-6912
-3960
8153
6161
-562
-6741
4181
9804
4999
-5075
5028
7868
8986
8029
7212
-531
421
-4963
9867
7643
-1703
-4788
6803
-9874
4176
-3316
3647
8864
-528
-2852
4456
-9788
6666
-9017
4312
-1406
8752
-4691
3175
-9320
6870
9903
1523
-7903
4074
9526
-167
5152
-8468
7723
5033
-2609
6404
9199
2670
-9368
6866
2560
-3787
-5231
718
-323
-208
3073
-3558
-3454
5292
4619
-7670
-5709
9100
6999
-6778
-4508
-7346
-9688
7141
-581
7548
2724
9886
-8218
6683
-7477
2443
1588
-2114
651
-1425
-295
1619
-697
5355
9122
8914
-3359
-3311
2725
8250
9679
4690
-5941
-5353
-5483
-6087
4338
2295
6084
3595
7620
-702
3737
2683
637
-1126
-8273
3276
-2822
-6367
-3217
4652
7145
-3090
-712
3335
3907
-9142
8625
-7292
3027
3662
-2288
1429
889
3283
-1539
2634
-4248
514
941
7436
-4231
9724
-7363
1713
8023
-2078
4469
9827
4511
3236
-8088
-84
2817
6647
-9906
-4436
-9451
-883
-9505
-3028
650
1617
6346
8329
1314
-7555
-3994
9378
976
-4918
-8609
-3961
191
-6938
-2526
5433
7871
-3206
-1612
1325
-1173
8708
-2007
2887
4817
3902
7845
8275
-5923
5293
6603
-7225
-3817
-625
2829
-1734
1651
-4007
4178
-5537
8105
4112
-5933
4967
-3006
-2891
-1464
5177
220
-3182
6449
8626
-4884
-1065
-4124
-7243
-9678
-2812
7281
-5759
-6669
6929
308
1288
7033
-8905
-1163
-3475
909
16
8859
234
3545
-1822
-6760
6460
-1937
-4832
-5794
-6923
8252
3227
4558
-51
2441
-7492
5189
6252
-6675
3349
4905
3043
-8501
8481
3106
9334
7930
8193
3106
2943
-6088
-7356
5689
-8640
9491
8810
-8936
8858
4539
7703
5076
-5559
-1386
7163
469
-9711
-5020
-3192
9239
4315
-4047
5676
-4596
-7982
-4475
-8014
-4396
8711
6612
34
-9121
1676
-8079
7559
1138
-614
4906
7308
-3812
-9696
-5692
-7625
-7878
-1648
874
3960
-297
-8339
333
2995
7785
-2033
-7718
-820
3177
9093
-9178
8700
7806
-3019
7504
-4586
7254
435
-79
-9781
-934
1846
483
7933
-8246
-8830
-9133
7880
-5340
702
7897
-2787
-6864
6619
-7288
-5469
6509
3599
-2519
3847
8663
-7000
6507
-1055
1005
7622
-3693
1915
-4513
8785
-8495
1158
3006
-7501
-6119
-9115
-9100
-6145
-1492
7403
-7239
4945
-4161
557
7331
1018
-3142
-9535
4447
6686
5907
-9532
1018
8397
9956
7679
8019
7670
3775
-5796
740
-7177
-6354
9669
2920
8362
-886
-9022
249
1758
8822
1766
552
-7583
4990
1982
-3319
-2113
3168
-3571
5679
-4844
4186
540
0
-2502
-5396
486
4043
8614
-1204
12
4993
-1523
-9209
-9500
-1819
9470
5501
-9980
-2078
8723
5635
6662
523
9567
4926
2115
3540
5426
2805
7033
3521
-2393
1227
-8090
7923
-6
6364
446
-2760
9227
6133
7149
4421
283
-3551
-8899
6865
-1268
7295
5399
-3484
8237
6434
3896
4226
-8867
5823
-1402
-8924
-4747
-2320
4557
7214
-1812
-9692
-5140
3895
4538
-1837
9819
6150
-7117
9764
-9902
5640
-4039
7714
545
-4173
-3247
-7688
-9198
-6382
7345
-9746
9867
6628
-2235
7440
-3234
-245
-7970
-3966
2578
-1112
3634
-4751
2050
-8584
-6610
6523
-6892
6810
-6746
1190
4867
-8613
-7580
-5284
-4406
4259
80
-2157
7726
2702
-9144
-4655
6558
9157
-9474
-542
3989
8245
5423
-1640
-8434
6371
8838
-303
-4765
461
80
3642
3213
-2764
9951
6743
8844
-3022
-4477
-1008
3096
-9969
275
-2706
-4190
3895
5489
9835
5018
762
-208
-2489
5585
6268
-692
-3042
-1985
-5142
3741
7700
-5482
6954
1103
208
-3331
4779
8956
1839
-7632
-7150
4167
-9202
-9745
-6928
7308
2836
-5572
2931
2198
-5086
-1354
1481
3143
-5338
-531
5380
3960
4329
9718
7257
-7393
-6964
-5828
-2704
-9586
4813
7030
-6179
1895
-5323
-7333
9254
-1532
-4658
-8352
6473
-3272
-5021
2061
8806
6757
5364
-5210
8506
7842
6436
-9470
2000
7828
-7281
1362
9418
-1467
-510
-2532
-311
-3145
7910
-4064
-5163
-825
-6318
-8147
-1447
8980
-6054
6653
-1095
5019
-672
8971
3539
8526
7315
-761
4743
8987
1515
-1233
-8024
5653
-8951
8998
6891
-2651
-9363
-5599
-3588
-3558
4596
-1398
-9613
-2247
-3565
670
6067
1021
-1860
-1477
-2380
-2799
-2613
-1166
-1677
1442
8309
195
9880
3153
289
5383
-3456
-2372
-3828
8670
7689
-7543
-1887
-8985
3316
5723
-9896
2940
-4414
-122
7273
4698
4563
1352
-8749
-6611
1443
1405
-46
9986
-2294
9224
7971
9699
-3952
8066
-4549
-7271
-1531
-7836
8496
4498
-9269
-43
4995
-3769
-5491
9109
6547
1779
1265
1389
-3465
-521
-8865
2436
2503
-3160
1876
-3817
6029
-2669
3499
-3082
2217
7948
-3402
4380
8759
5575
-6345
-2639
8787
5286
-7712
-1245
7878
-3828
2080
-1716
5277
-4920
-996
-3981
-820
2721
-5264
-7579
1421
-2408
-5179
-7340
-7441
-4274
-9430
-1918
-9788
-7089
9649
-9940
3151
-2360
-2979
6445
9445
3639
9424
1828
-8222
-4010
-4271
6525
7595
524
-8381
7346
-23
6477
788
-5515
-2229
-1179
-8703
-2252
7454
2108
9761
-5032
-1279
-6227
-151
-6549
-9323
5616
127
8826
6280
-7567
5313
6953
-928
810
8225
456
1066
-7639
9452
5460
5607
-6358
-2082
-7480
8488
-9699
-6092
2943
506
-2645
1704
7329
674
-7414
-1970
-9237
-8332
4314
5227
-2581
-829
-4602
-7491
-3651
-9337
5541
3329
5824
-7103
-8441
-1316
-2349
301
7623
6779
6799
-1501
-1960
217
-1559
9767
-955
4509
-7020
-9381
-4134
7833
8030
-1289
5954
2079
9576
-7514
8408
8451
717
-8944
9
2946
-4291
-1242
2968
4465
-105
-1875
23
7383
960
-3721
-8575
-8621
-4143
7116
2626
6466
5833
-2763
-2288
4702
2214
2460
6611
983
-9069
-3296
7891
2767
-1104
-3627
4686
7670
3324
-5932
-6357
7595
-9402
2487
4095
-7642
-6197
4660
2146
1454
-9281
5607
8184
4408
1713
-9174
-3681
-4836
7106
-4856
3485
1355
-8541
9841
-8811
-1277
6816
4358
9388
1074
-5147
5813
8578
4918
2516
-526
-9965
1425
-4571
9297
-5119
1916
9241
4439
-23
-5714
-4027
1487
-2011
-9354
-3320
8329
-9951
6863
-7026
-8169
-7894
7776
6295
434
6443
7966
8199
-5502
-6676
5977
