-4465
-5616
-5455
8172
-3503
1891
7518
-7675
-72
-2848
2117
-2372
-941
2934
-2856
-2524
-8106
-9422
-597
-7183
7697
1726
-9978
-4263
8638
-9217
-531
9709
-9939
-8438
195
-8104
1255
-755
5551
8012
-9862
-5784
6200
-5442
-7391
-4263
-375
7878
1286
6406
5075
9562
9251
8266
6819
-5874
9757
9118
8444
1027
8019
-7478
3290
-8598
-4860
2004
578
-8878
-5312
6233
4832
490
4924
-2880
-7775
6282
4324
-4236
3301
5102
-6829
-138
-4843
-1760
-9588
-3871
9732
-7188
-6103
-9464
-6999
9626
6831
834
3474
5525
-5005
-4450
-8006
5769
-6835
2347
5162
-8819
-8786
1602
7867
-7415
-9778
9719
3089
9603
-2836
-2755
-5905
8002
8974
-4485
5066
3494
-5893
-398
-7530
790
5484
-9924
-316
-3699
7029
-3924
-5540
7357
-7523
-2167
8495
-3147
-6591
7307
9251
-9596
-1109
-7690
5398
9144
3807
-1214
-7292
6361
-922
6429
-7420
7910
-6241
-5066
-2380
-8376
2784
2282
9348
-8906
-8798
-7043
8897
-7569
1736
5255
2553
-1314
-2477
-2562
6584
-9428
2138
2008
3147
-7568
-5556
4208
-6183
9540
8742
-4064
-2181
1306
-2422
8653
-5333
7937
-195
5427
-2454
-9637
-7719
-8551
5559
-7371
8894
3889
8998
-2095
-6033
-9929
3649
-4176
3664
2754
-2820
1171
-9792
8072
-3267
-2815
4182
2263
-9955
-1805
-580
-7421
-5103
-7780
-8608
-2462
-416
-9718
-1570
3480
-6387
-8955
-8361
-1782
-4107
961
-1257
-7252
-3085
9084
-6490
8076
-3260
-7586
1194
5198
-604
4467
8573
-1383
3481
-6787
-2930
-240
-1315
2537
-7612
167
7963
3429
1833
1806
-9729
-2430
-6844
-5301
1942
8326
8009
5436
8627
-7186
6932
8537
-6971
7154
-7002
4937
1984
8728
6470
4734
7067
-7387
5465
2620
2997
-9227
7259
9600
-1322
-3142
9518
-5608
-8036
5009
-8282
7193
31
-300
5966
8731
-9842
-1626
-4841
-3960
3912
6803
-9084
-7009
-5794
-1218
-1794
8552
-8501
-5502
8160
3247
9563
-5817
-2329
9185
-8264
9438
-3501
8726
-6968
2703
-6239
2798
-7534
1939
1078
7515
9362
465
4123
2773
-7805
-6427
8525
-7414
373
6885
-6477
4466
3484
-3289
-7678
3015
-4300
2294
-9104
-316
655
3738
1347
-8918
7008
4507
8799
-8778
5922
-3003
4521
-3581
-2626
-4001
-5750
3856
-4922
7758
2706
6835
-1877
-443
1602
4472
-2552
5169
-2575
6559
-355
-4221
4629
5445
-9503
3434
2643
2522
7575
9089
5956
4331
-2150
-6199
-4156
-7915
110
-4581
3283
886
5393
-5749
4880
1552
-4638
-9313
1048
-8402
497
-2329
-1002
-6286
9220
8808
-8484
8684
-2508
-9507
-4831
-1611
-3633
-3983
-9509
4915
-4329
7942
-8479
980
2070
-8919
-887
-9181
7003
-2446
6254
-6845
4028
-9062
7629
-3895
8292
-9720
917
8913
-1719
3473
7050
-8896
-4112
-6662
-1531
3649
-4802
-7274
5449
-8469
-9901
1601
3082
-5503
5770
-2903
-3850
-5049
1486
3367
574
2904
-1820
-1341
1741
8868
7516
5567
-2782
4498
1497
6907
-275
-5294
8044
5951
3378
3656
-6969
1790
8861
-4130
6314
-3251
9603
-1756
-5229
8918
-1599
-7632
3330
6380
1196
3241
-4046
-4328
2501
6488
-7278
-3363
4775
-7970
1000
-2640
945
-5535
2374
9901
-1349
8860
-6405
-1792
-1307
-3461
4193
-9931
7181
5336
3447
5655
-3220
-3251
-1071
-3077
-673
-5591
1363
-5665
-1393
2639
3640
-6374
488
-3167
9969
-5103
-6449
6316
7057
-139
-2593
5858
6366
2163
725
-4163
-3015
-386
-6417
-7454
7147
427
-5473
2253
-1097
2655
2833
-5328
1910
7896
-8405
5896
-1539
-4643
-9141
-9368
-6419
8195
3047
6470
3984
7524
8761
273
6216
-95
-3819
-6301
-9286
-8330
5823
-7714
4011
3984
3310
-8355
-3942
8289
7359
-1365
6672
-6410
-680
9996
-9215
4489
-8278
-323
-131
6344
-2640
-2562
-9533
4768
6836
-8915
-3028
-9282
-951
1025
-7210
8189
778
9397
-2415
-7826
2894
-493
-3085
-6010
6867
-4569
7342
9878
3649
-8806
-5131
511
-8979
5792
8636
8077
2032
-6982
-9613
1567
2466
4435
-5701
-6607
3535
1788
1865
-3358
-4987
-7248
3666
-4018
7116
-7164
-6254
-6085
-6492
8667
6680
3193
-4682
3794
-7398
-86
3560
-5571
5700
-2078
-4704
8547
7215
-2225
5790
2486
-1572
1332
3930
-8068
-4877
-6950
4432
-7751
-6737
7508
3613
-3274
-9219
-6890
-5961
3652
1374
2910
-9223
4004
-5700
-377
5782
-6032
-2314
5758
-5077
5588
-2465
-5784
9769
1380
5524
-6791
7830
-1589
-2594
5052
3827
1921
-5505
934
5282
-9482
-2094
-1288
-4177
1696
-7405
-5184
9441
8521
5718
7831
3554
9152
-176
-6315
5283
-1553
5166
8650
1019
-4248
-1599
4571
-9160
5041
-6759
-2471
-5577
-583
8489
-1946
-3305
4047
-8135
-5507
6300
-5553
7904
-6211
5365
1445
-6050
181
4138
4048
-7680
-4302
4428
-3100
9849
-9718
-3136
-3695
-7108
-1211
7466
-3301
7684
993
1229
-2153
-1080
-3016
-2657
7175
5038
-518
-3323
-9469
3517
5169
-8531
-9360
-7641
951
-1856
-1010
8403
9688
366
-693
3326
-8000
2533
8963
-9246
7385
7808
7156
9924
127
-5429
2926
285
-3753
134
7861
-8739
-5908
4156
-2593
-5263
-9651
-8121
1308
-5700
6452
-8291
-8032
2088
427
3960
1695
4733
-2754
-6762
-5582
4198
9595
-3154
9518
451
365
2376
-9857
1957
-5719
-4861
-3237
9714
6259
204
-4881
9899
-3613
-9611
1255
4130
5290
-4999
-9850
8135
3517
5853
5969
8082
-6108
5351
7537
-8756
4358
9270
-4149
9329
-8928
4780
5844
-537
-9742
-1316
419
1773
-28
-2450
-5507
-7777
7807
5908
-3066
2449
367
8705
9469
1583
-8570
5737
3969
-7310
8189
3129
-1919
-4426
-4896
2117
6884
2884
-8021
5312
-7510
1286
-5731
4844
-850
-3365
920
-1028
3770
-3210
-2724
996
7971
-5211
3379
9016
2203
1598
3872
4116
7339
-3826
4749
6061
6086
4039
328
7737
9345
-9383
5583
564
5489
5021
-4992
-9678
7147
-1373
-1764
7313
-2504
7329
4031
-6077
4541
3937
-1821
8623
-2201
-2460
4950
-6579
2006
-6561
7292
-9572
7322
-868
-7355
-4652
-5167
7204
-8541
7502
-7207
-5355
5038
9454
-2447
-7414
-896
-8492
3981
-3446
-512
-8215
-1155
-1531
-8490
-6005
1487
7049
5634
564
3777
-4518
5701
9385
-4994
232
4454
-8753
8715
-5509
8562
2419
2167
8432
-6910
226
2251
-6636
-1029
-4651
-8326
4918
-4507
1476
-973
-9209
-3483
-634
1489
2830
-1625
-4624
-6436
-1818
3364
-4841
-5211
3613
8564
693
6311
7424
301
2395
9731
5161
-4983
-5992
8774
9022
-634
-8349
-4422
-5504
4853
-573
9403
-5922
8704
685
7072
342
6557
-200
-2337
5250
4806
-4739
7981
-5264
4277
-5782
9946
5706
2158
-9247
9402
-5956
-9290
6703
-7784
-3181
7815
6704
-3318
-2229
-2320
-7009
4078
-278
4863
3233
3075
-4181
563
5885
5502
4321
5806
5660
-6871
1322
-5528
-6374
-3507
919
-9528
5988
-3611
-7968
330
-8783
7954
-2655
6691
-5969
4137
744
-7554
-7717
7319
-4967
-975
-6966
-3340
6489
-1335
-4192
-7214
3806
-6035
-2799
-1162
1417
-9782
6768
1495
2111
-551
5779
2995
-4826
-6383
-8151
-2704
-4710
-6263
-8613
-2484
-3188
-1513
6205
-1113
-3685
-6369
-7383
2246
-2939
7695
820
4118
-8790
4176
3295
511
-2788
-4727
591
-249
9982
-4367
-3387
4185
-8870
-3327
-5732
4549
1642
1801
-2902
-1356
-8551
8411
6196
-4578
558
5186
-4506
-8747
1222
5657
-6427
-8808
2226
-5551
2060
-2108
6890
-7461
698
-1661
-2562
-1868
-9138
-87
-5887
-6950
5478
1941
-4571
-8715
4979
-4551
-5531
1153
7773
3937
2064
-3378
-3079
2896
-2034
-6987
890
2933
4979
2254
111
332
-8505
6182
-1562
-9401
3387
8945
5371
-2664
-2352
-7767
-4887
8620
9742
8934
-3441
-2571
-7899
-9276
6023
4988
1459
8216
5277
-4888
-2559
-276
80
-2785
-8372
5769
5400
-8913
-7359
-4376
4166
-7638
-2164
-2246
5397
-8224
-5158
8332
-8017
-5455
7323
-9784
-6425
-1034
2360
-9389
2172
8074
5701
-289
-5910
6586
2459
-4496
5122
-7396
-9241
2105
-6141
-5586
-2226
7511
-3395
2258
7955
-7426
-4951
-5195
-3856
-3053
1007
4794
-2704
-5362
1182
1585
8912
-8115
7239
-5555
4872
8005
-126
-5559
2360
-5069
-4171
-9139
7481
-9418
6643
-9253
-7544
2220
-7931
-4586
-4844
9898
6148
-4417
5393
509
90
7304
-296
-415
6162
-5297
-3711
-7522
-8167
-1777
4102
-4593
3620
1611
-4837
2432
6673
6816
6094
8140
-5640
9638
2524
7997
-2644
-7607
-114
-8085
3938
1919
-1343
8259
-2117
1323
9829
6716
-5591
-8585
4427
-3074
6475
-5545
-7995
7608
5337
5818
-7898
3100
-134
-1259
3739
3607
-7121
9449
-2765
-1381
-3486
4687
-4920
9172
5061
4206
-7647
163
-7568
-4701
5152
1944
6550
-1612
8112
-4060
9395
5089
7551
930
2675
-2058
976
-3228
-9390
3423
9780
1181
-3657
-9033
-4360
-2650
-4879
-791
7463
7359
-9501
6039
6850
6191
6076
-9148
-5533
1056
-8560
-9199
-1557
-6541
-3515
-5542
-9589
-9267
-9194
1048
-3412
4680
-8372
4985
-1835
3884
-2235
3533
511
-5005
9614
6210
8662
4613
4444
721
-2835
4741
-4438
-7078
-9453
-167
-5658
4230
-4152
-8785
926
8903
-8673
-5156
-4819
-6873
5440
3592
-4375
1435
5826
-2520
-2588
2551
640
6265
-1240
2773
332
3917
-731
2880
-8061
7452
7138
-959
911
2926
977
-3561
-3251
-9207
-7858
6516
-1536
8466
-8544
6020
-1677
-1435
-4825
7676
8527
-8303
-8021
-2304
1999
3055
-8956
2575
5852
5027
-1811
3748
-3297
-6518
9361
-5153
-8218
9395
-3830
6432
-2033
-6812
5828
4031
-4000
-8402
-3641
8917
7105
8580
-6547
6117
-2612
-7984
8746
279
3782
-7492
-5007
9194
3346
-2720
-5203
8951
9862
4504
-2512
264
5298
-7422
9284
5372
9862
-4130
-5279
8884
-405
8001
-5360
-3957
-5563
-362
-7532
-7269
4204
1480
7709
2396
-3737
6378
4571
1413
-1350
-7546
-6441
-8786
4359
-6658
-2236
9985
-5487
6522
245
-9604
-5145
-2657
-1725
-260
-5529
1140
1138
-4037
727
5648
-1204
-2843
2927
1997
8920
-2664
-7275
2889
8157
9440
6990
-9082
5539
-1008
5910
5729
-8931
-442
7832
4251
-2038
-961
-702
-795
4394
-1570
9013
-2034
3301
-5591
-9600
7897
-3189
-1342
-4449
8661
8287
5339
-9085
-764
6496
-3630
-6653
-1684
5941
6113
5895
-9277
-766
-2042
5887
5085
-9483
-2289
1619
4293
7366
5418
-2286
-7241
-4273
-122
-8499
-8725
584
-6162
5537
1642
6940
9583
-7243
-995
7932
-5703
-9165
-2737
5973
-5119
-188
9493
9204
3815
-9016
-1796
6478
-8354
5613
9181
-3222
1072
-7987
-162
-4277
8234
-1537
-3973
-3719
-6180
-1601
9782
7065
6621
9823
-1013
-8315
2468
1461
3408
-2808
-9850
-3892
5507
7014
-263
6188
-9329
-8081
-9255
5892
7217
9180
-4435
1890
-8042
1543
6168
-1616
-2267
-430
8858
6745
723
-234
-9400
-4008
-6383
3395
2043
-6759
-1896
-8909
5721
-8576
-8208
-8791
704
-2280
-1178
5086
6328
6520
3819
5745
-518
-7328
-1476
-5011
-4832
3906
6086
-2826
-5832
-6316
-3532
-8233
4748
-7704
4990
3714
-2571
-5237
9190
-993
-7018
-2011
7555
-3971
-1117
6872
-8265
-1104
557
273
8511
-7845
8408
-2115
-6405
-9537
-1338
-1839
5324
-6553
-1013
-1953
-3830
-6396
-8032
-3651
3729
-1997
3449
7202
-7314
1484
4687
-407
2394
2354
-8492
-5547
315
2146
-3479
9003
7857
8476
-8738
7972
8625
3599
3033
-5587
-3356
2564
-1178
-9133
-1417
-9430
-314
-6029
-7695
3048
9042
8769
-81
2464
6608
-3148
-2770
2115
-7670
3691
-9736
8700
-597
6501
-905
-4845
3660
2450
783
9501
-4031
-3055
-5602
-1390
-9069
7225
-399
9748
-8011
-9576
-1871
6139
-4907
32
-6348
2134
387
-30
4743
-327
-692
2791
-7991
-312
7283
3853
-7122
7014
-9315
3353
-1880
-6078
-4248
3366
591
-9899
-8987
2034
1818
8300
5054
1196
5321
-9905
-6511
-5737
5764
3765
-8636
-998
7703
5976
-8643
-9232
4480
2666
7190
-7308
6837
-9038
-804
-5664
-9278
3901
936
-2843
-3524
572
4891
-851
8775
7900
7544
-4071
-7875
-9734
456
8457
7025
7155
6753
8379
4181
-5477
6002
5601
-7913
-7166
-3158
-8636
4181
2612
-9657
-967
3193
-2983
2713
-3500
2344
3266
986
5
4059
9059
-914
-4273
-9320
7663
-8194
4269
-8623
2583
3210
-1620
-2168
-696
7480
-4478
-190
3011
-624
7986
-2521
-3213
3807
9370
3707
2983
-6100
-4030
-6294
-9483
-4829
-4907
275
8314
9580
-9874
-1092
4768
2253
-920
2101
-7264
-2335
-4525
-9928
9464
7373
4744
2776
-1783
3529
-9256
-2406
-8740
-56
3932
-261
-5912
4551
3282
6985
9137
2916
-2603
2467
-9056
-9109
2557
461
-6057
-4955
-8509
7801
4306
-9593
4993
-3309
-8595
1404
371
-5578
4518
2724
7945
-2003
-658
-9050
7583
-3664
1337
9989
-6260
1959
-9824
8783
-6820
-3250
4864
868
-1730
-7225
-7865
-9637
2655
-3122
-4162
9371
-7249
5563
9405
-1069
1728
8324
1293
6885
1519
-36
-7642
2748
-2551
-590
4087
6837
-2599
754
-8584
-3599
5515
434
5333
-9188
1134
2897
-7741
-4373
176
3265
-8588
-5261
6586
-9657
-5729
-485
9375
-4437
-3303
5913
2275
1228
-1718
-4392
2285
582
-4459
8551
-7555
-3469
6174
-9262
-927
-7149
-4404
-1021
-7957
-2392
6847
-8191
7257
-4491
-7097
2844
6597
3088
-4438
-5731
365
7414
-7443
6847
2694
-4238
6905
980
5877
-5555
920
-6657
5494
-1829
-3835
-3997
-2122
4479
-1194
-8096
4444
-8223
-4847
9800
128
-9869
5914
4972
8915
-5198
-8458
6700
7039
9703
-3385
2274
-3312
2101
359
8233
4989
1795
-5315
2278
-5875
-2746
2555
-448
42
-6580
-3326
-1580
2009
-7184
-7300
8803
8238
7528
9429
9550
5446
-6987
-2284
1438
8329
-4079
-3161
-1230
3073
5170
-6016
8070
-3273
0
-572
174
1735
-4388
-4843
6276
-5059
8313
2760
-9235
7845
-9543
5552
9424
-9926
-1412
4156
9822
3108
-3430
2
-2995
-3556
-7520
-3241
-2616
2198
-6550
732
8574
-8299
4601
-903
-5268
-681
-4739
-8992
7257
7016
5370
-4123
-5075
-4036
-732
-9132
-6727
596
4530
-5186
-7152
1066
8289
5804
-8768
8725
-7588
9115
1101
7539
-43
-2929
6469
-5975
8622
-4515
-1687
-8371
2669
5848
-2872
7782
-6900
-5537
1528
-9171
5531
-639
5335
3392
4708
5142
6311
-467
-1430
7009
-2349
5330
1300
-2372
-5534
446
586
3733
-2083
-7473
325
-8812
4289
4502
-1493
8078
4407
-6298
635
1952
4089
-2450
-4766
-3139
-652
-2372
-2840
5634
3253
6681
8634
9573
-7867
-1647
6510
279
-9847
-7124
-7188
623
-6825
8653
5389
-8099
2698
1298
5036
-1935
-5547
6127
-518
-975
8482
299
4491
-58
-2584
8177
-3642
1215
5406
4031
3914
-6114
-6837
-6537
-5784
-7865
-6470
-1498
-8371
3568
3154
-1987
8380
-3789
-7838
-4492
6204
1531
5472
-5501
-6833
1199
-318
-5482
-7681
-7568
-1757
-6213
8902
-5834
-4450
3034
-4330
6429
7503
5743
2778
-2496
2234
-572
110
3671
-7047
-979
2247
-7109
968
6818
-8039
-5600
4455
9873
-8826
-3033
-7249
8710
8422
-9489
-8244
7318
-3235
1795
1603
-136
-7302
506
6688
-687
1111
957
6779
-2292
-6273
4312
2972
-7095
-331
-4302
-5210
3993
7290
6766
-1953
6962
-9836
2035
3634
-2752
-8597
4674
2779
-939
-2330
1208
5401
9947
422
-4046
-4135
-9773
5747
-9035
3469
5905
-1559
4794
-1361
-9182
860
4333
9587
3206
476
3313
-7206
-4306
-4921
4740
7689
9049
-7081
6907
-480
-806
-3707
9945
-1986
9981
3776
-6483
9355
-2184
6871
3595
2790
-4823
-6937
6477
-8575
5395
-3957
9096
5554
-4102
2448
-3449
2332
9306
-984
6988
1150
6824
1423
7290
7071
3102
-9966
-4097
-7884
-7887
-4749
1493
-973
-4180
6263
-7161
-8266
-1981
7587
1430
9380
7617
-1138
6118
-6032
2270
7458
-2077
7925
-1779
9403
4758
1432
4691
-2043
-9141
-7602
-7143
4539
8928
-5295
-1189
5347
21
8571
-7895
-6177
4999
-4866
7704
3340
-3568
1915
-8387
7315
-3764
6939
-5229
-2717
62
-1144
-9006
-1153
-7495
-6282
4773
8916
-5383
-7669
-8547
-9944
-330
9866
-9523
-2007
5794
-7038
-2643
-719
-4692
9907
60
-1613
-2295
5164
-321
5298
-8940
1227
-914
-4469
-5996
6316
3278
-4439
-3944
942
9303
766
8439
-7135
4910
8534
8777
-985
-9370
-7915
-3336
-3413
-8707
-9722
-8225
-6470
-7731
2857
8650
-8924
-8039
2798
-7302
-5414
8662
6543
-467
-8030
-1948
-4816
474
-7807
-9746
-6750
2622
-6351
3979
-5753
-5782
4556
1295
-7817
8493
6231
3645
5122
6563
-9302
-5364
-8485
-3945
-6279
-2584
-1927
-5959
8614
2699
-1430
2830
-6728
9980
-7823
1913
-8580
8404
-652
-9029
-4876
-4326
5883
2850
-8289
9681
-5335
-1443
7368
-1089
9840
-6730
-3227
1443
1323
-910
8570
-8349
1202
-8678
4074
-8127
-3839
-469
-6807
4994
4105
4879
-8932
2528
7571
-2935
2700
8522
-300
-2936
-9478
4969
2780
2218
-6388
-2037
-9154
1390
4055
8641
-8542
7336
2865
2502
46
3588
-3206
-9408
-6763
566
-7210
-4820
-7041
-3603
-5661
930
-3110
-3683
-3962
-8810
-8223
-4397
-5284
8392
3472
8720
-7390
8659
-4576
-929
1986
6687
7098
-2217
1928
-6907
-5789
3389
-2120
-1354
-48
4374
-4525
7542
2873
-8267
6351
-3096
-5066
7077
-3170
-5282
9970
7449
5523
9209
6545
-7240
8349
594
232
8031
-7524
7726
1676
-4393
6694
-2548
3170
8051
657
2608
-1450
3975
-8580
-4051
-3330
5830
-1526
-795
-7620
277
-3927
6547
2704
3121
7945
4446
4271
5473
2968
-3745
-1739
4762
-9880
-4179
5124
3689
1236
-6456
-6343
26
-3922
-1635
-206
-1556
-535
3090
758
3359
-9312
2191
-8023
-9188
-144
-2910
-8691
4710
6020
1130
1868
8037
-5016
1583
7577
2148
7885
-9106
1397
-4564
-237
1128
-3373
1948
-6318
5209
3095
1173
3485
-8807
-5745
3859
2594
-8455
-5790
-8356
-9768
-2045
-6048
1740
9219
1024
9818
4493
5183
8944
-2972
2255
-3393
9066
-992
2249
8960
6456
3241
-6839
-8081
-9393
-3005
-3019
-5547
799
-7246
4603
-8676
2875
-4390
3359
-998
7166
1996
6409
-5796
-7866
8678
9858
-418
8325
6269
-2771
7194
-9480
-8892
-1391
-5721
4147
-5347
815
4307
3032
-9994
-190
5463
-6664
-5215
-7963
1434
2468
-5428
-5697
1007
7705
-8613
-2551
8075
-7103
6399
7626
5777
8688
-7811
-4083
-7420
-2490
-5003
-7195
6856
4649
1509
-8293
-6492
3737
4855
-7957
-692
7052
-5729
4737
5980
-2094
-5343
-190
-7164
2480
1084
-7091
233
8131
-8135
-5283
-8771
6755
-1314
-8860
-451
7323
-7092
-9067
4196
6572
-469
9691
6563
-6369
5186
5528
8007
-3207
8615
-9983
-5819
1062
-4593
-4867
-752
5375
-8456
-3993
8580
9026
-8565
-2328
6209
-807
7748
-4131
-4327
-3150
-6230
6755
-5033
8616
-4890
-1637
3409
-4029
3946
-319
6589
-7023
-7575
-1348
-2504
2244
9346
-3359
3193
-3512
6885
725
4341
-3783
6698
-788
-3544
-6985
-1707
-5866
4657
-4448
-4729
-8997
-4595
-3991
-861
9675
-1916
1543
527
-4722
-3626
3587
-2818
9896
7797
3689
5668
-9792
-4762
-7921
5394
-7206
8948
-2055
3196
8234
6720
-8088
-293
-6057
-3021
8862
-6582
4657
1015
-7343
-9899
-3464
4501
-1447
-4311
-5370
-2405
6233
-6183
3440
-8326
2728
-6214
-6178
5816
6719
4120
7266
1811
1384
-182
-3303
-6518
4870
4490
-2297
7884
7568
402
6369
-2800
-4178
-3451
4491
5145
2475
-743
-4907
-2909
-4086
-8767
2372
-2746
2594
9416
2313
-507
781
-5069
-2597
612
-1942
-3559
-3714
5398
-9841
3039
9858
8003
-8128
4865
-6684
-8804
-2785
9894
-6272
5922
545
9888
6254
4916
2116
1050
-7992
1391
1524
1175
8160
-3007
1916
5365
9214
-4082
-3764
-7823
6782
-6851
-3565
-8820
-6276
-8334
-9859
-6641
6707
698
-8658
4039
-7054
6041
2243
-7500
-9378
-3587
-3681
-5528
-3339
8440
4377
-9045
-8753
-6230
-3536
-3007
6402
7285
6486
-3377
-2441
7238
3460
-7722
8427
-8439
-1690
844
7243
-7941
-1423
-9132
5027
-3369
-815
-8584
557
-7571
5581
1833
6522
6568
-6742
8931
1579
3048
3837
5113
8178
9403
-1583
6344
-8758
140
5093
-27
2108
3399
2524
3965
2439
5250
-4262
-1357
6025
8472
4647
3461
4152
9594
-5604
4363
-6548
-4111
-1551
4270
-6479
-15
1466
8682
-7244
4017
7099
-884
9951
3202
5985
-4282
4118
-7217
4099
9310
5924
2571
-5833
-6836
-3730
-1145
8254
6334
-6869
9557
2575
-2410
1652
4719
8191
7725
8034
3587
3699
3837
1441
-1894
4893
-4009
6909
7482
1903
-3680
6838
8728
6352
-4946
-9456
-7550
4698
-1133
2380
-9444
5768
-6351
-4532
132
8906
2783
130
-9515
4112
5375
462
8842
7114
9582
-2705
6266
-366
-2894
207
9289
-5665
4931
5310
-10
-5276
-4135
4062
-504
-6244
1254
1973
1222
-6922
1169
-1346
-4856
5643
-4942
-3666
-1755
8941
-3400
5009
703
-764
2052
8520
-613
4703
-4694
-5622
4538
-8434
9647
-6818
7288
3284
-8276
-3680
-1890
-2108
152
-5970
8161
-5537
3020
-1668
-8730
-18
-8617
3163
3986
1093
7275
-9842
-7655
-1851
-5265
5878
-8951
-9608
8858
-2158
5589
-3521
8210
2967
4343
2071
2342
-1303
2277
-2102
-3724
-1504
2305
507
7273
4273
1311
-5493
-3940
-7075
7702
6882
3459
-2440
-7969
3901
4377
7728
-8611
4538
1945
2553
596
2680
6158
4266
8424
-7973
-2823
-7620
4817
8633
-318
-2083
5092
9288
-3503
9121
2311
-4315
-4070
2233
5506
2133
3583
4489
-8421
7436
-1427
1936
5523
-6445
-4933
-6305
5351
4910
3055
7203
8650
-9830
-8161
-2161
217
3632
-2733
2792
-8891
-3884
9050
6627
-9690
-2559
321
7179
-5764
-6291
1136
-9273
-5513
-3150
3598
-2737
2001
-2005
-3042
-5187
-7631
7749
-3870
3830
-6924
-9348
-1696
6938
-4205
7973
-2721
8006
-1030
-9331
5087
-9425
-253
-7679
9789
-7995
-9767
9036
-664
-1567
-9195
-7580
-3961
4693
7023
2360
-8038
-1264
-4044
1081
2856
3840
1339
-3957
-7097
2587
-7505
-3402
-7986
1586
-335
-4684
-5182
-6639
-2744
8559
5476
-6631
1384
-9391
9450
30
-9083
1283
4732
9144
9018
352
3059
7409
-9371
-3427
-9925
9150
-2083
2176
6310
7012
-8307
-6954
-1693
-9592
-6157
-6505
-6367
-649
3447
8059
-8923
-1739
9228
7335
-1707
-2095
3182
-9507
3022
3166
1146
259
-9920
325
8418
-747
9525
977
-9854
1472
9989
-6527
7235
-7883
4461
-5480
-9911
4849
2695
6357
4274
-8064
-5330
1997
-1306
7915
-5270
1367
-9105
-5367
-9087
-1026
9082
33
8932
6057
356
7740
2017
9422
-6761
-8624
445
9497
-4824
7084
8875
-7815
9104
-1748
-1314
2958
-3366
-7036
1189
-1948
-2184
7855
781
7510
-7798
5517
7086
8138
-1301
6034
-1216
8016
-5569
-1639
7552
-5548
-9739
-2580
7074
2484
1482
-9015
6478
-472
-3874
2201
-1022
-8206
8189
57
-4405
320
2640
4669
-3380
8642
9752
8326
-8327
7512
1859
269
-3516
7491
-5002
8516
2450
-5959
6450
9824
4309
-8887
9967
-6123
7279
5340
-6016
7655
-3337
-5180
1126
-1383
6928
865
-1824
-8273
6898
-6229
-3734
4550
-7019
-8719
-5677
126
-5514
-6668
2001
-2075
8072
-9884
3698
2229
-2049
86
357
-5766
-1755
7531
523
1999
-6061
1555
7574
9492
9879
5682
1920
-5094
-540
2474
-7999
506
-8530
-9337
-6325
-612
9648
4151
6665
4952
2204
-8753
-8332
-7430
8604
9081
7519
-9639
5350
-3081
9613
42
9342
1365
6543
-4631
-1175
1053
5296
4684
-8079
-214
4018
3746
-132
8912
-6304
-9088
-3419
-2974
2686
2517
-2928
8279
659
-1674
6132
-6640
1078
5696
-5477
9157
-9265
-8505
4242
-9276
-3747
8866
-5658
-5768
4172
-8828
-9546
5307
2692
-1233
4257
-5409
-9830
-2506
-4213
1124
-6701
-9169
-4999
-3038
-347
-5187
8583
-9939
7893
-2574
1025
-6763
-8252
-9507
-3798
7347
-7203
8629
-7718
1957
2769
3159
-5415
-1530
-3077
-10
-4247
-4171
8115
-7146
6612
-4553
130
-7137
-8727
-3549
4838
37
-2130
3704
-7024
-6518
4354
5943
9675
6548
6588
-4306
-5325
-9770
6426
-8424
1973
-1268
-3297
7969
3606
-380
-2609
9371
7156
851
2206
-2702
3530
-7780
1351
5854
-251
-490
-8116
3852
7202
805
5803
3489
-4992
-2997
-2796
-7310
-7521
5105
-3157
6469
6492
-1314
7127
-8912
5802
-1573
-1762
-7967
-8009
7765
1913
6512
-3433
-5381
913
3597
-4796
5875
8492
-3640
-6804
7666
686
-3140
-558
-3079
2777
-6215
-7286
-4462
1717
8226
4515
5135
8854
6242
-510
9926
-7293
6161
9583
-5565
789
-8948
1698
-3450
2640
-2607
4679
-5945
3754
2300
-6318
2710
8800
-8297
-6652
-5363
-8117
346
-7802
-7233
973
-7488
9865
9864
-2631
4326
6606
9554
3708
-8349
3914
5205
-5346
-8011
7352
-3524
-7818
7975
-2509
-8738
3383
-6186
3317
1849
-6422
-7217
-9015
8744
5204
-7760
-30
-7421
9976
-3038
-6665
-2035
1504
-7415
2229
5522
2682
8580
-3953
-3145
-3361
2257
-940
6461
-5171
3635
-8210
937
-8787
-2415
9931
723
-816
-727
2880
-932
-1289
7020
3307
1191
-5589
4482
6492
4195
6601
9530
-8491
-9523
3815
4507
-3848
6091
6198
8820
-1365
6243
4735
-4445
2425
733
-8737
5010
-2815
-6620
-7229
2423
9505
-9437
-3048
1456
8442
6916
-2616
575
-8033
-4019
8822
6856
5706
-8050
-7880
-3847
-1727
8231
-3616
3919
-5241
6272
4237
767
2428
3186
-7309
-3543
-5619
2905
-8398
1380
-5208
-5059
-7651
-5935
3313
-7728
-6427
-55
9248
5917
3029
-2636
2107
-3067
2576
-3333
-4983
-970
-1085
5887
-8731
-8170
7973
5544
-529
8085
4323
4278
3964
-5938
-6548
-7353
-2902
-7869
6325
-6131
958
-6565
8086
-4968
2027
-5150
4734
4565
5066
-5187
-781
-170
8053
-5169
9605
-680
1901
-3081
8180
3885
-4984
313
8281
-3810
2904
4501
7897
-8484
-6122
-5699
-418
288
-176
3721
1977
-6504
-9343
-4435
-9290
4678
-4816
9344
-1304
-5987
-2706
-5877
8012
9900
5556
-5462
8922
5142
3403
2703
1808
5213
-6908
1724
9657
1507
-5565
-5127
9962
-3494
8620
6896
5932
3322
4920
-3063
3579
-1746
674
-2968
2135
-3299
824
-9571
-7802
-1307
595
9390
-2456
7491
8659
-1404
9593
-6680
-2318
9505
-9537
4454
-8118
-4963
-4740
-4440
8394
3743
-3857
-2384
5382
-8505
-203
-6167
9757
6656
-6200
4455
-9684
-3893
436
1844
9850
7357
-8117
-5012
-7293
-3738
8822
-2662
2331
5434
-7741
1856
-8396
2238
7850
-4695
4146
-6916
-859
2283
4915
-527
-4173
7361
8205
-7349
9610
3097
-9745
-9881
-7163
3147
-2437
1568
3692
-7267
426
-8567
-2125
7519
4464
-2220
1474
-2453
2769
684
1768
-471
3669
-1621
-875
-9073
-2427
-7800
-2095
3659
-4903
4003
-2414
8114
-4925
6713
-1329
9570
-596
7742
9299
1384
-7166
-9149
3013
-1654
-522
-9613
1943
-9398
5903
1729
-6913
-6889
-989
-5665
6795
-4600
1201
-7011
-3867
4699
7700
5766
-1851
98
-5391
-8936
3193
-8695
9042
1409
3758
-6634
514
-8502
-3814
-161
9077
-8825
3859
-2960
-9785
7977
2713
4749
1970
-2002
-3092
7330
-1061
4473
6861
6315
-2129
-2650
8104
296
-2838
6206
-7240
4355
6808
6711
-3476
1513
5777
7265
6117
3964
432
9460
-7438
5730
-5263
-9196
1167
9796
-2400
-3785
950
5682
-3021
-240
-2616
7934
2630
-8703
2548
-2071
-8274
-5525
-2000
2149
-1590
-7699
-3819
-3321
1470
4058
-3709
-3464
-4092
8932
-2902
-327
-6076
805
-2911
-4488
-8596
1912
5886
3858
6451
4715
-6027
-2465
-6269
-7688
8505
-4848
2301
5976
-2358
-7463
-6594
-2132
2990
-242
2729
8344
8016
-4676
8740
4393
-7485
-9602
5386
4859
-5783
-2266
-490
-5080
7882
169
8731
7764
-7036
8692
8961
-1250
4494
-580
7901
5959
4370
-5981
-9884
7776
8406
5924
7218
-5794
-6041
-7878
4702
7153
4930
9344
4816
-3537
5884
4315
-7235
-2324
-4011
-7870
-7409
324
4817
-6168
-4185
9597
-9984
-2694
-5718
-2928
-2575
-6710
-6222
-1205
5575
6560
3537
-6142
804
-8746
8918
9607
7497
-3484
5975
-5127
1149
8840
-5293
8078
3559
-8488
-4863
8518
4471
2607
-4214
4667
3648
-7552
-1840
-5626
-9816
7492
-1418
-9095
9473
467
-2129
3550
4281
-2004
-2418
-4658
457
1801
4502
-2513
7404
2827
-9033
-9713
5662
-7650
-5456
-262
6210
3777
3825
5807
4110
-8400
-8085
-8825
9546
-3026
-9176
2027
8420
-168
-8690
9468
-2845
-7562
287
7641
-9102
-127
-6590
-4162
6936
-6314
3828
7595
-9420
3417
-5192
4383
-7051
-5890
-6528
7946
-3202
1832
4782
-558
-651
5379
-438
-786
-461
-6968
75
7999
-5204
-9160
4139
744
-8240
3051
8023
-7609
9554
9158
-1650
-7626
-6538
-7113
-3881
2221
5003
-500
-3284
2265
-1711
6735
6053
-1858
4756
7014
5227
-5156
2236
-8040
-2711
3754
2841
5510
7086
9937
4202
9126
5709
5443
6155
300
-9164
-6297
-6439
-6651
-9792
1750
5757
-1889
-3724
-9376
7637
-5753
-7600
8993
6045
6296
-7000
5222
362
-6000
3498
-2218
-2952
-3940
1209
4391
9343
8572
-1714
3794
4790
9537
8326
8237
-3902
2370
-6810
4183
-1877
-6964
9872
-4991
6938
-9234
6985
-8202
-3576
5519
-9486
5169
-5311
-987
-3224
2610
-3889
-6534
7530
-8405
9040
3483
-9793
3321
9226
1788
-9478
-6261
9185
5359
-4101
3084
4485
-7650
2364
-8101
-6789
1693
-6416
-2934
6091
-1417
6039
-9578
-7781
-5250
-2468
-3245
3096
-8778
8481
-5827
1201
-530
-4425
-2696
-8
-3858
6942
3918
-648
-8291
8262
-5983
-7457
-5777
9172
-1646
-1329
-759
-8026
-3582
9333
8185
1476
2229
7580
219
13
-9393
-7548
699
2875
-6983
8259
-6169
-2346
4591
-8032
3711
-7121
540
-9888
-8751
-7985
8483
-4105
481
6819
-5688
9914
8639
-1662
9717
5862
-2996
6428
7395
-4997
-6090
-3750
-3644
-6696
511
-3378
8094
1682
4341
-6581
-4165
601
2233
9086
8793
9358
5065
-1214
-875
6374
-8088
4106
3090
-7870
-6065
5162
4832
7366
4019
-4185
-3644
-4683
-3904
4088
-8766
-7899
754
-6479
3203
-8968
6684
-2979
49
9991
7504
-7680
4724
2499
-4636
4801
7245
6526
-4515
8326
7684
-9744
8752
7142
3570
9479
-934
-41
139
-2026
-130
9862
3068
4368
6941
4959
8602
3150
-5232
-9245
-7833
4522
-1563
-9109
-308
6367
4766
-6665
7089
1330
154
-3993
4949
5057
-6357
-2279
1464
-9093
7955
3138
5433
-2028
-3738
6742
8262
5606
8694
2865
-9750
4800
7625
-6473
-6053
2112
9672
-9039
-8501
6755
-5991
-454
9423
8756
7271
-4053
-5182
-6554
3927
-9093
-7175
4173
9340
815
8771
-684
-5787
8140
9820
345
-3396
-2979
700
-6526
-4808
-3179
4678
6351
-2093
3193
-786
5826
-7910
2697
-9396
-7158
9898
-3615
9174
-960
5859
-231
-7224
6072
7415
-5452
3885
8856
1499
8619
-9843
1985
2323
6786
6025
9978
-1243
-1838
-6092
-5059
8347
444
-7223
2237
-7516
-2467
7398
6969
6220
6162
-6382
2226
-2354
-5251
3232
4344
-3089
-3814
-5300
8652
4844
9800
2414
-6536
9296
-6950
-5236
5349
7609
-7910
-8586
1353
3983
8412
-8997
-3765
24
-3537
674
4886
3474
-2279
-5605
7286
-8372
5903
1657
4061
8872
8901
-7124
2300
5617
8773
1468
3057
1816
2282
-9711
-3377
6010
-1381
-2342
-7213
9850
-1562
3467
-2437
2203
9038
7433
-563
5340
-870
8156
-4306
-5085
-3913
-6024
5625
