-6521
-198
-8097
-1073
-594
5528
-7164
-4166
8373
297
1887
6930
-1442
1476
-9126
8281
5985
419
1037
4821
1455
-4357
-1277
-8099
3910
6412
5807
967
-8007
4987
6097
-5373
-2237
-3613
9044
4894
-597
6563
1042
5383
-4003
-3906
-3277
-6193
6440
-2057
1552
2641
4102
2319
6726
-7580
-574
458
-1202
-6281
-7507
-4909
2795
4149
-8164
9865
-9805
-1261
715
2201
119
1176
9219
-7957
-2799
-4008
-2892
-4931
2739
-5394
-8389
-2829
7724
-3644
-5643
-1360
2470
-7083
5068
9716
6122
-2431
-2853
7904
8033
-2888
1471
-1602
1675
1548
-4562
7352
8028
1727
8903
4229
-7901
855
1294
1415
-7310
8689
-4899
-8511
1228
3769
-7809
6885
-8842
-4292
-6438
-5861
7768
871
7704
-7132
-5596
-8986
6924
-4438
4612
-8405
2822
3229
-9569
-5288
7132
-6829
-8966
-273
-3908
1433
-7490
2434
2812
-2153
-940
-4682
1458
-6307
5284
919
-4141
8131
8327
9053
8207
1219
5861
6824
-4734
1085
-4178
-9355
7200
-489
-7308
8292
390
-4417
-497
-2458
-1897
9935
-1046
-9064
-287
8542
-3884
2680
7243
-5081
2030
-6428
5797
7806
1428
-6123
-3170
-8777
5557
3486
-4651
2380
-7697
8956
4459
2503
7751
8110
-610
-5650
-6120
-8270
3405
-8097
9302
3471
1374
-108
591
6632
4255
-9174
4526
-7536
9893
7242
-5626
3983
831
4004
-308
1391
6797
-9449
-5875
2995
1306
-4079
-2018
8804
4133
4466
8317
-6545
6579
-5160
-5948
-1880
-3101
-5335
-2965
-8415
1171
-38
-358
214
-989
-1402
393
-857
8119
-4774
-9687
-3416
-4998
8361
6904
-5173
1793
2677
-9015
-9384
-3163
7863
-668
3914
5077
-2782
-8329
3227
5047
9669
4642
5853
-9887
2077
8674
-4195
7420
-1890
4599
-7359
-2432
3237
4766
522
2609
7290
-3077
6300
7201
2136
1114
-4552
-9721
6184
-2582
7111
-6097
1879
1250
3034
1426
8924
3850
8160
1669
2618
2109
-9967
-1505
3486
7501
-5051
5893
8913
8158
-1887
-847
6168
-9899
-5979
-8440
8893
-2320
-7960
-2099
5903
-6536
-7792
886
1973
3274
9787
5668
-5191
8772
3878
5794
4385
-1207
8282
-2252
3177
2231
7510
2127
4288
6574
-7526
9622
8850
-7697
-6798
937
702
-8946
-7959
-3819
-4904
7812
-9850
-7761
-3037
5520
3813
-7494
5251
5408
1314
686
468
-1347
2154
-560
-1692
1778
-3897
-5524
2909
-5865
3422
866
-7764
-5733
-1019
2029
-7854
-2791
-5852
-5085
-268
-6732
9225
7626
-9843
-2960
-8659
2503
-1474
7935
1483
7570
1793
-2165
1363
-6924
7532
7480
-5012
3007
9980
-8576
9153
4363
1078
8814
-9770
859
6902
6810
6647
6737
8553
-3392
-6224
1990
-8801
-8223
4964
4247
5235
1568
-3545
6603
7093
9478
-9457
1645
3509
-5
-1869
8301
5460
-3990
8015
6078
2352
6406
4731
-762
-6878
3290
-2305
-6709
-8578
-4903
329
-3485
7315
7886
6840
8813
2820
-7924
2748
5525
-5378
-9709
-3250
7530
5771
2840
-6752
8697
-9655
-684
9655
-8989
-2697
-4239
2322
4167
8015
-4520
-7499
-8984
-6709
-5126
-7520
-8882
-5619
1282
-749
-1902
-3831
2878
860
-797
-908
6811
-4832
-5098
-5345
8275
6785
4327
1315
-1568
5193
-6417
5435
-8426
-399
-9979
2966
5970
7856
5047
-4637
-6905
-80
4610
-1128
-1790
6877
8412
-2100
6931
-9119
-1245
-663
-1688
6063
289
-2161
-5895
9993
-9921
8231
1442
-4852
7854
-3258
2069
-7437
3481
527
-1963
720
-7839
9667
6807
8917
4772
-5283
-643
3013
-4512
-9091
-8066
3662
-4203
4310
-4122
5578
-4664
-1591
-3559
3868
-9085
330
-7041
8083
-7296
7883
4374
4223
-8718
-1859
-3845
8396
8218
-7497
2358
8374
1666
-2896
3216
928
-2231
9815
-7112
-3471
4156
-6681
7197
8291
8111
3480
-892
-6433
-1062
5271
-9586
6191
-4070
-2212
2259
8045
3399
-9204
666
3905
3906
7502
1778
3545
8798
3995
-7835
-5246
6529
1230
5605
812
3881
-2734
4218
-7393
-4053
3681
5268
9807
1
-6538
-9831
7467
-6166
4990
4467
9380
6280
7108
-2347
-9234
952
519
6216
90
-6402
-8171
7069
-4827
4883
3158
-6149
4172
-8088
5035
-8143
-8857
7152
8084
-298
6270
-6725
-4039
-5611
-4809
-6067
7965
8177
1083
7064
6144
-5359
-6092
7681
9127
4491
6548
9458
1424
1534
6641
9364
-1685
5277
-3698
9570
-3718
3497
-8439
-3511
-9155
6815
-6824
-3002
-7203
1893
-5852
9080
-5543
-8117
-81
-8790
9129
892
9157
-1152
435
323
9153
8209
-5507
6186
-2145
1220
5077
8811
-9140
-7835
-8964
806
-1179
3383
4964
-6361
-2263
-8304
-569
-3326
5595
-4162
6947
-8172
1556
2725
9848
-5533
1833
-6113
1361
-2074
9149
-1179
9773
9125
-6162
-7954
-2182
9729
-288
258
-5966
-3512
-3404
-6375
723
7176
6733
9084
1890
9285
1528
7255
877
-5499
-5641
5759
-4271
4439
-4497
-6455
6415
-4979
-2599
688
5520
-2892
-8254
2903
-3339
8519
9912
5717
2402
-7402
7232
-9151
2814
2678
-3796
536
-2722
-1425
-1257
7114
-2668
7134
-6603
297
-4278
-7008
5254
-9167
-7987
-5889
-2709
-875
-2839
-8266
-6604
-7320
3792
-6044
9202
-741
-8407
2530
7568
5639
-5326
2455
-5001
-870
-1523
3725
-2633
-3635
3945
-9107
4537
-6649
-3875
-5056
-3188
-794
9123
-502
-4632
-8208
-9955
-566
4388
4955
9589
-8904
-5704
-8146
9041
-7644
-1612
-9738
9088
5751
-940
8073
-9251
5043
6378
8691
4785
-8054
-9555
7927
-7920
3490
4114
6386
-8817
-3100
-2792
-4510
-5077
8447
-8655
-9133
-6000
7296
3767
-8186
-9263
-7102
-858
517
-3200
-7448
-4817
-9178
7452
-4157
-1212
9454
-8373
-5323
-8473
-7433
-3338
3481
-8831
-961
-9785
8789
692
2471
742
5201
-1704
-2334
8416
5375
-7473
-2186
-1397
306
-5597
9927
9069
6556
8512
-2035
-8863
-7322
1482
-4232
-8163
-3591
4003
8554
2847
8138
-3873
3454
8754
8230
3228
3665
662
2555
-4959
8275
-5765
4117
-6084
8694
5108
-3618
1919
-3002
6937
-7200
-1147
9576
-507
-8312
-7285
-795
-7531
-5974
6440
-7157
1175
684
-4759
-3173
9246
4881
-1511
-9071
-9066
6970
5349
-6488
-6413
-6679
-1978
-2116
-9868
4788
-1212
565
-4923
-2101
-146
-6581
9284
973
7098
-7208
1937
7634
-7854
-6475
3782
5126
-1750
-8758
-6856
4728
-173
-2091
-2551
8438
-4180
-9401
-6579
-6260
-1090
-3863
9930
9874
2170
4433
548
8570
4803
8950
71
-4270
-2903
5159
-3586
9897
8778
-4507
8082
-9431
-8095
-9629
7040
-8525
7186
4064
-4423
-1784
-8518
1919
1240
-6463
5848
-5992
-1798
-2670
-5288
5123
4772
-6989
-2345
-5467
-6316
-9836
-7817
-5788
-8577
6861
-7399
3903
-7161
-1200
789
-9950
-5395
6528
-6173
2284
1545
463
5061
3502
-7538
-4157
617
-7348
4197
6630
-9870
2055
-8525
-1798
-6499
2067
3135
2023
6216
-8020
6572
4505
1245
4364
5999
-5844
-3818
5076
-445
-5733
-1228
-521
-3685
2858
-6520
2747
689
-4836
9636
2209
542
9286
-3527
6260
-1745
-4982
8552
-8607
2905
448
6362
9394
-2947
-2304
1374
7531
193
7250
3918
512
8922
-9612
-4225
2036
5354
-1082
-491
-4467
2394
485
7459
-1426
3914
9179
4180
5581
4906
2060
919
8132
3364
5040
5533
-9393
-3452
7340
9069
4376
7172
966
-8823
-3369
-3549
349
4636
5098
-163
-2273
-838
-9273
1743
-9935
1891
-6068
4525
5277
4563
-2384
-3051
564
3207
8641
-8201
3597
7645
5273
-1369
912
-5021
-5097
9924
-9865
8016
-6316
3328
-3576
1844
1004
7657
2395
1564
-5649
8626
1729
9433
3559
9692
8903
9223
-3756
-2332
-1035
-777
-7357
157
1825
-3383
395
7173
-7647
-1021
-1511
-3213
2323
-5985
4037
-6315
5610
9955
-4594
2670
-2537
-3193
-4538
9640
9482
3214
6330
-6306
8158
-4025
4217
-9035
500
-5813
-7493
6618
-5894
2829
5053
686
-7112
-4151
1944
-2300
-2896
7971
-2187
4910
-3189
5118
7271
7166
-7710
1642
6420
6498
-9742
-3438
-2953
5804
-4841
-8151
919
-1117
-8467
881
7519
7713
-7483
-583
-9807
-5739
7927
3470
-8626
-4167
-5486
-8221
-8843
3636
-5708
-5336
2517
-4583
8148
-9605
890
6936
-2352
-321
-1788
1640
-3880
8602
-1356
-2240
5403
-4997
2933
6904
-1329
-3395
1308
-7325
-4373
-9208
7583
1231
9022
743
8465
9428
-9955
2779
3909
6685
-3105
420
8742
8123
-3310
-9526
-7124
-9253
5248
-7203
-3565
8304
3727
-2191
-524
4089
5279
292
-635
1265
-5505
-4449
1027
-7571
-5631
-2553
8346
-4407
7351
8602
5642
-2902
7157
4457
6544
-2568
-131
-108
-7823
-8541
-8392
101
8834
6477
1293
-2572
-5144
1195
-2836
5202
4119
-6357
-6765
9329
2254
7647
1312
-9431
7569
1172
-3679
-258
-5541
2179
-8996
-7986
3723
6526
-9711
-4953
8459
-8831
-9157
-9771
6907
6732
-7376
5889
-8971
-269
8206
-2083
-6677
-9044
4091
7717
-3032
7519
9109
-4171
8464
-579
-1329
1311
580
7320
-2732
-4558
2143
912
-8683
3713
2967
6347
9205
9513
-3687
5877
-1161
-7601
-3280
-4081
3853
2549
7639
-563
528
6410
3493
8570
4785
7331
-560
2024
4026
3753
4901
1832
1692
-8882
-8184
4705
-6283
8252
-779
4183
-7944
459
1442
-4094
2726
7436
2711
9217
-543
-5997
-9080
6610
-5341
-6821
4531
-3723
-4998
491
7041
6227
-4074
-2816
-332
-9277
-4717
3202
-7324
854
9708
-578
5470
-4775
6951
-1072
-1512
-3963
6531
-458
-2032
-1673
-9891
2237
-6652
9493
-5627
9166
2690
-6168
7973
-1999
3700
-517
-2086
-4288
-9402
-5109
-4962
-6172
1218
4693
-1980
-3289
-5901
-4869
6891
-9150
-9509
-2004
7404
-633
5413
4950
-9416
6613
-2908
-2796
424
9158
7555
575
6675
-5226
400
-6611
-9225
-4327
-860
1028
-1196
-4235
7278
4843
-2306
-2509
-9858
-2993
-6948
6324
3029
-2706
9025
-6891
8187
-655
87
7634
3138
-8531
-7322
-7192
1652
6822
-4486
-9316
-5019
901
-1935
-1777
-7693
-1821
1599
-5499
755
6624
8939
-3328
-199
9428
-6743
5064
-1853
5059
4915
-1691
1123
-1592
6368
7102
3698
-6802
-1577
-38
2832
6211
3374
2440
-9914
7237
9185
2978
-7643
-4707
-59
-6114
-9315
-7961
-4542
7742
3495
-8676
763
8180
-650
-1590
-1920
2085
-7192
7359
-8774
2736
-2837
7957
7722
-5029
9169
-189
-4571
7547
873
2206
2197
9086
6225
-1185
-4976
-9151
123
-7792
-4043
-5093
-1172
-4436
5279
-823
-4188
-9895
6201
-3285
833
2443
8913
3299
-4030
-7252
-3676
-6749
6351
1572
1746
616
-8567
2921
6690
5884
-2245
1381
557
5973
-9422
-6980
5005
-5007
-3152
7070
-7774
-4988
-5034
-6674
-1717
4725
9720
-6816
7041
6228
1807
-2007
-7356
6225
7573
8261
6678
1407
-2509
7300
-7610
-6098
-5814
-890
615
121
4612
1716
480
-2832
3999
-3575
-8866
6514
-3762
-4260
-1210
-8624
-9033
9034
2104
7759
84
-1262
-5792
-2615
-5927
-9468
7429
6715
-7511
-6851
6369
-4208
-8871
-124
4872
-3681
-8831
9430
-4373
-7583
1561
55
6731
-4589
1654
-9657
-9697
-1056
-8225
-1828
-4295
5551
-2990
-7940
-6731
-7398
-9300
4431
-9019
6121
-2630
-1956
582
-3769
8198
-6156
7749
-6171
-8034
-7199
-9306
-2376
-8108
6690
4028
-3750
5912
-6069
-452
-5507
285
-200
94
3820
-8203
3499
-2756
-1062
7761
-3640
-6602
-242
-2635
9651
6304
-7219
-936
7069
-9674
-5909
576
2656
6975
-7370
3982
5209
7321
-8384
-7357
6936
3491
-8947
-3511
-2022
9824
958
-2773
-5097
7892
-2296
3457
2553
1135
1488
-1952
3914
2762
-8198
-2607
-8797
878
3895
9288
7395
-1012
5204
3734
8856
9005
9731
-636
2467
6563
-390
-5776
-1131
7696
-9668
1458
-5245
6722
9678
3004
-7821
-7555
-7306
-1125
-8442
-9596
6360
-7625
-4477
7690
188
6061
-2884
-2351
-8943
4767
4866
1728
-5390
-6928
8671
8634
1957
-1293
2920
4360
-9583
7551
3966
-5992
-5863
-2380
-6006
5453
-5941
-5770
1940
6594
4687
-2320
6287
1340
-2780
8922
8869
-7081
-2507
-8483
-9434
5317
1312
9148
8895
-5872
-2445
9887
2442
-1950
-2399
-6210
3456
8729
-4277
4318
-4802
-2246
4682
8027
5902
5927
-9305
452
-9797
-9257
8976
1619
-4283
6817
-3620
3919
5185
6198
-6311
9653
7849
134
-3389
8758
-4998
-1640
9499
-289
-5241
-848
-8300
-8198
6756
8853
-615
519
-4893
-6886
-1799
-1230
-816
8867
9269
5695
-657
1554
-9245
-3896
-1143
-9324
9059
445
-8150
9956
7627
-6752
-9236
3683
-2080
-8670
-9832
-264
2962
-2439
-5489
7866
3875
-2806
9334
-3120
-4026
-9828
4732
3894
3718
5074
8026
5029
-3524
3657
-5206
2597
7594
5880
9344
-4034
-362
-1127
2746
9970
-3782
-7087
-8888
-8505
-9127
-9395
-4418
-4227
-3402
339
-785
2370
-5428
406
-8361
3153
824
3138
-3335
-2589
8217
-2010
9112
3792
1317
7868
-9448
7211
2732
-6821
159
9070
-5812
-1464
-9871
-4822
-187
2742
7973
-8401
5184
5915
-9726
-8705
2852
-1622
-4293
-1857
8909
-2306
1353
-1542
-5643
4975
-5916
9981
-5495
3582
8979
8969
-7867
8221
3737
-3787
-4574
-3738
3206
-2800
1246
-7376
5320
-2046
-3019
3634
-5843
-7261
2856
4655
-7739
-5411
-9988
6119
8076
-4028
-4117
-1920
-9952
-9455
-8266
-5661
7487
4407
-9462
-3425
6472
1201
1793
194
-1937
-9471
-817
1800
6584
-6194
-1760
5353
-811
-1477
-6533
3720
-5873
-5709
-6155
-3813
-6637
2374
5893
4210
9312
-6152
-139
4919
2591
7734
2833
1019
-7682
-5222
7145
2293
-3889
6924
5004
-3022
-1565
-1917
-3070
-9638
3574
2828
6818
9085
-9679
-9938
-8449
-7406
-5714
6957
-7601
-6343
812
6575
-5993
5542
1509
-8253
8487
9335
-1106
-1638
3381
-3
6321
6416
4195
3946
962
3509
3673
-3227
8132
-3065
-8304
-2592
8299
-1874
8239
-1272
-439
-6568
-3184
-9599
7462
-9221
-9584
-2802
-5093
8847
-8186
-8225
5500
5662
3957
-7626
-3090
4984
2253
-3262
91
4151
-6106
4975
-3824
-8948
9562
5669
5876
-5680
1098
-4226
-5807
1268
-9344
-8178
8442
6504
545
3257
-4362
6964
3508
3326
-7730
1982
-3156
2133
-4303
-4556
8201
7841
5111
-4092
-1972
-2317
-8107
9486
7946
-9852
902
2207
3180
-4101
2580
7756
3477
-7846
-1568
9176
3885
-7456
-9534
-8106
6915
2827
-8373
-7310
-8721
-3991
-8481
3564
-416
-7627
-1737
1320
-7689
-220
1844
-5673
6915
-9802
-8060
7790
97
4830
-5699
7224
4111
7073
8262
3253
-1996
5147
-1562
1815
-5317
-6739
-9808
-5432
-6979
-493
7215
1052
3316
-3029
-6468
-4735
-2746
-2639
-7085
2718
-5846
-8822
2575
5552
-8298
6025
5193
-5721
3850
-681
1027
9438
-9152
-2978
6165
157
6134
-8661
6814
4754
468
-1590
2321
3292
-6550
4817
-304
9825
-454
-6468
-7350
-4790
2344
-6872
7054
-9194
8940
-5056
9584
7016
-4810
-5982
-3414
-5046
8510
4708
-361
8711
-5863
-46
-9666
-8352
-8063
8217
-5503
-2888
-6685
6507
-4965
6836
-1194
-8003
414
2251
-7064
-1092
837
-9305
4274
-1635
1797
-7957
-6561
-1425
-2496
8426
-1616
-3905
-1499
53
1142
-6973
9729
-6522
-7605
-3130
509
-397
-1402
9263
-1617
1453
-8173
-1889
3588
1389
-1018
-8815
-1840
-2151
-6513
4891
-7567
6333
6563
-7732
3835
5888
-403
9157
-8799
9745
-2313
-9409
7555
1828
-1026
4228
7790
8431
-6178
-9282
2087
-7965
5676
-2580
-1503
-6659
5394
3086
898
980
9215
-2952
-6348
-1236
-3109
1550
-8955
-1121
1693
-1773
7375
-4819
-9488
2982
3476
6650
-1979
390
1657
-8275
-3479
-7690
-2588
-4945
9815
-8294
6393
5417
3869
681
-8618
9818
-1158
5030
-4724
5920
762
-1584
-5311
-7125
4203
-5991
4777
-4763
-1114
3245
707
-3235
5961
-9801
9940
-8996
-4452
2935
-9937
3421
-1785
-7465
880
-5157
7425
-2622
4716
-9767
2716
-5991
2311
-3165
8297
7245
-8764
627
8041
-1681
19
-5012
5033
-2443
932
6242
2942
783
-6145
9053
-3108
-5677
-279
7553
-3611
-7700
3254
-3247
-1659
-7196
9872
7808
-4737
3444
171
3139
-9135
-9793
8546
-9010
-6715
-9551
-5113
2926
2054
8785
2406
7796
2492
5126
4116
-409
3017
-6184
302
7803
-6406
7234
5260
-9165
-6604
5474
65
-8096
-9920
7318
-1717
3756
-4292
5975
4734
9733
-1629
-8853
9106
6286
2011
8208
-550
-5033
1409
3917
-5187
5145
-6495
4221
964
6609
-1115
8886
2377
-9238
-9038
9325
3429
-5759
-6692
-1941
6121
3537
7808
4174
-8220
2260
-9086
7585
-4608
-4271
2330
8644
-1044
-149
-3843
5869
-7847
4567
6294
-1446
3709
6563
-1777
6512
-6604
-3873
7301
1937
9593
3200
5585
-620
-4225
-6978
-4693
3046
-3182
2477
9792
-5201
-6828
-953
9094
6789
-5427
2950
3925
-8156
9892
821
9792
-6301
-9191
-1080
1267
-3961
1745
7298
8609
833
-1527
8892
8110
-2725
6948
2404
-1365
-2665
2053
-9622
-859
-7810
-5106
-1275
605
7373
9188
-5903
-895
-9735
-3089
-1002
5682
1403
8493
7576
-9556
-6533
1185
9798
8867
-3388
-9889
8679
-8140
3262
-6191
2331
-8589
-8165
-2996
5706
-303
5886
6948
-9545
-3451
4922
-2364
-1679
-6726
-7186
329
-3767
-3160
-3438
6846
3137
-4455
-4926
-8182
2447
4988
-4849
-9869
9575
-5783
4962
-8250
6334
6916
-5884
9869
-7436
-4047
-4472
4558
-417
-1071
-8030
2638
-3208
-6252
3031
5288
-8445
3616
-5556
-9855
-2698
4877
1702
-8645
4351
-9702
-8849
540
6060
3757
2852
9722
-6401
4622
2005
-4699
641
5425
-5884
3870
2380
4816
6126
929
6223
-9798
6575
-4585
6648
4826
-2259
2214
9713
6579
-234
6418
2379
-8872
-427
-6694
8883
6271
1343
-5912
4796
8152
3698
2655
7196
7184
4915
-6083
-3741
-7516
-8740
9494
-4311
-8302
7228
-2439
-6385
-7634
6798
-8930
9331
419
-6162
-1063
-3400
1311
1547
3199
6358
-402
-3803
1744
4423
5053
2766
9512
4441
-5983
6543
1695
1117
-9544
-7271
-2519
-6464
946
339
-7831
8669
5151
-1060
-9042
-4068
3109
-1352
-8145
-9023
1094
9111
1835
-8165
9968
4643
-5167
1685
-9416
1783
1628
7112
-9397
-6135
-7033
417
-7380
-9255
9217
-7123
-5280
5524
-4156
-6633
-4435
7967
-1843
-1984
-464
348
2013
-2828
2373
5481
645
1646
1908
3894
-3064
-1846
9818
2739
-8412
1760
-5419
-2151
-3290
-328
-4678
5134
-9422
8730
-9851
-7499
1385
7139
689
-6365
5601
-7351
-3155
-9328
-1086
-108
-6691
1495
5780
-604
-5159
-4287
-9659
-6893
9757
-8183
7295
3675
4462
-1350
-8054
-8305
5825
-7521
-1688
-6778
-9330
-9406
725
-4888
3945
8416
-8777
3835
4962
7559
5632
-100
2799
1982
5845
6606
2031
-835
-7429
5896
597
4866
1200
6313
3861
6495
-9345
-9054
2010
2968
-3880
7355
-2136
-8647
1772
9034
-8254
9493
3750
163
3524
-1351
-8055
724
-8965
3785
8741
-2778
-2086
-2910
-507
7870
7000
-9880
8513
-3217
-4871
-6558
-2148
-5519
-9789
-6235
-6276
-7198
-567
-5212
-2175
-2293
3378
571
3033
-8298
3592
513
5676
-5822
-7796
6274
-1016
-103
8514
-8828
-593
7136
4873
-9305
-5558
2440
-2178
-9425
7441
-2369
-2144
7058
7154
6240
3425
-2510
-9788
-2558
-8976
-3120
7996
-4116
-2782
-7309
6018
-4887
3545
-4366
9709
6225
7010
2922
-5364
1183
1803
9349
-1558
-3474
5892
-7102
-3735
-1984
-2055
-9413
897
-2657
1143
696
7334
7003
-1298
6495
90
578
9826
7913
4587
-5307
-1931
4040
-6692
-6741
-7151
-5129
9378
1029
-9997
9991
-6116
-6666
-6051
3417
1104
2943
-8558
3289
-8581
-418
-3410
2507
9561
-8705
2369
-7836
4561
3402
5321
6362
-5158
-7096
2450
359
5521
9005
6272
-3067
7485
4082
1722
-1125
-9180
5149
9629
4229
7719
-1006
-5313
8950
-1078
9337
9303
-1587
-2898
-5744
-1682
4451
6676
-9240
4988
1011
-2555
-134
3190
7982
-778
8425
5847
6613
735
9501
7245
-1199
-3515
9263
-30
-132
8879
-2605
1666
3706
-4643
7615
9909
-3318
7616
2825
389
8715
439
-6350
5418
3493
-7937
-3901
8149
-4186
9921
-7261
-360
4989
-4784
-6059
5272
-8363
9672
3476
-9092
1658
8547
-827
-6218
-1180
-9018
6897
-3455
-8153
2486
5378
7986
5462
-9818
7768
2324
167
-6578
9715
-7044
-4383
7623
-5927
-8684
-6334
-805
-2504
-5888
-4107
3463
5814
-1595
6984
3381
3903
2882
-3075
-8023
9814
2932
7442
1935
-6182
-1504
1874
-2461
-6988
-1297
6078
8156
-5464
7629
-135
-2624
-6784
7963
-9792
8898
-417
5994
-9405
5927
9779
-2253
-2137
9271
-6193
9456
3443
-2653
35
6226
-1765
-5709
4464
7200
-9877
-5917
6129
-1055
-1411
9528
2851
-509
-9673
-7073
-447
-9980
-88
-3990
9578
7250
3357
5805
-8777
-5224
3698
-367
1671
8681
5451
-6674
4814
-8741
1761
-1023
-7520
4745
1034
6359
-6613
-9195
446
-20
7120
-6453
915
8376
4574
-43
-4607
4252
5824
-6511
-4335
4507
-3038
-6109
4008
-615
-9915
1808
-647
4717
-44
-8529
-1458
7228
4820
3916
-3932
-9802
2335
-445
3012
9209
-9301
6211
-6986
3539
5174
-8354
-2976
2003
1413
8769
3620
3583
9044
6453
8874
7790
-4587
-4662
-732
-2875
7799
-3914
4103
2965
4624
3780
4084
-5826
-5343
-7420
8443
7203
-940
2824
-4229
-6018
401
-3891
9145
-7120
-7883
2593
1549
4697
-1448
-749
7772
31
-4429
-6208
1826
1801
-6385
-3622
-492
-5821
-3088
4390
6311
-3795
-4006
3866
2032
7426
1340
6444
2729
-5060
-6852
785
-5966
-2942
1414
8066
6155
-2095
7504
5938
6552
-4871
6738
9612
1231
2299
2891
9407
-9803
-4493
5881
-970
9645
1580
-3689
-418
3990
1902
7294
-1646
9326
7550
-8370
-7193
2271
4685
689
7224
4311
-7576
3985
-3411
2645
-770
3363
-5809
-6706
-3424
-8238
-1175
2919
-3441
2294
-605
4711
6776
9930
2852
895
9040
-5324
7240
3138
2360
-7339
6679
2456
345
-7258
-6999
-5374
7962
6610
-3515
-2768
-1151
-9182
9566
-8230
-3073
4724
4616
-8267
48
1848
-1431
3630
426
4110
2833
-9651
-3910
6415
-8589
-3573
7190
8484
2090
-8558
4107
-8395
4656
7323
5073
-1967
-2548
-3127
934
3095
-8045
-2270
-1086
6076
-1328
-140
4279
3411
-4328
-2403
-3240
1630
-1171
3945
1036
3253
2423
848
7917
-5170
-1930
4837
2255
-2462
-5733
5405
8190
1936
2268
2124
-5563
-1509
1870
8549
4839
-9996
-1442
-9534
-840
-6805
-7102
-5809
-4317
-2582
-3569
-3194
-9671
9959
4151
-9008
-438
8202
-9242
4855
1580
-6772
-4480
3279
9034
-615
1890
-5561
2548
4320
8690
9314
7339
3216
8755
-7473
-3832
6922
-1180
4794
-2365
4924
-8880
4012
1584
-4329
-7678
-1445
5021
7122
2981
-1055
284
-7945
6798
6654
-9230
-3741
-2589
4347
-5489
3406
-9245
-1103
-7821
-9039
8350
-839
-3913
-329
800
-6368
-9422
154
9854
-4152
1344
2568
7718
8912
-3141
-4008
1891
-6844
1396
4775
-5681
9434
282
618
-4504
4698
-616
-3607
-5928
-9014
-4843
7392
6728
708
-7957
-4384
-4695
5992
7073
-1484
6393
8972
-9101
-6525
-4609
41
-6838
-9774
-886
-1171
8672
3587
-9153
-2364
-6042
-8534
-6239
-849
5822
6218
-3850
3470
-1882
7375
-4432
-3174
-1208
8846
289
-2476
-5179
4515
1301
384
5870
3432
1628
4364
552
-2968
-9922
5607
-5010
-6101
707
4165
-7680
-9694
-6862
254
-2190
-4968
4407
-9489
-5430
2309
-1177
2680
-1941
-9986
-382
5366
3090
-408
-8539
8312
-1313
8141
4805
7826
-5475
1071
5376
-3928
-3353
9793
2247
-5183
1157
-634
-411
-1294
8032
4511
-1340
-8450
-5590
-7285
-3473
-7851
-8620
-7200
-2341
-4842
-3369
-1558
-3972
-4644
4026
7856
-5237
807
-6393
-4295
-3925
4189
-101
755
-9527
-3529
7194
-4153
-2896
3480
5423
-1413
-9306
2361
-9171
9212
4755
-9822
9558
2118
-9788
-4108
-8011
-9771
8628
9690
-4318
9373
-3901
-8635
-1037
-1884
-8919
3311
-1016
9058
-87
-3723
3742
3732
1796
-159
-9228
-7635
-4935
-627
-5282
9368
-8009
3067
5070
-215
-6794
-4284
7167
-6935
-4441
1135
9497
-8815
8974
4610
-1920
-912
-9261
-4155
-9633
6612
-3696
-7834
-954
-460
8067
-3720
-8642
0
-400
9318
3431
-8445
899
8731
2136
4926
-4562
-1799
362
-8195
-2512
-5497
-1650
-3870
5641
-5513
694
-7578
-783
-5109
8167
7526
-5291
9124
8657
-2457
-640
-3296
-1217
-1284
-9477
-2934
4120
4103
-3393
461
-1558
4254
621
8286
215
7628
-3853
2079
-7931
8524
-8412
9631
-4984
-1012
121
2159
920
-975
415
8193
-6320
6797
-3424
-4973
-9402
5994
-6115
8677
-1939
1014
7892
2733
-7616
-9882
-514
-2969
-8661
6412
2647
-9425
-3339
-299
5937
7271
7742
9567
-1097
-3479
191
-6555
-3159
-1616
-5525
-3934
-4810
4493
-9570
9062
5495
-3214
1162
3413
-1855
1684
-231
-8784
-1988
-7563
5675
-3506
1991
4274
-6006
-9993
-8322
3778
-9091
-9623
-3590
6502
-4685
2147
-6598
3092
-4939
-4624
-9669
2459
-3555
9227
7598
1948
3845
-148
2927
-8442
-9617
-7340
1682
3659
484
-8820
-2157
3020
-4976
-3909
6939
-5055
667
-6882
-4916
7507
-417
-4277
5732
-7081
-7786
9349
-3857
-2040
-2683
-4043
-3267
-784
418
2227
-6567
4955
3445
7940
4318
2623
-5299
8890
-1335
5661
491
8597
-6743
-5574
2469
170
3708
3696
-4127
982
2928
4951
-1814
-244
-1216
9177
4307
865
2775
-394
2784
2867
6170
-2323
-6496
8102
-4390
7984
-1524
-5052
-8894
-2256
6772
-8088
-1089
8903
2203
7733
6284
7773
9180
-7165
5855
3616
1769
-5513
-3075
5288
-840
-334
6884
2993
9914
-43
-5701
1626
-2825
-2082
354
329
8487
-4115
-1127
-1881
7307
3632
-9041
716
7127
-6037
-5534
5028
3980
2458
7926
-6684
4362
6364
-255
2473
1285
-2368
415
-1595
-5941
-1537
-4818
-7256
413
4982
-1315
-4697
-4655
-1535
-9505
4086
2625
5933
-5190
-4313
-8400
1068
-2292
2911
2879
-1588
1237
8095
-5744
6421
7568
-1216
-5275
-4640
8309
1790
757
2489
6499
-2745
-8331
9365
6220
465
-1353
-7091
-1430
2845
591
9884
1969
-8639
7921
-2129
-9211
-3119
9579
7232
2008
-8267
1475
-3658
-819
595
9597
-3573
-4193
-6008
-3109
5439
7169
9097
6392
-4365
-5545
3749
8993
-3055
3488
-3014
-9180
-1807
-4465
8801
-7683
8140
-7145
6171
3046
5383
-8520
-2734
8994
4816
-6309
986
-7235
-7821
1444
286
6194
2886
9327
-5617
-7316
7296
5486
-2291
-5784
-4868
7196
9288
1762
-9185
7736
-9082
-1612
6435
-4022
-8490
-5917
-3206
1554
3294
2589
2330
2838
-9265
8895
4257
-6752
-3535
-5756
-2327
6676
-3242
1384
7769
4646
-2855
-8962
-4316
-7260
7651
4889
2902
-6622
8465
-9917
-4065
6223
-1984
5405
9408
7333
1649
871
-3752
6204
-6515
7043
6460
-6187
-9311
-679
-3813
1744
370
3595
-4297
-3228
-1115
-8503
5198
2324
-9338
8574
1979
8063
-8645
-5932
-1592
2457
6123
6712
7089
2962
5545
-6742
3675
6208
8232
-2436
5700
-3764
79
-6085
9993
6017
-1189
3328
-3412
-4721
4052
3352
1506
-8220
-7282
9078
-806
5912
-4549
-5466
-9390
142
2523
8934
-9112
-4362
7421
9863
-8157
6154
-7029
-3158
-4423
-2502
3983
8929
-8666
2561
-6511
-6499
-1270
-92
-4846
-136
-8095
-3723
-5077
-4190
-8884
8249
7353
8645
-6444
4277
-2023
-3470
5959
6717
-5546
1634
1644
4852
-7841
-6149
2243
7996
-4111
6096
-7828
1153
7099
-218
-7771
4473
266
-4387
-3857
-8803
-8425
-1010
3059
-7197
2
-4260
1649
-8821
4267
-4930
6095
-7408
7661
-2653
-6394
1118
5631
-1241
-4422
4474
-267
4994
-3222
5905
-9497
9946
3159
6354
564
-4267
7399
5376
-9100
-6236
-2256
-1234
-5223
6610
-7608
571
9782
4543
8826
-1454
-7129
2696
-4402
780
5593
7692
-2859
-3368
-3231
6651
8386
-5392
4360
-9159
-7145
-9269
1870
-6781
5211
555
1396
-8942
4720
10
-6045
4852
-6932
5538
4560
-6067
-9666
-9451
1569
-3182
1823
6176
-5861
-3217
-9577
-4374
-1537
1312
-7203
5281
-7288
-1498
509
-5987
1079
-6507
-2342
2404
-1084
5866
-7748
-1659
8818
-4843
1036
7824
7139
-4196
8193
-8014
4002
-2148
-5897
8156
2709
-5520
-2707
-9020
-731
6533
-8947
3452
-2150
5434
9219
-5202
3250
6806
-5576
8186
6869
-9191
-9928
-2616
8729
-3487
1441
-998
-8178
-5466
8414
-2712
-6495
1715
4368
588
-8259
6332
-4978
-6725
-5143
7778
-5835
-7633
6918
-1424
-1034
-720
-1494
-3553
-9104
-5122
4343
6827
-5875
-9929
7820
5581
-3574
1976
2545
1667
-1622
-3512
6302
8062
-7416
-7356
688
-7940
4699
-3371
-2155
1513
-3074
-5521
1997
-1568
-4624
-3152
9367
1351
-2696
3635
2441
-5197
3465
-6077
-5502
-3160
3060
7393
3889
5750
-1763
2716
-4507
-3898
2072
-1863
-6929
2223
9249
2360
8967
803
1412
7412
1053
1767
1175
-4101
-5766
-2253
2380
3109
-2396
4519
3576
-6279
-1581
-7342
-4529
2486
-1725
232
-3293
5401
-7165
-3427
9151
9033
7877
2183
1062
-8183
1865
-3408
-2185
-1324
4346
-6384
8502
-2852
2318
-6985
3609
135
9194
-6586
2319
8314
-1767
-2677
-2909
-2465
1013
-8109
1540
-2356
-8948
9826
2667
-9815
6097
5979
6112
2485
-7990
-2377
4863
629
4555
5399
7663
-5561
-3274
-8665
6941
9267
-5529
5056
-5777
-4832
5697
-3989
-7229
6394
-4239
-6262
-5567
-5526
9285
5209
-1763
-8180
6027
3459
-4900
2626
9603
9146
-7106
4179
-5115
-4071
-2067
-6946
-7900
-9023
6210
6272
-8257
-8228
-7243
-8168
-7448
5723
6914
-3567
5991
-1365
3533
-5950
-1004
-3102
5132
629
6681
5197
5942
-2746
854
9131
7306
-8929
1042
5091
-9086
4474
5373
7124
-9198
3883
7354
-4332
-6953
7662
8561
-3793
-587
2384
-46
8293
551
4198
-1477
-3412
-7941
-8191
-6858
-4021
-1756
-7333
7050
-9827
9640
5068
2264
-3245
-4168
-5054
2171
-584
813
50
-7367
9305
-4323
-9464
3550
9922
7365
-1729
-8943
-1031
9056
3311
6261
-9899
-1255
-924
-2845
9052
-7341
-7285
6422
1402
-1617
3643
-9454
2570
-7445
4222
1965
-9299
8761
-8693
1374
7082
2689
8859
7930
-8494
-661
4846
6067
-6083
-1658
-4245
5241
-145
3964
-4922
8622
2232
-1175
-8472
-4393
-9790
-4127
-6690
-2355
6012
2850
-7835
8013
1655
-1718
-2953
7434
-2372
-6537
-5074
-8724
-5897
4480
5717
229
8377
-6511
-3805
-1271
-8026
-7200
-1812
-8568
-7359
8691
-2806
-345
-2292
-3990
9857
614
-7584
9722
6257
8054
-3260
-7
-944
-7547
-5945
1245
-8593
-7489
-2366
2219
7939
2745
9676
-5169
-5086
-1321
-8682
-1268
759
2664
1621
-8268
-1801
-6886
-5667
9006
-7532
-7111
7028
6920
-1049
1697
-8155
8768
-4006
-9104
2415
5317
975
-5828
-6335
-7967
6099
-7017
9488
-2951
413
113
5988
-5065
2965
4203
-9629
-9719
2639
1619
6733
5501
-472
3789
6966
-9437
4161
-316
-2541
3636
-7456
-8845
523
5118
-7168
-3409
1276
301
9652
610
-8467
-1799
-6782
-6270
2524
8006
-8674
9987
9949
-5272
6735
1409
5455
-8379
-5926
9985
2565
-7507
-9618
9441
995
8912
3840
9316
5921
2113
320
-8487
5050
-8588
-9302
-9839
4330
-5642
-3795
956
-2048
-4447
-6673
-3041
4138
3062
799
-9151
-549
-3668
-267
-3257
3692
8218
-7712
3654
-5197
8238
-8685
-7819
-6451
2603
9096
-914
1750
1781
5870
6841
-259
8256
4107
9015
-4462
609
-6292
7812
-8273
-3113
405
-3037
-7571
3571
-4115
2717
9572
9624
1691
-3976
-5143
-7771
8751
-7873
9935
-9957
7492
