-1733
4319
5008
-2101
6147
3
5254
7306
-6391
6829
-6207
437
2592
-4442
2229
-9331
1433
9663
9732
-2578
-8329
2900
-179
450
6316
-585
5191
-2431
1087
4491
-1540
3677
6778
8994
369
3728
5683
-1612
-8057
822
-5215
483
5815
-4294
7108
4832
1299
5706
7094
-939
-8357
-6600
8139
6634
304
-7042
-6665
-1927
-8094
4517
9142
-2013
7184
-7139
5923
1626
5940
-8626
-285
-6438
4012
-5051
-3234
8078
1301
4982
-8840
-4198
-6800
5301
618
3996
-1944
-4717
-6783
2614
-4896
-5823
1086
4896
628
-4347
-6373
159
6625
1243
-14
4816
5575
-9186
-3920
-8962
-4485
-142
-6974
-6368
-4352
-4744
4422
4720
5717
-7428
6983
-4387
3215
3479
2286
-9530
6585
5452
2607
-4939
-6517
-6808
5803
-5632
1167
-9997
-870
-3939
-3224
-4739
-5595
592
-7991
9779
-1407
-2138
117
8020
-9721
-6910
325
592
-4818
5736
3760
-183
-628
1580
8457
7718
-2648
4393
5788
9367
1663
3602
-4769
2760
-2968
862
-8598
-2301
-3317
-9951
-4931
-3496
7971
9050
1010
5332
1917
3014
1044
-7925
-2549
9711
-5961
-9878
5953
-5007
-5038
-6102
5292
5581
-4815
-2195
7729
-7370
3154
-5926
5844
168
5353
-9830
541
5657
4829
1488
-5083
-6989
-3005
-9658
4087
-2924
1807
5131
-7044
-8489
-7412
4868
-3272
7126
-5783
6842
4047
6410
-8874
-795
8145
-520
5426
7117
-8981
7873
-1757
-1975
5134
1607
6068
1927
1162
-3909
-4439
5310
-2278
2586
-7914
-922
4748
9731
-7850
6711
3665
7861
1061
-2498
-1120
-8469
7185
1130
-761
-1585
-8175
1871
9201
2650
-3866
8330
822
-4761
-8124
-779
142
178
-7306
9308
-5095
-4905
6399
9961
-5336
-4053
8569
-724
-1995
-3778
-641
-8020
-9179
-7615
-467
7249
-2955
-1197
2095
2832
-561
9550
1197
-4184
-1149
-5423
-6306
-4116
-9493
5423
1061
-5260
5776
3156
-8890
8296
7844
4994
4353
-2982
7102
-4618
4679
9305
-5622
-7082
-984
1414
-9968
1751
-1086
-1441
6743
6220
-4905
-3774
-5932
-29
8990
-2929
734
-7877
-8913
-9739
6771
6894
-6968
-1305
9322
-1489
-7895
-9823
-4518
2329
-7205
4268
-9348
-3064
-5093
-6727
5734
9561
-3876
-2121
-5948
1623
-8453
-6038
-216
6422
7354
-445
-2457
-6225
-6630
1159
6829
-357
32
-4131
5971
-2837
-6721
-9846
-1664
2599
-2107
-6403
19
-2821
-8295
2256
6207
9519
-8125
-8971
-8287
-7264
-787
-2865
-5726
1646
7618
1943
-5839
3947
-3834
-1150
570
3378
5656
4626
6785
-6177
-2617
8417
-5561
8893
1620
-849
-9832
5268
2783
665
-5194
-2252
-7038
-4954
5675
-906
2010
9848
-4829
2217
5780
-7064
-2664
6167
-7799
8438
-570
-4793
-2455
-8785
-9698
-6451
-3548
4671
3032
8981
-7312
2954
-7785
-4074
-7490
8338
-2686
3779
8478
3585
-4222
2790
-1558
9535
-6981
-6919
4848
-4628
5836
-8998
9755
-5223
1939
-8348
5442
8691
221
8882
-8086
-1008
3407
-3974
-3567
-9339
6444
3255
-638
8006
-5682
-7675
6576
-3122
-9129
4362
-8870
-7183
-7688
2075
-4579
-9948
-2399
-1386
3680
6050
-9402
1106
-3894
-2951
-2590
3940
-2330
5103
3729
9859
-3575
-1463
1211
-5275
-4788
3875
1528
-9723
-5842
3255
-2076
-9485
6562
9008
-9958
-9340
3719
4645
-9056
-9457
-7604
-9193
6879
4361
-1707
9635
-3404
-4815
9335
-4401
6462
-1527
-7818
1688
-2094
1633
4388
9255
3738
5074
-7777
4297
1118
8168
-6106
-2937
-8257
-5978
4732
8962
184
-3363
-7405
527
-9565
7038
265
-1718
-7770
-7387
1032
3126
-9689
9311
5054
-1840
7970
5969
-5821
-6680
333
7906
-9985
-8870
3075
2780
-5998
1863
-4965
-7648
-1042
-6579
8353
-6625
3109
-9906
8509
-1607
3794
-5019
-7947
2696
-2650
-1775
9823
-8017
-5807
4280
3354
-9650
-9957
-545
-4662
3584
-7783
-6097
8427
6775
2435
-9391
9329
-3687
-6767
1924
-7344
7984
7690
44
7698
2489
7229
-8638
4485
1914
-9646
-9126
-6810
-8458
-8349
5463
7671
-9874
-7198
2225
8740
3312
8311
8291
8706
-5911
2486
-8096
-8920
-4892
-8956
9995
7664
5742
8367
7884
-3630
6965
-6572
7897
-9868
-3816
7124
6739
-1835
-1487
-7188
-2003
7018
260
-5027
-7703
9072
1300
-7149
144
-6388
1971
9771
271
3586
-3804
-2325
-8666
4566
4609
-401
8484
7401
8585
-1755
9783
4661
-4748
-1760
5954
7524
-4529
-4058
9240
8432
3945
8061
-7702
4989
-4414
7421
-419
7283
8983
-2630
-1183
1912
-7491
6493
3508
8567
-5049
-3399
1385
9281
-3072
1998
878
6148
-1101
-6225
7398
-655
617
-1399
-2302
6664
-9182
-596
-306
9471
-4339
1412
6134
-5434
-1942
4796
4818
166
-2834
-5720
-5098
-8463
-5126
-108
9497
5797
6738
-3678
7811
9475
4279
6112
-2985
-7357
-9921
8347
9672
3436
7433
1656
6090
-2485
-2235
4675
-9256
504
8031
8575
2141
3765
-4303
1141
8838
6850
-4851
-7718
-469
9310
7382
-680
-185
-1295
-8172
9355
-416
-818
3787
9221
-9249
9219
3965
2543
5747
-6807
-5898
2648
-5891
-7671
-339
-515
1843
-1221
-4249
5504
-7269
-8137
-3022
-1657
-567
-97
-7708
7267
-6028
5909
9126
8159
185
-1490
-1264
4507
-6916
7494
949
6888
-214
-6359
9415
9757
7968
19
-4084
9579
3593
-601
-5680
405
4880
9069
-6578
1892
1055
930
1227
-3437
9722
3908
8411
3416
-5076
9793
-8140
4346
-7602
-1521
3051
-3193
-3298
7035
-5323
-1037
-7434
3432
-5334
7823
3794
-8482
-7548
6027
-5430
-1741
-2437
1726
7068
4157
-667
2785
-2449
-3318
7196
1637
-2170
1323
8478
-4520
8846
3608
5530
9889
6806
32
9269
-6235
-2943
-3987
-2227
-3566
3829
-1401
-2533
3371
-1758
9115
1849
-9101
8990
-1283
-8883
2865
-5131
-3240
-4018
4370
-7344
-4552
8645
4937
6866
-6879
-4835
2875
8171
-7682
-7165
-6426
9042
7844
8690
7066
-818
-9819
-7323
-8999
-8099
-3040
7235
-390
-6332
5047
2261
-8052
3864
9992
4752
126
-2272
-1038
-3845
-620
5118
9537
-1696
-5576
574
1777
-4851
3124
-7862
-3643
663
8693
-867
-4567
-5398
2266
4896
-4770
1537
-6704
4108
-4006
-6631
-4900
-7862
-5755
-5081
-8802
-3931
-8128
-7157
5189
5362
-1639
-6727
1486
-5580
4406
-248
-9891
-3309
7391
-4816
-9604
-4822
5807
-2317
-5058
-6118
-7977
-60
-2683
-1711
-9610
-5672
6
-9894
9713
5469
8607
6598
-4162
-1063
-6854
-1228
4355
8515
9219
8257
-1279
8019
6450
-7752
9859
9775
-4915
-6519
-4485
3494
4025
-9074
-4274
-4823
-7801
-4292
5789
1820
374
-9228
1697
-8631
-5482
-6356
6180
-1484
-6893
-4281
1743
-4220
55
4807
7561
6728
-5296
1214
-6473
9835
9374
-3537
6287
-4490
5323
6722
-1231
-1401
161
6636
-1025
-9679
6269
7062
-8327
9502
-5030
-8094
-127
-4312
647
2581
5013
-2667
-7996
2692
-6202
-8495
-809
3058
-9706
1190
-5540
-450
-8091
3788
1847
-2493
-2890
-8269
2795
9537
2939
1928
6585
-4473
1652
7710
6930
-5009
-3555
-4444
999
1753
-9295
9946
-2305
-3260
8762
1157
-863
6180
-3972
644
-4451
-4579
-6927
-8081
-2967
7596
-2784
-8654
2463
-8681
5368
7726
-6705
-2848
297
2545
1873
-608
832
-7315
-4364
-8547
2906
7503
-2564
-6875
8748
-2926
936
3697
3017
6841
-8800
-4244
1428
55
-6765
-839
-9458
4874
-952
6015
7944
3625
-8858
-6831
-3103
430
-975
3211
847
-2932
-9176
6906
9121
2741
6214
-539
-7439
-9545
726
8137
9812
3977
8610
9514
-5786
-8670
4771
-941
-4481
5187
8876
3630
8178
6976
-4985
-9756
5271
-4894
-7708
2952
-7212
-2404
-6872
-6528
-434
-2111
-8613
8024
2221
-3949
3259
3126
8948
8029
9407
5463
-6211
-1944
9201
1344
-2967
-3137
1970
134
-6034
-1838
-2101
-1591
7004
-9039
-2320
1280
-968
6980
-5379
3931
-5332
-6710
-5579
-2495
-7410
-8422
-6501
-7583
1525
-5468
2893
-7917
-9878
2238
-2691
-7534
-6592
-9398
9895
9532
1016
7383
-152
9375
-4646
512
8760
2964
-5792
-9578
5102
-6017
-7559
377
8437
1641
-7589
9254
7470
-2403
-2545
-4485
-120
-1711
6391
-4038
-536
6847
-9110
-6122
7533
2601
1744
-8809
-2378
158
4331
8978
-4103
591
-5700
8822
-7408
6141
7887
286
-1576
-5297
-3434
-3902
-8844
9650
-807
8712
7165
1438
-1730
-4236
5421
-792
-4375
3781
-8788
-768
-8032
746
-8176
6440
8122
6088
-472
-1571
-5254
-5570
5613
-2666
-8377
-46
2490
-5575
-47
-645
-8079
-4246
-1300
-3436
-3304
4699
-4714
-4918
-4666
9859
-6853
518
-2882
-2487
5475
-3163
-8462
-4114
2654
7950
-9461
7638
-2265
1952
-8470
-37
9155
-5293
-4329
-9490
-7782
-745
-9014
-8162
89
4329
-1682
7860
5949
-8641
9952
837
-4642
3987
3156
-2115
2521
-9778
3527
2899
276
102
-9064
-6852
3001
2903
6153
-2341
7673
1787
949
-4085
-5579
3103
5984
-7104
-1718
-8661
2494
4302
-9288
6222
-9567
-6625
4990
5703
-8369
-1288
59
8965
-3403
-9285
2694
4979
3091
8101
-9886
-193
-8744
9370
-479
6009
4463
4061
-6793
-1418
-436
-9703
9092
-9027
8651
5169
-5783
7020
3137
-8551
2314
7887
-6496
2802
-3491
-7164
726
1969
-7115
1887
-3100
8100
1714
8961
-7221
-5190
-7486
8255
-5282
-1901
7521
-3847
31
-9209
-5879
9561
3959
2626
141
1714
-8861
1184
-8713
2808
-1027
-6987
7320
4787
-6091
9799
-4887
-9471
2814
901
-6347
-6751
6942
9202
8736
8232
4674
499
-7439
-5160
-264
7674
1394
4662
3791
5608
-9681
7595
3252
-9648
-6991
-4633
-9766
-581
2223
-4626
-5917
2206
2644
-690
5048
9884
-5922
-5044
3632
-9705
-3672
3153
9804
-8287
-3123
1399
-8572
2648
-7999
-214
-8262
8070
5786
-6341
3371
9437
6171
-3774
-6128
-8115
-4637
-2765
2812
-2152
5946
281
-1135
2270
-4557
-3288
-1871
-9967
2902
-8334
-1290
6860
3888
-7040
945
-6360
990
-7304
-7901
-9744
-7860
-4304
-1562
-8729
9511
-3726
2943
-5783
-8834
1984
8426
1561
5426
4736
-2844
6113
-8556
-5435
-6078
6782
2467
-292
-3244
-1105
-111
4646
-1036
7418
994
-8444
1824
-9386
9783
5295
2691
3202
-5029
420
8749
-7819
1506
-7669
8819
-9267
5425
-4770
-6809
9809
-9114
-8973
3999
1539
611
2334
-5829
-1826
4067
-7028
1776
-4988
8857
6294
8413
531
-8865
5864
3879
3347
-8512
-4069
-6592
-5381
8841
6220
-2320
1445
-5144
-291
1451
4095
-7520
6460
2691
3785
7046
-2659
304
-874
3252
-1901
9483
-5493
-3042
4880
-8485
9744
-7302
3082
6742
4283
9039
3506
5328
-7919
-6104
5960
-9888
-4559
2280
-7873
6401
6552
2865
-9555
7011
-7289
-4722
4950
6570
-8771
6221
-9047
473
-1794
-9515
3315
967
7372
-6131
-4830
2126
-8072
6996
-3038
3421
7058
-9719
541
-7975
793
-9168
724
-4425
-8605
2246
5553
603
8608
4091
-1474
-3224
4838
912
9966
173
4886
4144
2020
1070
794
1684
-2577
-7342
-8531
4595
-1787
5236
2972
-1848
4853
3886
-5998
-1430
-1158
-5848
5028
3470
6418
-9379
8150
9878
8672
105
-9822
-5479
43
-4730
-8083
-7587
-1446
962
178
-4546
-6664
5902
8549
8891
5540
-9847
3263
-7469
-3437
3638
-125
9112
-5566
5477
-5943
-262
-317
7512
3740
348
5259
3343
1023
1623
-3196
5125
3709
2689
3291
2945
-6727
1006
4090
9759
-9901
7298
-1089
-2330
-4336
3961
1383
2327
168
326
-1888
2025
-1325
-9965
5649
-5919
-6680
9072
2816
2910
9920
-418
-9045
3782
-2290
4368
-4228
-5125
3436
7015
8792
4040
-5564
5612
3079
-7563
5277
3178
-7749
-6984
5606
-7397
9580
-35
7999
-3750
-7584
3245
322
-9194
8891
2665
-2302
-644
2560
3680
-4239
-2015
-2115
-9587
-8340
4640
4429
-4283
-4525
8520
-3357
-6523
4230
6034
1462
1939
6335
-5504
-2088
4304
-9148
9321
7094
9354
-1123
-203
-2590
2906
887
9618
-6227
-9967
-4049
-4381
4728
-3071
268
1020
-9668
6174
9105
-2627
2814
5090
7274
9581
9729
6684
-3114
-3820
1817
6806
-6312
6115
2483
1314
2217
7196
2674
-5416
-458
-6522
4702
4065
6978
-6972
-970
143
-7095
-9820
5963
7783
-4764
-1965
5731
-5342
9799
-6588
8946
-6229
503
9156
7602
-6117
-3888
-3012
3427
1881
-9472
-2647
-8156
1016
5484
8233
1972
-289
8245
-1942
-4599
-8868
6493
-5185
7839
4299
-2424
6016
-6625
-9351
-385
7623
8103
-3967
2300
2107
-4680
9339
-6137
8539
-7499
-487
-64
676
1396
9609
247
-7656
1009
-4953
4715
-484
-449
8989
-9186
8199
-5680
-5269
-3277
-229
-9597
5490
-7177
5634
4696
7036
9482
-5688
7158
-6520
-6681
-3573
-9210
6727
3532
-3814
3695
-2734
-1473
-4550
-5933
-7983
9088
-7724
-3146
-2596
4694
-5836
1004
4333
-6102
-9036
174
7225
-6761
-3024
3132
-4179
-646
6483
2987
7586
-506
6550
1535
-6345
-5349
2272
-3393
8609
-3456
-8860
-6667
7028
6591
-113
8331
7301
-9597
2418
-4254
1459
7081
1369
-9657
4415
-5544
-1239
5641
-6104
-4947
8283
-1431
1755
-8468
1166
9954
9718
2982
5710
6465
9685
-5684
-6549
6097
-4072
-4166
5318
6382
-1913
-8275
-3566
5078
7681
2109
-8681
1967
7113
-3630
2841
-5678
-8349
7537
-8230
-3037
-9468
-4289
-6583
-8977
2846
4461
7502
9612
2691
2971
7924
9728
-4545
-2161
4618
8633
-4609
-6169
2661
-5109
2336
-1614
5459
2989
1863
1196
6090
3839
-6639
7504
5463
2106
6810
-4063
137
1183
-836
9438
1504
-5865
1187
8076
8470
-7845
8934
8514
-7795
-6097
3613
-5526
9794
-3254
2797
7867
2247
2419
501
7368
-2027
-6262
4751
8313
2253
1665
2435
-8257
-2540
8753
3889
2756
-1324
-2672
-607
-6837
-2177
-169
6895
5453
-523
683
365
-3658
-3225
-3474
-6714
4798
-1157
8110
-1449
-1602
-4050
5541
-4872
-747
7654
937
-6987
-6212
5586
7498
5785
-513
2086
2501
5813
-5796
-7373
3017
-3864
-8673
-4267
-8918
5195
3686
3333
5067
-6747
312
3892
2915
-3521
7555
9997
-4129
-464
8341
-3640
5311
-5028
3146
2356
-3399
4872
-8624
4701
5929
1143
-2322
5050
-8959
-168
9035
8673
8172
-5501
7800
9077
5453
7802
1100
2263
4036
2214
9469
6725
-252
-1622
5327
-3748
-8813
-9458
-9656
-9923
-1635
7551
3885
-2631
7244
-2957
7244
-9700
8975
-2635
6752
6457
5372
6419
3005
6946
-5455
-6770
-9958
1203
-4870
-8514
-1040
-7190
-6312
-2938
7070
4223
9079
-8443
-3719
-4559
-8120
-4262
7544
-1162
-2535
4688
-9975
-2638
7116
-8710
-8077
-802
-8226
-3997
-9374
2419
-7084
4761
-5597
-4288
-9350
-189
6804
-28
9797
3859
-3009
7661
-4821
4833
5194
-9435
3533
-7968
-1355
9164
-294
-4391
6139
-7839
7661
-3060
-4495
5250
8946
872
805
-3914
3822
-1842
4960
1753
8796
5592
6004
1632
6691
1553
2097
-9147
-5802
8093
-2825
4833
-9853
-5148
6152
3365
-4504
4791
-7696
263
4775
-6692
-4411
-6093
462
-4439
-8264
9250
-3403
4271
8036
1009
-1257
9959
-8976
737
-7379
-6265
739
-4903
-5305
-8720
-3744
845
-9392
9277
2909
5117
-243
-5832
-5574
-6687
4666
-8558
7338
-7266
-5152
7530
-5545
-4596
-3100
4237
-5173
-9664
-3361
-4204
-6020
-5495
5058
-9184
3231
3425
5102
-5171
5468
-2583
6328
-6813
-6304
-9662
1773
9727
-4791
9036
246
9670
-592
7740
6054
-1583
7519
5929
7505
-2093
-6897
-1037
-4655
-6224
8780
-3060
-6644
-2799
4702
9133
2930
-3285
408
7878
738
5689
-784
-7898
3139
8504
2085
210
-8287
9711
-8475
-1416
592
2320
-883
-2991
-8813
1093
6219
-2176
-4454
-4692
-4119
1665
-6179
3763
6552
8505
2455
8210
2865
-7492
5133
-6290
-9132
-654
-1263
4058
-6039
-2419
-9080
6146
-3968
9513
-6794
7918
-7419
-5737
-9607
4629
-3457
-4378
1189
5362
497
5200
-742
8256
-4389
8727
5747
-8821
-8535
-7819
3486
-4949
-3528
5449
-1543
698
-9709
8008
-8593
-5833
2919
5467
-2014
-9684
9737
3300
-8138
5969
3546
-6202
-4247
-9860
-6849
-299
-8856
-9843
-8474
-8830
-8249
-4649
-6508
6090
-2772
9927
-9115
-5764
5945
-196
5753
2790
3128
-9133
734
2317
-4153
5228
9536
-5438
-6110
488
5852
8993
-8320
-6990
-3959
5912
-1393
-9835
-6656
3338
6251
-5304
-3777
8079
6998
-9900
63
2809
-3599
-9336
4052
1876
-6483
-6526
-1565
2604
5379
4139
-8348
-6493
-8966
411
-6491
4894
-253
-6530
8340
-5391
-4988
-155
-9812
8404
-6854
-2395
-2230
8311
-3735
-4948
-8134
-9790
3898
9964
-1844
8002
-9607
-7716
-10000
-758
-8348
6155
-796
1845
8665
2045
-3138
-7366
-8385
-5530
8610
1068
-7944
8694
9788
-458
448
-3959
-8160
2760
-3152
-39
-3748
8677
2091
-1534
6345
-2366
-2757
3248
5253
7993
-4924
-1841
-344
-6867
-8970
-5516
2345
-4204
-4398
7113
4367
-1334
8639
-7176
9837
-7349
5678
1381
-4264
4060
-9552
-1017
9541
-9473
-7377
-6161
9880
-7948
-159
8616
7852
9701
7400
-5759
7545
8379
-3229
7006
-9354
3059
7659
-1769
-7569
-222
-6437
1518
-7561
-1984
-6915
8821
4143
-9209
-5401
3088
-6440
-1978
3506
6164
-7510
-5351
7168
873
-8830
-5343
-2221
-2147
-799
-8607
4661
3490
412
9450
2073
1162
6408
-9483
5094
-4691
-347
-8474
-4230
-5135
-9307
9772
-7863
1803
-2217
-59
-1870
-4122
7154
1122
-9919
-7748
-1413
-840
-6200
3086
-9603
-1634
9134
9971
-7586
7283
-5418
-4420
-1692
3169
-8667
-2082
3307
-775
-5862
8300
8677
-4588
-7834
6549
-2560
-8418
-7100
-5416
-2222
-8588
-7492
-9252
5211
-3468
-5243
-9179
-302
2355
455
-9215
6076
1872
-1203
6941
-5714
-4714
-9924
-9353
-9720
-3832
-3187
-2338
584
-4976
-1474
6535
4635
1858
-5164
3283
6740
-1183
-6569
-1791
-2907
9251
-5567
-2723
4338
-7937
8146
3992
-4030
-5453
-3003
1688
3636
-6509
-1249
2808
-3971
7219
-8195
6739
-7274
2435
-4241
-9273
-3151
7053
-3957
6362
-2974
8279
8589
4778
-9446
2851
7424
-3384
-9011
1767
-7733
-1808
4858
5203
-1309
2987
7362
1990
-8051
-2248
6987
1285
-3453
-8388
1908
-8857
-7424
-1572
-8924
6812
6406
8742
1561
3516
9409
-9744
3722
9963
-1317
6368
719
-9914
-3526
2142
-2049
3755
2878
-2830
-1919
210
-4675
-6334
4179
-5794
4581
5982
8065
-9225
-7176
-3017
-9943
-6850
6054
-2516
-4133
5633
-1462
1948
-2775
-2205
6724
-3098
722
78
-3905
6185
6482
-2222
-2569
9670
-4328
2924
2806
453
-5884
1068
-5220
6963
-1743
6821
6047
-1961
4932
5053
5166
2822
-8448
-1796
-8415
-4491
8471
4514
3318
4387
-3384
3050
9099
9073
-6244
-5707
7698
-9720
-4985
4168
2381
-7072
298
1630
-4506
-6932
-5862
-932
-7018
4009
-9417
-3247
5320
-5398
-6011
-3430
2325
4925
-6699
5036
4688
-6110
6930
6662
1473
4625
8938
-1326
4879
755
-1539
-2338
4995
8606
-8923
2348
7037
1582
7267
-7053
-33
3003
-4287
1466
-501
6631
2205
-4548
3302
-4365
9055
7519
-4558
-7379
6698
-2250
-8308
-2578
-6508
8722
9370
-8407
-5265
-4773
-9809
2773
-4499
-7073
5343
1116
6226
-9593
-1032
4511
6862
4719
2702
6099
8918
-2582
-1661
9100
7036
-6206
5512
-1220
-890
3599
-7089
-8328
-2542
3084
6919
4967
-9945
4830
1960
461
1450
9787
-4863
7171
-8436
-7082
-3489
-1812
4458
2255
14
-1629
9670
1713
2586
-4707
8726
3228
208
-7740
-8821
8406
-3284
-5159
2095
-668
8112
-683
-3241
-1469
-3467
6086
-8819
-8244
-1408
-2244
-9523
9872
2436
4382
-445
9336
-7227
-6839
7235
-8700
3286
2657
7988
-8495
-5104
9806
-1679
2232
-626
-8984
4000
6807
5214
-7556
-575
1331
6642
456
-5709
-110
1138
-1618
2044
345
-1006
-8880
2821
-1501
8919
1188
3776
1209
-2650
9431
6150
2091
-6677
-1219
-5767
-4956
3902
-5581
-5681
-6436
1520
5642
-1505
-3318
9994
-6127
9223
-1607
-3028
7779
-4990
5618
9459
-2636
5268
-1332
5061
2530
-3466
-8647
-3412
8130
6199
9163
-145
7385
-8262
9734
4231
329
-470
-7104
3195
-1850
8602
5674
-6642
5271
-4902
8658
-3841
7345
5786
-2746
6718
-9637
-721
7727
-9104
2155
-7618
-5490
-6802
-2586
9467
-7319
685
-8490
5466
-4448
-6849
-443
-7422
-4496
-3627
-1242
-8826
5562
-5220
34
9668
526
-5600
-490
-4795
-6431
-4405
-9011
-7431
7662
8579
-2343
2310
7112
9709
-3973
4822
6514
7156
-5175
3553
-5668
-1393
9712
-3626
-449
265
-829
7405
1149
-3286
5396
7258
-5959
-5556
-2865
2321
9223
3367
6016
7531
461
-8191
-6413
8512
-8116
-4338
9919
-357
1449
-8318
6707
1828
-5101
-4684
5735
9022
-3466
-3969
5871
4210
6183
3231
4535
6166
-1832
8657
-22
8105
4225
2717
-5527
-8098
4565
-5418
1267
-4715
-3165
368
-6117
7579
6457
1555
-1657
8473
8550
6007
9656
3717
1741
-857
8679
2633
-7074
687
-6687
-86
4288
-2527
4343
-3336
-304
-1362
-8016
-4718
6796
-8601
-2444
2056
309
9609
-436
8100
2903
-4092
1069
8805
-7368
-4900
-8403
7795
8668
-6645
-9907
963
-2471
5432
7507
845
-2382
4927
4455
5143
9788
-2038
8049
-7554
-4129
7546
-1669
1947
6819
-3163
9534
2823
9069
-6722
4138
6021
-2413
-1431
-9420
-3635
868
-3499
2358
6264
-5349
-4804
-1933
3846
4225
-3731
7163
3605
-8677
7845
-5262
9905
-7955
-6614
6896
-6199
7516
-1079
-7966
-3638
2554
19
6383
-4455
-502
8987
7909
-724
8696
-9378
7279
752
7582
9605
-9543
6009
-5623
-9397
-1867
-1249
-9345
-1274
-7853
9275
-853
-323
-4863
-9650
-5599
-4514
9799
7603
5159
-3063
-317
-5328
-3368
-9552
-6562
-2972
-9268
9879
3160
672
-7026
-2511
2418
-6207
1224
-9933
7489
5055
-5747
5750
-8567
933
-5853
-1436
6138
5295
5976
-388
-2722
3641
286
-4663
8626
-5001
9113
1495
-7798
-8525
-1974
2584
7033
7672
7100
-8977
-5507
-8207
-8156
-8374
-1896
951
1122
-9656
3183
-3982
8208
1563
-2667
-1909
1097
8547
4655
1723
-2826
7071
9839
-5726
6165
9849
-8501
-2084
6494
-3903
8273
2684
8865
652
-9483
-6111
2173
2749
-3824
826
-8201
2872
-1498
9921
-9658
4255
7827
4174
9279
-1417
2865
-4565
-1556
-2209
-6507
-8898
9732
-9097
-7255
-9713
3322
8424
-4893
2301
-5604
1279
-6105
-2291
-6295
-8553
7304
-2020
1908
-5803
817
-3709
-5200
597
8969
5309
5541
-6163
-5572
-1809
-4028
387
5869
-806
759
-8454
4081
6157
-6775
-758
2346
7650
-9903
5109
6085
-7833
1955
3714
-8580
9335
4569
-920
1936
-7333
-2354
-7309
-2472
2196
4929
-9347
-6066
-6718
-3962
-1522
-3032
-890
7378
9650
2671
4657
517
9879
4823
-5771
3227
7809
-9442
-5477
-2633
6070
-5539
9533
3616
6784
7630
5866
-2933
-7335
1287
-3004
8351
-4091
9312
-5366
-1139
8865
6643
-2485
8870
-7214
-5131
-9264
-5575
5978
9049
-3497
-8009
9864
8367
-5049
-11
3336
9631
8338
-1789
4587
-3640
6039
-7307
-2946
4990
7321
905
-9726
1068
-8322
-3796
5212
-7062
-6079
2114
1257
-9207
9652
-856
9802
588
-3825
2219
-2495
-2585
-1412
2602
-5575
-296
9939
9847
7180
2155
-7298
1172
-1328
2331
-8775
2709
3959
9490
-4846
-3515
1633
7038
-5063
547
-2756
8030
-8433
6163
-4504
2636
-4799
-6453
6059
-7214
4893
6905
168
-1884
-8992
1766
-610
7806
-5375
-4820
2687
6278
166
2228
-7526
9249
-9573
-2616
-8691
4879
3982
5614
-1333
-2350
-973
7717
-9986
-7322
-881
3509
-959
-3128
4234
-1037
9286
3082
5121
-2452
-8150
-6145
8348
4903
833
1570
-1092
-2113
1352
8139
-1706
-4053
158
-132
-9289
-728
5546
-5269
-7704
6170
9746
9508
6833
467
1058
9817
-2022
-884
-9862
8836
9920
7938
-6834
-4635
-5208
8704
6288
-4765
-8073
-7520
6210
-6186
6705
3803
9242
-1749
-2596
-7723
-5665
9483
8942
7124
-224
-3084
-4093
3271
9577
752
-2635
-8738
-6057
4776
6455
-8096
-6488
6136
-6923
900
-1872
6790
-7181
-6947
4876
-7267
474
5758
-7304
-8768
6424
-5807
8956
-7012
2196
-4151
2647
9773
-9648
-3805
7514
-1240
-2677
4441
-4236
-4139
1268
1836
1269
-4891
-9999
-2834
-804
7984
-9165
-5564
6792
-3213
6055
-9123
5079
-3481
-2460
3021
-7471
1443
1990
-4307
-7374
-425
-7417
9480
4543
8790
3922
9031
-436
-7193
8875
4817
-3690
5012
-2552
-4282
7297
5657
-7080
1040
5220
-426
-2810
-8302
-6398
-7113
-2302
191
-8323
-2660
-2168
6153
-745
8815
-2122
-5306
2428
5974
-8749
879
-337
-3162
8773
9647
1161
1466
2864
7716
9650
-4128
-6413
-1875
-6902
-8988
-8120
5294
-4408
7992
718
7385
-6471
4085
-719
267
4420
7947
-5670
8481
-929
5786
-8083
4334
0
-4647
4937
8592
5015
3563
-453
-5079
-5851
7282
7709
-8229
4218
-4271
-1567
4586
-292
2225
1392
-2867
-10
2412
-7080
2270
-7234
-8848
6027
5461
-6212
9507
1837
869
-9502
4554
7824
-8778
-2047
-940
-9635
-7047
1664
3614
1698
-5253
-9846
1053
1626
545
-4491
-6870
5181
-4552
-7943
9843
1963
8336
-9534
-1869
-8595
1548
-1753
-7062
-1846
2717
-3077
5512
8877
-9898
8544
2050
5591
4796
-1232
-3782
6925
-8919
-3914
124
4856
-7308
-425
-5612
-863
3962
474
-8828
-9658
3213
-30
484
91
-2968
-1751
9884
7313
9019
-6418
-1804
-7523
-4416
6822
-5147
-2927
4276
-168
649
9872
-4351
3668
7400
7585
-1178
-710
-6935
-8390
-2680
-1785
9296
-2855
-740
5138
7587
-4922
-1448
7035
-6275
-2742
4464
481
3785
-678
274
-4251
-1770
6743
-2971
-1155
-1841
7590
6652
-5620
5534
107
5517
-5884
4796
-4642
1307
5324
8395
-9954
6866
-829
-4294
-4062
-1301
-3468
-9267
-8384
433
-8190
4808
-4749
-6094
-4799
2733
-6196
9171
2035
-4787
2822
-4237
216
-8027
-3361
-8135
-5625
1801
-1677
-913
-1583
-2727
-4883
5165
-6970
1239
6431
-9002
-2863
6984
-3171
8638
1906
648
132
-8885
3057
-6612
562
3739
6413
4275
1631
4662
8984
-5841
-8132
1184
2470
4875
-7483
6997
8386
-3084
-9411
4854
4174
-2372
-2768
5270
6383
-5503
-157
-7271
3400
-1427
8220
-4249
-775
725
-7805
-4378
6746
-2496
3530
2955
4201
6507
6730
-3553
-8041
-3441
9230
5939
-3668
-1685
7959
-1313
3143
1263
-2014
9648
456
4213
-4459
-9640
6321
6034
-899
-9083
5896
-4625
5636
-2398
9942
1595
4104
2443
-1046
5741
-7188
5759
1758
-88
9023
3957
-763
1914
-4923
-9100
6515
-9894
181
7583
-5179
-3680
-3695
5316
-1169
9052
2554
-6787
-4088
-6085
-5083
1985
-5456
-8718
-140
8087
2261
-1548
-9945
-7335
-2068
3748
-2153
8560
-6182
553
4477
-7470
3208
9964
-1737
5
-5226
6007
-924
-3775
-2766
182
4571
4969
-2778
-9581
6552
-1967
5882
3564
-7254
-2308
-5308
843
-7039
-6733
-160
5371
7849
-2503
-9901
-2519
2899
-8393
5270
6684
3479
5409
3260
7695
86
-536
-223
6166
2336
-5648
7685
7282
-8391
-83
-55
8432
16
-3319
2025
-8554
-3795
3706
6186
-6096
-2531
-245
8139
-8102
-3378
-7068
-7218
-5076
-907
-4434
5839
5004
-3939
5812
9415
5209
4739
7960
-1851
2532
-7959
-9750
-8639
768
-4579
-5955
790
-9237
-3017
-4207
-7986
-7927
5558
-6902
-8646
-2703
-3328
-4947
7891
8774
7108
-6942
1820
-1814
4503
-5644
7951
-3907
6175
-3364
-7180
-5844
-5183
9331
2231
8217
-3806
5000
1172
1189
-1673
7778
2304
6906
-7488
9702
8486
9063
4209
5245
-4789
1321
-4127
1599
-3277
9989
-5994
5549
2640
6665
-1048
-3345
-8463
3378
-8630
-3901
-1949
-6170
4895
1024
1096
3054
-88
7446
8511
-8786
821
-1939
-4314
-2009
-3835
-963
-924
9969
-6847
-7959
-8899
2234
-266
6660
9470
-7628
770
9622
9920
7931
4067
-9516
2533
-7814
-9507
8705
-6496
-2940
-3632
-2113
4824
7206
3257
-9432
5169
-5682
1191
-5406
4163
1975
-9365
-1035
-9905
-7460
4754
-4372
6070
-5098
3265
6851
-4225
2425
-5526
9981
-7938
6680
-6393
-7666
3476
27
-6911
1448
-7031
4364
3444
9477
-7747
-3278
-3749
-5196
9074
3406
-3868
-8388
-8449
8646
-2906
9478
-6688
8464
-4971
-7831
4046
-5890
8869
-6116
-9433
1690
-6522
5800
2967
8679
453
-3284
-9706
-4193
-9234
2300
-4193
-9284
-7278
-5793
1272
430
-2012
-9702
8529
-3194
-7130
-1820
9656
-7619
-5340
1207
-6073
-1953
-7855
-7526
-6190
4711
-706
5102
-7887
5057
9903
3504
-9933
-8030
-8432
-5018
2378
4213
-8163
9511
-4264
3122
-8797
-8867
9395
5798
-4226
-6425
7366
-4890
3842
1679
-7554
9821
-2698
6865
-8387
-597
9729
1
-2796
-6226
-7705
-8439
3526
-2797
2048
-8088
-8686
-1841
-8218
-6038
8796
1755
-8947
-8557
-1459
-3802
3333
2149
-8734
-9458
-9467
-2702
-5330
7772
1138
-6607
2801
-9746
-6971
8185
-6058
1772
7299
-9759
3750
-1667
-51
4268
3294
-8941
-1998
5452
-4700
-5609
-5783
7309
-4700
-5059
-6363
2822
-4177
-4286
2724
-1698
-7362
9138
2002
-8312
901
3140
-3538
3938
-4496
7909
-9805
-1864
2542
-7244
-9619
67
-7960
7525
-6619
-3735
-5233
4260
2601
9108
-9575
-8297
943
889
-3083
-5536
148
7753
-6771
-791
1270
4393
-9449
9899
-5889
3964
-551
-4092
3217
1777
4230
7233
5890
-9701
-6299
-9574
4066
798
-3932
-1384
6551
5462
425
5978
5853
3552
-3777
4499
1297
1828
-8367
-4132
637
2386
3591
7332
5958
5719
1942
-2130
4087
-1541
-1755
-2616
5219
1552
6573
4279
6012
-993
3953
-1056
-5014
-9984
-1385
9657
-8967
1413
5995
-2017
-8256
-9462
7683
-8575
-8581
1713
-2454
-3478
3789
-8245
3822
7792
-1720
3104
-5392
8325
-924
-7117
-6972
7775
-1129
6132
9920
6546
-4474
-5472
4792
7847
-7692
9617
-5857
5405
-7641
-5976
2511
-7534
3926
-2955
7245
-2164
2655
5492
3438
4924
4859
-5717
-3971
-6417
-1541
2468
3396
-5376
4907
1006
-2267
1622
1903
3490
-2091
-6381
-1905
1495
-3332
7879
5098
-4182
6929
-6911
-1904
9617
1840
545
6691
-2155
-7288
2060
-877
5826
-8596
-1744
1576
-2205
9738
-6316
-1964
-1399
4090
-4342
8630
-6447
-7246
-1269
9398
4704
-2214
-474
2303
-4582
-7842
6078
2723
2394
-5886
-9162
-1018
2003
777
-1527
-7466
-9463
-8866
131
-4756
5913
-669
-981
863
4611
487
-3363
6722
-2176
-2647
-4061
3810
-9874
2589
-6473
-6472
8080
-4009
-1368
-2630
5943
395
4483
-4370
8705
-382
-1065
6826
7138
-1598
9050
-9781
-7112
6921
646
1427
-2470
-404
-6728
7863
1018
-7520
-9712
5074
1746
5808
8327
-2354
-1180
-7579
-2060
7475
8144
5838
3955
-4220
-9166
8304
7931
-2355
1234
2045
791
-8576
4719
3068
9714
-4548
-6854
987
3175
-4726
5396
-8829
6937
-2351
2817
-1958
-7083
6738
3696
8123
8863
-8775
-1875
-2741
3554
-4412
9351
9626
5516
-7838
5900
7619
-8134
7045
-6997
7812
449
4511
7705
-4417
-5929
4853
1902
4694
1077
-9472
9483
-9829
-4304
5454
-8957
9169
-4905
2283
-9274
4782
-7831
5282
-2620
-1977
-2452
-9137
9439
-4108
2532
8320
-8015
6766
213
3800
3549
7268
-9007
-7031
5871
-290
-9460
2876
-680
-9390
6495
2874
6509
-7234
-9219
-9043
8509
4387
-2463
-6287
-555
-7683
4227
8379
-9204
4402
-4773
8513
6599
-7733
-1206
-415
-4514
-2341
6008
169
-8466
-6260
-9261
2052
9028
-6755
2025
3915
7323
-3357
2728
8966
-3046
-824
9303
-1132
6293
-8432
7292
-648
8994
9710
-8164
4972
7789
-8495
2697
7689
