-4255
-9413
1099
-6637
6790
2879
-7774
-8325
-4723
-5668
2946
-3443
870
2482
-7859
1831
2611
1809
-8491
-4560
4792
1939
-7540
-8218
1355
-518
6010
3297
604
-8466
2193
-9021
8727
9354
2377
-7906
4744
9553
686
3441
-208
-2816
5167
-3345
-8633
-5358
-3387
9055
-2909
-3935
3661
9339
-3778
9943
-7314
2200
8780
-7162
3339
-4629
-9084
9372
-9241
-4176
-1062
-6809
929
-9783
559
-7180
79
1895
432
-7788
-9579
3461
-6123
208
6360
-4107
-9770
7925
6227
-9516
-701
329
7131
-6836
9002
3595
5734
-4801
9310
54
7097
-4170
-3976
-2932
-8853
-89
-8318
2543
-9312
-3017
-5788
-3390
-3611
8962
-7591
-9019
3257
2978
9535
-2887
-2156
-2068
-8703
-9093
6613
4966
-3919
6315
-7660
6631
6921
2018
-1556
4692
5652
1654
8339
-3584
7147
9357
8891
-9669
-5115
2465
-8155
7218
6522
2104
-5843
852
-2203
-6002
6279
4723
8883
7739
5837
-2556
3818
-8714
-9886
5514
-8768
-5239
-1071
6778
6938
-3396
-7342
-2715
-5168
8548
1210
-564
-3718
-4728
-1365
1681
-7713
1516
-4033
-7542
7568
-2488
-4219
-2960
499
9812
6323
-7267
-1649
4172
-9529
-9552
1242
7823
5856
8504
3734
1295
-7759
868
-5956
-1040
-7786
-5078
-3882
6120
-4959
8259
-1858
6952
1249
5431
3862
8080
6816
9513
-3681
-9933
4516
-9518
9788
1651
-2605
-2178
-1106
-8159
-9508
-9171
-1891
9923
6101
8122
-7493
-3035
-8993
563
-7892
-648
-3015
-4193
-2622
-4161
-2286
9912
-8900
-3993
7044
-6369
4628
5332
7779
-6050
9307
3790
9079
-7284
-8824
9584
3110
5997
4599
-6509
6665
9501
3622
3796
-6299
-2164
-3550
4735
3271
-9432
-6226
5854
-3669
2325
3721
-4398
9444
9275
-3317
9877
-2872
5989
1742
7506
-410
6848
4394
7535
1846
-3306
2282
-4655
-7211
-5723
8005
5934
-7006
5132
2192
-4064
922
516
-3526
-5111
-6518
-5400
-8732
6388
2039
4735
3707
616
-6945
-9414
-3359
7084
-9606
-1063
-5673
-9212
4110
4217
4989
565
7137
6457
577
-8187
1481
9639
-9206
2921
4920
-6946
4590
1290
-1906
1193
-2349
2453
-765
9517
6446
6799
-1017
8420
-1924
9775
3765
-960
9213
5733
-3121
-4834
-7288
-1757
8147
-6068
6498
705
-2895
-8092
7050
-6047
6777
-65
-5782
-8434
-8724
1528
2138
5447
-6392
-2650
-4074
1422
5972
680
-5965
-3893
-9131
3537
3585
6795
-1031
-935
5656
-8289
-7429
-1876
-7613
-2835
-9462
4948
770
2976
1854
-4435
9340
-6183
4040
936
8463
-6063
-3945
-9931
8727
5252
-1035
5512
-6548
-9407
-8638
9388
-5213
7829
-5538
7163
-8377
6480
-3330
-4903
6404
3399
9169
-9028
-6014
-4887
-3170
-1710
5458
-3175
5959
2093
-624
2798
-4634
-922
-2347
3365
4765
-2445
1537
-1041
1962
-2825
6704
-9661
-8998
8713
7929
-5126
3526
-3127
2445
-3484
7017
8333
-9555
-3948
-7695
7020
-6862
-2962
-8988
3760
-5499
4429
270
-8454
9380
-4176
8540
-2279
-2366
-3867
-8067
4511
7676
-669
-32
5523
-5878
4226
5699
-7236
-1359
-1720
4757
-7354
2305
5158
-5150
-7840
-5896
2413
1894
1224
8691
4982
199
-632
-1988
977
2543
-652
-3304
-1400
256
6580
8091
-1439
7644
8963
-271
6200
-708
8874
-6271
-2065
-3125
6894
4833
-700
-9308
5372
-4095
2623
8068
9235
8167
1201
-714
5331
7749
-5965
-4246
-4107
-3225
-6199
-3720
-272
-4082
-1930
-7827
1023
5532
-9609
8266
1398
-1765
-4088
-6578
6373
5384
6778
1788
-8423
4273
2324
-8384
-7449
-401
2521
6989
7203
9866
-6776
9401
8649
9874
-2954
5584
-6052
-6284
1123
-2676
6007
4847
-5379
5111
-3131
337
-5753
-533
-8652
395
2971
-8360
-9777
5096
-3791
6561
8362
-9019
-3537
-7497
-7176
-9868
-5521
5523
820
-6634
4091
-7459
6243
666
9187
2001
-4717
-5065
-5518
5684
3107
-1353
-8701
1099
-7340
7512
4073
-7738
5075
-8167
1250
7026
-7755
-5937
8975
935
-4458
-2819
318
-7876
-1251
-1797
7858
-490
150
1859
-2133
7435
1147
-4082
4338
-5295
9332
2499
-6034
7318
-6612
-1112
4440
-2883
-4192
7601
-1785
-5273
7632
5009
-1164
-5650
1037
5020
-9324
-7962
740
325
8932
2903
-1687
8986
-8973
-9049
-1668
-743
2177
5806
9528
-3742
-2599
-5898
-3524
314
4837
4801
-5114
-2113
-8751
726
-1654
8165
-6
1561
-8684
4216
-7271
4505
8804
-8125
1504
56
9505
-3994
-1379
4459
-6721
7226
1618
-3798
-4391
3782
-7768
-8450
2825
-9503
1784
8838
-314
9590
-7678
2098
-3089
4056
-5446
4580
8456
-2300
4493
6938
4753
-8813
-4881
-6987
-9618
2481
5841
443
5005
-3940
-6211
-1249
3338
-9007
725
1226
-4273
-1342
9398
3486
-5629
-4174
4679
5257
-5241
9196
2443
-3543
2696
-519
8468
1391
1247
2980
1580
-3463
532
-7031
-8323
-7046
-168
-6916
1693
8706
2763
-4949
8246
-7354
-2449
-2292
3745
-1676
1639
-5845
-7361
-3582
-4396
-1606
8442
9626
9535
-7178
7844
9172
-366
-9963
7923
1528
868
-3037
1426
4198
-9992
-7698
9708
-959
6786
-239
4987
1573
-9073
-633
9679
-4577
7540
-2496
-8231
-828
-5259
-6952
3343
8275
9896
-7847
-8976
7762
-2173
2111
7135
-5555
9493
7039
-4042
817
-8090
5738
4029
-5212
507
-3059
6260
7473
7815
-6974
-192
7899
7525
-4517
605
-6483
-8893
-7195
1971
3627
6994
-8063
-4958
-4292
-5775
-1551
4938
4789
-8145
7547
-3512
6431
-8086
-3287
9278
-1765
-5758
-104
3323
-7226
-1613
-7279
-8259
689
9659
-1874
7016
3636
-3161
-1726
9050
-5433
8339
-8539
7156
1537
-2894
9458
-7644
8401
-6561
8376
288
-5278
315
-2789
-2148
-7179
-9352
-8030
1159
3829
-2487
-8376
-1182
-6627
-7256
3688
-123
9333
-5661
1013
-6671
-8483
237
-2864
-9241
-6397
-3925
-7822
-2757
3035
100
4474
-5087
-2927
-1002
6772
5120
9953
-3838
7412
-8761
-5834
-3849
-5982
7438
-7833
2757
-316
-6117
7440
9172
-2742
4263
-4531
4793
-7714
-3724
888
-6504
-3715
-2064
2857
-9877
-252
8554
5381
3959
-242
-2690
8701
752
-9201
-1915
4588
5323
-5217
6023
1157
4104
7931
-633
-4005
-9587
-462
-1066
6716
-9412
5551
986
-5622
-6571
-6060
-7231
2102
5385
-415
3413
-697
-4773
-5575
82
2820
-6370
3675
-8483
3969
-60
3622
-8298
6983
3620
-5602
7153
-5117
-6355
-4724
1097
-6489
-8802
9835
816
-5799
-1937
4895
7900
-127
-9621
-3290
-9134
-3090
-7490
-9907
-4476
5669
-9957
1898
6185
-2621
4544
6677
2336
525
9388
4873
7921
7270
5421
-6726
626
3034
9476
2721
-6438
-9693
8344
-3146
2287
8957
6717
-6661
9083
-9547
3814
5032
-8724
240
4523
-9671
-2885
-8692
-917
-5817
-9766
-5630
9120
1847
7343
223
-4667
4452
-8143
5195
6751
5272
-1050
9635
-8033
-888
-270
3331
2065
-6093
-186
-8939
4788
-9791
-7572
7332
71
3992
9373
7067
1787
-8953
-5119
1072
6542
1760
-7903
-2363
-1846
-1323
6830
-5895
0
-157
-6854
5500
810
-2119
8995
-3258
4943
5764
5086
3633
-4987
4964
-6381
6225
-9351
-2006
-4646
9110
-7545
3486
7676
9353
268
-6066
-8566
-8562
5026
-7329
-9533
9064
5925
-6863
-6589
-696
-7603
4025
-963
-9060
-3644
-1798
6798
3599
-9207
665
-2347
7856
-6114
2464
-3693
4894
6177
-1826
5809
-8003
-5175
-2016
-5688
544
-5531
2679
6229
-9064
-510
-9394
-7565
648
6535
8744
-4631
-8922
-3100
8092
5871
3028
1657
-6233
-8223
489
5857
-9676
7780
-7943
-5580
-9411
-3832
-3375
-6283
-4736
-6425
9743
3375
3940
4000
2606
8573
6479
-8198
3787
1483
7641
-7504
8944
-5013
4648
-43
9437
-7643
2624
-8539
7893
9085
-9967
-7230
-2463
-8380
5221
-1342
-6950
5132
1809
4639
-2663
-5204
-2681
9505
-3182
-1994
4277
-7041
5031
3147
8070
-1735
5684
-478
-8400
-6404
5285
-7763
7306
8323
-10
7054
-631
-6709
-3084
9239
-4799
-5070
-4130
8654
355
-9309
-8744
-4739
6617
3945
-7983
-5971
-1582
4317
-1777
2607
-2641
2217
1212
5112
-6548
-6049
2081
-4590
-1649
-4319
6137
-27
1389
-3006
-7092
-4676
5768
3220
-5538
-558
-6611
5436
718
5707
3246
-540
7325
-3521
7529
5954
-2384
-7397
992
-7178
657
6682
2386
-1238
6997
1871
-820
8712
592
-8027
-8339
5319
-9165
5376
5847
2321
-821
-5200
-8009
7456
7475
7291
-6000
-4495
-6574
2483
-1794
-115
-7161
-62
-4054
-1283
2256
-5227
3631
-5056
-1980
6206
-6171
5348
-893
4087
-415
-8037
8614
1011
-3370
-6570
-4943
3962
-7761
-5141
9421
-2061
2880
5473
567
-5022
7308
6235
1853
-9225
819
1222
9902
-5694
3256
-3569
5361
-1246
139
8450
8428
1
8342
-6024
9114
-7549
303
-9675
6988
4132
1933
-2015
-6341
-6416
7603
-2566
-539
9627
-5453
-6552
3626
3152
-7605
-3811
-8193
-3055
2818
-483
-5969
-4375
3633
3845
1632
4579
-6088
2402
944
7069
-7761
9207
-1457
-277
-9029
6257
7760
3527
-3242
-1765
3543
5615
3774
143
-9554
5817
9828
6583
-9983
-9940
8288
4302
9740
5907
5926
-2680
1661
4396
4825
-8831
-5722
-79
4027
3440
2066
-8121
2071
4110
5804
8771
-8371
5930
4379
-132
-6180
-9451
-7608
5464
-6269
891
-6426
-6762
-8383
-7987
8830
-768
-7051
7647
561
7046
-9376
8299
-3640
327
-5068
698
8048
923
-3176
-5792
560
-7673
5705
7261
-11
7658
5650
9324
138
5673
-5836
7495
-9532
4346
5392
1113
3226
2693
2693
-1697
-1949
-6893
7176
399
3203
2117
7556
-1205
2949
8353
-641
-3900
-7942
-6346
-3245
2270
-6499
2005
-9438
-8548
-9861
-8925
6840
-4664
-7209
-9052
-8513
4528
4856
908
-1580
-9270
-4181
-3323
9727
9115
3463
121
-4378
-1424
-5928
-7870
-8519
-4322
-48
4430
7919
9251
8415
-821
6781
3876
8348
2666
8756
-8769
814
-405
-9674
-7511
4201
-9326
-5375
8
6028
1498
-6550
3103
-8758
1700
-2664
908
-5554
-8597
8700
9643
8020
531
1726
8250
-772
2591
-9099
-6565
-7012
7870
6491
-7380
-5206
-1221
1871
7430
9409
8232
-1072
4977
-4849
-5602
1641
8479
-5944
-1710
4295
-1642
6108
-7700
-5491
-5053
-7411
161
376
3537
3445
6142
2704
1407
590
-105
7159
4860
-1287
236
-9996
-1900
-7902
-8472
5885
-5392
7268
-4601
2428
4096
4137
-9821
-8928
-9891
6380
9265
2698
6758
-6043
-6176
4436
8574
-8099
2639
4002
8264
3131
3100
9337
-462
1059
7230
-4162
3443
490
-8149
-4643
-3833
2344
489
-1224
9333
6943
333
9507
-545
-968
-5673
-3205
2884
-4366
-1717
2969
3489
-7605
-93
-7202
-6101
-6487
-4801
4841
8925
-5165
653
5542
6643
-7982
1804
-9681
7968
-7246
-9043
9183
4373
7201
-4486
-287
3966
-4075
-1477
1053
-6888
8324
5651
-9681
5045
7974
-358
-4518
9518
1289
5947
2994
3569
2945
-7756
4690
7807
296
-2110
3232
6773
5427
-3072
2755
-2990
-4213
5278
-7346
5331
5812
9782
6018
-3467
4714
506
-1557
-9112
-2771
-8640
8874
7782
-447
-1124
7385
1890
4979
7218
-2379
7122
-8072
-4063
-2324
-9253
7299
8173
2641
-7831
3486
-4778
-1607
-6479
-994
1119
700
6963
9047
-2914
-12
5636
45
5488
9111
6365
5122
2337
-5147
3658
-8141
4266
-2925
-3314
6782
1666
6166
5663
3404
979
-5248
8199
-8963
3940
-4351
-258
-438
4822
-90
2274
-5909
-6549
4525
-6109
1752
-1307
7691
973
3223
-5069
8718
1510
-3142
-8311
-20
805
3343
7124
-6045
-1227
90
-9914
6644
336
-7763
-4920
-5240
7370
-4764
2909
3663
-8261
1825
7569
8790
-3544
5678
-3354
903
4078
391
-6850
111
4047
4586
3069
-5062
-9371
-5227
2530
7719
-2361
7687
-8444
-9014
205
-7418
-5887
-2830
-5714
694
6452
-9949
3656
-617
-2550
-9350
-4941
-9860
5240
-1565
-3958
-3479
8317
-7680
-1429
3512
-9190
-7984
-6302
2073
-4056
-6306
5393
-1174
827
9612
8778
-5604
-8338
-7592
-2236
9848
-4460
-3617
5471
-1267
8931
6746
6259
-9516
-8935
-4234
6222
6548
-6783
-5390
-3474
2446
9386
586
1060
-9796
-8642
-3679
-7783
3361
368
-2222
-9813
2384
6917
-7425
-7273
-46
5253
-5053
9906
8279
7950
9158
9889
-6464
-9266
2905
7849
9347
-2299
-4583
249
-2950
6054
2363
2435
-7203
3184
8360
-1843
555
-169
-1106
142
-4940
-1722
5680
-1395
9103
-340
2443
-5756
4538
-86
8547
-4621
1046
-922
-1224
3718
-8299
6217
-8244
5167
-5671
1408
8834
8204
5100
6228
-7909
961
741
-6382
7464
2450
-4810
-3127
-1671
-4759
-1135
-796
-6351
322
6675
2997
-9295
-8119
-6556
7956
-5185
5644
9992
-2257
-7772
-585
2888
-103
2378
-7293
7904
2153
-3818
-8318
4251
-3959
-8389
564
-7627
9090
-3698
-8946
5347
6136
-6799
-7816
2923
1958
-9353
1888
-6159
-5785
8340
3908
7161
72
-2248
5898
3563
4363
5557
-4428
7759
-7867
8906
8109
6939
4907
8318
-7228
-5351
-4972
4561
1312
-7344
5699
-2849
271
3485
-2803
3879
8745
-2317
5693
9503
1293
7177
-1309
-195
8134
888
-1606
6950
-7301
-1139
1991
-7208
9268
-5856
-9039
-2992
-4396
-1008
-5849
9579
1833
-2919
2516
4679
-948
-3389
7365
-1385
2792
-8713
1832
2953
-9615
-3031
-8176
3856
5052
-2335
-4573
-9483
6221
7967
6551
6368
1684
-7423
-7222
-5907
-6007
5927
-1327
7107
2449
4359
-9695
8168
248
7853
-1412
2373
1886
-4674
-725
1143
8757
-6822
4506
5955
734
2205
-3956
1256
-6278
3222
1168
2537
-4923
-8104
-7136
7272
3271
-9475
2858
1555
8909
-9241
-9292
1973
4113
145
-5088
-484
2609
2095
3270
-9903
8205
5743
-9323
8966
-3686
-6675
3522
8877
1997
1052
-9747
-7756
9449
7581
1520
5463
-2454
1292
-3552
-8904
5121
1732
-3691
7111
-4942
1946
5856
6138
7737
-4863
-9237
-6143
-1074
568
-2902
6881
-7427
1350
7740
3292
-4501
1385
9664
9858
-345
4429
-8927
978
-5159
6030
492
4724
9994
6384
-9482
9036
-4993
6209
3930
2676
-6215
783
-4274
-8062
651
6636
-5338
-9478
-3592
-1309
1912
-8110
-1163
9040
3460
4854
3535
-4285
-6976
-2893
-1110
-588
9551
4691
-6785
-4440
3832
-2222
-2296
-2522
222
5004
-5623
-5997
-9407
-7851
9419
-7339
-7609
-9086
-7522
3654
4795
439
7769
-5339
3026
-1828
4499
529
-8100
-7813
-3436
3850
-2703
-7607
4943
2626
3371
-7242
9057
4969
6777
733
-7152
1911
-3043
6897
596
111
5141
9858
6362
2562
3733
-4212
-3175
-2216
-6296
-331
9503
-7452
-7804
1335
-6452
-8917
7838
915
-4458
4453
-5562
349
-2571
2489
-9713
-3825
-3069
4621
-5471
3490
-2167
4907
-3868
9531
9656
-6828
-2277
-6022
6463
-8834
6433
272
9311
5930
5414
-1994
5944
-7849
-1081
-8716
2704
-4017
-2579
5555
8624
1741
4664
734
-6690
6830
-5866
-3028
3414
-5197
-8803
3702
-2445
-9921
320
3445
6604
-690
3524
-4309
-5410
-1604
-7327
7726
-1953
-8896
-1599
-2291
-3786
2294
7688
-9210
7408
2465
4714
9047
4855
2280
1786
721
3955
1449
-5101
2588
860
-2526
-6717
-5875
4611
-1227
8762
2746
-8730
5545
2766
-4817
-4053
-6239
8920
3112
-384
-5941
4117
7085
-1923
-5340
838
8631
-2890
2670
-1182
-6797
5273
-7114
-1618
-297
217
-7598
4418
-7855
-8199
5952
-1140
-920
865
7436
2031
9362
9144
-2223
2750
-8367
-8102
8598
-6441
-3950
-8890
-2347
4846
-5269
-2085
7080
6891
4206
4749
7115
-6983
-6599
5616
-7908
-8088
4902
-8946
9039
-6641
-9099
-7794
-1239
-7250
-1219
-1724
-2094
5280
-8971
2309
-4681
4452
5655
-2157
-9633
4815
6809
-9662
-3901
3646
-8827
-2197
-8831
-8156
1186
-5036
-6093
-4243
1843
-1947
2445
9926
-4870
6099
-3374
5634
-462
-6680
-1237
6007
-87
-7490
-5683
9541
3708
8607
2869
3037
-1802
1247
5250
7571
2169
-8898
-5587
-1499
446
-4927
7204
-3867
3641
7975
-7519
-8523
8035
-1689
3390
-5223
6340
4570
-4911
-9045
-4143
9087
-8975
3571
2360
-6566
-5111
6449
-649
-5837
3901
8189
6583
9131
2635
6333
6726
-8310
-3754
7546
8725
8138
-9117
-9517
8002
-1020
7139
-3145
-8727
9402
-485
-2941
-6350
-7848
-9103
257
-8178
-6713
-7165
9582
-9238
-3274
-2704
-2918
2959
-4205
5644
1010
104
5371
3272
-3093
4823
1037
-2208
8740
-3678
4815
-2452
-6363
-2085
-8922
2174
2991
2718
-6671
1587
9041
-2131
-5488
444
9991
5092
4217
-6512
4079
-938
8998
-1687
-1469
2653
6557
-8344
5674
-7290
-2426
991
-2460
-5860
4284
7311
-4929
-1908
-7395
8279
-6048
-576
9950
-9217
-1470
-4169
-996
-2332
6202
-6007
2609
6604
-8394
-1612
984
2724
-2310
-5211
8171
-9167
-437
9938
7367
502
-1569
2130
9845
-521
-7735
-3688
889
-918
-7845
1586
5422
860
73
-300
1422
-4045
-8149
-1199
650
-7607
-8988
-2733
1769
-1590
352
-6647
-468
-8598
7635
-8368
4891
725
8277
4247
-2347
4887
767
-4364
5056
-8264
2804
-7266
-8509
2749
9737
2173
-5933
-993
113
-4942
6267
-6923
9894
-6416
-1125
483
697
5629
-8252
9698
259
5798
5156
-3210
-5295
8038
6789
2889
7853
6276
-5419
9285
-6351
-7002
-9170
-2289
-1585
9157
-8091
-5637
-6159
2714
3083
6651
-3052
-9342
-3520
-1947
5299
-4890
3969
-5788
4157
1393
9103
-174
7529
-5792
8539
4851
-3919
-3624
-153
-976
9733
-8568
1239
-4351
-9352
2921
1757
2858
8081
9840
2894
-8009
-7810
5469
7154
-2363
4026
8001
3306
2993
-671
1096
-618
6122
-6270
-1154
-2058
-9618
739
-1424
5367
8096
7328
1144
-4278
74
8262
4517
-9504
7811
5837
2630
630
8261
2931
-1231
5494
7928
8223
8631
-3284
5289
1754
960
-1185
1952
5879
-6512
2117
7728
-5188
-6956
2890
5406
-6466
-834
7917
8164
-6408
3953
3521
6290
-491
2027
-1836
-141
-1089
-3247
1301
3150
-6780
2321
-2856
2060
7602
2972
-7050
1570
2980
-2897
7522
-7090
9993
3728
551
-2404
-9736
8682
8703
-8689
8623
-2280
-9021
-7588
9650
-9745
2632
3774
5876
8524
3169
1828
4691
748
5999
8136
6784
3391
-8873
-997
-8151
2371
-7333
-1153
6983
-7922
4967
562
-9806
-1189
-9445
9383
-2862
6171
-154
-9862
-5406
-6917
2195
1102
1300
7162
-4556
-541
-4125
8493
-7315
-6351
-8860
-3572
-3893
9986
-106
-2919
9580
-9581
-2846
7358
-6819
-3064
6735
-3333
1061
-4441
9078
-4997
-8410
-7986
4774
-5232
7720
-2806
3789
-7561
-5316
-4632
-7986
-2310
121
2588
9517
-3299
-580
6129
-2395
-5846
-2493
1429
7377
2943
-8643
-7036
-7789
-4086
-6918
-5820
596
412
3531
3924
2630
580
1897
-7731
6693
-4125
-5734
-6700
5980
2893
7050
3326
8190
-6614
-5797
-1472
-2585
-5663
8214
815
-4231
-2628
5108
-8290
9754
-4431
-9686
-7034
7993
-8428
6915
9579
-7156
-9195
-2878
-4812
-7286
7466
3061
7578
3175
9142
3143
5693
-8194
148
4458
-1620
-3951
2488
-9024
5094
-4175
-7864
-5802
8557
-3749
7877
-677
9461
-5477
4001
-7529
2164
7772
6297
-6749
7493
6266
7112
-541
-9827
-1072
4933
1447
-10
9344
-3949
-1684
7356
-9671
-6929
6058
-5531
-840
2555
-512
5223
2545
3483
1695
-1131
9756
-8107
314
2058
-5581
-7235
-2504
655
-9760
-6708
8950
-3717
1164
-8383
1107
-4847
3090
-4814
-7463
8747
-9509
-7485
531
478
-8972
-4513
-7010
-3565
-376
-1368
9379
8035
1424
7322
7095
-3170
6306
-1128
-9508
37
3822
-1723
-629
-5717
-1005
3622
7968
4562
-137
-2121
-3808
-1759
9005
433
7456
1045
-5188
9418
-1336
1488
-5253
-736
2050
-7917
8832
-5904
-9987
-5799
-5730
7011
-7476
4162
1441
9658
-6012
-9479
-2768
5053
7665
9359
577
-6154
-4413
-7363
1170
-2224
-1865
-9272
1222
-7266
581
6763
-3781
-387
9057
-6574
4468
-372
7305
-1995
7635
-2474
8937
8761
-2037
-2746
-2665
9325
-4317
-4129
-1220
-7832
-6513
8936
6817
-3154
669
-4374
7529
-8810
-9679
1329
-8169
-6760
8473
-1739
-2621
6659
3832
-6588
1972
-3420
-4243
4806
4210
-3693
3464
3160
6817
-6232
2767
8613
3140
2015
-7186
7560
-7054
7454
-514
-856
8180
8085
2290
9608
-1640
-687
-7561
-4342
2183
8975
-6815
-9332
-2427
-1714
9154
-4637
8871
-2374
-6516
718
7393
-6323
548
4348
-2011
4928
-6605
17
6819
-5931
-1253
7993
1233
5981
-661
-8788
-2936
-4325
-7316
3901
-1248
6275
-1574
-4388
-6033
-1347
2785
-2083
-3726
3696
-1924
3087
2546
-1847
-3973
-9526
-3593
634
3671
3528
3121
704
2657
-6853
-4001
9
-9525
696
1181
-7264
-6857
-2787
-6729
-9562
-909
3121
-4985
4992
-312
-5385
-7280
6456
-9863
8490
-8692
4670
4298
-1455
6418
-6776
4803
5371
-443
1959
-7915
-8137
-2424
6979
2496
1250
-7968
-2642
-5469
3060
-800
-6887
-1142
9558
4720
1375
-2105
-2054
708
-6276
-1946
907
2044
2259
1291
5825
-9883
9637
-9069
-6217
5401
2057
317
9575
2282
6179
-317
-1921
-5137
-9378
-2418
1983
5232
4649
-3492
-9966
4820
-5645
-6673
2513
5329
5027
5737
-7787
2642
6169
9292
8477
-4847
-1682
-5808
-5952
-3900
-2147
-2447
5819
-2921
5047
1618
3683
-5062
6909
-9262
42
-8245
1392
7953
4937
-2429
2231
-6098
-6238
-2569
-2754
1742
-245
-891
3030
-5780
-9670
-6728
1608
-4763
2014
-795
1279
-7873
833
-3470
7342
-6161
3472
3435
2429
4666
-1460
3853
4105
-9670
3961
8153
-202
3981
-405
6442
2100
2919
-5773
-6587
-8033
-2439
849
1095
6895
-8702
-219
-2047
-8009
-5335
2787
-1566
3821
597
3136
-4543
-622
-1722
7221
-3707
-7021
7817
2513
4472
1134
5872
1026
8512
-5230
-6675
3442
460
-913
8719
3912
1769
-8854
-8548
-8094
9382
-4520
5433
1448
4569
-5412
-6717
-897
-9062
5899
-7756
581
1443
-2913
-6974
1628
6647
-9466
2220
-6599
-5367
3253
9372
-1610
-8196
-4442
-7901
-2979
1413
-174
-1006
704
-7450
3225
9821
-8077
3289
8886
2202
-5298
-4327
7136
-6646
5089
9528
-6899
1002
-9985
6131
-5364
-3806
4243
8591
8147
-3324
-8124
6980
-5411
5665
-8658
-4634
-4971
8689
8985
3480
-5881
-2891
7816
8202
5034
-3877
-1666
7128
4910
-3638
5103
8605
-2734
9422
8483
-6471
-79
-9681
-8348
-7232
-7184
6305
-3025
4524
8115
1150
-4812
3570
1341
-2745
570
-9443
-5201
-5968
4584
8171
9341
3462
1060
-8983
-1233
-2656
8810
9336
1613
-6291
-7325
-1725
3816
-7613
1710
-2776
-9851
-3544
-3758
-601
-343
520
-7829
-5997
-6403
-7986
3127
-6708
-8968
3993
-8470
1669
5153
-5825
1733
3928
1792
6120
-3741
6753
3469
-1581
5596
7361
-6085
-7018
-9181
6615
-7278
-2233
2869
-1079
-1862
3030
8389
-5913
3852
-510
178
-3197
-6639
-4719
5621
501
-9361
9731
-3081
-8796
-681
7262
4789
7100
-770
-5052
3343
-3673
8569
4405
-3806
16
4157
-8526
8219
-4453
-5404
-9590
5728
6644
4007
-7834
9438
-3049
8462
396
641
6019
-567
-1097
-2101
-6003
7641
4934
4728
7180
-4822
2633
6156
-1684
487
1315
-5468
6599
3169
-7042
-5681
-879
153
-3826
4411
6432
-6357
-1517
3643
-8775
7089
1962
-1480
-7846
-9761
-8745
-2346
8830
7795
-930
-7230
-6199
-4562
-5295
-2246
1555
-6447
-4755
2031
-7299
1907
2867
-4350
3709
-7729
-5649
-3597
-6534
4615
2290
-3877
-5916
1680
5734
-6825
-5101
-3495
-2650
5379
9205
-3884
-9793
2381
-115
7863
432
2028
-3496
-6817
-147
2982
-7843
-2301
6053
-4248
-3520
679
-7318
8804
-1819
4261
-7677
5405
201
4522
-2594
5996
-110
-9557
-4694
-4731
7990
1004
1137
4702
8481
5327
5735
200
1173
579
6757
5571
-8716
2537
-8625
6527
-4651
3457
-2003
6183
3860
2596
2130
-6001
-7207
134
9681
-1338
4636
5141
-1918
-2352
-7758
3840
-4456
-3661
-3791
-6589
-5571
323
7613
-695
5643
-3459
7636
-1490
4078
-6173
-4235
-5915
4850
9278
-6535
-1287
9651
6782
-4517
6885
-4580
-3111
8594
7528
-2274
7568
8083
-6408
6440
6698
-3326
9112
-9858
-1899
3617
1964
90
7856
-4522
-5637
9385
7217
3730
-9288
-6548
-8299
-4115
1418
-8918
-5534
6376
1098
2009
-6886
-1275
-7252
2877
-8536
-3319
-4285
792
-4736
-3501
-9488
5443
-9955
8665
-1389
-8550
-1165
-8966
8489
9491
-432
-2955
4680
-9390
-1889
-1869
1039
-916
2543
-850
3667
-3015
3435
-5064
3779
756
-6200
2884
-9347
536
-201
6710
7236
9980
7121
4325
1033
-82
-3125
-201
-2512
-4322
3546
6625
4052
-5839
-1389
9151
5213
9061
8926
9487
-9165
6655
-1124
1662
-3681
-6109
746
4045
7009
-2839
-7543
668
1101
8303
8207
163
3382
-2291
-9454
9577
-3549
-8283
-3940
-3378
3704
9592
-7607
5002
-8566
-1828
-7460
-9472
7459
-4191
808
-808
-1306
8049
-554
7196
5957
-6321
6246
-264
-7852
-1310
7290
-2147
-9210
-1769
2989
5527
-7748
-2262
3858
7314
-266
9145
86
-6242
-336
-7877
-5915
-8286
7818
5780
3219
-1497
-1955
2862
3656
3649
-387
871
6352
-1900
3583
7331
7289
3561
7933
-7032
7333
-1039
-982
-8130
-8110
2024
9184
3859
-8872
8069
-1921
3683
-2878
-864
-5522
-9658
8862
-5702
7554
-4757
-1692
5911
-4738
9960
-6477
-341
-7510
-6014
2046
8406
477
3961
2992
-3627
774
-5744
-4278
7128
-5703
2519
-8779
7151
6930
3657
6091
-9254
-982
3834
409
4597
4830
9115
6362
470
932
5456
-4328
-8059
8269
4694
907
-7317
4637
3742
-6024
7801
722
2451
-5419
7302
-8354
-4406
6159
-7223
-3727
-2780
-3275
-4776
1342
281
-7587
7273
-5983
8246
-8384
-3077
-8110
4941
9719
7076
-2718
7277
-5799
5962
2936
3304
9176
-41
-7421
-5085
-5275
3818
-4946
-2855
8171
-7186
487
-1724
-5461
-2677
-4596
1619
-4574
-1962
-1859
-9638
8945
6530
-4866
1522
-92
3318
-7233
-5610
-817
-5958
2991
-8258
5528
-6262
9889
4475
5970
8571
1043
1323
-4544
1695
2738
4483
-2823
9292
6197
-312
9889
-9758
7628
6707
3662
-957
-3984
-6146
8532
3449
-1507
-3365
-4296
-8273
369
-8339
-4638
1789
-1489
2441
8224
618
-958
1952
-1847
-4265
3413
-8498
3005
1702
-8169
-349
8789
834
953
2055
9032
6598
9676
-2416
-4286
4228
4851
-2409
-3397
-9139
3954
-5344
1183
-3827
-4353
1300
-4052
-5204
1236
-6635
-259
-2858
-5400
-7285
1953
9892
-719
-1443
8157
3169
2665
3215
-1389
-9091
-7317
3905
-5779
4346
-4991
1686
-1183
-8458
-3803
3570
-6100
6431
6306
5867
1971
-5303
-6641
-578
2832
7982
6587
5561
7244
-1407
-6347
5713
-3895
-3761
9940
-908
-8360
-7253
-5682
3971
6133
-8778
-9366
-8594
-6202
-709
1511
-2756
-232
-7976
291
7956
-4705
-5647
8642
-8366
7262
-3289
-7416
6870
3917
8513
-6457
-6877
-819
-2355
-1969
9793
-2818
3362
1679
-8068
1185
5625
8931
2857
-4566
-8360
3072
3521
466
-1128
-6293
3385
9390
9259
-6399
-2530
-155
8665
926
-3713
2801
-7855
-470
-1940
5052
-7659
-8134
1719
9338
-5945
7593
-8564
1
-5459
-4449
2909
-4531
7772
-4237
-5304
8381
5319
-5758
-1471
280
-6486
-250
-4605
3795
5831
-5307
173
1348
2614
-7436
5384
8913
-6066
8680
1477
-3153
5056
-813
-2056
-7901
-3173
-5297
4763
-3576
-7610
-8379
6803
1386
1709
-8524
7041
3952
-6536
-7699
-8700
-5412
6437
-8946
7042
-6961
-7165
142
5858
-8312
-2875
-7892
5052
-1609
61
6076
9182
-1966
2323
-760
3395
-7986
-9749
6853
-8914
6365
-665
-2240
-4928
-7007
-1507
-1899
7561
8948
2658
7976
-9447
-2826
4236
1726
5366
-2643
-6011
-9764
-375
8118
-9924
199
6935
-9067
1976
3831
-6617
4929
2685
1858
-172
5819
1727
-4291
6973
6282
2920
-2638
1134
9327
-287
6327
-6980
6238
4567
4787
-958
7174
2249
6179
-575
8615
-5984
-9316
3482
-6372
-6052
-7512
-1457
7038
7441
-1798
-4691
6509
-6081
6224
1531
-1549
-757
-9832
-7632
-9220
-4335
-8269
6322
9438
-9067
-2997
-8920
-7943
-5928
-7576
9731
511
7246
-8615
5472
4373
-5174
3609
3030
9490
-5975
9140
-2598
-596
-1528
-666
5468
725
4988
-9501
7096
8317
7124
3471
-6370
-2935
3471
5213
-1460
9148
-178
6131
-1123
4154
8156
-4575
7855
-2397
-1012
4034
5924
9587
-2091
782
-2981
-9288
-9956
756
-8667
7573
9610
2266
-7464
5086
8881
4538
-5866
1343
-5502
2088
-5901
3042
637
-1423
7987
6775
8893
-9702
6196
-6625
-3129
-4603
-8068
8835
-4844
909
-9321
8981
7309
-2062
1028
-1908
9175
-4325
-3131
1051
841
-7069
3525
-1706
-4524
5179
6368
-2321
1676
-8615
6761
8949
-8143
9762
-1487
612
8324
1334
-7113
-7525
-4449
-6356
7435
9896
-6062
7007
1969
2305
7828
949
6016
-7553
832
2202
-656
4331
3706
-8563
-7981
-5022
-5112
-9124
2846
3551
-8389
3523
-7466
-8301
2484
-9245
9312
-1813
-690
-4471
-5915
-7233
-184
1795
-2430
1301
-835
-2462
9125
5018
1381
-1663
-6294
6118
4675
-2949
3539
1913
1437
3794
8847
-7207
3693
4987
-425
9545
-4921
3657
-892
3299
-3829
-3472
9068
-4802
-2617
-5833
9375
3099
-8622
2727
-2619
4728
303
5314
-4828
6389
4678
-2282
-2716
-6386
3535
-8575
5335
-4251
9976
8130
-1531
-8121
5227
3988
-1930
-1110
8012
-5312
2355
1172
-5243
-3652
2793
-3779
-3304
-139
-2372
3083
-3798
1204
-6123
-5217
-6239
-2863
-3744
-6847
2902
-2689
4092
3180
7804
4132
-1634
-2247
2612
-54
-2738
6474
7179
1041
-327
8314
-1351
-9337
5197
-3996
7718
1104
1043
8376
2049
-8117
-8150
4260
-9314
-4955
-7606
1615
-8367
9311
3866
-5611
-7671
-1121
-8590
-7603
-7755
869
-2730
9809
3471
-8664
-7073
-2739
616
-3445
3634
4189
6960
-6027
1633
-53
7317
-620
-2115
87
5956
-6895
4726
6307
7313
-8740
-8624
-7733
-7782
6405
7066
-2846
7145
5941
-1806
295
-8137
-3505
9149
9145
6562
-2433
4178
-2286
2414
7802
-3556
-486
-4534
-6612
81
10
7466
-1709
4157
-3735
-9401
4070
-8301
-4262
4335
-1208
-859
7630
9932
-9072
-4227
-7957
4948
1065
-1025
-6556
-6537
-580
8937
3907
-8289
-2795
1198
9239
4401
-7375
-5098
414
-4057
-6217
5271
6299
2784
-9369
2053
4899
4306
7909
7714
-3119
7269
-4659
4989
-8248
6097
-2389
3022
6970
4183
-4410
-5555
-5072
649
4330
-4987
-9834
8983
120
-3830
7586
7007
2649
-1946
877
2833
-350
-4011
-3284
730
9776
6631
-5011
-4157
6490
8704
-9122
614
1922
-1752
-6495
4405
-9618
-9211
-7404
-8948
8678
4952
-9021
-9808
3035
-1682
-1048
3323
2758
-9262
-6219
-3357
-7545
1529
8449
-488
3203
7685
9049
3795
9044
-976
624
-5269
-7872
3055
8996
-844
491
-7124
5834
-61
3541
6791
-8542
8455
-2839
-424
-9382
-2894
4424
-2682
-2840
-321
-1979
-5941
8775
-4586
2446
-4337
9042
4422
-1288
-2277
6959
7986
-5073
7443
2234
-5846
-1836
-5553
-8807
4822
9038
434
-9403
-9658
4826
-8323
-8565
-8152
773
9747
5410
-8070
-3344
5808
-8448
941
-6861
-8253
7386
8664
-2980
4323
-1082
-3745
344
8033
-6514
2933
-3398
9301
987
-7051
1196
-1108
8641
6897
5414
-2767
-2797
-6230
-1784
4265
-7652
-8047
672
2672
-6411
9661
638
-6613
-8073
5378
3464
-8954
-1771
-2995
352
-995
5823
1776
6790
-3714
8461
5092
-7928
-2902
8586
495
-7198
-5390
7831
-3617
-8401
-2999
-9729
15
-5510
-9310
7823
-833
-5040
1928
