1398
-5920
-1960
-7779
-1192
-236
5900
-5887
-6410
9749
5252
-1382
8971
-2503
-9468
4581
-9259
-2196
87
659
-7056
5837
-4991
-1821
1680
7439
4755
6088
8268
-8579
8898
5005
-4813
-6917
6346
-3602
3132
-7980
-7554
-5955
-7077
3892
5342
8844
2981
5089
7771
-4125
-591
-7540
9127
7735
7553
-8490
4456
-9487
-6881
8341
8981
3217
-4802
-4908
-6217
1237
-5840
9018
-7625
569
3109
7166
2244
938
4363
7778
-6898
6168
8585
2530
6294
1247
3617
-3123
7622
-7093
2667
-6927
6085
3858
6391
1988
-6238
-1432
-7703
3056
-8936
2781
8459
5450
-5276
-1697
715
2900
6963
-1609
-419
8787
7232
-6220
-8041
7635
-7652
-5884
8939
-5126
3921
-5907
-6048
-461
-8135
4216
-8861
-4449
-5877
6245
-5617
-349
-3986
4272
109
-2211
-8872
-6942
583
7215
5850
2279
-5843
4329
7119
-4066
-2841
-1539
-9741
-7165
-812
7797
5239
2098
-9303
-3919
9315
-2974
1340
-8686
-3548
5749
8402
-2583
949
-5691
-895
1795
3751
3944
-6343
9359
-4932
-3105
7696
8692
-4597
853
5792
-7113
-8608
8849
3288
3427
-9582
1342
2199
4165
-9777
4239
-3532
-7648
1252
738
-5457
3683
-1175
4058
5977
9407
9193
1287
-7078
-8575
-9357
-4907
23
2386
-1266
184
5592
-4875
-3810
7264
8856
-4820
-171
-6567
5372
9141
-4601
4875
4573
9868
9887
-7342
6554
-7860
-9391
-7621
462
-1691
9090
4244
6276
9385
-3133
6484
6865
-3988
-1087
-6995
3918
1395
6273
1747
-9591
261
-2365
9956
-5529
-9396
-9781
8066
2294
-7557
4301
-2149
5164
-4270
7814
-2542
6799
-7945
5124
-3035
-3291
-9374
-1361
-4425
-7783
-4493
1679
8933
4996
-203
8656
-7585
-788
992
-3085
7451
3156
2121
-710
9387
4987
-7200
-837
-9831
-4292
-4171
-2761
2092
4669
-3843
2439
3573
-7292
9472
-4976
-5427
5871
4151
-8122
-229
7690
-5200
8211
-1453
-7112
1177
-2740
-5752
-2719
7680
3170
5360
5677
2654
7384
-3277
-4805
584
-3759
-8334
-3379
7658
7812
-721
3719
-6738
-7977
-1107
8273
-1822
9252
-8082
-77
6564
-2145
9352
1237
-375
9648
1821
-5374
8648
6816
-4526
-8885
740
5924
6213
-6260
-446
5160
6317
-6755
-8978
-332
-4042
-3243
-9642
-7169
-5318
-9207
6815
6459
-1530
6529
9161
-5480
-7051
-4987
-8511
6960
-4884
4169
-1339
-1160
-1002
-9901
9340
-7583
-8333
-237
-9275
-248
-767
-533
9933
4570
-6048
-3216
5851
-4397
3961
5475
3236
-4992
2829
-7291
3446
-1418
3027
-2984
-3347
-2085
932
1748
-9840
-4064
-554
-6545
-7997
-178
-2925
6169
-8322
7855
5269
-2253
-8911
-6255
-2959
-1627
-2509
1282
-7304
4484
-6833
-7750
1331
564
-8882
4197
-3900
-8785
453
8616
9722
559
-2548
-2718
-9154
3442
1002
8268
6998
9669
4233
-1468
3965
3651
-6778
447
7948
-3558
-9021
6458
4792
-4764
4344
1586
9859
-7084
9839
4456
-2378
3527
5674
-747
-4283
5558
1199
7134
-4048
8781
3000
-5700
-3908
3365
-1207
-842
-5737
5551
-5605
-2209
6897
141
-2339
5309
-2363
8985
-5340
-6105
3584
7200
-4007
7095
7693
-7070
108
-205
-2912
9414
2404
-6126
7321
3591
7076
-660
8487
224
-5650
6114
901
-5260
9880
9784
-6646
7
-4740
2203
-2262
9474
-6572
4961
-1405
-458
-3302
-1638
8539
1639
7567
-5669
-3681
-213
-1680
5800
-1958
-3502
-5356
3221
-4668
-9389
-3341
-4409
394
-6456
-237
268
5748
3249
-4114
5231
5358
-6234
8817
9658
9821
7678
7275
5092
8518
7966
-4558
4693
1436
1665
-9985
541
412
3018
2105
5391
5613
-4502
9083
8956
7463
-1585
-9670
7783
-7719
7871
-6745
3440
5955
-7460
-6223
5846
9312
5533
9021
-7309
4073
3934
2746
8134
7303
5808
2749
-6495
-5668
-2280
-9315
3665
6339
-4540
8863
-696
-1857
6753
2258
-4148
-6792
8745
-2595
6575
9107
2556
8153
2125
3217
-3635
-3587
-8848
4928
5718
-3928
-7073
682
8213
-1411
-7561
4805
-6337
-4809
4069
-8847
7142
-4513
-2396
6513
9116
4383
2062
-6165
-9068
3087
-7309
-437
-7655
3535
1337
-9104
4108
-8879
-1337
-7032
1428
7502
2238
3759
5689
-7449
-3873
5064
6909
2830
9712
9747
4438
-867
5259
-6750
6774
8455
-765
8758
-4312
1385
5984
-8444
3636
-7704
-4370
2655
-3672
9071
-331
7995
-7254
442
-5929
-8500
-6489
-8912
2788
2409
-6662
7141
837
-384
1383
5415
-8036
-1953
-1164
-9126
4224
459
-8686
-5185
-7843
9322
6640
-1750
6456
4038
8223
-512
-678
-5026
6104
-9761
6446
-6155
3013
9458
2371
-2594
5968
-6619
7363
-9468
-6585
-468
-8635
9766
1954
-2016
1798
5883
4086
1989
2771
4276
1089
-4361
-5966
6786
-9912
-136
4377
-5376
8749
7490
5003
9264
7018
-9884
7385
-4725
-2177
-3352
3940
8200
5632
-7811
-8237
-2782
4430
-4932
-1418
6619
1551
6895
7529
-9332
-5202
-6172
5716
9173
-6725
-6371
941
-9277
7469
8144
-5162
-6154
7315
2159
7773
7328
1383
-3233
-7495
-7897
6927
5865
7901
-7731
-9395
1590
5254
-1981
-5219
2878
-488
-7655
-9016
6609
-6758
-8092
4564
-2545
256
-5378
-2188
-8693
4751
-7942
-9981
-5957
-9645
-6910
-2693
-9056
7284
121
18
9342
7681
7168
-5560
-7832
7897
2266
8783
3571
-8871
4360
4899
3233
4683
5431
1827
-2792
7946
8689
-9123
-1032
-288
-8039
-1063
-7692
8768
-9024
-4992
6112
-7434
-9305
-6422
-1403
8235
3665
-4433
-351
7028
4500
4443
-8552
8485
3830
-570
3590
-8422
-6949
6488
-467
-3230
-1016
1924
-6957
-3908
4150
1780
2052
-6549
1837
-6214
287
-2000
-7881
-2963
-8321
-4937
6499
-7716
7909
-6589
691
-4363
1124
-5956
9531
-4618
9552
1540
-3656
-5674
-9049
9288
-3906
5317
-5627
2785
-2776
6231
-6028
-8520
2190
-5105
8652
-2507
-3904
-7595
-6634
-4486
844
7195
-5060
2465
-8585
-4628
-8601
3472
6320
-4517
-4166
6035
-5688
7751
-5550
-6118
-4079
-1246
-3544
-1054
-6218
1597
5450
5330
4163
5496
-2565
8006
-1185
7739
2805
-4020
-9455
7133
8367
650
4913
1694
-5089
-6012
-5268
7144
-998
8644
-8684
-6899
6424
-5902
1375
-7517
-7015
4238
2077
850
-4021
-6224
142
3066
-3264
7614
1909
1106
5381
-2728
6864
-9163
-5127
7926
1145
1349
6770
1086
-967
1798
-5982
9631
2661
-196
-5975
-860
-9190
8938
-7130
-6171
-5255
-7956
-4849
5036
4384
4614
-9960
5571
-1772
9032
9650
-5956
-6065
9682
-4589
-5033
-1742
-163
9685
-972
-1351
-5717
-1758
4095
3396
-7194
-7265
3622
-7412
967
-7229
-8419
-2460
5580
4479
-8671
9075
9820
-439
-8782
7601
-2308
4801
-1827
-7704
9739
1675
2346
-4910
9447
19
-7449
5
2095
4526
-5765
-6298
2003
-5522
-77
-7869
-5845
2871
2208
-9205
5290
9429
8092
2903
-5520
-4150
6874
7481
-9506
3578
342
1771
-7434
3201
-8048
-5846
-1704
-6879
-9037
983
-598
-3389
3297
2789
-7867
4050
4745
-2260
1250
4309
-2846
-9314
266
-5221
1810
2117
-2468
7809
-4735
-3388
7814
4444
-5002
1787
2805
6600
8802
2496
9589
-7586
731
-6120
-387
2197
-9076
-9176
4248
-2633
-8632
2598
1431
-1458
-6645
-6918
501
-7915
-1864
-4093
-4608
-3488
7571
-6308
-6363
6236
6911
-1493
-5222
-1138
-2927
-3805
7361
5447
6238
-4848
-5630
-3892
516
8034
-6404
8450
-9595
-4152
853
-1368
348
-962
-506
8142
2313
3397
837
9213
8450
-3869
-2057
5322
-1391
4042
-3284
-1638
6070
469
4836
-50
-2714
-6512
-3521
7359
-3852
-2076
7470
9474
-5199
881
343
-8190
-3051
2205
9520
7637
218
354
9277
-2060
-8353
469
-7906
-5262
7093
-3686
7204
4700
9382
8184
3848
-38
-7999
-5179
-4799
-6766
-448
538
3036
-390
8082
-3378
5728
-5653
-628
-2721
-4209
8273
9132
2106
-4039
3753
8724
9897
3853
8965
-7608
9968
3707
-7421
-189
-3404
7200
-8396
-354
6959
-6765
-3413
5589
-8049
8230
997
-3817
-9306
-8978
2029
-2653
-7903
3874
-3594
-5085
-6181
-4492
-8753
-6514
-468
105
-3346
5578
4408
3422
-8618
5170
-1587
-117
-234
699
9814
8800
-75
9780
6010
-7297
7116
-1268
6342
1852
-7607
1826
965
-8158
2848
-5068
6556
-7032
4862
1735
-2640
-2963
-6486
9308
9696
773
2546
-6027
7951
-4209
3071
7345
-5878
-380
-7851
-2552
-6475
-5677
4001
-5459
-7610
-2037
-4664
5893
-9942
-7246
-7519
-8023
-2223
9347
-6312
-7506
-9153
-3153
-7291
-1878
1379
-6371
-5118
7658
723
-3915
-9616
-3235
6266
-1597
-5508
-8750
-8521
-4589
2248
-2928
9627
1793
-9932
2076
-7191
4575
362
-8328
8250
7186
9365
2604
-7644
6655
7646
-2751
2051
-1910
-2631
-8838
-6894
-5469
3052
-5678
8390
6175
1326
7343
7130
8107
-6200
9593
2738
-9095
9575
-3992
0
-2036
6936
1781
9348
3627
-406
-6509
-5783
8035
7078
1890
8045
7556
-2981
-5382
-469
-8348
-4823
8585
-5777
-6987
-7444
2713
4565
-2744
-4855
1112
4058
1274
-6652
1078
2075
7682
9636
-4091
5936
843
-6541
6958
-8894
6271
-9911
-6363
8617
1840
-9386
-5828
-3217
9229
4909
7206
379
-4073
6707
-8461
-4246
9528
-5277
5742
2910
1161
-1094
-514
6565
5929
-4228
-1859
-2704
-4371
8690
-9989
-87
-3087
-4926
9459
-7641
4055
-6606
-9608
-7930
-8444
4618
5367
-7389
-5159
2011
3700
-7126
8586
8505
-9706
-8765
5730
-2172
-1650
-9542
-264
8879
-6068
-9678
-9880
-7186
-2493
2881
3781
-7519
2297
7795
9142
9665
-7720
-4165
-8938
1863
5206
2556
8673
-8148
-1861
572
6221
7956
5049
-1680
-7239
-3469
2926
5013
-8450
-5695
-8070
5783
-2436
-9866
-7261
6331
-558
-4358
-7939
-7252
5087
-5072
-5901
6504
7718
8948
9407
2000
-9263
-6153
1984
9736
4494
339
1
-5241
-6875
-348
1299
822
-230
-4750
-8069
-4910
8272
2673
-536
2659
-8355
-543
7999
8868
2811
-4539
308
-5304
9813
2851
-5940
-4524
5813
147
2523
1439
-3303
-9057
-1839
1999
-892
9926
-4164
5649
7533
621
-6108
-4480
9056
2747
-2055
7376
3175
-9261
-1757
1875
8565
1203
-5682
9945
-4728
8006
5297
6431
-1965
6688
-7641
541
4963
-123
-2248
-1412
-9261
3542
3780
-8516
-7177
1421
-5559
6506
-8656
-4021
7606
1912
-2918
3948
-7768
6066
-8822
-8349
6028
4588
-5398
1589
-223
8836
-9132
-6610
6010
8823
1289
-562
5181
280
-6805
-1729
4192
-783
6079
332
9103
-1159
2409
5318
4072
-8742
-705
2946
7975
-8486
7668
-628
-7790
6423
-9645
1297
7960
-7484
-2017
-9375
-2110
6361
-3171
-9320
7223
5691
-6845
1687
-657
658
8954
-9638
7224
-2836
-8889
948
6980
9013
-715
-6660
-4319
-2623
-6696
-7778
5518
6420
4129
-5635
-4978
-5062
-6631
9912
30
-5404
2657
675
451
-456
-7345
-7248
1566
190
8523
7261
9189
-8716
4174
-3801
-553
2671
6513
-7217
-7851
96
-7398
-845
49
2586
810
6696
-4212
-6010
-811
7971
9761
-6753
-7535
144
7793
-1049
-9548
-1351
-2869
4777
8219
-5788
6536
-9834
-8614
944
-253
-1089
1878
625
345
4845
-6057
-904
9178
5711
-5895
5448
4801
-3846
-7237
-9961
6001
-8633
8407
2890
893
-8047
9126
1014
4997
5168
7391
-4010
-9063
-4638
6099
-1716
7837
-2191
-4133
1429
8406
-9819
-1143
-281
829
-7626
-1299
-9514
4323
-967
8950
-3299
9452
8075
8278
-4630
-471
-9070
9818
-4800
-2288
1960
9008
954
-3311
-5057
-5824
-8325
8900
-8082
9979
-9871
-83
-6167
3199
6270
8734
1949
8599
-3456
-3529
974
7368
3258
-615
-4789
4626
5047
-9185
4219
-9573
-2790
-4911
2607
-9867
2414
-3551
5067
6559
-8941
-2927
-5174
-3822
-1549
-3980
4929
7241
-7358
-604
7340
-5486
-1559
-3582
-3483
-2805
-2308
-6095
-7546
3990
-3691
6988
-4018
9193
-9056
-3288
-915
-3294
9986
-5273
-1751
3419
-3298
5840
6812
-8603
-9573
-869
1222
-7646
1942
-8802
-3254
-4724
-3113
5793
1436
-7489
1965
7395
3049
9048
-8396
-8997
9851
3478
6626
5017
-9048
-4354
2600
1167
-8865
-7124
781
5049
-8403
-9128
9224
-7799
-930
5543
-9552
3520
-8191
5602
-198
-3857
921
1079
-7134
-2217
-7312
-8193
6183
-5847
6900
4864
4963
4300
2031
-7550
556
-9616
-2906
5774
1027
-6999
-5041
-7901
-5113
4709
-9896
8713
4573
8449
448
-7893
7965
8589
-3482
-8682
-2960
-8261
-9541
7619
6665
-6558
9591
9570
-9927
3863
-4746
7034
2053
-5678
-1673
-9113
7022
7218
1634
3450
839
3538
5610
-3972
-2460
-8956
-1372
-8303
-7421
5160
-939
1371
4166
9523
8505
5898
7965
3891
9524
6237
6251
9381
1443
-9310
2226
4571
5330
5298
-691
-2869
5532
-1160
-1145
-9836
-1398
-2073
-8466
2756
-1111
9433
-711
2835
-2695
-9203
-6906
-5093
-1417
-1059
5115
2214
-5923
-7073
2510
-6402
7732
8437
4677
-7665
-9974
166
-1001
7796
1654
6602
-6580
-6879
-3112
-5090
8858
3086
6867
-1228
8903
7208
5555
-6735
3105
458
-5307
172
968
-7861
-8567
1495
8594
9772
-5094
3737
5508
-961
3699
-9000
-4549
75
-114
-1362
654
-2275
-8318
-6317
4638
4380
-3647
4937
2267
4937
-6042
-1046
7310
-1294
905
-1424
-9607
1994
3232
-2270
5673
-5555
7876
9996
-9857
6086
-5159
799
-8664
-2060
6349
-1373
-9499
-7079
-7988
2657
-7765
441
-7517
9563
3064
983
-5207
2248
6029
9771
-9013
-8701
2250
5964
9632
-4161
8675
5462
2797
-177
-926
3770
-4631
-5046
7000
-2935
-3746
-7745
-4023
-7403
-689
-9516
9876
5116
1349
-824
825
-8347
5946
6508
9585
-3348
-9382
8668
5662
9172
-1858
-5065
-1252
3771
-949
615
-1521
-9839
-7584
-972
7632
-3761
-8765
93
4574
8528
9269
8195
3506
-5471
-3078
2603
-136
302
2816
-1565
6454
6074
2092
349
3061
-9431
-1315
-9660
-3252
6752
2298
-8729
8079
3700
-740
-9328
3650
-5024
-8574
-2369
8092
1515
-52
5784
5808
-7462
6453
-906
-920
-5132
-4345
4746
117
-2387
-1427
7207
7526
5827
2166
-5545
687
-4592
-2687
-3227
-7206
-9324
639
-6648
-6259
-6686
-1169
1192
7773
2315
-4522
-7551
4775
-4111
-4287
-316
1223
-3370
-7850
3488
8398
3410
2251
1723
7907
4081
9267
-1884
8211
5816
-3338
6805
-4706
8738
-4702
2020
370
733
-8001
-6678
-5222
-3383
-3517
1840
7961
-6179
-4210
2947
2491
7531
6752
-8347
5321
-5753
8889
-2478
7231
4408
-8608
546
-4083
4213
2853
1360
-7117
-8006
4802
6354
-2699
-6224
-9110
5767
5115
7788
-3916
-7458
-3697
-5339
6921
9903
7362
-4351
386
8526
5442
-2810
-6497
-3733
-3612
1883
253
-9750
-7640
8262
1716
-5690
5743
-5719
3319
4147
-2360
-6837
743
8059
2355
-5822
7828
3573
-4821
9853
6942
-5228
-9942
9521
6320
9884
708
-8558
-4948
7507
3657
9297
-3780
208
-9271
3048
-9297
-5700
3189
3977
-1710
-7751
3964
923
-5488
-4138
1734
4117
-4283
2100
-4889
-2742
-5866
-2365
8590
-4924
-5170
5458
-9793
-3858
-5200
8159
8379
-2521
6218
3766
2883
-4697
3350
7108
2392
-1881
-1576
-4142
3212
-4052
-4895
6408
-83
-7249
3420
2600
6902
-2461
-8109
3108
1204
-8374
-7907
8481
-9948
5250
8179
-9468
1597
8368
2490
4547
874
7289
-2021
-649
-8154
-1517
8218
-4188
4992
-4059
-4608
2417
940
1857
-3179
-9670
-4525
-6075
-9169
9059
3000
-5850
-5683
-7895
1347
-6255
6154
4211
-854
4953
-8348
2593
1605
2290
-8344
-9783
1178
-6439
-6711
-4412
-3973
8600
-1991
-692
1702
-3249
-8488
-2834
5805
4930
6368
-5585
-6801
6229
-2134
6375
-3929
1172
-6612
6245
816
4554
5818
10
-9367
-470
-7244
-893
4599
2659
460
-1268
-7704
-5194
-6251
-9067
-3285
-4512
2952
-8938
-9396
-2828
2112
8267
-5811
8530
8202
841
-6750
1378
8639
5087
-9188
-8975
1133
-9607
6856
-6332
5042
-6001
3016
-2135
2271
7899
-2206
3774
-1071
5511
2281
-8132
3044
7041
3277
6701
-9637
1862
-8910
1645
9447
5480
-9822
-4126
1795
-2996
5116
7405
-5180
6041
140
5030
1457
-7961
4029
-8753
7912
-3412
71
-1738
-9730
-1463
5619
-94
4796
5809
-5974
-9784
1266
1753
-8425
-6575
5862
7259
-8463
3845
-7489
-4546
-100
-6783
6430
-9459
-6133
-1799
4102
8174
2270
6813
2179
-4642
-1054
1495
-2737
7659
7720
6503
-2985
3406
280
7291
-9157
7907
-423
-1169
-4186
-3948
142
5937
2859
-8715
-1398
-4655
-6388
-1642
-2562
3874
-5492
6787
-5933
-2021
-7458
420
-5172
516
-7954
-2461
159
-2688
2823
9889
-9476
-4586
8558
1329
-7489
7359
-2719
4632
3823
-3078
7147
3459
-7938
-4538
-7524
-4644
441
4917
-2546
5401
5815
4971
-4794
-8341
8299
-3880
-3223
-2689
3818
-4819
-4149
-2096
6051
7857
3556
-3017
4012
896
-8640
2732
-1813
4014
-578
2795
-8723
-3781
-3716
1937
9040
-1938
-8584
-2275
-6842
7130
7449
4033
261
9326
1493
6952
3549
4014
8117
1044
2924
7293
5332
-5417
3964
3588
7814
1523
4105
4862
-5732
6379
3742
3925
-3191
2055
-3356
-4721
7834
31
-2105
-9329
6972
2920
-5432
4801
-8450
-1475
5329
-2954
-6383
-1819
-7163
2755
2909
-6379
-1188
-8034
-7114
-2148
5227
2910
-1430
-1589
-7377
3566
3960
4734
-4084
7747
2430
-5861
9395
2745
-1764
-4495
-5828
-8505
2639
-8431
5920
-4990
2801
5967
-6207
-1951
6410
-5611
2180
-4861
-9232
4141
3585
2912
-9101
8102
4310
-3716
1761
-9555
-89
4620
-1917
-4227
-230
2391
-8135
-9085
-6706
1447
-8094
-6772
5028
-5758
-7604
-6389
6587
1108
-2803
3634
-1368
2463
9991
-8439
3309
5891
-1665
4976
7933
5664
499
7087
3372
4985
5253
-2074
1398
-3098
3878
7118
-4658
-2487
9466
-5556
9958
7291
4100
4735
-5145
8149
-4159
-3238
8902
9233
-8167
-2903
8602
-433
-4909
228
-1254
1337
5182
2530
6546
-3958
-5308
-6526
-8980
8006
4326
-893
-8206
-5890
9646
-9782
-2775
-4626
-7859
1290
2758
8363
8398
-3437
933
-8301
7794
335
581
6492
1363
2918
310
-6160
-7363
-1857
-2805
4048
5867
5099
-4891
-9547
920
8843
-900
1370
-9897
8714
-9961
-4919
-8402
-7375
553
2582
-2547
5923
-2395
4774
-2985
-8994
-6624
-1682
6676
-7724
-69
-4423
3079
457
-8394
9578
-1136
8401
5909
-2932
-2275
2309
-6909
-6644
2475
6715
-4575
-9054
-3391
234
8635
7855
-8489
-4023
-2292
-5465
-5245
-5617
2218
-82
8496
2027
2841
-7134
3289
4279
7579
3614
7737
-5341
-5208
-2139
7738
-4802
9123
2477
5763
6577
906
-5757
-5319
-427
7301
-619
1214
4152
-1479
-1136
3284
933
-5303
-3531
-7845
-5488
9189
2387
6818
-3469
-120
7384
9215
-829
-6394
8398
-3461
3774
9743
232
1892
-5351
1639
8205
-699
1727
-765
2373
9571
9768
-2947
1232
-5334
-7681
3119
-5429
-2995
2127
1331
-8221
-5789
8519
-1239
-2204
3040
-5985
36
1175
959
4881
3383
-1918
6869
-2674
-7507
3138
1752
-3505
-3376
7857
-9524
7830
4601
1115
-3960
-1131
1547
-7032
5847
-4908
9056
-7980
-3570
-8909
4094
3901
105
845
2702
-1665
-8176
8759
2657
2741
-3207
-1603
-9451
2470
-602
5631
-8343
-5718
-9899
-7750
-4551
1804
3378
-2097
6963
6257
807
2814
-8123
-8176
-5209
4243
4747
-9740
-6732
9562
8486
8769
3053
-283
6284
6151
5051
-1943
-3280
7403
5955
-5859
8948
-1692
-637
2849
-8889
-2209
-9266
-2458
-574
8975
6164
-429
-1178
8851
373
-7900
9635
-7843
-9172
-8114
-3050
-7591
-9586
339
9676
-1391
5801
-6078
-6828
-5032
2301
9726
2276
-4268
3550
4313
1975
3869
-1082
-3174
-5274
-2813
-7963
-20
1157
-6437
8791
3171
-5542
-9115
-607
-4508
-148
-413
-6396
-89
8040
-3548
8244
-7302
9609
7466
-1592
2940
-5428
-2874
5567
7647
-9220
-8186
6876
4804
4980
-3454
-6388
6113
-7194
-9116
8192
-1904
2068
-1668
-652
-1485
667
191
7791
-7743
-1969
-6098
-7178
-644
4981
3428
7441
6273
4247
-8540
-4490
1630
2369
6165
-606
-523
6485
-3430
-4635
2577
3034
4685
-4741
-5647
-6603
-7747
-7360
-1727
4155
-6537
7332
-7823
-5539
5957
4542
-6207
4800
2376
1804
2958
-4534
7076
-7245
-9771
7281
-644
1949
1640
-3798
-3428
-289
2201
7936
-913
5984
9288
-1792
3149
-1716
5558
2858
-4204
3894
-2929
-6906
-1030
7037
4988
6581
-1109
4175
-8575
-5775
4750
-631
4264
4220
-1040
8621
-5617
-4996
6084
9202
-8777
81
-8408
-6284
7199
-5513
-9151
4650
1155
-8249
-4074
235
-8011
-1402
260
6260
-7216
-3152
2880
3271
3450
7353
6453
4579
2441
-630
574
-1188
-6583
1564
2285
-1871
1677
2488
5970
4760
-1880
3339
-6930
6529
-7247
-65
6648
4057
-7135
-7128
-6175
-1326
3178
4818
-9007
1224
-7541
-7279
-6380
7896
-5731
-6423
-6016
-379
-8355
243
-9964
2313
-2936
-1410
8463
5731
5100
-3518
4491
-9164
8324
7839
-8024
-1572
2748
-3052
9940
3999
-6551
-4014
-2984
-271
7838
-3402
-1203
-6523
1111
1760
-9919
-6906
9955
7376
5401
-9441
6829
-7254
-7165
1649
-1539
4436
6089
-312
2339
4932
8390
-3566
-7450
9602
-8903
-6313
230
-2467
7093
1942
8249
7139
5740
4283
-5063
-7336
-5354
-3771
-3626
-5754
7026
946
-1955
-7982
2639
8542
4932
-4593
4152
677
-918
5068
-3009
-3965
8257
-1768
-6644
-705
4661
850
-1516
8749
-1996
-9690
1134
6134
-31
-7162
3145
1086
5350
-3960
-1708
9667
5813
5019
89
3954
-6711
-5070
-3706
3410
-2060
1364
5704
896
-3372
4689
-5526
2639
-8667
-946
-5945
-8378
-6506
761
5524
-3923
3372
3847
1610
3387
-7867
-8215
-3564
-2475
-1885
1667
-7221
7385
7148
4504
-9297
-6115
-5345
-7870
4845
255
-1451
1755
-1742
5733
-2783
301
3691
-374
-807
-9784
7222
-4635
-8813
6385
8793
9445
6192
6727
-5250
1642
9215
4008
-4608
-3226
-8997
-6551
-4419
5347
-9636
-3593
1835
1769
-3372
-5201
2863
9389
-5083
9384
8302
-5335
-5414
-9637
-382
1148
408
434
-7204
-4586
-5632
-6532
1767
8728
-4488
4312
8547
6202
3637
9867
3431
-3618
-3290
9038
2098
7562
6500
9202
-7891
-8913
9509
1247
-2669
-6601
4729
-2868
-3177
5481
8989
1103
1051
-5498
-2302
-2843
-6752
947
-6613
-6951
-6426
9314
-9712
570
-5989
8894
6856
-5236
8563
-3219
1456
5470
9801
8150
-6703
-3679
-638
4440
-1928
-410
8474
4550
-1125
8230
-5981
-7552
-6148
-894
1283
53
-3799
-6800
-4578
4271
-4280
-7216
-3963
-6603
-8284
5283
-7650
1351
-1387
1347
-598
4606
7340
-3870
1121
-2739
6358
-2807
7004
8417
-575
-4171
1310
4614
6457
-286
-5176
3711
3139
-149
8649
-4436
-6448
8267
-865
-4130
-632
-8364
7759
7656
3729
405
-8858
-7075
7951
-5562
4712
-8197
3424
3932
3040
-1044
2244
4081
4768
-1359
9881
1834
-783
-9379
-2688
-8110
6454
-264
-3520
-2062
3770
-7826
-2265
-6297
257
-9489
4478
5538
-9783
-5770
9258
-8716
-2790
2009
-6988
-7210
-2565
-3543
-8637
8695
9729
8086
952
6910
-9291
679
6043
-2528
-3344
-7239
-9637
-9289
7741
-2504
-9566
2558
2959
-6923
4955
-4559
-7746
4945
7004
-1661
-9140
4059
4257
4333
-3955
9931
8814
-9614
-4947
8034
-5099
9292
-9520
6278
-9425
-4385
-61
-6316
6920
-7954
-2756
-3445
2137
3819
6119
6314
1077
-8296
1341
8025
-5283
-5759
-4055
9608
-3176
-6490
1142
-5377
-9847
7088
6796
-7192
-4167
-9508
-9227
1266
-1256
4710
-3105
6861
9114
-855
3125
-897
509
-3976
914
6366
5120
1187
932
5231
-2365
-2560
-954
-8483
-2324
8078
-9298
6961
773
-297
-4005
6618
-4433
1680
-8896
-1030
-4242
7990
-7591
-2085
-7728
-5546
9420
7081
6340
690
434
6694
9993
-4377
8702
3710
9035
3461
5491
-6770
-3303
2931
3000
6917
9051
-136
4894
-7252
-7125
2873
-8044
-7630
9950
-8072
2614
6993
-679
6818
2895
5687
5125
-4413
-3162
-8890
-5998
1312
-1201
157
-9416
-1865
7164
-997
5630
-3033
6911
-8394
9515
-4499
-7109
-7230
1439
4939
4019
-8681
-5891
6578
9106
8813
3436
1657
-2414
-3881
-1402
-9924
-8967
-88
104
5836
-4398
-5949
4301
-7838
-3433
-4831
-4135
9745
8949
3701
5829
-6060
-9860
-1698
56
-8863
3294
-8725
5101
3807
202
-9943
-2659
6727
3868
-6806
-6454
-364
7586
-9025
7709
-2786
-1222
-4764
-6984
5266
-6322
8260
8848
-7523
-5962
5064
-4446
-2558
8658
5129
-7162
-1608
5271
3110
8215
-2148
4098
3388
-2346
-8333
2106
4583
8513
-3765
-9610
-4611
6913
-1088
1622
2713
1592
1517
1539
-9289
-7391
-139
-1905
-7873
1058
-9578
-2549
6132
-8961
-5461
8578
4368
-8054
1988
-9415
-699
-2472
4892
-5355
-1812
5471
2087
-9975
6989
-5283
-9352
-5105
968
3908
9597
82
-8125
9878
9401
-8508
-6440
-9554
-5838
-3852
4774
6698
9881
9868
-1089
-6701
-114
3056
-2411
132
-1909
-2145
-9575
79
2750
-3943
-1098
-9118
-3970
5792
-884
4710
-2805
-2352
3870
-6299
-6375
-8456
2245
-3475
968
-396
2388
-2173
5841
5117
-9302
-5083
631
-573
-988
3186
-9442
-732
9940
7654
-2666
-5592
-2746
-5223
9708
9965
-1629
5594
1900
-4764
3705
6418
-5106
-1058
-4691
9966
5796
-253
3891
5757
-2674
-3422
-6347
-5049
-8361
-9023
6255
-6400
-2076
1022
2959
6286
4775
8800
7163
5169
-2806
6115
313
-7309
4748
8861
-4585
2162
8835
423
4356
6237
-5129
-8978
2597
6917
7423
-3305
7257
3954
4758
2334
3342
-87
1391
-8995
6174
-9542
-7073
732
-74
2068
-6569
7489
4609
-582
-8489
-2920
-7427
-2518
8725
-6133
8744
8512
-3040
9344
7533
-7224
6683
-1504
-3631
-1734
-6311
-9163
-3125
1253
-936
-3630
-6614
-1668
-4153
7828
-1261
-9833
9467
-7144
7886
9455
4191
-6068
3799
920
-5078
6419
-540
3489
646
-3579
3250
-5878
-947
4279
-5013
-489
-5457
3258
-5160
7236
3698
6327
5304
5299
1229
-4286
-626
-4954
-5728
5491
6833
-7107
4010
4890
5106
5148
-1059
-3833
8354
2289
-6396
-8099
2143
7723
-1451
1207
2769
-6564
-3985
6321
3128
1853
2071
2832
4258
1662
-679
-3052
6756
-757
-8435
347
-1587
-4192
847
-2543
4287
-9713
8911
3419
9983
6919
8851
-749
9258
-3761
9524
-1480
-6462
5126
-8946
-3367
2769
4037
332
7660
-5991
3278
1069
9303
7989
-4178
5121
9482
8358
9663
506
-367
-9998
-757
-8682
-3393
8157
-9221
-1968
536
-9614
4177
8427
2707
-2733
7248
-1064
-587
-2328
-8983
9605
-1019
5510
-9174
-8693
-6436
-5976
5027
5865
-5667
4559
-4104
-6354
-1995
3303
-3441
9443
-8313
8791
2328
2884
9868
-8014
-3851
-7706
2212
-6672
9484
5638
-5708
5487
1792
-5335
-8235
-4828
2581
1602
4552
1750
-7759
-3888
4226
6430
-5562
6477
-9964
6865
-1839
3007
-4753
1740
4622
2200
9288
1357
376
31
829
-5701
5955
-5955
-856
6812
3610
7260
1673
-9954
-1143
-6141
-1446
4284
-5737
-8647
-3082
-9166
7876
3340
-4828
-6636
-1330
-153
9477
-4047
6187
-6761
-4711
3458
4578
546
9207
5946
2923
-9197
7917
-9687
-272
-1880
-5166
404
-9623
-5977
-6088
1560
8002
1434
-5308
-9546
-1503
-5943
6768
-6042
3492
9345
115
-5700
7762
-4941
-7161
2359
-3532
8713
-6605
-1119
5877
4849
6395
6755
3446
-7428
-933
1199
-5102
-3638
-4614
4131
8543
-3469
4172
-1057
-6855
4483
9706
2678
-3492
7951
-8332
7878
-2201
-4428
5006
141
6080
2660
-2189
-3890
9109
-5607
-3780
2857
-4274
1339
9005
-7366
-4693
4541
8809
1190
8059
-6496
692
-1521
126
7509
7911
-7493
9983
-5969
5507
-3707
8425
-2505
-8697
5245
848
-6021
-8838
-9767
-7795
787
8402
475
9514
-225
9151
-943
5738
-3530
7097
9128
8233
5880
-3678
3226
1620
1580
5116
-6483
7490
2240
-905
1513
7875
-8832
-8000
-7281
6765
-7290
-9435
-3471
-2574
-2233
4796
7665
-184
2340
5300
-480
8519
-3905
-8024
-2601
-8494
-6201
-2287
5548
-6582
-3424
-6127
4878
-1309
-3177
2348
570
-3473
734
-1737
-4345
6078
1658
-5668
7815
-6633
-2722
-1566
8503
2705
2558
-2463
3038
1460
8958
6244
-8099
5286
9351
1066
-80
-8533
-4599
931
-3832
-4896
3978
9393
9352
1070
978
19
-2832
9872
-5367
9334
-5080
5282
-6880
1740
-6020
2542
-9836
6160
8695
-8830
-6005
1009
-3
3840
5130
7507
8260
5092
8646
-1315
9613
-9761
2353
9005
6291
-3409
-8061
-8984
9752
6088
2548
6130
891
-8033
-4580
-5637
-7643
347
7189
-4343
-7547
-955
-2920
-7153
9153
2435
4340
-2090
1495
6312
-751
-9969
5293
-7859
4742
3728
3022
6571
-8993
8033
7543
-36
-4573
1957
596
3186
-6858
-6225
3134
602
-4160
1818
-9207
-6915
-7166
-8577
-3915
-9170
-4382
-835
3792
-5508
-9903
2104
4934
-6485
-5034
2361
138
-8939
-4575
9564
-1387
-7420
1897
1717
8142
-4904
-4321
6982
5032
2762
1792
7172
-4812
9756
-7331
-4239
3739
1230
-7352
351
6881
2587
3550
9559
284
-5663
5790
-3133
5441
2647
7189
-1215
-9022
-9848
-8404
-612
7450
2797
-8048
2263
1587
-4897
-95
-2193
1518
4191
7160
-6636
5232
6652
635
5384
7846
9879
4757
7415
9960
-8044
-1964
-9375
4698
7536
1076
-591
-3061
2855
8255
7945
6296
3996
3007
-152
2205
-9833
8020
-3796
9511
6803
-2089
2793
-713
8597
-2
8866
-9247
-466
-1870
-3103
1139
1293
-7122
7693
4886
-7613
5125
-2509
5799
-6419
5232
3413
2683
7741
3958
7831
-5386
3797
5930
-8449
-1500
8759
-8277
-7751
9286
2115
-5207
-4462
1752
9013
665
-8020
3751
-2984
2165
8644
9948
-1
-8148
8727
-6536
-7976
4581
-5914
3723
-2455
3861
9438
-9159
-7560
567
9093
-4726
1004
4137
-547
398
3409
8079
-1624
-9259
5096
-9016
-1637
7164
-7993
6546
9909
-9046
-6396
6671
-186
-1385
7941
-7366
4837
7011
5326
-4787
6430
4030
-78
-2527
-4566
-5459
1973
4377
-2708
9908
1609
3122
-3133
-6529
9036
-4043
-8111
9378
8392
-1995
1967
-7310
7024
-5211
1744
-5590
-7726
7304
-3870
-4501
-4389
1327
-442
-8412
4632
-6229
1530
6003
-7796
-6523
-9233
-8648
-3037
-607
-5152
9307
-225
-1779
-5395
-8707
5835
-8737
6268
-9092
-7093
-9067
9412
-8339
-254
118
7290
8888
-3101
-6494
8650
-6572
7478
-2383
8892
4195
-5000
9961
-2078
3489
-7973
-2170
9777
6951
7959
-9325
-6854
7979
-6461
4212
-5907
3718
-5750
9593
91
-79
2978
5382
8769
2478
-7428
138
1633
-9067
8980
2966
4730
5412
-5715
-7464
-6148
-908
9924
-8907
-78
7562
4765
-9506
-5370
-1214
-8276
4299
8800
3739
-7535
-1989
3808
-2329
3401
-864
2667
-8569
5420
9851
-3732
5682
7263
8689
5714
-7067
5380
9230
-7777
-3047
7391
-1971
7657
-5607
-2236
8032
9960
-2824
1053
-7035
3353
-5681
-6338
5583
8452
-9996
-7091
-9373
-7837
-5329
-9291
-4375
-5913
874
4347
-8967
9032
5615
-2948
-9410
-5718
-6281
-8137
5663
-2690
-2046
9356
-3155
4879
9296
8721
8834
-6643
3303
1852
-6611
7010
6191
-8198
8104
3918
2170
-3
9512
-1129
-1708
-4792
-4395
6815
-6053
-3591
-5147
-4628
-2284
-5957
3036
-6480
6963
-3332
7827
-1241
-3380
4260
-3209
5083
-3342
8528
-3503
7308
9539
-2475
-487
137
8626
4343
-6530
-2178
-8296
-6843
1712
3057
-3924
3905
-8104
1056
1587
-9939
-3980
-6503
4688
2926
-4361
-1122
787
-7090
-1994
7604
3769
7032
-4665
-4238
-3998
