-1167
-1448
608
-7636
-7310
-9505
7167
5574
-6965
-1597
-6615
-933
2904
1689
8126
-5765
-3596
-6199
3141
1940
-4311
8609
-9698
1526
-8587
-2611
-1367
-6277
-8345
4618
-8568
-8542
7249
6740
6626
6933
-504
-5518
7958
86
4397
-106
-5495
-1022
568
-5945
636
2725
-3274
-6430
1805
2849
-2699
-5614
9069
-1713
-3756
-9531
-6131
-3154
-7753
-2416
-3525
2186
3813
-6753
5845
6929
7988
2882
1457
-4815
-643
4718
5285
-4679
-6868
-3023
3986
-7029
443
6631
-8127
4521
9163
-5050
7795
-3457
8258
-2919
6514
4999
-9027
7987
3270
-1708
1847
-9439
-4032
995
-6266
2680
-2196
-2138
6016
-39
-2084
7621
3477
-4207
-828
-2716
6369
2706
1744
-9482
9267
-7208
-6672
-2644
-3912
1070
5655
5177
-5227
2135
9774
845
4456
5523
-7050
9435
-6885
2923
-1853
-7965
9279
-707
5457
-7767
1301
-9110
9100
-3016
-5972
-8632
1160
-1006
6530
7891
-6949
8288
926
-9174
-2992
-9629
-626
-4131
7657
8680
-7408
2225
6526
244
-390
8834
-3993
4056
5658
8235
-2230
-9115
-2559
-9079
-4885
5788
-3966
-6426
5670
118
2636
-4940
-1317
1098
-2174
-2407
-4316
-7004
-9037
-1378
3309
-1334
-1528
9478
-8028
2355
2777
5633
-1305
-2832
-7359
360
2792
-8120
-5367
-3109
7781
-1464
3508
-8618
-9785
-5099
-133
-7274
-7394
4537
9952
1526
-4315
-1282
4645
1564
-6496
-6157
-7587
8651
1738
-1395
-4450
3819
5335
4693
6591
2887
9894
2568
-811
-6246
8752
-3481
7332
-3221
-152
3484
7643
-6417
3713
-8394
-5255
-971
1625
-6902
5336
-7319
4474
8413
-3697
-3770
-5628
-7932
-1675
6953
-8723
7831
1076
4036
9944
-2958
2536
497
-496
1229
-1401
-1202
-4982
6566
-7565
538
8207
-4844
9541
-9453
6378
-6389
-8529
-3380
-8599
-472
5203
5234
-1128
-8235
535
-1942
-9943
-544
2073
1284
6810
-6374
-8817
8239
-305
-5483
-1043
6451
5972
-6396
-6281
977
-9197
7010
8998
3054
-252
483
9504
-6243
-3437
-3502
7078
6044
1308
7515
3386
1821
533
6050
-4891
717
8118
2866
7146
8128
5424
6347
-9595
8255
-2729
-5289
6859
1286
8877
35
-1312
-823
-9018
761
2233
-6323
8378
1653
-8810
514
-1543
-5688
-7812
-1037
4838
9804
1911
-8871
4048
4323
-1308
3504
-916
3691
9547
-6266
9694
7821
4262
-8754
-9298
-4639
-4935
2870
7592
4770
2711
-2613
-1748
8749
1800
5500
2695
-5618
-8078
-3234
2242
9309
8099
7079
8635
-5853
-964
3302
19
92
6183
7971
-5565
-5335
3048
8446
860
-3187
854
-961
-7579
-3648
-4783
9842
-7415
-7481
-9253
4117
6780
-3876
-9088
1531
-1904
6434
-9027
8315
-3570
-9659
-3728
5459
-7013
6274
3725
8668
5223
-2940
-7579
-9736
3294
-8254
-6855
-1617
7328
2256
-8478
-8131
3906
1090
8566
1958
5149
3986
2839
1311
9997
2225
-1389
-6544
-4494
-1416
-9749
2822
2574
-9046
3974
3928
-4153
-9016
4726
-5336
-9150
-3688
-4293
1707
-4475
1802
837
5157
6016
-7561
-6231
-5820
9153
-2182
-7376
-5501
-9445
4222
6018
-8564
-9801
-9147
-8793
-1557
1642
-1739
-7454
-4574
5370
-7212
9071
2833
-9780
-8174
-7361
-6543
994
4969
9241
803
8920
-6311
-5215
-4918
3325
-5656
8244
2357
2155
-6273
-3406
-8351
1934
4601
9817
2057
3781
-7153
-7054
-4148
-8841
951
-614
-8720
-3831
-1300
4853
-480
-747
-3542
7247
4323
4783
7378
4864
4612
-1049
-3312
2451
-5744
-3755
-846
1719
-3910
1187
-7131
-3056
-2351
-6034
2989
4170
8881
-3410
433
-4980
4933
8226
-2121
-4436
-6
9533
-8535
2912
3996
1872
3111
3286
2623
-2736
-9019
-4913
-7924
-835
3848
7317
-6614
1998
-67
4599
-4010
-8295
9790
-7350
-165
-1224
2132
6119
-7879
1652
-222
9416
-9343
7634
2816
9626
-9288
-6167
2360
2251
7756
6496
7359
-7419
-4833
-676
-1936
-7767
3054
-1756
-9599
-3469
557
1162
-1385
-3432
9523
-4650
802
-1519
-9973
544
-9285
8005
8537
-4866
-6237
-9442
-5507
-5476
-7165
4579
1121
-1314
-1884
77
-3872
3491
2331
7368
9385
2092
6148
-1206
-8374
6300
7822
1191
6082
5709
3979
9900
3667
-7576
-3151
5089
4061
8128
-3260
8906
961
-6039
1945
-4035
-9853
-2722
5863
-5276
-4182
-7160
-5137
-5162
-8167
2685
-8247
3944
-111
9305
814
-7480
6539
-7988
-8981
1431
7991
-2645
4386
-6497
-1902
-1450
3082
7385
-6619
-1647
5188
-7719
-3331
974
-5538
-4137
-9434
4467
-8148
5454
-7717
-7553
8915
-6992
-596
-5063
-1670
5871
-7636
-1076
-2411
-427
7577
-6355
5346
5765
-3165
-8541
2265
-7900
-8269
5247
3639
963
-1902
-1720
5875
5470
3109
2835
4170
830
3950
-3859
-4537
1916
5238
-5612
1745
7801
1131
7477
2159
556
4198
6006
1739
-3406
-2165
7840
9859
-456
1171
3058
-8992
4718
8099
9177
-8813
-7229
-6280
6564
-832
7673
-4728
-3205
6239
-6116
942
505
-5371
6211
-1263
2040
1903
-2546
800
-4083
8692
-8681
-7019
64
5036
-7870
7223
1180
7078
5452
365
-1808
4021
-467
-7898
1564
-2899
-4184
-6702
5434
3764
-4908
9512
-9666
5298
1691
-4730
3884
-8114
-4387
-8035
9234
-9313
3858
2750
-8256
7207
4101
-4613
4704
9555
-7538
-9268
490
2143
5789
-7574
2598
-7089
-895
-4661
-4927
1853
-6104
-3560
-8758
-638
1123
-3156
817
9552
-4039
3293
-9764
-5758
987
-6875
335
8658
5083
-9981
-9330
8096
8148
6228
-9193
560
2310
861
-3010
-9386
-3690
-3377
9402
9117
7090
-4916
7041
-7300
8819
-8059
6261
9275
4636
-2238
9620
-2794
0
7506
-4142
-9671
-2053
-3073
5467
-1080
4650
4734
8151
1630
9108
-7040
-6968
-4857
9321
1949
-1214
-9417
4411
-5535
-7732
930
-169
-8328
-8679
9136
-2191
2837
6873
-3864
-6307
3941
4994
6155
-7379
3906
4856
2782
4492
4065
9535
-3452
9182
-9401
-4197
9961
-3426
-650
1151
-5740
5844
908
869
-2352
-7783
-189
3496
-6786
-5799
-1898
-4711
9651
3403
9765
-5728
-9770
-2895
-2419
-9674
5059
-7602
-5513
5630
-3106
-5902
-8027
7215
7371
-1047
-273
4736
6577
-4985
-5963
8672
-5507
130
9678
-7524
-5177
347
4100
4918
-9141
1298
8441
-9252
555
-728
-636
-4146
-1544
1278
1100
-9506
2416
1970
-5075
1072
3281
9647
3977
-1026
4797
-8325
3483
-3402
-7891
2683
-7610
5885
4566
-1714
3527
-3868
-3193
-9953
-1408
-3594
-2056
-6628
7321
8662
-4333
7579
4801
-8193
6194
871
-2565
5585
7225
4627
-1631
3906
-9027
-4831
-5004
7725
-3495
1561
-7052
-1436
-7009
4478
-7701
1003
595
-2214
-8678
-9451
-8950
5798
5138
6380
3174
3221
-6265
-8354
-2996
-829
-2656
-71
-4390
7346
6661
5895
7530
-8024
-4233
-7573
-8248
-9673
-3289
-6691
3374
2124
4117
9828
-6635
8082
-1928
-234
-7178
1226
-311
-2343
7158
1964
7037
-4462
8373
-1261
-435
590
432
-5634
-5396
-4439
-4577
566
-2949
7502
-7951
5359
-6302
-8246
-2833
-9744
-9272
-1390
4166
-1473
98
-4624
6563
4513
-4777
-5088
-8906
-9513
9273
-9468
621
-1737
-9195
-9676
-8788
6815
8911
-712
-9329
-1332
9414
8559
8719
-3531
5733
-3703
-4871
-9245
204
268
-7163
-9496
7488
1615
5945
9205
-851
-760
-1263
902
-6967
-7980
9038
3429
8223
-8574
491
-3222
-7378
-916
7209
-4993
9281
8638
-9921
9321
8355
-1096
-3783
7053
-8520
-3061
-6795
-4212
-4350
8064
805
-6620
8376
-9720
-6483
393
-9668
-1936
-4669
-3068
3083
1981
-6486
-213
-6906
-75
-3787
-4098
-9003
-5345
9619
-4218
8050
-807
5680
4320
-6933
-9368
-9989
6907
-9988
8741
-3388
-4181
4390
-5658
-7919
3863
8703
-8774
3564
9402
-8393
5275
-2445
-6692
8890
8343
-1145
3652
-1739
1357
-2506
-4713
-8269
1
-7989
9627
8291
5282
-487
-4856
8351
-8878
5339
6245
5277
7203
-4216
3703
5897
-2110
2527
-2146
3115
-4257
-6077
8123
-1856
-9793
-6767
-8197
5764
-2284
-349
-3441
7015
-9540
1453
-4189
-7114
9372
-2420
-592
6128
9217
2822
-7434
1431
2037
-5995
6204
-4792
-4912
-7368
-3443
-8338
-7383
-6947
-2050
5808
-3720
-4905
1391
5377
7032
-4924
2824
-4300
-3413
-4638
-9562
-3628
1167
6366
-3675
3345
-3559
-4148
8463
-4407
-3505
-5048
-1454
4369
5171
-3657
-1813
-7555
-507
-8789
-6115
9069
8443
-463
-8090
4310
661
3458
-1215
-2130
656
-930
-7846
293
2149
-7919
4957
6464
8810
-9907
4472
6589
9724
6024
-5729
-5269
-4074
-9973
8612
-9452
-4109
-4319
-8573
-7634
7599
-5371
-8925
-1633
-9750
-6570
1536
6963
-9779
8039
4393
841
9235
-8747
3351
-3971
7538
-5589
-5856
-3338
5198
618
-6387
-8515
-6685
3657
-6986
-3190
-3036
-2554
-1312
-7008
-8942
7463
-7385
166
-256
8705
2427
4688
5689
-1
-3006
1807
762
-165
5100
4478
-3011
6715
-1592
7658
4927
4264
-9257
6729
-5108
9066
3327
-6187
-8740
8620
-5369
6559
5645
-1853
9397
7385
-7874
1081
1883
8092
-9111
1681
3653
6563
4977
9192
5541
-7318
-6756
-6461
-5075
-7350
-1020
-5321
-8537
-7855
-4171
8323
-1227
-4402
4010
-6071
-8950
6357
-98
-4811
5404
8830
904
7122
-3398
6833
-8516
-5772
2664
1850
-1022
-7120
3374
-5638
-8599
5788
2442
4671
-1804
6763
9181
1382
-9594
-4568
7931
-5118
211
-1702
7943
-6524
-204
144
4945
-4016
-5605
400
-4612
9908
4541
2300
-5441
6815
2419
-576
7432
1997
9221
6067
-3406
-8493
-3437
370
-1794
7060
-8663
7711
3297
2225
7018
2863
-8940
9080
-8181
8069
-3738
-4836
4062
5074
-8446
-626
6917
624
-1660
-4537
3056
-5087
-5946
-6458
-5202
-4204
4584
8961
-4021
-3418
-28
-6123
3407
-2687
-1248
-4004
-4657
-7276
4753
2285
1860
6591
-3259
6476
-4543
8832
6750
4077
3888
3940
2978
6068
-5679
1146
-8313
-7192
-6572
273
-5329
-4651
208
7863
467
-5009
6270
202
3727
-3410
8636
5345
-2432
-7489
8482
5381
2819
817
-4366
8327
6445
7105
4139
-6279
3238
6961
2870
-2774
9364
-3564
6860
7636
-6057
2227
-6318
2039
5026
-1585
-8282
9990
-7152
-852
-6985
4974
3782
8474
-1001
-2152
-4148
-2347
-5253
7116
8163
774
-1218
2014
-1173
-6307
538
-8587
-6132
1734
5642
-5575
-9082
8603
5944
-4840
-5843
3860
-9739
6561
1372
9484
9989
8882
-8378
3302
-6877
-1534
-8474
-6568
1198
6104
-7393
-5347
-459
-7858
5613
8263
-3906
5358
-7118
2754
3589
4417
1940
5596
6069
-2414
-2667
1211
-3371
-7458
-1123
2978
-2429
4414
-9090
-8660
-9381
-6458
6101
903
-8824
6478
8119
-7746
8408
-7369
-3188
6091
-5994
-4084
4060
3157
19
-3159
3224
-7088
3673
7350
2755
8104
20
-4004
-9981
-5817
8313
-5857
92
6706
-1388
2022
-8493
8106
-247
-5152
8969
1533
4746
7949
-8532
-8688
-8610
-8547
6200
8061
-2942
9601
-913
-8682
-4846
367
3264
-311
6810
-4555
-6817
-6070
-8117
9256
-7385
4415
1680
-1880
-2849
2171
-8434
-2700
1852
9373
-6710
347
6993
9619
5831
6383
-7052
6759
1611
2966
-3198
9863
6400
4508
6141
-3634
-7825
-254
-4755
682
8519
9726
-1813
5422
-3744
7107
-9188
-6736
-5069
3802
-3102
8009
-6023
-662
9834
8651
9993
2641
3670
817
1571
9029
-1819
8652
9980
1823
-5519
5125
7280
3283
-2623
-3252
-4633
1271
4581
4373
7069
7588
-9927
-5997
911
-180
-7122
-5731
8310
4846
1938
-5787
176
5853
8413
-4670
-2206
-7748
-7889
8769
8674
-2564
7606
6805
-5195
-7611
-8910
-4319
-4753
-9090
5271
-3765
-948
5883
1959
8111
8655
-6035
2526
-2348
5029
5701
2015
-7798
-3192
6594
3216
-8715
6790
3386
229
9288
6125
6871
3081
-1887
-5570
2251
-8224
-4144
-7578
4401
-2362
-3295
774
3614
1237
1108
8296
5994
780
-1657
7892
2386
-5306
7257
-7068
-8551
6356
4911
5034
-7140
-6194
6794
-8144
8963
1986
3495
-7057
-7009
-242
7994
1961
1748
-6245
1707
6838
336
9852
1296
-4988
5541
-7348
6414
-5785
-2418
-8790
-4071
7035
-2081
1719
-4870
8138
-2267
5005
47
6820
-3826
1115
-5886
6137
-736
-1168
-3925
-9133
8820
4743
-1132
5633
4915
5613
4172
9405
3961
-5330
-5807
4201
6171
8884
9514
4013
282
-568
-457
-6335
-1714
-3578
7133
7129
-6404
3910
8170
-2791
-2082
7687
-3065
7450
8765
1128
3940
-3646
-9409
-4128
7828
-607
-9780
1608
5424
7152
3881
-1655
-2764
5600
-7554
-5813
-6883
-8943
-8240
4856
5127
6051
3289
-2855
-531
-8673
2743
3420
-2398
-9621
-5001
4636
-2082
3664
5438
3380
8861
-1394
8702
-5489
9724
-1605
-5146
5519
9932
9553
665
8773
8300
6913
-7047
-8638
2251
4175
6908
-4364
-2947
7789
3222
7882
-45
2451
8534
3488
8938
3565
3065
-816
-781
6173
-4050
9843
7008
-4396
932
6451
-5596
9781
-2312
-8448
-5901
-7879
905
-4910
2528
-9814
2215
-6176
-6411
-9665
1070
-7933
-3050
9072
-7772
408
3661
7624
-2175
-2918
4918
-1317
9705
4753
-6893
-1659
8069
-5685
6836
-4825
7190
3288
8511
3706
7781
-9671
2946
-5617
5877
7249
6652
5022
-1646
-1734
-7661
-3682
837
634
8022
308
6347
7287
3830
-8027
-5546
3649
276
748
-6256
9924
-9764
-8850
-554
-5455
-5685
537
961
3268
3113
-7677
-7969
-151
357
-3955
-1367
-5205
2115
8782
384
-2446
-5759
2575
9235
-7223
-7213
-7693
5388
1958
-1811
4664
-7563
4043
-8561
-5125
-9285
7595
-3304
-1344
-1685
1226
-7414
7147
-6157
5951
-3888
-6598
-3458
975
-1919
-4910
909
173
-4418
-674
3442
8806
308
9755
-7423
8242
4877
-8973
-8435
6291
-7009
2016
-5452
2104
1667
-978
-4266
7573
-9673
4344
2393
1614
4507
-6306
6206
9843
-7636
2879
-8571
9720
9704
-7442
-1899
-473
-4809
2065
7159
7842
9047
-1234
4189
-6002
2521
1467
-2378
2897
-6093
-3714
-3721
676
308
5371
-2102
-9895
-4094
5326
3709
4729
5166
-8512
3500
6577
-2323
-6107
1741
5101
-2273
3749
-2859
-9022
63
-2922
-6019
-3796
-2679
-9992
3206
9672
13
3304
-5898
1568
5989
-1216
5869
1725
-5368
2967
-9134
7129
-8530
-9881
4614
6344
7327
6580
-686
4586
-25
-565
3480
-1609
-2302
-3853
-498
4287
-4265
2153
1958
4681
-565
-5521
102
-4777
-1799
-9374
3634
1113
608
6279
-461
-6073
-5153
7040
-6935
7743
5965
-4260
5908
6924
9570
2770
-9115
8136
-3751
9106
1581
1282
-4792
-6555
7108
1999
-6690
3214
4222
1660
5891
7953
1377
-2530
2876
-3226
-8742
-9577
-3648
4264
-1400
8140
-21
-1331
5417
5788
7497
-5476
3930
-7487
3474
8445
-5103
5496
-6543
4326
7638
9285
-9731
3850
2357
6230
6645
2284
-308
806
-9732
-8358
8850
-8600
-4096
4783
7181
1558
-8668
560
-1935
2612
-8892
1513
1603
-1039
1585
8248
5785
4746
3098
108
1608
-2056
6524
-9570
4947
-3485
2327
-4038
-8561
-3523
-9461
-984
2727
3498
-836
8020
6491
9198
-7806
-1594
-9273
1169
3241
-6791
3265
1299
1719
5928
6734
6665
8369
-5541
-7218
-453
-4997
-9732
1394
242
-3248
2830
-5375
5905
9790
-5851
-5146
2980
7740
-9327
-1906
2457
1913
9765
-1209
4651
-2843
8164
7941
3057
-6001
-6855
1447
3903
8138
5247
-6372
8506
-2263
5961
5193
-8464
-6420
-339
-7791
8213
9109
-6310
-1951
-5563
6003
-2222
-6178
8442
8390
-7381
2861
-5250
-3715
-3783
-5485
-7018
2517
3784
8307
-1831
-4082
5322
-746
5906
5220
-9701
-1559
-1093
-2717
-6909
-9839
5634
-194
-9997
-820
3526
-4421
-3122
4545
-7991
4403
7532
-4571
-6238
-9002
-5968
2023
-5951
5286
8773
7595
8750
-313
4316
347
-2266
-3642
-2260
7552
-375
6531
670
4226
-679
-6425
-7003
4507
9366
-2178
8585
9551
6189
-6232
-383
8275
-6546
4883
-6560
-7892
3330
6730
7615
981
-8593
2407
-6726
4583
-3897
-5778
-7361
4704
8695
7933
9145
-6527
-8072
508
550
6602
4752
-4128
5041
-8358
-5386
1119
-1976
6384
7844
-8982
-4789
-8078
4476
-2644
6753
-3535
6130
-8940
8976
-5823
-3068
-6444
6191
-4149
1905
7327
3359
1875
2142
-5694
162
-9778
-1983
8577
1030
2559
715
1606
-5529
-3159
4123
-1275
7631
5155
-201
-9666
-2711
-8223
4675
5521
7908
-5463
9779
-7624
4948
4246
5155
-2611
-4454
-4147
6717
9503
-7340
-6546
7940
7566
1942
-495
-8107
-2390
-5233
8590
3775
7498
-2672
4729
-2949
5253
4013
-2912
-6289
1321
1765
-2494
6025
1561
4891
-708
-1221
8835
-2801
7659
-7517
9943
-3739
-2504
-541
-9659
7246
-2069
4813
-9660
2553
4770
4169
5053
3468
-3372
5438
144
5609
-9870
4488
8113
-3679
-4559
-2564
6356
4889
9228
1338
-359
9607
1350
7047
-4230
1836
-2091
-7698
-5219
233
-6059
-2419
2951
-5024
4774
8736
1423
7407
9063
1805
-3335
-5800
-7771
9444
-1800
-7658
1524
8189
4060
6470
609
-8528
5511
1029
-5476
-1986
8
8109
6841
-8771
-4197
250
-9934
2362
-9483
-7554
-4038
-6548
-5070
-6070
-4131
-1247
-9552
-5658
6193
5694
-6449
7072
-1539
-1488
1274
-1369
-8386
3431
-3746
4788
-796
3084
-9072
-8707
6127
8526
6412
-7435
2168
-3951
1008
-6218
-4231
-4394
8855
-8091
-688
-4164
-9214
-954
2623
2343
827
5636
-9606
-5118
-2241
-1577
8957
-2634
5301
-9274
263
-7551
-3590
-7628
424
3582
4335
9954
7052
4882
-3162
-4559
-9634
-1367
-5935
-4521
8575
802
912
-6579
-1957
5768
7431
902
8637
-2570
4445
-1891
-4208
-9502
-3359
5162
3213
3954
-4816
-7388
-7053
-1376
-8372
3740
2015
-4257
-7300
-2390
6020
-5939
8179
-6688
5798
2393
-6377
3470
-8504
4827
4023
242
3027
-7437
-6704
-4960
-6640
-7509
8702
-9524
-2056
-9604
4322
-2198
8433
1613
4650
4725
-7431
-8101
-4850
7085
2026
5541
-7073
-6559
1465
-4802
-7946
-8029
-485
8560
-7662
-9333
4709
5180
-9767
-8838
6997
-6065
-6870
-2436
1462
-452
-7709
3638
2839
219
5294
-3579
8937
-7380
4157
7388
-3033
-8646
7129
-9598
-1232
-4666
-8540
-4056
-7039
-6395
-1238
-3146
-1728
-7398
-9410
-7029
-4392
8851
7824
6092
55
-3484
-831
-8828
-7649
-5801
1217
-2946
2248
8518
-9826
-9702
7544
-9348
-1791
132
-5237
-8038
-4130
7163
7722
-856
-2506
-9433
-9298
-8595
-2028
1038
8935
4643
8096
6417
-4598
-1605
-8520
1106
-5096
-8600
-7399
-7180
469
-6415
-4570
6895
6058
-4440
-1848
-9211
-8541
-1530
-8709
1704
4507
2763
5618
4709
-3369
-5446
-2739
5419
6857
-647
-5456
7175
-6686
1043
-5800
-3197
522
-1945
672
-4582
-3914
9964
-3557
9595
2446
2998
6337
-4966
4070
-5953
-1765
-197
6292
-8943
5157
2744
6695
8567
-5971
5324
8143
-8327
6062
6582
1932
1231
-1611
2892
3129
6208
2
-2134
-2414
-69
1250
9990
7835
-8457
5954
-5476
8050
2464
8245
-5247
5897
2430
-2667
5544
-7391
6780
-8562
-6552
-6652
1735
4126
-6417
1662
-7207
5029
-1217
-9231
5262
-9273
-2740
-137
164
-760
-8127
6975
-3193
-8964
-4123
-7949
-1205
1033
3970
-9568
-5173
-5691
6841
-4
3883
-5355
-8098
-2748
8343
-4064
3635
7097
4504
3987
3110
-8006
-5433
-2569
4956
-2899
9226
5688
-711
-7125
-5605
9603
-7460
-2917
-2445
5919
4919
8977
3238
-9303
8077
9075
-7915
7294
7200
8427
-2369
-5163
-4473
-6048
-6540
-6498
594
-9747
-6957
-1960
-5232
7982
7299
-4468
-2402
9424
9690
-8994
-5567
6723
-228
-9066
-7506
5728
4519
-139
-6893
5203
-2926
2019
6892
-4940
-612
-8731
-1069
2105
-4516
4371
-8451
-6617
-7933
-7782
-2645
-6445
-3506
7220
-9617
-2771
7129
8548
4914
-3198
8507
6985
3925
8354
-8936
2931
8112
3610
3245
6962
6048
-2928
-778
-7761
-569
6323
9804
-9433
-2394
5897
-780
-1424
-6138
-7938
6571
5089
6826
200
1863
-5877
-3724
4170
-9797
9003
-3578
-1822
-1145
9542
-7229
5207
-242
-4943
-1933
-5038
-2313
9086
6736
-1414
8841
2255
-9743
-5741
-1191
-604
4252
8020
-7833
2092
5352
-7758
7174
-3202
-9831
9908
-6307
-2234
-9997
-9536
5741
497
-6393
153
-1605
2265
-5253
1061
-9731
8041
4066
8438
523
3365
-2599
3424
9591
7162
-7368
7973
-6765
-9468
4671
5883
-5266
8257
1045
-2059
-3591
9052
270
7833
4963
9018
2898
3929
3098
-9311
-7703
5551
8446
-5614
-4398
-5990
-6094
6973
-3517
-6100
-5085
7336
-2438
-7112
-8992
-2518
6207
-3278
-9344
7704
8012
9087
6684
7060
-6961
-2994
-8901
-7555
-165
-5891
-2836
-3639
2013
-7956
-3098
-8113
-6024
-1887
-1545
-7191
-3678
4050
1921
-4547
-225
-7605
6809
9954
9636
-3291
8195
3033
-9572
-4215
8751
-1560
-2538
-737
-8199
6821
-1233
-344
-8047
-5576
-4502
5242
8391
-9317
-5300
-7365
-2498
-6754
-3566
-6433
8442
-4683
-5037
1783
2196
-5744
-1680
2791
-3267
8978
626
5859
-2224
-524
6295
8227
-9260
-7327
-4739
102
-4344
6317
123
7024
2414
5139
761
-3762
-1606
-8241
-6141
-9540
8539
-3883
-6967
-1959
-2339
-3457
7411
3543
8251
4420
-2493
576
2448
2066
3775
-8570
1953
3408
3412
-2552
-7489
8517
12
3189
-2477
781
-9727
1707
-8442
-7794
2511
-7547
5608
8818
-6622
-2737
7644
-3111
-4044
-6089
-1158
-5798
-5775
-8495
-3821
4411
-8696
7822
9816
9766
5052
-8221
7663
9392
-1541
-4025
3440
395
7418
-2817
-1891
-1339
-109
-5764
-9006
-9474
-2369
5830
-2260
-516
7239
-6120
-8902
3015
5714
1262
-8441
-8369
-7372
4487
2763
496
6022
1839
6234
6308
-859
-2847
8540
-9239
8566
-3877
5046
3308
-3362
-6389
-3005
-4439
64
-7376
-7089
9119
9902
-3357
-4380
-7849
56
2477
7243
-2301
-5639
-1519
-2288
622
-7231
-5902
-5022
-4881
7950
1126
2726
8336
1523
-3535
-2596
-7861
6871
6758
8247
-8682
5289
7749
-5310
4354
3478
2926
6047
-4856
9412
-633
3644
-9592
8278
-826
-9169
129
-2621
-6740
8067
9573
4173
-6113
-8486
1631
-4873
-1491
-724
2603
-1079
101
5698
3839
8093
3873
394
-485
1757
9237
6
-4787
-120
-4558
9687
8623
-941
270
3674
-498
155
3077
-5900
-6786
2320
969
-4175
-5652
-6547
-184
-9493
4807
-449
8789
-3105
993
-223
4040
6621
9951
-7165
2356
-4576
-487
-9604
-1352
-4683
-5239
-4570
3170
8269
-3738
-5300
7101
2307
-458
9155
7388
4852
-1667
-5430
-8986
-7744
-133
-4135
-88
3952
5961
4865
5223
-2100
-5212
9569
-6889
-7384
5309
-4239
-6828
6351
7722
2324
304
2819
3919
-7017
8024
-3596
158
470
728
-5603
340
5474
-886
-488
3852
9159
-4414
-8912
7075
-8877
2888
4283
-3095
7574
-3352
-4935
-4018
9708
8450
4463
4261
9006
-4411
2292
-1206
6246
8145
-369
1683
-8633
-7635
-7374
-8892
2311
1683
8795
4563
6082
6078
-9802
5466
-7524
3313
7986
-1643
2322
2054
-4698
6206
-3868
774
-6988
2921
-2978
-7191
6970
8390
-6889
-1422
1785
-156
2634
6174
5303
-758
2361
-1674
-2190
418
-7178
6546
6042
-7845
-1721
-8398
-5905
-9455
-3787
9469
9685
-2191
-2105
3386
-8730
4118
-595
-8810
-5150
9925
-9302
4528
-2331
-5614
-634
-8449
-9545
-7745
-4445
9844
3543
7836
7109
185
3608
-1792
-7761
-2983
1633
-7534
9581
7117
-5530
-1434
5204
-1343
2474
-5584
-3120
9899
-8348
3459
6279
-422
-1086
1114
5016
5738
8607
-4691
-3897
556
6466
-2731
6099
-2516
6483
-3530
-9557
4659
-5178
-3634
6246
2938
-69
3440
9701
-8110
2630
-9843
-6155
-6061
9007
3867
-1536
4407
3492
3319
9936
6113
5176
-6623
-9175
2739
-5200
-4228
-5607
-970
621
8219
-3378
6086
-982
9105
-3059
-5170
-5422
1171
-751
-1003
1370
-4176
1560
-4864
-701
-9784
701
2703
-5620
-5601
-1363
-4573
-4448
8415
971
-1580
7011
-887
6500
8134
-392
-2728
5081
-9805
-8437
8239
-8326
8726
-2572
6952
-7488
-9126
-7275
3100
1879
5352
839
2639
4797
-3501
938
3632
9638
5664
-4963
6946
3824
2709
-7081
9419
-9729
7506
7546
930
-9851
-5554
-4904
-114
-8180
4072
-8443
-881
-884
-3810
6479
3329
-7263
44
-5873
8189
6231
-538
9577
-3484
-4516
-8615
-1926
5757
231
8894
5904
5911
-9502
1750
-2662
1473
-4440
79
1227
-2941
7887
-8601
5484
1734
4113
-1555
-6306
-1251
4895
9433
-8999
-549
7280
9153
-101
-2219
2719
4955
3047
-2214
-7256
9226
9172
-9546
-8957
-3440
9105
8074
-1895
9456
9755
-910
-5637
514
3745
377
5409
9466
-1418
-2900
-911
8990
-364
8730
1074
-4855
-3773
-990
7983
-8648
6865
-7159
5646
-810
175
8822
8336
8321
-9482
-2295
-8803
-3896
4859
-3535
8847
-5193
5460
-5672
3432
3195
-2453
-6419
-4828
8668
9774
5667
-5087
-4390
1323
-635
-3604
-8715
3579
-7075
1438
-2955
-4687
275
-5661
1054
4596
-8829
-5022
-5067
5945
7501
-2957
-4081
2128
2885
5125
7382
7171
7038
-6464
-4902
-1894
-9758
7122
9301
2217
-9770
7493
4364
-8378
-8739
-73
3864
8365
9696
-9902
-3471
4901
-3284
5917
-5904
-2978
1006
-2735
6058
-4089
-4595
-6078
8589
-4096
4544
5364
5110
3955
8890
-3794
-1993
6421
-5390
9720
-2616
7276
-6383
3004
9820
-6635
5856
6660
5328
-4458
2463
-7103
2924
-4495
613
6067
-1315
-2606
4102
-3389
-744
-8658
3246
2725
-4695
-5962
6980
-1522
4300
8673
-5960
-2564
8430
-5432
1354
-6813
-6881
-7090
6724
-6332
-7554
-7390
-7152
1673
1045
-8124
590
-261
7737
-4448
1335
1024
-3079
1834
-4452
-5814
-6552
-3394
3002
8
-8550
-5247
7012
3065
-7332
-7991
-4265
4816
5065
4379
8190
-4790
-8004
6836
7398
9939
-893
-3602
4757
848
9774
-8965
-1262
7678
571
-1294
-1439
-4901
3061
2413
2523
8233
-1124
3221
-9243
8065
-543
3406
9664
-1180
-5039
7602
5282
6553
-9713
6405
297
-1666
-8623
-8293
-835
2874
9823
-7672
-4795
7139
6878
-5041
6918
2673
598
7567
-1737
2932
-8526
-2247
9107
-1767
-2603
-9272
-3180
7528
-7312
201
-5890
-462
1645
-4137
-272
811
8228
-5204
-7288
-4706
2099
6327
-2200
1148
-9781
-7554
3011
-6166
-6530
-1996
3995
9592
5946
8818
1913
-5775
1499
656
1193
-2057
3924
2353
6986
-7851
1949
-8949
-1862
2758
-6360
-3503
-2668
-4327
-9020
-9511
9005
-4759
9125
8431
3721
-1184
8721
-138
8841
-5928
-8322
3033
7422
-1649
1295
-926
2982
-1145
2632
5864
3343
-3225
3704
-9598
-5001
4054
-9637
-1537
-7466
8132
-76
7711
4409
4202
-7252
3532
-9898
9224
-7533
-2932
3546
-7877
3908
-7866
-7939
-5949
-7254
-5079
5392
3465
3603
1557
8759
-7430
-3178
6132
2802
-4644
-4463
-2350
8452
2235
3209
6897
2189
-7243
1950
8622
-6716
-6901
327
5524
7138
8079
338
935
8911
-7787
3468
5577
9984
-6592
-8601
9173
9774
3330
578
-3847
1842
2611
9341
-1701
5525
-6261
-8693
601
-4108
-6048
1883
5509
-3637
7870
-8466
-7471
-6937
6866
3185
8768
-2022
8878
2985
-672
2701
-6121
2679
-9752
1892
3978
3298
-9740
4943
1409
-9686
-8579
-1053
9645
5507
4502
-5825
2541
4538
695
-6888
7252
-6817
5450
7587
-5749
7034
-3571
-791
-6080
433
-5236
6019
7270
8364
539
8305
-3292
-1677
-1465
-6456
-9601
-5140
8223
1727
437
212
-3501
-5301
6266
-6660
-6510
4429
-8555
-5752
-8458
2593
3403
9041
2495
-8664
6453
7152
4095
3612
9001
-2354
2363
-1108
9228
7247
8790
45
3095
-9389
-7639
2899
-6593
8330
-1305
-3710
4750
-7192
4760
3421
3100
5650
-5520
8349
-4152
-4998
-9405
9611
4803
8816
-7856
7504
623
-4699
9541
5024
9452
3486
7549
8969
9879
-2473
3618
-5432
-9778
-8221
-2503
-8842
6364
-2715
-2868
204
1945
-3901
-5894
-675
-8958
-7898
-9147
-1225
3730
-5564
1238
-7732
-906
-496
-2263
3622
9519
9068
6099
8867
-7260
5605
3251
-5045
-1666
7458
7150
1019
5682
5390
-2517
2758
306
4406
1774
3848
-8907
-9001
4314
-311
6178
4623
3901
4501
9695
-4078
-1490
-8041
-3541
3621
4274
-3038
-1598
-8481
6951
-4157
-2735
1706
-7846
1496
-1346
-3392
790
5682
-4486
9577
3499
-2135
1192
-1396
-4515
989
486
-5438
-3778
2845
2019
-5699
-6340
-8205
7363
5972
-4840
-226
-544
-9099
-3967
6235
3569
6096
-9313
3372
-6424
-3854
-3817
-7661
-1292
4846
7252
-3831
7604
-6065
8144
-5285
7932
7298
-2903
9781
4701
729
-3987
6552
-4238
-4902
-7454
-4906
7774
6071
-402
2637
-8655
-9106
481
4999
-1274
8305
-2914
1437
9966
5657
5273
-7784
-5516
-452
6644
-6227
2787
-9463
-5743
3972
5472
-1341
2052
-4246
-3001
-2399
-5112
62
-228
-3435
9733
1962
-2684
-8935
9062
-5891
8902
609
3227
-6279
6603
-6977
8557
-2435
1368
9523
-1279
-3444
-4860
3790
28
-7883
4581
-701
-3493
9905
8740
9406
3110
2474
-7845
7975
5825
1891
-9345
2381
8633
-5128
2827
-7406
4875
2956
1078
5293
2062
7350
-6657
-9331
-2397
-1256
-4548
-9862
-78
2438
-8907
-9656
-3998
816
5972
4080
-496
-500
5799
9031
-8453
-3536
2631
-6218
-8218
-2269
-7441
-1047
6591
1205
-6469
-3115
2416
-7248
-6419
3083
1201
-9277
-387
2614
2637
4182
-8569
-5925
1882
6659
-4317
-2535
4025
-4358
9237
-816
-1314
-8282
632
-1071
-4363
755
-868
-5042
1868
9704
-981
5978
8118
-8543
219
9700
4014
-5504
9098
2457
-5202
4933
6037
-5788
474
-5728
6671
2102
-4619
8911
-513
7230
-2550
7140
1837
7797
-5721
3825
330
1989
-7595
8542
-2370
1944
2246
8368
-5635
4887
9050
1917
8135
7910
6850
3948
7749
8275
3013
3648
9879
7077
6314
8951
-8925
9171
7763
-2582
3930
-6359
-129
2916
-2
4021
-5207
-4188
-4865
3605
7661
6117
4246
4694
5678
2572
738
726
1574
2573
8212
-1857
-38
-4601
-7913
6970
7720
6978
2953
4356
5531
2896
5091
-7203
-4190
8574
1382
5744
-4323
6964
-8595
-2582
4712
-7471
-116
-1580
6191
4200
-3478
3513
4107
-1408
-6624
-3633
-9285
5042
7539
-7266
-5978
-3487
4995
-9629
-5429
-9029
-7796
5136
-5352
3867
-6143
-9675
8891
1015
-1510
6532
-1443
-935
783
2980
-74
9297
-6308
9870
8255
9962
-5978
-1021
-8074
9922
-6496
-2667
3210
9752
-8599
5780
8545
3930
5112
5703
6487
285
-1501
4180
-5829
-6780
-3806
-8644
-6293
6869
-743
-2367
773
-1727
-5111
7008
-7729
-8811
4675
-5950
8205
1411
4170
-2850
-5476
3106
8206
-4858
497
4399
9499
4061
2975
-6154
8072
-3919
6167
5960
-4851
-9644
3308
-9025
7439
-2817
-4957
4813
-6748
876
-9471
4258
640
1542
-3350
-111
4764
718
-4232
-4724
-1382
9983
-6951
5429
4108
-6361
2279
7543
238
-2779
-8691
-8993
-2603
2298
-9842
8575
-9745
-3075
4293
1932
6609
-3795
9485
-5489
-7925
-1309
-8946
8787
-2975
3150
280
9910
3555
-7664
1639
-7057
6579
3623
6029
1670
9004
-9317
6087
-5023
-5540
8413
6760
-650
8953
-6118
-9707
9614
-8660
-4576
-1172
4233
5827
840
4586
8579
2166
4254
227
-878
5253
2613
-6875
3706
5340
-8108
-4599
2815
-7360
-4699
3579
-4368
7081
-8337
1149
-3366
-2259
-221
8158
3137
-7991
-1154
-6151
-6918
-498
-1989
8913
7727
5043
-1120
-5440
-2034
-1837
5058
-6576
-6030
8409
-2205
4191
720
8146
-3141
-76
3495
2510
-2964
-1519
9364
8750
2517
-1899
-4620
5869
5711
7599
9334
9053
-9565
7012
-2792
6824
-2071
3498
7760
-5742
-557
