-776
5195
6657
8951
-8485
5269
-4273
5535
-7914
676
9395
8672
-6605
-6135
-9014
-5976
5098
4429
484
-3422
-6442
-3755
-2958
2209
-8527
-1097
930
-2232
-2550
-2483
-7669
-4479
-2246
-1181
-2877
-5679
-7036
9179
1990
-8551
2429
-5595
-4208
-148
2655
8090
-2554
-8917
3786
9764
2050
-8392
411
4597
1435
1679
5286
-9009
-9771
6282
-9371
5811
-1749
3255
-9102
9487
4524
8115
8869
-8539
-4540
-3528
9256
1435
4921
-5387
5815
7620
-2760
4567
-8886
-3977
-903
6382
2288
152
-670
-8569
7593
3263
-375
6490
1122
-3599
-9471
-1147
-2811
8183
-9671
-1622
-9668
-8298
-2508
8583
-1639
416
-7439
-9598
-4438
7377
5838
-207
2090
-8089
-3985
6906
1816
9580
2511
-9509
5195
4773
-683
-714
-2543
3016
-1358
-132
1909
-8110
-6485
-8498
-160
334
3628
5369
-1271
4795
1130
191
-6109
8339
-3281
-2310
8749
1193
-7105
234
-6695
7548
-9264
4254
6231
1345
4941
-9388
9587
9703
-588
-7536
7593
6606
-8898
8727
68
-3739
-7520
-1387
-6306
-3702
-2626
-658
9729
3222
-4727
1978
4008
-426
6863
4381
-2788
-766
-4673
4254
-1502
-771
-3743
5652
-7746
-7428
-2103
-7722
-6118
-3722
4783
3236
4570
7599
2927
-4802
1883
2490
2121
-6944
91
-2387
3328
2883
1452
-3433
5073
4622
6822
7019
7412
-3716
-1238
6428
-6582
7978
-2885
-247
4226
-6282
3684
943
-6628
9643
3249
6280
-7450
1756
3136
-4582
2170
6330
-4964
-2247
3603
-1706
4246
3345
-5688
-5481
1600
-6700
-7069
-3171
4360
-5370
-6897
5298
4570
7158
-2766
-6723
3833
-2411
-4706
511
-1549
7210
9784
-6182
-720
5815
8986
8805
4669
6177
-1805
-1079
-8782
-6246
-4223
5246
3700
6843
-2630
5534
-257
8928
9627
4629
-1900
9264
-7633
9657
-7341
-8646
-2755
-4098
-4735
1164
-4456
2120
8823
1285
-6242
946
4163
-7922
8780
5018
-817
-1144
-9681
-2960
3684
-7657
3473
-4673
-3047
-5800
-1253
1202
1834
9428
-1950
-4493
4609
2761
-6148
7609
-4341
5044
-9062
8531
5684
4693
-1367
-2295
-7617
7503
5329
6869
4119
2442
8973
7929
8800
1560
-2843
6471
-8345
7652
-2353
1088
25
4433
3660
3625
-555
9192
-2565
-2952
7131
7165
3998
-6613
-6612
-192
-4347
-4233
5496
-9629
-68
-9747
1607
-4909
3844
-1722
-8189
4708
3850
2392
2533
-7210
-2645
6324
4145
9639
9644
-9118
-2010
4910
5173
4982
6551
5035
-4705
9609
9504
6733
9022
1361
4141
4601
-9791
9469
8994
1151
-298
2674
-591
-1036
-7947
5543
-4528
-8861
-8541
2543
9721
-6142
-2325
1905
-7608
-3147
8294
-2264
-6684
-5644
6396
-5132
2862
4908
-6887
-5374
-7844
1724
-2332
1
-933
1581
-519
2887
4546
8781
5918
-9240
45
1739
3193
-9096
8461
431
-8785
-3470
178
-9614
5580
-313
8706
-8241
1299
-9970
6309
6298
3388
-1437
3436
5211
1922
-1394
9655
6889
7298
7731
-1106
-9525
-1369
8073
-8370
5333
9042
1684
-9085
-6549
-2374
39
1639
1225
-691
7355
-9841
9619
8392
7405
3608
5318
6724
7068
7360
2597
7056
224
-6112
3014
954
7849
-9030
-9721
6708
1470
-1624
7572
-2867
-7482
656
-747
-6819
9272
389
7311
-461
-2575
4816
1902
-5636
-7026
8181
3563
9142
-3508
5256
-5642
-851
2530
-3624
8616
8759
3657
2502
-4730
-1635
9762
-6531
5426
3336
2768
8408
8645
2843
9450
-1203
-3351
581
6869
-9817
-2823
-4717
-7046
1123
-6653
-741
9600
-4036
-3741
-3908
-9255
4016
-5041
-6863
-2344
1322
-5355
-4128
2744
8690
8002
-1050
-3046
-2079
-4891
7265
-1163
-7619
-7182
-3766
6097
8941
-8509
8276
-9111
1724
3580
-5764
-8168
-6469
9832
9672
-4187
-6266
8801
-4714
-7378
3625
6869
3928
-746
-9333
-2138
-1098
-5679
-6738
-5317
-4623
1504
-6837
-7727
-431
-6836
3154
-8765
-9651
5622
-481
8551
-1404
4894
8259
-8806
2298
-4395
7641
-6536
1988
-507
1073
555
8526
8189
4605
-499
-8099
5009
-6118
1598
1276
754
7106
6212
1865
4627
-1747
4859
-5108
-9542
4622
-5338
-9098
-9691
7624
-8412
-7004
-3170
-7347
-2488
-8008
6256
-6570
-7734
1651
-9659
-7319
2172
3757
-9991
8445
8410
-2021
1575
-7622
-9889
-5905
4733
-6287
9799
-8584
-6716
-6119
-4119
-8327
583
7379
2668
2943
-5467
-2666
-8473
-3667
-8937
-4462
-6300
4253
-8464
-1235
-5766
-6907
-4315
-4765
3089
-9203
-697
-913
8257
5111
5388
-7074
1123
8915
682
-2207
828
2916
-84
-9513
-7767
8554
5838
7599
6350
-5857
2146
-3245
-9754
7991
7700
-7818
4999
-6064
-9033
-9781
7789
-4324
-3108
7742
1777
-7435
-3549
-2100
-6179
-9580
-9988
-8401
8997
-9833
-4069
2271
488
9431
-8878
4014
2993
-4388
-763
-766
8736
-1223
3819
-5513
-6804
-4470
-7691
-5174
4140
2157
8743
-4490
3101
9400
-3149
8497
9908
-933
-8003
4014
4105
484
3156
-9732
-9102
8679
-2163
5281
7760
1415
-5460
-1934
5060
7483
-2689
1508
-1918
-7647
-3949
-5443
404
-7357
1676
-3052
788
1775
-5847
-6497
-5127
-4941
5236
177
-421
-4516
6582
3893
-6778
-9779
1685
2420
-2465
3359
9698
-8917
-8243
6477
8161
6002
-7977
-3443
-1712
-6227
1138
3571
1807
3233
5525
7740
-4282
5886
-5315
2419
-4147
-352
-351
-6115
-8578
-9245
-7498
-1949
-9798
-2741
-3849
5333
9231
-3856
-4544
7566
3133
-8974
5119
-4581
7758
5138
9348
5050
9050
-7636
8848
3570
-7825
4959
9893
-2767
-6463
3352
-6282
2804
-7249
9854
4459
8002
5653
988
-8548
-8066
-4109
-4065
-8494
5749
3115
9453
-4070
-3708
-6862
-5093
1149
762
-28
-9055
4362
1804
828
-1973
-2008
6207
2991
8859
4933
6742
5946
-8944
983
4711
-8138
-2980
-567
7324
3177
-9734
6926
-153
-2290
7278
-6747
944
-9424
142
2924
1001
7257
-371
1466
-6918
-3379
-9106
8817
-8519
5935
5440
-4194
-8522
-7151
972
-3927
-5668
1320
1757
-1251
5837
1078
-4141
-5516
5020
2085
-7374
9352
3933
-1597
3796
-979
6498
837
-6940
-1566
-3501
4554
-8909
4270
-8276
3707
-1068
2474
3474
8845
-6215
9587
-6648
2381
-6216
1752
-7721
-7758
6351
7811
-3190
-2228
-6514
-7964
385
-7912
9863
3705
-34
2643
-1489
-6803
6927
-8167
-3263
-4393
6583
-8246
6134
-549
-455
-3390
7841
2112
3467
2060
-2261
8003
5404
462
-6422
-6761
2089
-4319
2589
-6642
3135
6406
-5772
-6234
-552
-3013
-1509
1269
6533
1022
4833
-5071
9309
4826
8970
5906
3160
8906
1498
-4408
2345
-7592
-6441
-8186
9046
8242
-3115
8756
2217
-7890
6375
-8012
7682
-6251
8406
7598
-9766
-9937
9143
4732
1285
-3669
-1021
-2332
1830
-4379
3864
9588
3909
-3147
7389
-1547
2769
8144
2095
2706
-8467
8957
4090
-156
-8131
8971
-5801
6370
-2245
-7878
-2434
-385
1273
-747
3583
-8850
7961
3649
-427
5128
6257
-8300
1577
-5541
9953
9876
-4852
6675
2850
-2762
-7990
6660
7568
-8771
8622
6329
1934
1155
-2715
-3273
308
-5602
1134
-2903
-2166
6310
5963
-5899
1816
-1252
1798
-621
1181
5769
2361
-2457
2272
-7747
9443
-9422
-7188
803
9471
-4805
1255
4160
2796
-3178
9261
9162
-2154
-5637
5669
2756
-9733
-3831
-7143
7709
6746
9990
9765
-7766
5486
-1966
-3901
3563
1480
-8126
6871
-1676
2513
-6808
7234
4878
2098
-9036
4866
6414
7219
-1177
7762
-4902
4110
6333
9990
9313
1229
-9382
-5120
5442
5624
789
6047
-6230
-7404
-8592
-5168
8368
7220
-6274
8581
-6722
3291
6653
-4148
-6290
7790
8348
-6090
8635
-7222
1905
-8095
-6042
7796
7281
2847
2011
-4725
-2959
8342
-1105
-3904
-9741
-408
-4686
-5476
-8985
-6416
1597
1416
5912
-7359
4463
3462
3484
-4160
-2976
3467
-1311
9393
5241
5565
7080
7405
7070
-8420
-5047
4276
-6986
-6258
-7315
3994
-1583
9406
8786
-8768
-1931
-8600
-5975
-9499
6703
-2461
-3185
-7082
-1873
4246
-6943
6437
9944
-2195
1044
-2945
3968
7644
-89
5315
-2857
-6443
8938
-9823
4893
-2127
-9209
8311
-5742
-3852
-1584
6398
5765
-8096
-4516
8930
-8993
-830
-5713
-6853
2697
-5983
2696
3439
-2213
-6825
-2679
8038
374
9195
22
2411
4724
9355
1597
8093
8539
4730
6565
3192
3614
2758
-7235
-3595
-3752
-1666
-1971
6614
-7942
-7094
-9436
-4792
-1330
206
-5841
-3780
252
6139
-3336
-1013
4838
6496
8209
1229
-9006
-5938
2103
-800
-3003
-885
-8133
5310
8090
7832
6495
3851
6461
9844
-892
9089
2010
2437
-7967
-4342
9196
4228
-6816
7595
7921
-3491
-4591
-7686
2061
-9079
-7249
9739
-8115
3034
-1559
-5313
8268
2666
5643
-7724
-9109
1859
-505
-4533
3228
-4957
-4306
-7257
5954
1677
4428
3063
-3620
8217
-9809
4394
-2909
-7948
-7452
267
-3072
-4928
2543
7335
-4107
-4816
-1195
9707
4347
732
-8463
3989
346
-6100
2005
53
401
2576
3500
-8622
-644
8782
-5803
3931
-9208
4778
3662
-3428
-9675
-7936
9821
-6786
9728
-8190
-6331
3318
-4743
4550
-2960
312
8910
-155
764
4766
-8402
181
9055
7540
-2094
5472
-8299
-2029
5375
4885
-9781
9141
-1723
1036
5283
-6551
-4885
-7379
-6474
3019
1715
9374
4222
7884
2057
8867
2619
-1760
-7407
-8753
-1170
6940
4495
4486
-1262
-5020
3441
-71
-9854
4898
2684
-8806
-4101
6402
-4464
-3209
-5553
3577
-5354
4345
-1525
-6908
6049
-8062
-4227
5609
3419
-4530
5347
9537
5703
-7919
-4919
5223
-8645
-5050
-8492
-2085
-6344
-5410
-5922
2959
5665
-66
-8399
-7735
7139
3695
-7735
-145
-8484
2186
3401
-5487
-9084
8110
8296
1439
5098
7698
3827
5026
-5197
-5950
-8523
6269
6370
-955
-2096
-3068
-7729
4591
-8651
-2491
-7780
4407
-8553
0
-7247
-648
8379
-8080
-5203
3183
2308
4307
1005
-5355
6346
-9171
8330
5698
8845
3064
-454
3877
6927
-5288
-7871
4214
-8633
-2716
295
-8738
4862
-5059
5177
-1807
3529
-2572
3950
60
-735
-8251
-5407
4684
-207
9357
-2838
-7819
-2799
-2443
7877
1292
2382
1982
-9329
-3798
3161
-5152
9721
2174
6082
4366
-5767
3448
-8833
4745
-1502
-7002
4727
5879
4453
342
-657
5938
5896
7752
3282
-1488
5947
-8416
-5610
-8219
-3097
9441
3219
-6162
5595
-9704
506
-8011
9058
-2398
-2572
617
-650
-7751
7584
-7892
5214
-2499
7827
7965
-2881
-9399
-5015
8687
816
8305
6909
3342
-4038
154
-7807
-2776
-1506
6577
5020
-1081
4071
813
-7146
-9402
271
69
-7597
-6505
4476
-5561
-8656
-5332
9402
4093
-7133
-1903
-1652
4216
-2599
6678
4598
759
-3131
8767
-7659
-3842
-1516
-190
4843
-2367
-6940
860
8249
-7397
3331
-4858
4192
-7872
-5740
-5176
561
9634
-397
-7131
-4096
8891
-2420
374
5361
-2937
7530
-5580
7396
4169
624
4749
1206
8297
-4503
3323
7632
-3983
6712
8313
418
9113
1031
-9026
9783
-8394
-2890
-6059
-9255
-8021
4745
-9818
1081
-5822
8278
-1964
7151
9440
-5170
1917
-3028
875
-7173
5830
-2420
3044
-9200
-7306
-8250
-2869
6247
-7500
4294
-5835
-6097
7272
-8328
9011
4966
-5542
3692
-3025
2511
-6125
1217
-8662
-5963
9966
7592
-424
-524
-925
9415
7640
4636
-1038
4393
3527
4240
-5531
-2491
4007
9727
-8769
145
-980
-2919
9795
-120
9286
9137
-145
8046
2654
1161
-7223
4247
-1543
7735
3673
6059
-4986
-9154
6918
-1521
-9297
6422
3303
67
-8807
8495
8132
-9627
7688
4205
6309
-2421
-7342
1584
8238
-3652
857
-7543
-2193
-8278
4578
5101
-7458
-1114
6978
3710
2182
4605
6698
-585
6148
-6791
-4889
-7455
-1387
9238
-1776
-7602
-2975
976
-3776
-2696
-8199
9877
-5421
-7531
4799
-7307
-9834
-3512
7990
-5394
-2584
-8461
-1586
8778
-6375
-1202
691
4343
-8194
-4214
-2162
-3091
-6314
-6651
-4306
-8057
1853
3001
9142
967
8477
-9774
-8955
8202
4252
-3715
-3844
-3546
1685
286
8495
-1191
-5527
374
4512
7525
-3056
-6570
-9296
-4322
8244
7717
3670
9150
9463
1883
8253
1032
-197
-3467
2919
-699
-3607
9669
4581
5146
4735
5261
-6015
-5597
-8637
2240
2490
-6514
8792
-2763
-3525
-787
7773
-9566
-4295
2901
1335
7957
4901
-7495
7867
-7455
6022
-5529
-7405
-9141
6282
4013
-8359
6865
114
8146
-5466
-6624
-4845
-6647
9561
-8600
-2263
2002
-8244
-624
-3033
-7453
-6726
174
1979
1627
9756
4394
-8469
-9893
-8838
4073
8934
8779
-3724
-8068
7881
-6050
-3571
9187
9678
4455
-1070
-1245
5867
1529
2370
9667
1774
-1347
6685
-4807
-1802
-6683
-2084
7964
4939
1613
8172
4992
729
5291
2111
-1314
-1258
-7370
1749
-5226
6530
-4320
8494
-3408
9029
3768
-3022
3713
-8225
913
-8907
-5537
-7330
7041
-2807
-7300
-2690
-5227
4995
-3933
-860
2417
706
4628
-9642
254
-988
2595
7135
9260
1635
4061
7192
-2263
57
-3335
-605
-3346
2989
-4419
8787
-7994
-2344
7320
764
8630
-2650
9016
4884
7233
-1114
-4850
3820
3413
521
5999
-5137
-1905
5980
2650
4
8272
-8795
-518
9462
-5317
-4639
-412
1075
-5647
8651
-6719
-8757
-7684
7065
-862
-5102
-3464
-3556
-69
-8637
6568
8608
105
-8091
-7673
1898
3030
-1969
3365
-948
7495
4525
1096
-4113
-9579
8559
-9479
2333
-6810
1387
8452
-2034
6586
-2783
8297
1069
-2968
2741
-9951
-624
2563
2503
-1625
-8687
-1050
4435
-8344
4817
-6786
-5082
1692
-1747
-6899
1001
-6797
6642
4291
-8809
-2370
-3713
1027
-9319
-7491
342
4773
570
5744
-854
-116
-6124
-3310
-5664
-5873
3077
-2646
8610
2852
8907
7520
-2036
-3873
7472
8319
-7370
-9359
-2303
8809
8813
-7302
9631
6804
9106
5981
-4525
1569
-9283
-1472
994
-217
8817
-9686
908
3818
-8653
4429
7226
-1530
-7211
-8832
-4148
7626
8674
-7353
545
-1997
-3587
-9566
-3298
9442
-4138
-4895
-4025
-6844
-356
9607
-6086
197
-8904
-3467
8709
-5383
3140
-3674
-1644
7568
1690
-7998
-6828
4150
2911
7311
3190
-5289
-4287
-151
-6981
4230
-9092
8377
2763
-6883
-7417
3516
-9558
-6376
-5090
-7953
-2558
-3714
-1917
3796
3259
71
186
4918
-9947
9717
-5453
4468
6009
-5167
-4238
-961
-5750
7717
-7451
-958
6094
7220
4141
5289
-7818
4698
-7443
8817
1848
165
-3493
-775
4518
-5917
4531
3910
695
2462
9391
-5813
-5173
-238
-8150
-5130
-878
5344
2844
8646
-7032
-1577
-2839
2646
-1695
4300
-1699
-3405
-848
3832
2205
-7177
-554
-7425
7565
-9630
9621
9188
9781
-8327
-7677
-6778
-658
9538
7588
-2176
-6978
2466
1764
-1361
-9025
9770
9023
-4373
-807
3172
2450
-2877
-1078
-6905
8922
-7113
6594
9745
7860
7883
2897
-8479
-139
2118
3361
1796
-8093
2473
4246
-3771
4048
2394
-2074
425
-7953
8130
-9734
-1120
-4296
-8317
-9467
-8989
-4745
9874
4083
-1023
5723
6256
2610
-8969
-9461
339
2937
6775
-3016
9638
-1948
8949
-2167
-5921
3167
6914
-6167
-4829
-2976
-7211
4921
-3609
9103
6215
-2302
-6713
9272
951
8045
9663
-3654
4508
-5967
-1357
-2065
-7630
8052
3736
5754
-5063
-2415
5643
-4039
6465
8070
-4604
8074
-6811
994
-6243
-7571
564
4077
6116
-1455
-7151
-8177
-2830
94
2722
-2757
4511
-5008
4604
-2329
-2907
1788
374
-9310
-721
-3308
-3075
-4767
-8122
-3277
-7723
-6034
-3806
-4656
-1970
-4189
4475
-3555
5546
4991
-4143
-6830
8943
-4036
-1282
805
1688
-588
-7515
-9281
-4514
-4869
6282
1330
-7747
-386
3711
-3219
323
-6320
6780
-4283
-9964
4961
5797
3534
-5283
-5690
9193
2389
4821
138
8672
8995
-6377
2771
1899
1355
-2361
-7412
-8042
9672
-3374
2951
8753
-3171
2729
-885
-3455
-3031
-9200
-3186
3169
-983
-3948
1533
1529
2646
247
-7894
-5145
-5747
-1439
2127
-7989
5964
3350
4353
6111
7356
2287
-8625
-9671
84
8723
-9671
8984
5424
9762
6357
104
-6984
572
-3894
-3314
-7441
-6112
1827
-4817
-2145
-9685
6326
7913
-4481
4122
-3444
-4997
-3016
-4720
4629
-5821
7158
457
-7011
-631
6268
-1472
8778
9036
-7039
6289
4282
6769
-5277
1873
-4435
2842
-1190
3227
-5425
9037
1791
6967
-2816
2161
66
-5043
-8686
-7032
8215
-647
6621
-4783
-1432
8214
-3102
-6739
-9465
-3380
4099
-8868
5510
-6787
-2556
-5589
-5839
-7702
5811
4602
-9059
9560
-2022
-6308
-842
-9730
-1170
2393
-8565
111
-9294
8178
422
3444
4326
2477
5247
2661
-8037
-6841
-2549
7017
-1465
-3338
-7077
9294
-478
6295
-8595
-2922
-4086
-8801
5505
6526
545
-9189
447
6097
-5346
6199
7075
-1755
795
4079
-9817
6920
9012
491
-2655
-2569
-8929
-753
-8669
-8241
3129
-1709
-9436
-4449
-2233
7274
-2234
-8248
2935
-5624
-3440
-4854
-754
4860
-8541
3402
-127
-11
-2688
-4207
2532
9256
915
8224
-8020
-1390
-3765
6785
6718
-9697
2390
-1167
4696
9644
-6940
-7023
2886
-9133
3476
-8351
-8690
-365
7568
9239
7363
1820
-7231
9408
-4295
7352
-3945
-1285
9909
-6919
-8083
2194
-6061
-103
4328
-5143
6542
-9241
-3339
5634
4545
-3714
8303
9952
-6858
767
8841
2448
-7889
1053
-206
5501
6645
9070
-2699
-6026
-6305
-9592
-4788
6675
-9116
-1285
3561
-8201
-9016
7791
-7815
1865
588
4742
2347
-7181
5750
8400
6811
867
-8923
7916
-8915
-7399
-7330
8577
-9624
247
-5547
7805
-7585
-5540
2458
-9195
1019
-6714
4377
2388
7973
-9496
234
8227
9997
1480
3463
9282
87
-9517
507
-5588
-3022
-1134
-7685
4237
5119
-3306
6614
9314
865
3026
-3298
-5604
-5883
9324
7576
-5474
9254
-5678
7676
3398
-3352
5052
-9329
6677
6025
7223
-50
4108
8224
9487
-7057
-6580
-9971
-7381
-1570
-4866
-8974
1604
-3194
260
-9082
-986
5524
3117
335
-9064
8174
-2842
-8376
-3558
1003
431
8652
-3915
3483
1269
-12
-1946
5868
-1573
3050
-4548
-9109
6590
879
5536
-7312
2479
-3872
5658
-9929
6649
5367
-6037
-856
3259
-2324
-479
-8136
1565
-3493
6348
1081
-4867
-7769
2046
-1243
6879
-7109
-1529
9938
574
-1633
-2738
7765
1748
9355
-7356
-936
5863
-9343
-3861
5129
2088
5078
4504
-43
-2894
-4261
-9543
-6889
-1014
2391
-8829
6609
-8163
57
1668
8817
1498
-8090
783
-141
-4490
-456
-5143
5943
8602
-2101
9462
-1248
973
7818
-5229
5101
-1177
-8672
9289
7564
-7028
4485
-1202
73
-5413
-4489
-9846
7996
-9166
3344
-3111
-8879
5119
6428
-1864
1082
1627
6559
876
-5302
6119
-4118
4874
-5818
4504
-3904
-7493
9206
-4642
5035
4527
5739
5498
-4651
598
2720
2097
2297
100
-9596
-3932
9454
-9159
-1859
1107
-7877
-5178
4447
-8150
1185
4540
-5664
-187
6411
-7040
-9471
-9948
-6145
-7699
7400
-6957
7310
2745
-1337
2161
9623
-6788
-4923
2260
-5368
2422
-4449
8035
-2221
1894
9753
78
2555
2786
-1868
-3528
5919
6200
-6938
619
6195
-6375
5266
-6166
1294
5303
-287
-6475
1230
4521
-4694
-6582
-9868
-8966
-16
-4209
-6753
4566
-1510
1384
8007
-2043
2410
6277
9515
4320
285
8473
1332
-3858
-3547
-654
-9597
9287
-7992
8446
-1078
7765
-1665
8052
-5945
-639
-1316
-8226
6349
5182
5239
9113
-1958
-4481
-5392
-5539
8722
824
6340
6453
-3836
5386
9802
5374
-8126
-8419
1347
-8956
6865
-9717
-145
-2070
1465
-8647
-3579
-8176
-7353
6751
-5999
-3147
7914
3566
4921
9258
398
-8105
8599
3522
-7336
4291
6009
-1239
-6197
8470
4056
1245
-770
-1166
-7055
-4119
-72
3168
-420
-8381
-4437
8204
3867
-2591
3933
535
9433
3175
1194
6043
-6148
-8799
-9353
-9642
6263
2135
5904
177
-7638
-9025
4955
6354
-3070
-3158
3652
3724
-170
1671
3316
3240
-4696
-3343
-2249
6487
-6206
-6428
5072
1350
-7318
7609
-2989
4560
6938
7008
-422
-4346
3381
6771
-6079
7246
5502
-2337
-734
8015
-8623
-6184
9712
-540
7398
3571
5435
663
-9521
-8606
-4205
-8933
2668
6829
-1893
-2397
1974
-7403
5167
-9803
6916
4032
8476
-3805
4550
-8731
2130
-7133
728
6716
-3493
-7042
2104
-3834
1591
3844
-9576
212
5202
-4830
8100
5076
5919
-4463
-8763
8075
-592
5376
-6451
1858
2053
-2417
487
9139
3120
-3724
6205
-5038
6459
8694
-2596
2090
-2118
-2537
-4877
-996
-5272
1128
-1096
4927
-9037
-7828
-8780
8972
1087
-6075
989
-9214
-8260
7645
1143
-7811
-323
6730
2511
-1475
-2640
-4209
1352
751
7621
4846
-2337
6655
-6492
2527
1142
-9378
6221
5110
-1829
-987
-1209
976
-6040
-395
-5753
-3945
-6883
-4184
-1221
1877
2894
1324
1394
6972
6474
3312
464
-2548
-6809
-3778
840
-1918
9431
3252
2082
-9871
3295
-5443
-8031
-6211
1545
1104
6542
-3855
-3970
4392
5074
1018
7568
4445
-5855
8219
6619
-1873
-6320
5994
5165
5802
-4112
8497
-2940
-2194
-1028
-1497
-404
8241
-7017
669
9791
-851
3565
7521
-6844
-9433
5618
5840
2264
-4517
-2593
-1105
-2801
4103
-1932
-8951
9404
-9037
-3183
6492
-3848
7229
6656
-2061
5890
-4053
8298
-4769
131
2880
-1666
5171
5504
5401
-8596
2269
-574
-6074
2486
136
4704
8902
2003
9480
8524
-7538
-8441
-5644
7125
1690
-6986
4725
-5936
3760
673
-3778
2324
9701
-5988
-9368
-5635
-7203
721
1181
-4590
2463
7954
-3799
3756
-4074
4865
-311
147
8814
-1414
-5974
6912
9530
-1923
8814
-3558
9689
2044
-6738
1165
2697
4699
-7503
-6661
-6596
1174
-8720
2379
6392
7775
9970
5846
-6926
-4164
-8037
-10
8929
6846
9328
-6008
-9726
-122
-571
8920
7887
-7294
88
-1988
-8062
-6879
-7079
-6270
-8231
2184
5689
812
-6615
-7690
-3893
3074
9663
2403
-4683
-572
-5632
-8592
8462
2478
586
-4104
1077
4253
4877
-7878
-1506
9336
-8571
-1182
-6855
9321
-3700
-1610
-25
-8154
-9690
-2952
-7174
-6415
-5875
1643
-7935
8970
-1631
9744
-1245
-2936
-317
-5086
-3575
-3244
-7946
1598
-4411
-9877
1337
-6653
5856
-4324
-3325
-7755
9430
2698
-4544
-7849
-3298
-9565
2295
7147
-7460
9573
7042
9436
-2729
-3660
6200
-2576
1771
2829
-3050
6118
6876
5263
-5861
-3775
-9678
1899
-8575
-4906
2640
1480
-9803
7049
-705
-8604
1277
-1090
-4289
7272
411
-1698
-1497
-8088
-4152
-8276
8329
9376
2928
-5902
-476
1230
4174
-1426
9325
-6785
-4644
7279
-7754
-6840
9519
-4352
-8414
-2374
4190
-5801
-8317
4477
-1510
5604
8775
2734
-3296
-9266
-8971
1201
-9918
-9204
4814
-5791
-5912
-4025
2078
8068
2744
-9162
-4323
-8273
2065
-6156
1577
-4715
-4123
-9231
5364
7602
6338
-777
-9297
-2827
-6477
1829
-2143
5276
3357
-9704
2080
-1823
-5550
2600
-6629
-1313
-5162
131
-2712
-2582
-9466
9527
5176
1833
-7854
-9554
177
-7519
5431
8072
-1906
-4337
7385
4604
7232
-7837
-217
6267
-3112
-7763
6898
-4010
5821
1276
-3066
-6210
9432
-6887
479
8370
3335
-6182
2138
-919
5066
3133
704
-1935
5216
211
-8140
7967
5777
-6372
9886
-4098
1925
4483
1271
3872
-9947
4776
7377
-784
775
6527
-110
5660
-9439
-2296
7828
-8432
5632
-7811
-3588
8571
9525
5832
7772
5773
12
4199
9667
-1329
-9633
-6675
439
1095
1551
141
-6865
2944
9188
3281
-1153
5179
8385
-9926
-7263
7473
5273
-4953
-8221
2631
-432
-1806
-2116
5700
-1403
8498
-6685
-6767
-1081
3332
3712
5170
9148
-2433
-4814
-5780
7314
-8701
-9606
-2524
6864
5806
-5740
361
8746
1440
-7859
4586
2303
-1208
-9092
5484
8607
8259
-4429
-7143
8341
-4038
32
1539
2165
2382
6322
2860
3602
2605
-5576
-2522
610
-7174
-6663
2283
-2219
-6115
560
1462
-882
3391
301
-4372
-9497
-139
-8169
-5789
4486
5881
1085
-5504
-2739
-1617
2379
7841
767
8031
4457
8400
-8985
-7967
-2213
8196
-2677
-4806
-1466
-4917
-3928
-7380
-193
-2032
5531
-7694
2870
9151
8764
9858
9860
-1209
-1762
7359
-4430
-9793
-4228
-1083
9760
7264
7183
-2356
-7052
3186
-3585
-3664
3768
3020
-6763
4693
7888
-1039
8820
2856
129
-3001
-431
-5587
-1047
9214
-6798
6305
4120
5348
-1899
-7220
-9038
-6572
-4642
-9891
1685
437
6036
-8819
-8585
5281
-6091
-4256
3957
3880
-2778
-7884
6938
-6569
-3101
-9057
5024
-4126
8100
-9875
-7322
8336
-9429
4547
7836
-7335
-5042
2192
-4650
-3597
-5485
2530
5640
4738
310
752
5138
-1179
6184
-1269
8805
166
4452
1
5950
2632
-6068
-1425
-9444
-7954
-6119
9663
3511
1795
8463
-2582
8701
-3899
-3422
-4065
-1614
5958
-7907
2440
-4090
-4493
7881
2340
-2962
71
-7632
3242
6767
2096
8996
-343
270
7946
6339
-2506
-1127
6270
9920
7590
5568
-6890
1032
-7629
-1590
-3955
-7269
-5053
8824
4723
5171
6442
3978
-3687
554
2112
9544
-618
3892
8279
1357
1548
9259
3502
7451
3716
-565
2626
-6725
9057
8062
9569
-902
-5960
1437
4935
-7436
5680
-3216
-5654
-4162
8083
-7622
-1661
8731
1165
-5591
-8924
-7170
-214
6196
9094
6274
5393
8386
-3474
-3937
1027
4656
3063
64
-5950
19
7023
8192
-1897
-5496
9070
4612
6095
5210
-5013
-7432
4991
164
-4945
-2760
8338
9750
447
8989
6757
4157
562
3030
-1322
-6977
268
4254
737
-7499
1719
-2890
-189
6464
-1617
-9697
-6168
7385
-7727
2803
3142
-7918
-3782
-5805
-1306
2225
4795
-8461
9391
5811
-4154
-7575
-2912
-8856
9767
-1079
6177
-2744
9018
2701
5866
-7181
-1298
8125
5076
2048
-2501
6076
-9332
-8992
-8019
-9383
269
-2636
9481
1755
8435
-230
-5785
-5719
3981
-1618
-803
5998
-2884
8444
-8552
438
-6779
-2671
-1598
-7538
-6495
-9708
9976
-5617
2929
-686
6041
3698
4056
-1755
5279
8298
-3508
5699
4361
-3500
-4478
-2571
5487
3909
2452
-1605
-427
1382
-1681
6233
-8567
6819
-3263
7668
-726
7675
7152
227
-4576
-393
6540
-3340
-8058
-4460
631
1010
-4361
1434
-1051
-9386
-5765
-7942
7868
-7078
3895
-6396
-3530
831
820
-974
6886
-1296
-8816
-9256
4903
-9735
-6583
-1865
6709
-6744
-6245
-3409
3124
8302
8562
-8098
-4995
2837
-3434
2500
-5337
5330
-8987
6103
-3513
-990
5348
7542
4537
1517
-8519
-704
-2919
1559
5710
228
8446
1618
-5919
387
774
6347
-8620
-4805
782
3978
-8993
-7004
9247
3410
286
-3405
7627
428
-2638
-1069
1441
-3426
2955
-2202
-4088
-2073
-2297
-6255
7809
-9399
-5613
-8290
-8938
8964
-3667
9242
-6581
-3929
-8513
-9654
7448
4167
-1952
3541
4662
-833
-1119
3132
-5087
-5244
-6500
-8427
7942
-355
5519
-7731
-7302
8637
-9144
6621
-2462
9739
-9889
-3198
-3059
4983
7055
-6838
385
-3403
9073
-6215
-2351
5852
-3439
9853
-7215
9495
1849
-9115
367
-4923
-1896
-9206
9209
2067
-6959
8481
-3506
-9104
-2755
-178
2423
-643
2457
3536
4947
7606
-2212
3182
-7353
-1427
-5469
6688
-9966
-9475
7592
-186
-5594
6910
1907
-1120
3679
2595
4546
5312
7482
-3141
-8234
-2807
6436
9661
-4518
3243
-2152
6413
9833
6843
4536
9141
3288
1569
-3959
-3623
3059
459
6470
1727
-3918
-5697
-1718
-3067
-533
7618
-7381
5287
-9927
7474
9691
-4923
-1769
2570
-6949
3821
6997
1143
1782
3184
3684
2242
8378
8432
4056
-2770
2873
3298
-8065
-9858
8696
-825
7037
-1771
3755
-2271
-5580
4662
3054
-2327
-1139
-5679
8597
-487
8379
-5132
-8221
3954
-9922
-1774
6397
-7019
-5872
-5563
2978
5520
2032
1722
-358
-2666
748
8410
-5593
4300
-8910
-7835
1641
-7492
4810
-7268
1084
6254
-9265
2112
6435
2115
6688
7866
3457
-5322
-8672
-1672
-7790
4507
-6007
-6973
-622
8797
5080
6719
-6158
-6567
1080
1586
-2174
9280
-3580
9672
-5097
-7212
-9694
-3287
2741
-6229
6229
-6598
-1058
1261
5059
5153
6095
2613
-5263
4573
8735
5856
1495
-1102
7709
4666
-526
1100
5895
-8686
6919
-52
5975
-5268
-4410
4236
4143
-4764
1708
9783
4760
-3938
160
4538
-4577
1024
-6014
-7886
-2509
8969
-1837
2477
-9757
-491
-86
-9671
-5579
9700
-6768
-7439
5956
-280
4681
5427
-6010
9433
-3813
6967
2123
186
-1136
-1914
6418
2004
3255
-7351
-4507
1119
-3158
-5471
-7216
7528
6641
9215
8395
-5146
-4920
6616
3845
-5300
-7389
4234
892
1391
2518
8530
4227
4385
-5495
-1605
1214
-4562
-8366
4304
-9120
4894
2137
-5411
-7407
-5350
-606
330
-581
-5448
-2521
6514
971
-4466
-2084
-5719
6220
4850
7769
-5097
3307
-4573
5987
136
9459
8467
9188
2501
-450
6868
7691
4923
-8474
2328
717
3490
5022
1574
4901
4901
9022
-446
-7904
-2559
-6859
-4096
-650
732
8851
-3380
4193
-442
6249
-1108
6226
-4224
-3884
8529
7885
9440
-6237
3319
3605
1462
8871
-5184
-5558
8693
2929
4178
9446
1142
7714
-9831
-285
3056
-5251
-6281
-5234
8003
1148
9723
-5463
-1678
-8107
9730
-630
3730
1976
5219
-7581
4945
5370
9214
9604
-210
569
-3912
3733
-903
1675
9049
1419
2532
5796
-2035
-2216
-4803
4426
7960
-1037
1609
-9110
1170
-7015
-7894
9999
-7844
-6019
8802
1965
-762
9504
4099
-554
-3280
-9484
-7434
9271
-9436
3187
5714
-424
1040
1203
8574
-4074
645
9787
-1747
-3517
1363
1400
975
1161
-632
-7520
5050
-5669
5248
-4319
-7548
-9785
-9243
-4855
6858
8415
-4523
1139
-3252
8203
-6568
-5600
9875
-3097
-3947
-4308
-1795
-5227
-941
-3619
-3554
6776
-7105
7847
1006
6478
6296
-8007
-7671
-3876
351
-729
-9289
5536
-9393
-2044
2862
-25
-1568
2864
8013
2698
-9910
1749
9230
-7015
-2976
5793
-7249
6514
-8925
-2343
6669
346
9782
2639
4714
5817
-3784
3463
-3027
-3289
8898
4401
-313
2435
9869
-6424
-8753
3916
-4506
-2148
1171
-7272
2267
9364
9153
4042
-9713
-7194
4521
-4974
-2856
-8594
7884
-1527
6068
3820
8341
-4851
812
-6955
-7831
-9877
-5186
1609
2126
-8272
-7041
2528
-7990
-1595
-9242
6975
2666
5208
5555
3496
7492
4227
9598
5944
-2223
5136
7284
-7490
401
-542
-5311
2765
8990
-9993
4345
6232
-7426
-6805
-5788
1426
-2201
9367
-5270
8809
-3159
-5568
-4338
9626
6795
633
4206
9374
-4
1946
-1892
-7297
5005
-9224
9580
-7623
2397
-4805
2625
4233
4751
6729
-259
2843
7471
-6822
5772
-3895
7234
7021
9697
4871
-793
9851
-363
2972
-8595
3100
1079
-7769
-8301
4547
2150
8755
-3046
9857
-8972
-4546
8087
-5690
-4490
-8910
-7326
449
-5499
3746
8136
-7159
-7425
706
-8894
-6476
1522
-1209
-8681
2992
1732
9278
-2719
4668
5866
-2851
283
-3490
-7194
6988
-4068
5261
8079
6755
1290
7798
-6847
8462
-7160
-9774
2734
-5416
788
6917
-1467
-8367
-2075
8365
5788
-1443
5686
-3587
-1058
-1500
-4807
9479
6004
-2556
3079
7993
2577
-7262
-7827
-6968
6941
4179
1493
-725
5689
3085
1062
-2390
-7516
463
-7179
-6963
-779
3880
-5650
-2672
-1665
7057
4062
8298
-5992
-7082
-5371
-5844
79
-1445
8489
-1168
2559
-5358
3122
25
9553
9164
-2415
3328
-166
1548
2338
-3375
7944
6738
1141
2320
6620
-2913
5719
-5183
-5235
4632
-4260
2369
-8576
-4258
-6166
816
3735
6062
-922
8671
2577
-1999
-7294
5698
2902
9961
3072
-493
8169
-3747
-3414
-6030
-6812
8946
2770
-7059
-7345
-475
1364
-6444
-4771
5586
2250
2646
-7081
-849
9072
7277
-8085
2802
-7834
-9840
-4215
9775
8228
6675
8495
6713
-1341
2404
-4438
5753
-964
5210
-6276
-2760
-5117
-1697
9634
4091
2900
3213
8522
-8407
-9334
