9375
9296
2110
-8055
4800
4032
-6078
9034
-1407
90
-1065
-6660
-706
-501
2041
7020
7380
8306
6882
-685
32
9132
-7421
-8553
-6882
-7303
-94
1808
5090
6331
3991
8303
8343
-4847
-616
8686
-5867
-3314
-2801
5642
-6185
-5175
-9844
-8711
611
8492
2179
-5345
4734
-588
-1660
6074
941
-8712
2887
7980
1441
-4340
-6928
-6011
9151
7356
-1222
-6110
-3332
9072
-8539
-7618
7923
-9806
-3401
-4941
-3145
7564
-6589
-115
-5130
-9284
7041
8545
4103
-5035
5742
-9945
8932
8573
8058
-5306
-4760
4785
9366
-8583
-861
5625
3805
-8696
7868
-1409
-7507
-3454
-7083
3574
-5767
-2042
-9713
8346
-8259
-6824
544
-8147
7636
8396
-8860
-9036
4624
-57
9176
-7992
7086
9151
5763
-3421
-1408
-3124
7888
-5926
-2067
-7530
7165
4065
-9240
1735
4504
-1613
-4938
-5590
1759
8643
-5278
6989
2368
8675
262
-5861
-6035
8052
-2671
-4919
-4804
-1753
4580
1263
1772
-1920
3352
5810
-9115
1516
8990
9431
9101
-5747
1227
-5688
338
8131
7838
79
-1619
6453
-5332
-4844
7434
-6202
9363
6534
-2453
5585
5037
790
-7107
-6684
-6591
5084
2765
1942
1847
-5524
2964
-3781
9323
-8255
6610
7870
4893
9482
192
-7333
516
-665
8609
-5996
-9670
-7078
8463
3706
-2894
-8581
-3377
5650
-2091
-1187
8243
-687
4096
6815
-8152
731
2440
-6480
8229
-4392
-1191
-9084
-2573
3289
6282
-3977
4080
8701
-7876
-481
-2047
-9564
-1900
-1712
-1153
-217
-180
-3174
-3654
7743
-6340
8877
-6444
4271
-8987
8976
-6036
-9208
-4628
-3351
7407
-9967
-208
4918
7211
-7514
-9223
4978
-7875
-4781
5919
455
6764
-1858
-9291
9478
3758
1728
2279
-7436
1354
4316
1855
388
-3718
4590
2558
-6477
-4983
2571
9401
8899
-2525
-9225
6091
5862
-7979
-2428
-1008
3985
-7271
-1465
6477
1619
1129
-6843
6571
-7696
9162
4600
-4840
-9878
3914
744
-6192
-3006
-6057
-1967
-6488
-5177
-8291
-3385
9296
-4095
3473
-2646
-1766
-817
-1957
-2516
-562
1446
-4234
-772
-4448
9925
-7560
7088
2224
-6649
-9466
-1473
-3470
-8337
-6783
-7797
-4818
-4281
6138
8939
-6329
2951
-756
7185
-946
-752
-8833
4631
-4982
1667
-745
-3577
-9124
2510
5955
-6133
7537
-3561
5547
5612
7290
-8462
3066
-9671
1589
-418
-4557
-6612
8033
-4022
8532
1780
-7495
3255
7940
-562
-124
6651
-9207
-8156
2422
9973
-7853
-3952
-3413
-5276
-6311
-176
-8485
2768
-7166
233
-6664
-8476
-4230
-2113
796
-6434
-4633
6162
-394
8807
-7408
4539
-3743
-1189
-7938
1771
9295
3165
-3052
-1935
6316
-6157
8593
8239
1306
1549
9815
5006
-9813
2146
-5099
411
2895
-9128
-5183
-721
3729
4841
-3339
3226
-2641
8980
-6738
-5573
-8163
-2060
-5646
3814
7667
-5388
5005
74
3550
1196
-2476
-3517
10
-88
-8072
4989
-1053
5476
3147
6593
2484
-6328
684
-2327
-9426
-182
4588
4862
6119
-8154
3000
6580
6664
2453
9529
-45
3736
4764
-6716
-4232
-7277
810
8098
-8065
6739
-2360
8736
2037
8487
-3034
9255
2063
4685
-8334
-5106
7081
-1184
3525
-1012
-3377
-9702
5213
387
4131
3961
3785
-887
2261
-335
4210
-177
8279
1033
-2149
540
2585
1884
792
-6964
-3389
-7381
-1400
-1023
-7281
-2800
7129
-2017
9361
-6926
5402
7609
3797
9217
-8815
-8509
3704
-2057
-8380
-5626
1301
2186
-5745
-3553
-5452
5341
2987
-1253
-3920
-4688
-9524
-9370
1897
6726
5779
3727
-6736
-7981
2300
-6262
-1178
-2057
-1249
7886
3836
9367
4393
2598
6218
-1235
-8026
8521
138
-5947
-617
9511
8016
6829
-3406
-459
-1275
-1422
7657
483
-8804
6467
4811
835
-8286
-5528
-7412
-8537
8090
-4828
-9344
2499
6373
8158
3657
6217
-7066
3540
-5044
9988
-9477
-2759
-1929
6050
-9419
-9835
9991
2034
-4940
-6055
-5009
1698
9034
7247
-7887
7026
-5006
3687
8889
-2477
-7602
4196
1250
395
4414
3818
6594
-6459
7644
8770
-5850
5348
5850
-3297
9767
-9833
-8954
-527
-2516
908
7510
3432
365
-2734
8969
2638
4963
3706
9535
-4950
7386
-4229
-82
-187
-4751
2460
-8570
-4225
-5976
-1657
9393
-2956
-7019
6597
-2212
-5321
8827
2013
8914
3504
-3135
2957
7603
4943
2230
-5589
6737
3879
8877
-7028
-918
-9854
1670
4538
2165
6757
-9290
7655
7023
-8828
4353
1587
324
9354
-3851
-6672
-1038
-3718
-8542
-6570
4254
917
-8069
7389
-6083
-6703
-2080
-995
4993
7113
-158
8404
-3956
3277
4996
-3323
-2662
-7149
-3915
1663
-8000
3072
-3565
174
-4055
1928
1437
-6219
9914
3059
-5706
-1133
-4743
-4071
-1799
1645
-4781
-220
-113
-7369
6200
-3123
4346
-7532
1050
3242
-3982
-6758
-968
-1763
-7713
8028
-4742
-5323
6734
697
-1343
1339
-8219
-2862
-9641
-2641
9607
-316
-9627
-7546
-3753
8786
-7716
5571
-3506
2276
418
9567
-1803
-7903
6543
2210
9989
6852
7970
8509
2751
-1803
2973
-6290
-2774
-3491
4119
3428
2058
-2969
-4820
-4041
9647
-1544
-4789
5800
-7496
7389
-4814
-7078
-7159
-6377
5582
5718
31
-4827
3573
883
-2996
-3532
9457
-5672
-9513
-5685
-876
-949
3389
6156
2017
-205
8798
5918
6959
-1160
-5474
-3388
-2401
2285
2420
3937
8127
-1479
6954
9888
286
-9694
8480
5947
3413
-4502
-7975
9218
-2026
-7273
4847
-8666
-1557
-2967
-2575
-6263
-1415
-3335
3327
870
-59
-2777
-9607
-6390
3086
-1058
7933
7712
-560
8601
5502
1532
-9068
8201
-5871
4255
7318
-1643
3773
5906
1492
932
-2393
-7168
-8021
-1629
-8624
-6554
-6957
121
-3149
6031
-8715
7594
-2564
-6396
577
-891
149
8190
7087
-4539
400
9997
195
-8766
2
3614
-873
-5521
4485
4750
-3795
8226
5535
8692
641
1254
8622
2651
-5599
1997
4439
-421
-8711
-1785
488
-384
8873
1881
-1075
4929
-8470
-7323
-4978
-7891
-5939
4472
-70
6769
-835
7785
-3333
-8137
8407
7553
2829
-7954
7127
-3128
-5455
-3260
3130
5507
615
8145
-116
-9047
5272
4798
1898
4565
305
9966
-7486
5097
-1552
8194
-5368
-1198
-1479
-5873
-4481
4816
9042
-4272
-4243
-9490
5951
5534
-4999
9922
7311
2875
-3215
5797
3399
5155
2878
3149
7191
6373
-5661
-1529
-9206
2708
-7641
-6790
-7179
-3217
9625
7353
3159
5497
1454
6529
-4715
4255
-8070
-4659
131
9014
6557
2617
9679
6987
-8921
2599
-6381
-8522
-4920
2977
-24
-5469
-2910
1521
-7607
7325
-4396
5293
-1907
-6054
9712
-6112
7379
8154
8109
7672
-9216
-1662
-5408
4085
-7097
6623
6350
9930
-9852
9782
6756
-8716
1087
-8201
2737
86
8684
-1899
-293
-6058
-2991
-2640
-8883
-3127
9526
4539
6774
153
2060
2309
-4354
-1620
1038
4626
-3949
-2058
509
-3379
-1152
-233
-3929
4354
3199
1010
-5539
1301
4491
8749
-9344
-3260
8019
8543
-2183
4525
-4131
624
-820
-7699
4881
-8895
-5591
2904
-3004
6679
-4690
-415
-9455
-1497
-3903
9731
-2424
5984
-6319
-5404
3731
3888
5321
-8850
-5608
8505
-2064
-5762
2010
5874
-5539
792
3780
-6596
9322
4711
-6312
-8232
4145
4371
1618
4884
9564
2515
-4174
1805
1130
-2701
1294
-643
-1740
4450
-4374
5291
7146
-5065
6871
9208
5917
7559
-8563
-2553
-3639
8586
-3311
-1510
9561
-6358
9338
-2768
1489
6153
6853
-3294
-1322
-206
-7743
9236
-9292
-9531
-6021
-8101
-9723
7527
5720
5174
4916
-9117
-5017
8574
-6618
4581
-1508
7301
-6470
-4278
-3755
3161
-7819
8981
8505
558
1303
-717
-1301
-7795
5764
-647
598
9756
-4185
-3817
1968
-4604
-1612
5395
9465
6497
8291
-9400
5834
-2232
-6648
-8859
-1866
-2167
5120
-5854
7925
-4849
-5379
-936
-7419
-340
-1991
4077
2843
9399
-5209
-3452
9884
4402
8239
4161
4074
3172
-68
-6246
7444
8713
3750
299
9754
-6275
7884
9361
-6
4141
5968
-7814
9128
6050
4280
-1549
-4025
1275
3998
-8805
6488
3037
7374
-7773
-7860
7142
-952
-5308
1823
-529
1070
903
3160
-3747
-8157
1457
-9952
2302
6726
5316
304
9263
-7371
-8560
2392
-5589
5567
2571
-8395
-5180
-9624
9556
-8725
8867
6746
1876
-2810
5242
-1836
-1789
-6715
6522
8417
-533
-5822
4492
4825
-9543
2939
-4973
-1720
2050
8304
-9237
8853
-288
8182
-7317
43
-2131
3008
1264
-5337
-1080
-4361
6064
8463
-5227
2449
2122
5853
4065
-2237
6048
729
6844
-6877
5787
2081
-2519
1660
2058
3688
-9311
-370
541
-2798
-1384
8625
8281
-1522
-1196
5534
3370
-6587
-8743
5876
-9125
-4690
-3067
9832
-2720
1355
-7170
6333
-3476
952
-4797
-9039
7908
4329
6406
-1086
-6979
-8357
2104
5850
6037
8637
1314
6225
9404
2580
-2521
-4119
-9704
5125
-1541
5259
-6665
3495
3494
-1762
-1351
523
-1851
-6376
9571
-8356
-7807
7829
2552
5617
-4558
-6313
-3867
-1480
4017
1731
9085
-9537
8019
5091
8650
-2807
2106
5163
5076
8812
7622
8362
2715
-225
7044
9702
2071
2308
-8212
6638
918
-3039
-5448
-5603
-1326
-5699
9419
3159
-5106
-6470
3051
-9799
152
-1591
-7804
-4652
-6705
9561
-3153
3612
-5635
3936
2298
-1740
525
1388
-8768
-3175
1539
7868
-1860
8260
1847
2930
-3662
8086
6730
8601
6801
1254
1383
4520
9955
6295
-5927
5509
7733
5879
-5150
-1217
2517
-5732
6105
26
-8570
-1999
-8857
-1022
2818
-5679
4373
-8510
2539
1725
-8856
3289
-7458
3408
-5646
-3685
-2645
9642
-4237
-7235
-9051
-4077
-926
-804
521
-7
7129
-2919
-9665
-4398
-9521
-7168
-137
-7644
788
9579
9519
-3095
-1018
-6129
5284
1825
7534
-8709
-6124
3636
-5323
-9213
-2291
-4873
1109
1759
1565
-7272
-1610
2485
-1928
-9755
532
4836
8130
-6875
-9469
5816
6923
3419
5009
5299
4956
4590
-8101
6146
4053
5135
-1984
-7620
924
8803
1863
8410
2247
-1598
-2888
-8396
1459
-8441
2991
-247
649
3046
3660
2909
-9462
5102
4815
-9111
3084
-7158
9621
8088
3051
6031
1299
-2946
7875
-9983
-6752
-9288
5312
-3449
-1210
-8034
-4452
-5670
3961
746
3760
-8234
7747
153
709
9230
3405
2105
9691
-8474
-6948
7690
-7536
-9127
8436
-5891
142
-5890
694
7825
-9493
8920
-1244
3320
7631
-5647
2631
9435
-3049
9731
4764
-8324
5389
7547
7832
-8835
6353
7800
5920
2171
8276
9126
-9514
-7006
6965
-3874
9774
3576
2067
3652
-8639
-9418
-6504
3688
6654
1664
6318
-8540
-4710
2119
3647
1317
6829
1690
8493
2183
8588
174
-9440
9620
-9796
-5882
-9560
-9719
-653
7138
-1347
-4569
7764
4305
-3739
-727
-117
6650
-5003
2699
5387
-3112
-7613
-4374
-3825
-9817
-5095
3448
-331
-78
6274
7
5354
-4493
-9338
-638
-1734
9795
6728
3717
-7732
5109
1968
9855
-6143
-3413
1232
3852
-5602
4167
5726
-995
2984
299
-5761
1029
5143
-9047
-3745
7725
4140
1519
-1319
-609
2579
-247
5311
8111
4717
-7503
8263
-8174
4586
-9697
-1938
3190
4551
-4785
6353
1005
6422
-279
-2692
-2728
2541
-9211
5718
-1056
6102
178
-218
-9925
8369
-5473
6431
-7455
5436
8212
1417
9325
-8689
5382
6896
-9020
1253
-8754
-9210
-4696
-7334
9735
-3733
-9810
-2619
7399
4344
-6125
1639
-1180
8356
3206
2396
995
8679
8099
-9422
7949
7958
2553
-3928
-8173
3897
-2817
3724
-847
-1066
-8838
6207
9014
-2097
5501
4842
-8378
-395
-8445
-3312
-4984
-7195
-960
1764
-7392
8169
6467
6465
-2764
-8596
-3166
-7543
9139
-1622
-3606
9502
8116
1071
-2092
5701
3104
-8871
-7152
1098
8414
7293
-4587
-7226
3511
7844
9053
9556
4970
1968
-8526
-234
-5884
-3475
6593
8480
8793
9013
2008
-6865
-3541
854
-3672
-4162
5915
-5725
1848
4479
6399
-4528
3206
7990
904
384
-8137
737
6989
6642
-3647
-9704
-9716
2239
4105
4619
-1050
9125
-5142
9828
5504
5318
-3067
-7959
2585
7618
3323
-2078
3524
-11
-6693
4572
-5771
7324
1253
-9090
-3764
-8873
1376
6529
-8602
-3488
2521
7270
2442
-5580
-1937
-9665
5639
-1707
-1004
-9098
-5989
8504
-4440
2882
9763
-5744
-5299
-3696
3663
2832
2369
8317
5308
3071
-8332
-8992
7417
7690
-2923
-1951
-7452
-802
5155
1289
-169
-7201
2695
6723
5262
7248
4441
572
-6081
6945
4477
2729
8257
6759
-1675
2355
-9011
9741
9469
-1556
8892
8064
-4557
9409
7745
-7216
-1630
-4351
-5828
-8799
-3627
-9178
9155
-6094
-3450
-5667
-5388
1424
-3613
-5204
2912
659
4873
7676
-1060
8214
3507
3391
-3894
5330
9661
1803
3456
-5535
-5894
-6411
-900
-3799
-5934
-7375
-5587
75
-8518
2097
2839
3675
146
9321
-850
-2260
-3615
-4114
-5986
-8076
6264
-9534
3608
4518
3003
5754
-8473
8122
-4409
8922
4734
-4606
-9451
-162
624
-2768
5699
9760
-7025
6683
7321
2813
2279
-4923
2569
-382
-7848
-5340
8010
-4567
-734
5305
-6328
-6796
-8906
265
-8170
6117
5436
-7966
6190
-8299
-5514
1747
-1254
7153
-8058
3955
-6560
6642
262
9716
5351
6058
9090
2031
-1820
-842
8446
1509
2861
-8466
4586
7904
375
2186
-5154
6065
-9981
-5488
-9187
-5930
-2218
-6515
-6390
4729
-6537
-4941
4059
9710
6776
3345
9111
-1384
-9151
1392
885
538
281
-3916
-7578
7079
3267
-3332
-5531
-5146
4442
2708
-5875
-6874
-2027
8319
-7532
-6690
-662
9522
9011
9081
-2520
-9388
-4015
5420
-6566
1689
-7461
-9597
2401
-8565
-9213
-7980
-4089
8463
-2549
-6532
-2392
-5797
3184
-6785
-895
-2192
-2541
2826
-2679
-4121
5873
3425
9371
3317
1837
-7043
3697
4389
-5158
-2526
9963
8779
-8148
-5043
4326
5376
2
5028
-8108
-5908
-5037
7729
-3002
-7585
-2349
2328
-6520
-6348
9700
2559
-9744
1574
-3897
5211
7091
7112
-8389
-9021
9612
4118
6381
4039
9156
-8315
-4340
770
605
-8037
6493
9135
3396
-9671
5593
9613
1495
-4000
-9083
2798
3119
-312
2604
9048
-7624
5136
-4761
6909
7184
-9013
-8002
-7545
5152
-7757
-547
-2561
1333
4382
-3404
4263
6779
4032
-4683
-671
-7179
7086
647
-2413
-4438
-4914
9262
-5003
-606
-8693
-7335
-7937
-6975
4158
6788
1562
-3856
-4190
-9075
-3720
-3321
6738
-9311
-801
8034
7751
-3293
2029
-4157
-7480
-1265
-1574
-5318
-3827
-2007
352
-7595
-8249
9645
-8305
2604
-8126
3431
-8362
-6864
-4493
-7649
5287
-869
-5552
-4823
-6187
529
4474
-427
-4589
6989
4681
1416
-6671
8229
6996
4066
6487
7284
833
8859
6847
7466
5969
-1439
-3886
4540
2317
9018
6291
-9428
2608
1060
-4665
2769
-6922
1532
-2570
4372
-8598
-7568
8401
-6469
-8215
-6016
-6474
9569
-6052
-4985
-6403
3626
3729
-2276
2221
5317
2563
-6360
6517
-4239
-9595
8428
344
-7031
-2194
-5966
6637
8603
8708
-9309
3438
3918
-5701
-2639
3371
2130
1978
-51
7479
-7245
5837
5435
-4807
5944
-4750
2211
3903
3712
6031
-5203
-8824
-5022
-2958
-2334
-130
-1924
-3280
-8233
891
8137
-6081
5332
8756
2488
-8565
589
7807
-6357
-6479
7565
8070
-4730
623
-4283
6317
9355
7170
7007
9133
-5550
1372
8902
-8056
1302
-2624
-375
7076
8401
-3842
-4836
-4763
-585
-9645
-9606
6843
2939
-5902
6727
-217
-112
7907
-2570
-6048
-8307
-5618
-8286
7831
7468
2217
5393
171
-5593
6569
2097
5353
6677
1078
6279
7754
-7461
-3917
-551
-621
-5821
-8612
-3213
-5824
-5451
4588
6540
4817
7279
-9431
-422
-8214
7976
-7338
5034
2165
-9856
8506
-990
-1998
-4506
-1075
9196
7515
4529
623
5496
-9714
-3960
2211
-7142
5764
-8103
6477
9061
7588
7804
4400
8000
-9554
1511
4999
1693
2450
866
-6459
8387
-4196
2020
3956
9310
-2524
5384
-6802
-2941
1266
-1115
-3426
-5320
-9812
-6276
5211
-5049
4811
2298
-9191
-5141
4243
8166
-5255
-6386
-6622
5571
5636
8555
2295
-7143
-3182
6415
9508
7867
-217
-7259
-5291
-2787
-1604
5475
-25
-1169
4071
-7517
-5043
8464
8799
7583
-4596
-2594
5834
-277
7065
376
6943
-1593
-5482
3185
-8244
3654
-4030
-8413
5097
-1840
5532
4676
9593
-5141
4679
4277
5266
1901
3170
-5993
-4602
3455
-5869
-4910
-2361
-7609
-1556
-3729
-1789
2377
7964
1723
-1364
7949
8374
3381
6899
-1484
-6256
-8637
-7539
-4970
5189
-572
-4466
-1157
3610
-4446
7988
-6351
7811
-4053
-2077
1728
2047
7500
5398
6742
1630
-4707
-4419
9185
-3429
3236
-7265
-6531
-8341
7338
6653
-2271
-1971
-7536
-6453
-9145
3030
-4493
9220
-8407
3757
1450
1374
547
3053
-4078
-8616
8284
-965
-5267
6639
7030
2647
-5019
-1236
1534
-989
-2459
7477
-9974
9742
-7732
-9830
-8342
3156
-6496
-3755
-8672
3886
-8664
-4665
4395
-8243
6045
-1915
-4869
6763
653
-3946
9050
8466
-6554
5652
-5147
9221
-3365
-577
9099
-8164
-8742
-8650
9792
-1271
580
4824
3006
-7852
-6984
5192
-9265
4001
-3566
-4960
3028
-6851
-3120
6978
1916
-4842
2312
-455
5063
2181
3675
-6954
9083
-140
8875
-4779
-8644
3925
-1019
3489
-6188
-1477
-9587
-7401
-1933
9738
1447
-704
985
-4683
-5407
-7038
-9119
3726
-5725
3291
-2574
-2989
2143
736
93
7360
-69
-6622
7331
8264
4828
5852
-4781
-2644
-8094
5491
369
6776
-2991
-4497
7026
-214
6730
7286
-3681
-8440
-6092
-2528
-5389
7582
-1613
-7931
4578
970
-872
-7642
771
-5199
-9957
-1409
-580
2912
4875
3651
3217
-553
-1422
6184
9364
-1975
2910
-515
-2802
-2983
9974
4347
4926
7627
-5698
2181
1969
4408
2264
-1808
3575
9386
-2467
-6826
-9218
-3673
-507
348
5899
-4761
-1756
6554
6507
-4697
-394
4858
-3332
-3286
7185
6126
5267
1124
-7034
-1574
-461
5588
-7436
2793
-8402
2669
4425
5652
-6693
-8937
2230
-1799
8171
-865
6484
8870
3432
3230
-8527
4629
-2307
4390
-121
-805
5384
3842
3728
9564
3293
-6679
3378
9294
7130
294
5132
6627
8145
-1014
-4139
-8502
8602
-2196
-7396
1474
8606
795
-7415
-5410
5585
6382
2272
-5316
4124
5168
-1713
-8054
-3890
1718
-7368
-432
-2495
-2730
-7504
1331
-8322
-494
-3188
3339
-5568
-8483
-3282
-8688
-79
7870
223
-213
9872
1752
7242
-523
8715
-3309
333
-1596
-4570
5248
5067
2610
-7300
-449
-9195
5992
1611
7980
-6840
-371
-1910
4350
-9062
4404
5463
-7207
8592
7320
9073
-7573
-3594
-382
-2312
-7122
6485
8492
7320
-9029
9022
2664
-1114
4479
4147
2185
1455
2043
8407
-9973
-1374
-3833
6159
5822
-689
-581
8230
33
-5039
7617
3204
-4273
-4269
5089
9108
-7393
2394
8721
-6895
1441
729
1876
-4850
-7107
4332
-5799
4770
8439
-9400
2502
6653
3861
5889
-3973
-8483
-4176
5319
-2111
-1663
-8605
8426
-6148
-687
-6676
1155
-8144
-7678
-7258
334
-2622
-8617
5945
-2290
3394
8240
-8572
-8660
9191
4885
1715
-3703
9841
4884
703
6518
-6444
-8492
1871
9761
-2204
-5795
8582
3679
-5444
-1569
9895
-580
2668
2627
6636
227
7487
-9845
-2143
-1062
731
9753
-3947
5647
8136
-7361
-8275
-1265
-4602
2695
1407
8245
-8233
8435
-649
9217
3111
-4994
2942
-2279
-7063
2379
1020
9826
-9569
-5283
5380
-2672
5395
8982
5348
6002
-1528
-8808
-4029
9704
-8571
5268
34
638
-2872
169
-3536
8564
2346
-6534
-5420
572
7212
-6533
6096
1133
6681
-7173
-4855
6169
3997
-3074
1589
-9897
5176
9297
158
-2656
-1313
4899
6700
6360
-339
9659
-6803
-1837
1805
-2227
-2610
-8847
7392
-7894
-4626
-5328
659
8060
-3316
7078
-1801
-1572
2398
2941
-7109
-123
-9155
-3391
8238
6083
7071
-2345
-3396
1322
2601
3012
1151
9854
-1018
8655
7632
5472
5905
8229
-9659
-7912
-3095
-5052
-9516
-7570
2655
3881
1952
9293
-1833
-8099
344
348
-7812
4026
6895
-6319
-1588
3861
1259
1388
-3304
2174
3033
6226
4980
-3477
-6187
7533
-8751
-9977
7699
-8184
-7410
9305
-8406
-5874
0
1745
1401
1183
-2012
-5287
2183
3053
-5684
-4686
-5203
-821
-5837
-7651
-3448
-7151
-1990
-7235
-1290
5480
591
-4598
-5919
8913
-3330
373
-9403
4915
-3764
6092
1647
1573
2866
-9307
-4350
6752
8447
-7401
7421
1026
-4337
-5395
2286
-8907
2670
-2508
969
625
6619
-706
5953
-8438
1590
-6031
3410
-7334
9976
90
1584
-9825
8327
4793
6904
8523
-6076
-8140
2649
8205
-1788
2654
8934
-1133
6325
941
-8166
-5553
-2286
-4760
-7175
7503
-5603
-4974
-5740
322
8289
-9828
-1394
4582
-975
-8064
2057
3557
-103
1607
1320
5811
-7429
9757
5997
6977
-8817
-3138
-1943
-7416
-5238
-1007
-2094
1048
-1336
9961
165
-3383
-5986
-5554
-4507
-3539
-4811
-890
-9275
5853
-6861
-7879
4217
1589
6293
7490
171
-224
-5252
5113
4647
-2767
5932
5891
-788
-6689
8253
2794
-3383
-3157
-4538
7081
7672
2483
4109
-6840
-204
-2961
8823
4284
-6143
1599
-5215
-6636
-4123
2637
-157
-8595
7996
1219
4698
-6605
-4613
5067
5130
-6463
8191
6628
1183
6149
-4731
-1776
-8782
-5190
-4459
-8866
-8792
358
-6334
3711
-3776
-5055
-6293
1875
1969
6338
75
-9568
-1373
-9211
-2251
8394
-7170
-2575
-5371
7199
-2499
-4974
-7022
6376
-6024
1196
8057
-6094
9751
-2655
2206
160
7003
-5517
-5903
-1444
-3639
-543
7242
3181
-5197
7757
4693
-2804
8901
7203
9444
1460
2245
-4313
70
-2849
-9198
-4687
-4574
9630
-1006
8456
2830
4245
-1023
8824
-1909
-3774
2033
2862
-7875
-5132
136
-5196
-246
-7813
-1419
-6822
-9500
-6233
-6344
-1950
-3781
2708
-2096
-5556
8232
-5096
4949
-3064
-9322
241
3139
1480
6899
-5472
-5689
-8218
-8771
-5626
4169
9825
-6133
2346
2483
7885
-3318
-5702
4400
3486
2003
-5617
9807
4787
8306
-1985
8419
-4495
961
-7948
4021
-5337
196
312
-3265
1972
9819
4782
-460
7220
9589
-1359
-3872
-8977
-928
7039
9622
1719
-6745
8767
6444
-3112
-5267
-9498
-8262
1942
-8546
4161
-1855
8270
-8645
-375
-3716
570
-8345
-788
-3605
-7417
-8689
106
-2282
-3263
-2655
-62
7443
8782
-2835
-9831
4961
-6355
1109
-7756
-2201
-341
-2
-2608
-6404
-9976
8655
9100
-3913
-9979
1162
2843
-5355
-222
-1411
4554
-7806
-1211
-6475
-1955
7442
-6522
-143
-493
5206
-6846
9211
792
-3607
-2822
7799
-1591
-4955
-5476
-9140
-1780
17
-3725
-50
4134
1397
-8174
586
-6343
-7766
9214
287
2032
-3494
-5282
-2842
-5581
-3187
-4101
-3003
9796
2174
5669
3148
-4721
-2105
-825
2032
-9218
-5435
-3356
-4914
-4349
-3836
-6735
-2562
-9026
-3324
8869
6390
3932
-3268
-9492
-8392
-9278
-7322
-5222
7487
5634
-1827
-6725
-8354
-4728
1227
-900
4930
8935
671
8566
-8370
-3948
-3104
-4732
8440
9066
1903
4205
-8073
-3452
-356
36
-3154
4757
-6160
-6092
-3437
8573
-2514
7914
-5967
-3317
7354
7927
9376
5371
8787
2087
5983
3549
-7931
5057
-8740
308
-9961
147
1796
9506
-434
8425
-6658
-6960
-6716
8610
-769
596
3705
5705
-1691
-1522
8921
-1654
-8026
-6052
-4546
-5739
-7705
-1361
2986
-5929
-5336
4261
8158
4931
-2944
-3382
-6844
-6311
2603
9972
3176
6716
5234
-1451
4617
-9990
7140
4886
-9618
7738
-4749
-4649
5564
-8782
8431
-9628
-585
-6880
-8319
-602
-4347
2027
-8574
-7631
-1007
-5764
1688
-657
-2220
-4975
1106
-3909
-9270
-1868
8693
6141
1182
-45
-3394
4259
52
-7884
-8800
-7493
5685
810
297
-2870
-9165
-3446
6938
-493
8952
1137
9290
-8870
-3748
7880
-2087
-6371
3494
4317
-9749
-4807
3615
-5083
-3555
-5037
-7873
-9607
-1582
2575
2082
4182
6396
-3203
-4297
6046
-921
4787
-7101
-2103
-9915
1643
4120
-5923
3047
2119
-6009
-6675
-5694
8360
-800
2806
-5262
-9612
9724
1409
-4101
6908
2407
-1483
4888
7452
-4695
5584
717
-1635
8232
-9720
-110
-4238
3446
5770
-6624
4095
-6577
4208
-3826
3236
-7008
7424
-9010
-7398
3303
5593
-3236
-4634
5090
-7685
-1024
-7752
-3190
9951
-331
9306
-2275
3019
-2340
4946
-8688
6616
1009
-2087
1097
7814
-4357
-6045
-3134
4725
2984
5074
5290
2597
6503
-9049
-7999
-3375
5205
3954
-9044
2977
2564
5769
-6231
-2761
-3971
2876
587
-2954
-8505
-5691
-6281
6194
-3437
5859
912
8734
5716
5066
-3858
5370
-711
5268
-964
1679
-6129
8007
1009
-3782
-8228
334
-3120
-1519
8155
-8832
4572
5642
8614
1263
5268
-3465
-4886
-7417
-8591
-219
-9711
-6904
8314
-5357
8505
-1824
-7746
-3954
9980
-6517
438
-3476
-7347
4948
-1384
-5248
6965
-8623
3912
8150
4569
-4457
210
9302
-4018
2461
-2807
2795
-9857
7762
213
-2891
-2979
-50
2409
2523
8120
6301
900
-1454
-3008
-9370
-3657
-936
1635
5870
7401
3389
8258
-1668
-8438
6257
-4554
-2273
8520
8925
9595
-8391
-4038
425
-1255
4047
5305
3463
-8051
5761
-7593
-7275
2447
6518
7201
-7767
-208
7503
-3840
-8459
-5509
3941
-5360
9884
-8216
-8719
2002
-8213
-7979
8994
5180
-6182
-9622
6433
123
630
5656
-1374
2634
1379
4725
4802
7667
5550
-9251
9750
-1479
9958
-1643
5509
9711
-1716
-6045
3845
-886
-3845
-1788
6340
-8553
8316
5477
-5892
5594
-3724
-938
-3461
-1036
8552
135
-3221
3132
3892
3622
-5388
-2443
1367
-6068
-6253
-5193
-3018
-984
-9175
244
-9960
8887
-8629
-2726
-5700
-4847
-1815
-3546
-8228
4588
8759
6818
2190
3158
-2375
6556
8759
6540
4538
9937
-6197
4514
-2849
-6863
-8515
2600
-5481
4600
-3111
-1962
-8270
1891
-840
8774
9044
-9047
3566
8770
-9059
-9309
-4916
8397
390
-1980
-9708
1371
1133
9744
6312
8254
-7342
-946
4056
-7153
1786
-2602
-4748
5606
-4806
-1433
3326
7325
1828
8323
-7718
-2553
5397
-6240
2129
-7518
7021
2896
-1089
6685
-5543
7207
-3895
1347
-4287
2940
-327
-9465
-8813
-3864
-8921
4602
-726
-2185
-8469
6295
-743
-6068
-1932
-293
5928
-2666
-9483
4695
-1892
210
4019
7215
600
6454
8142
9563
8415
-1048
6357
-7244
-7015
6240
-43
6935
1890
3750
-5568
9066
-9288
-5597
-7920
-218
2664
-3206
3128
8515
3977
2236
2864
-5318
-3476
-182
3688
8227
-4045
83
1589
-3620
2614
6396
-9699
-1812
1653
8488
-3383
4264
-8368
3070
-2220
221
7832
-9392
2876
9662
-9027
-41
-296
517
9499
5775
7245
699
-5187
5000
-3786
9747
6869
7197
-9008
-564
-3624
-4916
7018
9098
-6730
761
8021
-8662
4489
4241
-3173
6042
9624
-8310
8827
-8542
6090
-6938
-1752
-4665
-1413
-3191
-1980
-6295
-4001
1918
-4037
-6869
2255
-2385
479
-8364
-3782
-3964
3911
9650
-8500
2352
4945
-212
9045
-4685
3925
-6140
5492
9381
-3675
-9791
9133
-601
8996
-618
-1815
-7787
6207
2258
3170
7910
-2620
-173
7965
1774
1521
4893
-9744
6014
-2973
-8223
-4975
9264
-4521
3642
-3966
-4372
8803
-7583
983
-8540
-6919
-5257
-6182
-9753
7470
3280
6267
1007
-1163
1458
-9079
3459
-40
7801
9747
-5886
8536
-4071
-2459
581
-801
-3985
-2460
5186
5060
2589
7422
5875
-1088
3233
-6022
9741
1345
8093
4225
3309
9803
9257
-6575
9663
-4997
9992
581
8861
-5513
-41
-7242
5007
6741
-4507
-9638
-8644
-7497
3220
-4585
4990
-3880
-6367
-9415
6914
-5644
2572
-7071
6564
7217
7651
-7939
-1043
-1568
5814
6075
5677
87
209
850
-3023
-5833
-6404
-2398
7039
-618
641
-723
9572
-8666
4537
-3837
708
-871
-9239
9875
5407
-4044
-5035
1788
6326
-8965
-6870
-902
6773
-9530
2326
7415
-8317
-2851
6225
1723
4763
6757
-5204
371
-7869
6844
6389
4363
544
-9924
6568
5595
-26
4559
-2178
9258
-7020
2198
5839
-6182
6699
4374
2176
9323
-4023
2403
-4239
-2839
-8932
-6065
-1938
-548
-6604
6880
-5642
-2938
4228
-9735
1283
8379
8478
-3893
-8182
4664
7264
672
-7138
-1639
5211
-477
4311
-4273
-4811
-6276
-5870
8254
-4208
4096
9517
6969
-8186
3676
1552
-9526
-1079
4008
-2382
-4403
9049
-9185
9115
-2237
-4450
9709
-1182
4305
6866
-3204
-3824
311
-3784
6345
-4721
-251
8866
-6736
-1019
318
-7298
-9470
7605
-2089
5799
-8116
-2586
7563
9527
-4041
-2632
-6
9333
-1104
9079
-2020
621
5020
-5515
-7770
-9388
-7979
8953
-5875
-1938
-9480
-9612
-3134
-2253
3746
-8854
6926
4999
-2586
879
5929
2782
-115
-1400
-4609
-3389
2344
-5726
6831
6507
-360
-9412
-7898
9659
-489
6976
2336
9978
-8713
-8028
6842
-1810
9405
5627
-3925
154
408
-8657
1998
-6424
7461
8603
1946
6170
-1018
-1206
8508
8014
7631
-5200
7215
9289
6215
3541
-4096
6665
6797
7412
5839
-9368
-5585
9603
-2726
8531
5616
1842
-5270
8660
6631
-157
8183
-6265
-1316
-3384
2110
-6263
-7602
2591
-4341
-8949
8333
3377
-4655
9044
269
-8720
-1369
3592
-4145
7429
5702
7359
-6293
2049
-9639
2768
203
-596
3618
-6379
-3313
8423
-5583
5471
-330
-126
2184
-6358
9382
6530
-6275
-747
-1483
-8444
-2215
7651
6894
-7179
-1969
6175
4254
1594
475
-8806
-9628
-2825
8386
5779
2983
-820
-3880
8548
-9037
1253
2971
-4418
7891
-7488
9511
-4990
8434
-9904
-1905
8257
-4090
-4033
-3440
-7861
6179
9761
7119
-3353
-4868
6143
-3863
-2105
-1528
242
-5064
6958
9126
-3867
-6581
-3648
-9256
9069
-1509
8585
5352
1835
-3294
664
-1705
-3524
-9102
429
-7015
1300
-5755
-6157
-9364
-2064
-6979
-9188
-6757
-9186
1264
-180
-3650
7735
-4157
-3885
-9278
-1841
-7527
-2507
-7985
-7311
977
6728
5275
-3696
7380
9094
5827
2638
5360
-6611
-1346
3508
6382
8121
-6785
3092
-3125
-7297
3218
3410
8795
-3969
4434
-625
4127
4875
-2192
-8432
9958
-9922
1988
1327
-8484
1552
7191
-6717
5544
2937
4437
-9958
-9637
-5347
-7283
-3103
-743
-6288
8309
6386
3508
7767
2076
1284
-4834
-8409
-2664
-5391
5515
4027
-9854
2239
9204
8760
7469
-3767
9696
2886
5846
-9119
9273
-4033
7982
-1172
-6704
-5678
5505
-1297
3370
-513
6274
3675
-9936
6588
-188
-2769
-4047
925
-3532
-1435
1536
8771
5109
2607
9850
-6578
-9264
4473
-2553
-3358
1956
-7651
-8045
8139
-6043
2965
3993
936
-1053
-147
-1312
831
933
1017
8038
7568
-442
-5516
-3923
-2413
-7209
-5353
-1172
9919
-1788
7950
-5390
4729
2524
2877
-3490
-6565
5461
4044
2118
2162
2143
-3533
937
-5050
9707
7137
-47
2815
8386
7438
9737
6764
-1265
7575
-3807
-730
9901
-7698
4771
4214
7337
6589
383
-9973
6911
-2887
-6161
-7752
-1271
-3969
-7809
3903
-1066
-5604
-820
1338
-6859
2252
-1884
-5443
-1028
6079
-8219
-9401
-8616
2601
6434
-6678
-7419
-2251
2138
9376
7941
-74
-5117
-8594
3283
286
2654
-6982
7523
8489
5279
4287
8667
-1953
-5120
3810
8894
7568
6875
1454
-479
-7834
5406
-9298
-496
7556
1963
-2489
1244
7786
-3137
-1654
6152
-9020
2762
-3003
2887
-2618
7216
-4812
6330
-8018
8815
-2102
-4188
-3422
-359
-967
7066
9322
-6225
-214
3032
7499
-1925
-792
-3945
2916
4505
2814
-7085
-2341
782
5874
-1019
-1437
-9032
-858
-9045
1588
2472
-464
7036
-8771
-9616
-1235
-5077
9434
-7443
2096
-3871
-2500
8196
3072
-7587
-2408
9581
-3162
4547
5377
1165
8211
5952
9981
-6834
-7986
-710
-3553
4340
-6669
1345
-7946
-8149
-2502
-1964
-1724
-1072
-406
-4294
1015
-3511
-6073
-1932
-7911
6516
-1226
-6094
-3579
-6325
7550
-8429
3058
-3567
-1126
7713
-71
-9897
-115
7641
3155
8459
-5912
-2332
8888
2289
2005
-4672
4066
6550
5410
134
