-9290
2541
7189
5230
5780
-8749
8063
4825
6683
-3201
-2288
499
-2863
7388
7906
3530
6822
-1130
6003
-535
-1723
864
588
-6282
-7164
-3950
-573
3087
1080
9868
1643
-9157
-2409
9354
2352
-9169
7678
6813
-1858
-464
-4848
-9671
6396
7321
-9377
720
7773
3960
-784
-5958
-9979
-4171
2755
-961
9342
-1732
6241
3387
-9579
1182
-2921
-7858
5528
2902
5921
-2185
-8431
-9966
-5721
646
1190
-6771
1840
-877
4199
-1047
-5044
5814
1067
1550
-602
-1095
8842
-3459
418
-1326
-9169
-2296
740
-5716
5251
5062
2595
4729
-4424
-4197
-4091
-4573
7720
5952
7312
-5667
5865
-9833
7623
-4509
-5820
-9855
9935
-5790
-3210
1549
4689
-3034
-3752
885
6174
1584
-1137
2569
7128
-7320
-9752
-5551
6560
8119
-8073
-2988
2173
-2828
2603
-2393
4896
4221
2834
9271
-607
8292
4846
-4124
3355
2095
-4915
8398
5114
6335
-4737
-9684
-9440
6875
-6767
-277
-263
1472
1543
-6054
2487
-4136
8871
4570
8084
-9756
1232
-2243
-9917
-5870
-936
-556
5667
-6823
2129
-315
-5923
-7914
5040
-1169
-3740
3602
-2616
-844
7799
4375
9024
-4839
-7664
-1435
5439
-2679
7588
-7020
-980
-1276
4796
876
5698
9397
9269
167
8134
9820
-4658
927
-2080
-7341
4151
-4076
5954
1501
-871
-7952
-3421
-2605
9697
2338
-5800
8430
-6279
6053
5151
6867
9446
1292
-1940
-6664
5228
3144
-2707
4443
4254
-1949
-1245
-1175
9436
9494
-1474
-5453
-7526
-7463
-1395
4046
6391
-7983
-5324
-2463
-9655
1627
5902
-9550
1749
-7850
8337
-518
9347
-6421
-6780
-2212
9643
-6170
-6752
2911
2037
9112
-8186
6522
-7372
3829
-742
-7607
8089
1920
-6836
9402
3411
5247
8060
1672
5970
9744
-7535
9082
182
-3624
4155
3619
-8106
-3978
-4629
6500
-5533
5942
-5790
-6029
-9600
2899
2701
-7870
9373
-4497
-7775
3351
-2515
-1658
-2341
9557
-4406
4222
-4849
-2245
923
7368
-9295
-8865
2413
7544
-3304
-4369
4404
7296
7828
6905
19
-1043
-9411
3970
196
-681
1604
2150
-398
669
-4223
-5193
-6693
-7170
7929
-5824
9864
-4780
6822
-6457
3480
7383
-3648
-2749
-778
-6744
581
1807
-5610
3625
3539
-3790
-4738
-1375
9516
-1610
-2309
1242
-4512
8527
2475
-1967
4290
-7485
-2808
3631
1435
-9286
9421
7159
-9942
-8846
-4502
-6416
-2920
-166
-8377
9419
-9924
941
-1117
8795
7862
7190
3239
9381
-3490
6776
1101
-2559
-6082
-8214
-219
2809
6034
-7796
8919
1812
8873
-3730
5510
9432
-4432
-714
-4446
-8870
-7783
-2193
844
-5422
-1962
-370
-8169
-4370
2438
6006
875
3760
9872
-998
-2376
2091
747
6791
8850
9256
-5169
789
1038
-1487
7294
-1090
-9503
7481
-6695
-7133
-3573
3451
-8242
-115
615
-9360
4066
-2416
194
7308
-3569
9690
7193
-5692
6535
2762
-9029
-9554
-9956
-9017
4710
-8359
-1359
-4600
7714
-7338
150
-9387
348
-7467
-3740
6443
4651
2209
-7120
6491
3693
-6187
-2896
5748
7630
-2121
3822
2439
832
7559
1356
3261
-1
2212
1902
6140
-8283
-1
-7023
-9713
7108
7367
5153
3163
5718
-796
-106
-2253
-8161
-2067
6044
8716
8919
9303
-9451
-510
1258
5528
-6145
-9879
6909
4163
-5389
-4651
-1739
2656
-3767
5721
-9706
-1246
8627
339
-6579
3805
-4639
6429
5650
-1596
-7282
7950
3
8854
3933
-5091
9736
1146
6616
-5947
-8033
3619
477
-8261
6916
-6450
8544
795
2147
9088
-6455
3939
6796
3182
-487
8290
4758
6513
8427
8095
8689
-6684
5638
3690
-1698
-3841
-7983
-3379
8460
6293
-9212
534
9409
1509
-2859
6144
1112
7726
-7753
523
7042
8105
1827
-411
-5560
-270
-1066
9359
-6134
8901
-9183
-9918
-531
-8039
-8841
-5912
3096
-2772
7154
-1879
3044
-7049
-6545
4601
-2177
-5501
-7045
-8589
-3414
2382
7652
-3378
-9107
-9980
2437
5505
-3215
-2187
1776
-2196
-8127
-6326
278
-6936
-5162
7769
-785
9330
7582
-7397
-8157
-2983
6350
-1548
7455
-5460
-1787
-7736
8614
-3847
8791
7115
3747
7873
-9353
-6449
-3773
153
-3707
8172
-8272
-9682
-677
7008
-6151
409
-8507
5587
-5011
1441
-9777
-9505
3939
9242
7911
4347
7863
-5035
8182
3362
-1582
2548
-3156
-4645
-8094
-2239
1065
991
-8988
8170
-5726
3873
-4255
2812
-8316
-5432
-5173
3259
4565
-8777
6633
9523
-5746
7461
4668
1935
-8205
-9522
-824
9983
-4130
181
7511
-9390
-5758
9937
7472
7678
6263
-1610
6138
1061
3226
693
7767
-7067
4751
8261
-5001
-8008
-4059
-4667
-6760
140
5703
5233
-1223
2126
5416
-6262
-9071
4327
6050
817
7124
7330
4077
-8924
4053
-4117
-4657
-6124
7922
5344
8442
-7631
-9995
-1291
9946
-2742
-449
-7221
-5573
-5599
9422
-1144
-9215
-3931
-1179
4236
4707
-6967
-65
-4580
7344
7368
4411
-4273
-1212
9726
8577
-8456
5097
9943
-3911
2357
-7406
-5637
-6565
-9071
-9701
7614
-3840
6441
9197
-6399
-991
6174
-2908
5836
7291
2102
-9985
7842
-3546
-7371
-4229
8566
3247
-2261
-5780
-6370
6032
5323
9535
-6353
-5290
-577
-7966
-4446
1342
-2613
7729
-6517
7874
9630
-2669
-4352
2108
-1660
671
-936
8482
7543
8168
-1994
-1582
9575
4061
-9436
-6497
9162
-4302
-5012
3818
-327
-9475
-9300
-2095
-432
303
-1935
-2730
9117
-241
3899
-987
7110
18
1665
2105
6325
6362
5957
-3332
1427
-5956
5028
1114
937
6173
-3453
-7632
-2861
-6100
2656
2427
5806
4930
-8675
2944
1619
-9949
-5960
2473
-9655
-3021
-3428
-5212
-6000
2708
-445
5928
3187
-9013
-5898
-6059
7232
-9092
3140
-9008
9202
5201
-7200
4838
-7947
-689
8378
8618
9083
5877
8094
-7277
2914
3306
-8706
-6946
-549
-1013
8894
6540
3159
3276
166
-3564
-4060
536
8064
-5010
-7110
4138
3715
9603
7739
6911
-7529
-7626
4906
7665
-7044
1085
3213
6213
-5183
93
-4489
5659
-3534
963
-7248
-393
7621
-7782
620
-1478
-7640
1960
-6557
-5925
-8598
-3644
-455
-2736
-8424
4761
5668
-6536
-1216
5947
1807
-9106
-5529
8636
241
-207
4360
-9184
2725
1698
-4322
-4071
-703
-3154
-6377
3932
3535
2934
9488
9453
3590
-5964
1514
4019
4967
-8378
-8815
-6412
490
-9600
7119
1803
-8493
-4457
1443
865
-6951
-1459
2120
4873
-7528
-8536
7314
9348
6244
4186
-9779
-24
-613
-265
7112
-2687
5375
2432
233
2783
213
-5673
-4415
-1607
-3212
5252
-840
-3352
-3271
-7926
4347
1326
3114
-4352
-4817
-2250
2144
1221
-5466
4704
-4960
-854
-1199
1497
-7055
-6739
-4164
-6042
-3933
5805
-1613
-9652
-3693
2117
-3320
68
5972
2095
-1878
1529
-2100
-8377
9476
-3204
-2249
8008
8947
5907
-5471
761
5289
-6681
-7573
-5080
-6180
7056
10000
-2412
-6516
3557
90
-5465
-2484
-8403
-9406
2356
-5292
4229
2171
6513
3293
-9150
-282
-1720
3959
-7496
-4867
-2745
3931
-7176
-6875
-4635
6198
-6749
817
-7921
-8337
-4033
-6460
2772
-4734
3351
-2980
-2404
-8680
357
8915
-4959
7360
-1794
-9093
-3508
-3859
-2525
-6650
-5807
5540
3677
4226
-9029
-7401
-3865
3504
9815
-2355
104
-6312
6651
-7768
-6246
3761
9883
-9046
4551
2048
-4426
6575
-367
4907
-1680
-1908
-780
3041
-22
-2724
-5573
-258
7820
3798
2878
-4583
-8931
2979
2493
102
8281
7017
6972
-1945
4341
-1963
-4363
2485
6021
-6813
-6710
-1551
-3858
-7111
5305
7263
-9230
7275
-7069
6953
772
-6571
6427
9571
4171
-3869
-3560
-1946
-81
563
-3029
-1326
-5042
-9380
6402
5742
1939
-9208
8763
-1902
9826
2499
-1738
7561
7748
-2336
-5044
1618
-3543
-849
-4454
-540
6581
9271
-6551
-4156
-2884
-2666
-9685
-7325
-2125
-9109
6125
-6557
-8649
-3923
-2570
-2251
-2846
4501
4897
7918
4936
-145
-8320
-7465
576
4437
5950
427
6542
4666
7189
2903
-5204
-4045
-2348
8865
-8499
-7598
1393
2485
5677
-1915
2856
7216
4215
2261
-3572
-1413
4
7952
-1150
3510
-1136
8337
8844
1968
-9456
-7268
6864
-6531
-5409
-3502
-5041
7670
-4660
-8121
9274
532
-9456
7794
8174
-8197
3777
-4403
-6951
6579
8932
-7480
-2728
-9944
5469
5695
9198
-1665
7996
-7675
8821
-9596
1842
391
-7590
-9220
4353
5468
-832
612
-9063
-9894
-8445
7160
7991
7821
-4543
4992
-5844
4405
9537
2091
-90
-993
2379
-5207
-2495
-3299
-6878
-822
-1017
749
8812
3696
-5734
-5602
-9885
2798
8873
-5111
496
9781
6953
8580
-5754
9608
-2529
-3906
-8212
6409
4134
-4943
6368
180
-5593
-1877
-186
1594
-112
1670
-3540
2808
-270
4604
-8849
1939
-2379
5969
935
-7645
2532
-9005
-5619
-8126
-2120
-6379
-3478
5784
-2574
-2658
-765
-4751
2690
9513
7566
3572
6978
-8726
7926
-9399
-208
5463
7915
3283
-1543
-5715
-5362
-8324
1482
-7363
-9355
3786
6220
-3847
-8498
8630
-6943
3128
-4390
7330
6107
-2285
-833
-9336
-8803
9868
9853
-1104
-4930
-3992
2797
6197
7108
3990
8473
4673
-9978
7456
-601
7673
-8907
-2492
-3663
-6950
9923
-7055
9678
-1930
-8214
-3466
-8371
-8817
-9472
-6317
9766
7247
6962
6305
1294
42
-7303
-832
1210
-720
9652
4628
-6285
1614
6221
-69
-4559
2644
-6884
7433
-3275
7142
6990
9863
-8012
6448
-5468
6485
-1524
9431
9772
-9829
-9806
-6586
-5312
441
8526
891
-9633
-2455
-5094
9236
-5779
-8726
-385
-8889
-5057
-3137
-9398
-3221
-6712
668
1986
-9698
-902
-2914
-3204
-1015
1817
-7894
7780
7163
-9761
-8155
-4765
2224
4610
-503
6499
4713
8163
3964
-689
-4421
9606
-16
-5630
-1868
6558
-556
6370
-8725
3966
4613
3959
8858
-4538
-4361
-856
10000
-7277
4673
3012
-5498
5238
-8117
3195
-4055
9675
9108
-711
2940
5351
-6708
-9849
6742
-1006
-5517
-3064
9449
-9720
-8002
5245
-2313
6203
9656
-2211
3825
1945
-458
-23
935
4598
2234
-1649
-2605
4938
-1740
4061
7749
3351
3545
1945
-9687
7895
5120
-3840
-8332
-7689
-8948
2776
-9496
8614
2904
-6231
7977
3162
686
-9599
-7330
2600
-8656
3257
4646
7596
4078
5781
3028
2922
-2475
4919
7998
2952
-8563
3502
-6571
-7250
-6070
9637
-9363
-9784
6632
9262
6778
-1021
-6913
4398
50
-9476
6129
-2306
-6702
-8186
-3202
-9157
-7874
-1981
3953
6777
-1871
-3477
-3916
-2587
-4275
-9228
-1648
942
19
-2640
-706
-8726
6928
6916
5906
-9290
3411
-9576
-876
6604
-5208
-9873
-9479
5826
7423
-1852
-3232
-7418
-8407
8691
513
9392
-1494
-8502
-1029
-6320
9083
-7812
-810
4320
-1088
-6581
-8800
8400
6417
7789
-6030
2257
-1792
5414
-2304
920
6967
-6881
-3333
3456
-9201
-9985
3367
-6380
2705
9715
-4475
-8379
-697
7400
3863
-3481
8706
3179
4867
2917
-7776
-2897
-5596
5557
-5391
2264
1595
3050
-46
4311
-5342
-8548
2692
-1034
5924
-7274
4531
-6475
6810
-3078
6026
-6429
8280
-7603
-6411
9478
-3778
-7720
-6461
-5098
-6225
2482
9840
7237
1155
3005
9962
5939
-8429
-7413
-9959
-5322
-3242
-8250
-3093
-3576
154
-1632
-9757
9484
-941
-5788
5054
-427
8248
1650
-7888
-8831
2161
-9644
-8452
-7590
6163
4966
6105
-95
-2198
-8252
3670
7233
2007
9800
7422
-1932
-3334
3272
4230
1670
5125
9140
-8641
715
-5411
9078
3028
6843
-9235
-9936
-3390
1740
-1650
-9990
1822
-384
-2618
-758
4285
2322
6458
4811
-8856
6958
8361
-3745
-5365
-5692
-4493
-763
2015
6097
-176
9151
8425
7176
-2741
1357
7365
192
1798
3323
9379
-6563
9852
-5301
5501
2867
464
-3423
3291
-3150
-9516
-5999
-546
-409
-7483
-4717
-9204
-2364
-7114
-3703
-9211
-1466
-1414
-8750
8396
5449
-1414
-4920
9789
-2691
1846
3229
-2207
-6127
-5566
-6103
-3463
544
-4298
6937
-8052
705
-4157
1231
-2819
-1936
9239
-5483
-4773
-564
-5580
5329
4939
8916
-748
6237
951
8461
-1474
8504
8957
5094
-2802
3238
-2303
-2620
7502
-7570
-474
3991
-3723
5422
6823
5029
-2208
4823
-7693
2028
-1775
-3971
8770
2901
-3232
-6050
-6675
-1324
-7421
-7117
5158
-4745
-2621
-2330
-5589
-20
-259
3211
864
-4987
-5503
-2706
-347
311
-1131
-5387
1003
-3591
-8889
7290
-6496
6893
-2421
-3631
1690
-9626
9846
2881
-4755
-1007
-2043
2585
-2827
-214
-4804
5656
91
7784
-9141
-5899
-9047
8818
-4265
-8016
6692
-7087
-1987
458
-7452
-9312
9655
-9145
3743
536
-1107
6292
-3270
-4770
1593
-1360
-9377
-9929
-3128
-509
-7067
2424
-1320
6823
-2685
4729
3358
6054
-9652
-8745
9557
-1678
6168
-8839
7608
8619
3298
-1078
-9543
-7195
3518
-9342
-6266
-7530
-425
4786
-3521
-9975
99
2405
-6123
8923
-3358
7344
-4409
-5806
6032
4050
-7968
2040
-1319
-3330
6943
4221
-4236
-5980
-454
-1948
-3260
6757
5018
-3344
-8344
9152
3243
-4525
-7688
9695
-4516
-7087
-7848
-307
4942
-2007
3108
-8624
-3349
-9261
364
-9132
-3831
9943
-5211
2462
-3003
1693
3410
6268
1903
8851
-9454
8720
-8320
-5890
568
-4849
-5203
-6424
153
-6726
-4779
353
-9414
770
-5999
-8577
-9723
-9360
5049
-8078
-1108
-9373
4771
-184
-4208
7246
-9053
-1341
4010
8763
-2540
-8799
3715
-1857
4305
3323
6228
-2433
-6542
-7200
-8907
-6460
5796
8651
4459
6393
4745
3070
7170
6363
-7153
-7422
-9012
8518
-7229
-6632
-4595
2398
7363
9780
7413
-283
-4938
9566
-2408
4093
-9797
-624
-1441
3601
8791
-1017
-8978
-1470
-2805
-6504
5013
7950
-4695
9029
1038
-6928
3624
0
-2777
5491
-2430
-8211
249
1137
9883
3672
1805
-4357
-8939
6964
3740
9408
-5430
8066
1269
2831
-9027
-90
9769
7468
-9771
-1002
-7480
9590
8968
5094
-2110
8100
2852
7555
-4175
-7718
1031
-3013
-9333
-2577
-9460
2892
433
2680
9442
7079
-7582
3353
9992
-2510
1105
6960
-780
-5042
7998
-6943
-6853
-1229
-7140
-6545
4312
3483
-2418
-8440
-8238
-5517
-5687
-6965
286
4913
3482
1618
3560
6211
-2359
9072
6684
1008
-7773
1069
-7276
1205
547
7263
-7443
7774
-3138
5307
380
182
5148
-5333
7646
980
3816
-2296
-1301
-5949
-619
7662
-3703
2675
9494
1343
-488
-9462
5708
-5927
9022
-2096
6943
-7803
5421
8089
-9770
4034
8177
6818
5360
-9536
5314
-9200
-8038
6464
5086
2425
9039
6570
-7263
3651
-5739
7737
-3199
-1565
3518
-7908
8110
-6220
-3423
-3174
8215
-5671
3826
-1926
8761
-2583
8410
3667
-6322
-5202
5966
9312
227
4886
-9725
-9648
-3484
-6693
5270
9983
3153
-492
-6395
1945
-3765
-7464
-7746
-7932
-5072
-969
-1515
-9726
-7213
-1281
-3069
-451
-2166
-893
-6940
-8235
304
813
332
667
4771
-8527
-6006
1495
4456
5188
202
-4843
8398
2965
4150
-7696
-614
-3479
9599
8395
-4522
4785
9818
-7442
434
-7429
7553
-7051
-7895
9810
541
-7569
-7045
9255
-3349
2124
-9646
-8027
1562
5722
919
2825
-606
-1317
7922
-2232
6902
3389
8851
9052
3421
9025
-330
3499
5238
7575
6552
8813
-3205
-2576
4934
-3007
-5485
3840
-7866
9211
-7359
3343
9071
2318
9461
-5861
6122
-1514
3393
4192
7737
-6676
1515
9238
-5620
-1574
4662
-7197
-5809
8382
-7505
9735
3775
-6057
-6312
8069
-847
9836
-8012
8641
-6903
308
2596
-6259
5758
-8297
3161
-458
-5180
-6155
-9179
2149
-3044
6945
-8945
-604
4772
494
-6576
-5318
-4935
-9309
-7427
-3334
7634
7952
3334
288
6120
-6630
5701
-2560
-2008
3471
-126
8726
-8378
240
-1007
785
-9110
-3115
-8350
-9524
8826
-3507
-1868
3828
-4015
3933
9401
725
6069
439
-7640
-1552
1260
-6190
3222
-9718
-1006
502
-1353
7268
-8162
-3792
7285
662
-1538
-1731
-3239
-1039
1356
1218
9624
-583
-2942
-6693
-4805
-4555
-4578
-7793
-2057
8078
8178
-8386
-5861
-7783
-8175
-2602
2231
1093
4872
5641
9367
-95
3381
-5887
-5623
2690
-8244
-84
-1490
1054
-6834
-5235
1120
6281
-1727
-9249
-6749
8568
-3366
-7369
6329
4248
9553
-2896
-641
4596
-7567
8890
1233
6411
-8043
2113
4614
1109
7124
-1759
1334
-7279
-4877
-3268
789
1496
-3453
-1862
3917
-3538
8084
1386
-6294
5117
7620
1461
3560
5713
-9032
-16
9613
-5187
-2079
-8870
5532
-453
6150
-7158
3817
-2700
1204
-1158
-8207
-2389
-8663
9328
4064
1579
6158
8215
8125
-7002
-2083
8326
9261
-2751
-2075
-8985
-3841
8450
9721
-7772
250
7335
8088
3202
7181
8800
6973
-8991
9425
-1657
3190
4443
-3055
-7612
7642
-8313
9143
9263
3457
-2811
-1442
3316
4052
-350
-8823
7644
-8616
-8083
-7696
327
-5213
-4339
-3110
-9858
8493
6632
9793
8350
9790
-3100
-5994
3749
2325
7943
3662
-2816
3141
-6696
8256
3961
-6458
-9056
224
7888
-179
5352
8135
-4430
-8439
-7738
-276
-5996
-8310
-8721
-7594
-1566
7994
-7723
5858
338
-7219
1046
9059
-805
-7922
1819
-9220
-9285
4742
4300
35
1744
-401
-1230
3048
-4156
600
-3882
5461
9529
6708
-1880
8049
-4287
2243
-3918
194
2717
-877
-1094
6554
5849
-9568
1756
-6516
-295
284
427
3267
-3365
7755
-3723
-4021
-3048
8689
2976
-6776
5360
-2
6699
-1795
-6979
9713
-6002
7983
-8096
4393
-2602
-5249
8975
1297
2159
-4067
-3841
-1675
5331
-2496
-7408
4105
-5173
9126
-2605
-3187
-2258
-7662
2875
-9423
-8285
-5118
8804
-715
-4818
998
6766
4530
-6269
-9242
6784
-2511
5295
8190
7859
6061
4356
-6401
1658
2259
9339
3741
9633
4379
-9883
7850
4398
-215
-6319
-5815
3502
4438
4981
9699
-2627
-8307
2059
-2416
-5654
1174
1129
-7375
-1064
3442
1036
1301
-7703
-9913
8891
4692
-8051
5764
-7613
-8485
3841
4811
8657
8654
-7126
-1153
8366
2748
-9684
-831
-708
-3623
-5071
-9684
94
-6012
514
7264
5426
-1001
397
-4339
-560
-1963
9111
3313
6970
3028
8694
6704
1553
7825
5863
8723
-6235
-1858
3801
8928
6328
-6646
6360
-4997
1418
-7537
6245
-3680
-6001
9989
4156
-5179
-7011
-1002
-2883
6391
-1970
3410
-8908
2723
-4537
755
-4200
-6509
3925
9605
2570
-2461
856
-4330
-8210
-7044
-5524
6607
8857
-9163
-2357
8195
2398
4156
-2307
923
3658
1711
5852
2212
7653
-1039
8911
7982
-6598
-3393
-9509
-7300
-642
-2869
5156
-4786
-6453
-1308
9621
-7418
3553
-2059
-3092
2147
5597
419
1547
-9522
-2680
-5595
9541
6383
-1196
233
-5646
7606
9765
-8700
1241
-2872
-3322
-4638
-1514
9479
2568
-1585
-2138
-6329
2705
7887
-6350
7394
-3591
8553
-4909
5202
3299
2252
-5779
6180
8416
1200
1281
64
7373
-5347
7931
-4990
7592
9983
-8212
8385
-3305
7625
-4125
-1316
8520
908
-9522
-568
-8799
-3071
1952
8395
-6284
6597
5016
4630
4688
-8582
-9095
-9632
-4870
3484
-1700
9408
7052
49
-8696
6187
2717
9414
-4136
8682
-7821
5657
9598
6354
9050
-8391
-3519
1088
6569
9394
7275
7858
-9937
1727
7541
3212
-8696
289
-3774
6705
-5513
7372
5623
5737
7684
5385
-7494
8734
-2327
-1657
6564
5038
1639
-6954
-6111
-2472
-7240
227
8199
5103
6791
-6954
-8478
-4461
1839
-7412
-1125
7155
-3170
4252
3823
-658
-8790
-5792
-1067
-6876
-138
2610
-9053
63
-4101
230
-6957
-1593
1984
-9936
7493
-9197
1718
3105
4292
-2330
6260
-1824
-4886
8566
9410
-27
5844
-8093
-76
-4881
-958
-4741
-7390
7775
4295
2281
-2033
7844
-7384
4197
3608
-8731
-3861
-3602
9990
-1009
5468
7520
-2174
-8545
-480
6371
-7373
-6963
9351
-5152
-3841
-6321
2632
-7589
3205
8147
3091
8266
11
-9047
-7362
666
3563
-9233
2399
935
4197
4555
-8581
-8185
-4655
4844
4386
-2213
-7380
9753
7205
-8584
-209
-5619
1119
9262
-6234
3392
5208
4138
-8377
8120
5321
-5165
-5630
5125
-8167
-130
5835
-6605
9015
-7544
-9386
-5116
3355
-7588
9296
7166
8462
6636
-5708
-958
2958
-4465
7108
7239
1185
3935
-6251
1152
-4496
-2668
6145
5996
3414
-5058
266
6916
2999
784
1693
-3629
-8771
2948
-7764
6570
2025
4922
-506
-31
1514
-60
-8147
-9266
-3088
2523
-9749
-5880
-157
650
3252
-7302
5554
-6542
7003
-1638
9794
-6818
-6255
-8808
1586
9878
9048
-2475
3935
-4417
373
-5032
-3217
-2427
9606
-9613
-9193
-7476
-3816
8999
1093
5655
-8735
1112
-8619
-2266
-9937
4801
6990
2062
9088
-7604
2028
4635
-4010
9270
-4647
9428
-6714
969
4120
-6756
607
296
6007
-2216
6601
6486
-3726
1912
7991
8545
-2421
-5026
-5670
-1432
9987
-8457
8491
1838
2894
5466
8390
5678
-3811
-6577
-6293
3947
-3936
-6341
2730
2254
-5392
-3995
-6604
-2063
-8102
-9531
-6638
8407
1149
9246
2614
9703
771
-6445
7740
-168
-5879
3657
-9226
-4301
7256
-2436
-1449
5912
8454
-5659
4982
1250
-4795
5046
-5196
6944
1879
-3578
-6135
8652
6508
8491
-8956
-5601
1044
-5520
-9313
-9526
6890
9242
-4790
-3888
3967
7494
1724
749
-895
95
569
-8149
-4869
-3407
-338
462
1199
-2617
5601
7789
-9890
3056
4002
8227
-709
-350
-8347
8542
8777
-6757
4924
4669
9871
7643
8910
3310
-8345
7734
-8477
9880
876
-1512
1515
6065
6057
5918
-2771
-2323
3311
-6404
4654
-6827
4519
9270
1925
2516
8336
4244
9104
-8237
229
1273
9500
8236
-953
-4649
6510
-6709
-2386
5719
-1034
-507
2440
-2703
3725
3693
-93
2431
7112
2134
7523
4155
-612
-5045
8760
-46
-939
3034
3345
443
1483
-9008
-9039
-4493
-6839
9123
-9821
8415
-2902
5823
4107
-4304
8638
-4025
3426
-2133
3012
4467
3613
-6385
-9376
5349
9009
6646
-111
4538
-5116
8380
-6285
-9797
-6688
6106
-654
3780
-6337
-6264
-7492
-3863
-3403
-1121
-9380
4265
4027
-8302
-9374
-9380
-1193
-2718
-6766
-2745
7798
-8990
6030
-5669
6775
-2810
-1499
-3164
-9714
9131
-4801
2550
9488
3533
8157
1856
2980
-671
-4285
-976
7168
355
2800
8431
-5531
7415
-3808
-544
-2046
-6326
-1665
-7850
-6865
-5283
5766
-5641
-1207
-7357
662
-1704
8913
8211
-4816
-4484
-8712
-911
5858
-9208
-4288
8350
339
-7811
-8929
2986
-7661
-904
-7731
1684
-1131
6484
-3158
-780
-3877
-598
-9050
2703
3760
-9754
-4116
-909
-9354
-3524
8414
4271
8544
8459
5346
5573
-2402
1257
7285
-1305
9582
9894
5136
1543
684
6367
-823
9418
-7802
3630
6997
-9360
-1763
2333
93
-2146
8448
-32
-1292
-2622
-6031
-6725
-4878
-2890
-6974
5721
-5069
-9748
2171
-8155
426
-216
9771
-2770
-9679
3092
-7890
-7
3956
-7642
-8689
852
8245
2805
-1089
-6461
-9230
-1536
-787
4129
-7550
5316
9179
-8808
-31
3271
7264
7127
1425
-8810
-6735
-2569
-5845
-4265
-8006
6354
5187
610
4185
-8428
-5586
-5031
-712
-6922
3227
-3815
2720
-2484
-7671
-1883
6027
-5929
-4282
-3096
3141
-3831
-7275
7422
-2634
6862
-1498
2034
8812
9966
-4081
3437
-8753
1773
6824
6868
-5436
-3055
6343
-7351
8989
-494
1830
-4050
-2838
-2530
9596
-5856
-7976
-8640
-9499
1488
-6454
2063
807
1853
4756
-8662
4086
5844
-8720
-1396
1320
3344
4354
712
-8590
799
-3054
-6043
-4389
-5399
5472
-2568
1931
3639
5637
387
-5632
8838
-5767
-386
-388
58
-2673
2149
-7219
-1759
8651
4534
-375
9569
-3331
8770
9130
-2537
8053
-7260
2118
6386
-1070
-8689
3280
-5444
95
-1462
-6318
-3172
-8532
-3039
8845
-2500
-3130
2309
8356
-7544
-3701
5762
-9620
7714
-77
-5978
-7112
-3693
-7529
2651
-6699
-2319
-9505
-2258
7975
4028
5720
2334
-2326
2161
-4415
-285
-2116
-8213
9865
-4698
3228
857
-155
9158
6579
9480
-5625
4765
4241
-4858
-5424
-7704
-2278
-604
-8165
2532
5566
-9060
-2801
-142
9460
-4425
-7522
-1776
-9456
4078
-7753
-6908
2708
6293
-9107
-3333
4679
8837
-7560
2391
53
8324
-7040
867
9547
-4588
-4106
-3857
3267
7853
510
-9621
-6863
-9012
-6982
8288
-8903
4951
-5857
-1176
-6577
1509
5841
6429
2162
-6415
-9567
-9712
4496
-3344
-3463
-5768
8141
6086
9881
7784
7851
8747
-3456
6736
7551
-3898
-7209
-2124
-1050
5623
-9055
-8862
6462
-8533
6047
2467
-7435
-6996
-1958
-6150
2151
-1059
3594
8925
5360
6825
2643
3443
-9621
-9453
-2756
-5894
9423
-6312
-6113
-8013
-5861
6364
-9741
3027
150
9352
9515
3159
-1424
-5024
-8940
-6263
-7975
8250
-578
-3047
1383
-679
284
-4425
-9820
-3331
8312
567
239
7416
-6770
-9396
9101
-2585
9919
-2458
7860
2786
2369
381
2486
-9985
-359
8457
6004
5087
-2985
-5264
9208
-3588
-3510
3736
-7517
-708
-5682
-4557
-1281
7081
6382
-6378
2753
1401
3862
5970
-5405
-883
-313
-4153
-312
3869
8600
-86
-9915
1443
5605
7354
-1642
-6565
8815
168
-2566
-9872
8542
-6949
1593
1060
5491
1595
7490
-3533
-2232
9799
-9485
-7889
-7629
-8934
-2146
-6726
-5217
5220
7762
9236
133
-1170
7571
-9106
-4309
-9622
7802
-3361
6325
-8078
-7765
2952
583
8501
-4953
-8129
-275
3269
-6522
2939
9975
7534
-7368
3549
-6659
-1902
2537
4527
-2435
7038
5707
-5681
8323
3576
6093
-9619
6084
6546
3274
-6816
-4254
-3408
-3168
602
5305
8764
8666
9295
3165
6805
-5267
6416
4226
-4662
-5495
2862
363
5942
-5806
-6781
-9544
-3963
6267
-7918
-8128
8445
6367
3212
-9115
-7773
-9968
-9583
-2266
-1295
-8648
7962
-5284
-2634
5450
9924
62
5455
-416
-4511
-4371
-7735
-5171
-8249
7301
9236
6307
-5756
-6283
-9549
-6365
1838
-4569
-898
-6761
-8512
679
657
-9217
-2006
5526
3503
942
-5473
-8649
2006
4099
-2868
2346
-7528
-1947
-8259
-1333
371
-2455
-2697
-6014
-9234
5131
7680
9451
5273
8396
-259
-1683
-5317
-2860
-9856
-162
-2106
-573
999
-1783
-6836
-1521
-9324
216
-739
6403
471
-2076
7928
-9112
-2755
6839
-1352
3216
-4887
-8355
7317
-4217
-9433
297
1748
-3403
1175
3980
-3134
9702
-7111
4575
2924
-3108
-1417
950
-4043
-6945
-4383
5137
-2134
6574
-9068
-9698
2184
8921
-3212
5190
5219
-679
-6821
-5316
-5954
2963
-7735
-4409
-2451
-6748
8512
-396
3110
-6519
7980
6573
4663
-9210
9938
7184
-7224
1730
-9643
-5040
8899
3172
5988
4253
2984
7133
-3532
7524
5367
-5472
-3948
5364
8358
-7338
-835
-4115
-9940
6291
-5377
747
4118
3968
-2826
4974
8961
886
-1439
3466
-3745
-3701
-6159
6671
-5619
-3524
9056
-6074
9209
-1738
-7365
8592
-9641
8178
7790
-5263
-646
-1495
2703
3367
4573
3059
-9814
4690
429
-3867
-1979
7774
-9395
8556
7872
8679
4639
1864
7485
-3039
-3734
-650
-8595
2000
7463
-8944
-1674
6015
8434
4381
-1073
-3412
6498
-1878
9715
5140
5734
-4423
-3051
-3170
-9491
1438
5553
-7664
5819
2356
9641
-7192
5521
6757
-2619
-7056
-9001
2689
-1926
-3075
-6112
1667
-2804
-2059
-5278
2217
5349
-5669
-4310
3838
9847
-1318
-5549
-9769
-254
-2381
-2217
-35
5762
-51
1219
-5934
9479
936
9988
-3319
-1437
-7681
1469
-4820
-374
-4756
1811
512
-5040
7902
-9944
2421
-1127
-3684
-6862
742
4362
5096
-5110
-8674
3779
219
5766
8386
1731
3574
-1051
-2751
-8826
-3988
-5537
-6247
2636
-8562
7953
-3685
8767
-9617
8541
-7263
-1678
396
4035
879
497
-5729
-3467
-5582
-2000
5861
-3191
1579
8926
-5237
-8824
328
-6816
-3119
5088
-4877
-6706
9647
-1963
7861
4172
-9178
-6995
4318
-7437
2553
9141
867
8584
-1344
9085
-3673
2258
-28
4633
-5093
-5668
-6596
7476
-2964
2188
-8101
9392
7042
8410
-5342
1772
4294
-1100
-20
2276
-8460
-6199
-8484
-6346
9562
-6724
-8489
-9343
-5924
261
-9256
-7149
-4630
9548
586
-9220
-6357
1628
3763
-8273
-7019
-2004
-5543
5063
1789
-267
6680
5049
-6690
2830
-8093
-6104
9187
-6510
-1052
2929
-1998
3980
2580
-4302
-3668
-8414
-3628
-3906
5376
9963
-5521
4102
-5919
-1188
-9702
4737
-5820
-2009
-6819
5813
7150
-7309
3876
3725
7761
-1930
-2320
-5603
-7392
8475
-5711
5311
8368
-3066
-2919
7630
-5457
-3013
-1701
-4247
7878
-8194
7891
6320
1396
-4890
-7520
3592
5
-6791
2661
-9277
-4759
-2945
-6988
-3305
-2010
6525
3700
-3863
4489
1481
6695
8677
6496
6356
5743
-2933
8761
5857
-7733
-378
9497
1146
9027
7742
-5591
-9202
8487
350
1941
139
-6734
8536
7539
8882
-4915
-341
-4044
-4207
5352
-5822
6320
-3872
7281
-2298
-4714
-9240
3136
-7838
5642
-6642
4766
-2410
-537
5569
-4363
2224
3100
-5703
1923
3033
-1406
-5795
-9593
-2399
-4441
7442
-3409
9279
2373
5916
4606
1667
-6016
-8388
-5934
-9501
3785
7127
-3233
-532
-3747
-1521
-8892
1458
4290
8184
1764
5263
-9429
-2777
-7598
-8393
-3756
707
5133
8188
-7678
-6377
5594
1802
5710
-2311
7571
-2746
-9356
-104
-4948
143
1331
-4942
-2928
8791
-9790
-4170
6022
-5236
9589
-8308
-2356
-6160
-2599
9801
619
-631
-605
780
-9547
7017
-2461
6181
-4985
-8678
-1772
-2651
6223
9977
-2633
-6870
1592
-5576
8747
-9134
-3080
-1515
5540
-9354
1154
6152
5857
-2987
3861
-2676
7261
-3834
8822
-2622
-2992
9131
-2783
1580
9240
-9904
-1004
4104
8571
-6171
-7985
-4753
-3013
2250
-1746
6125
-637
-2174
-6212
-2763
-6307
8991
138
1904
650
-4614
6419
8190
-1310
-8804
2670
9632
7060
6836
-2494
-6432
-8433
-5470
-6997
-2552
-8223
5957
-7801
2354
1392
-962
6050
1055
6729
-9558
-6724
-8281
1931
-713
-3947
-8575
9713
1063
-926
1358
4990
7203
7642
5540
2229
-6186
-500
-772
7668
-490
755
-8118
3239
5328
-2722
7852
-7767
-6817
-8544
1037
6300
-9310
-3591
4540
261
8936
-5443
6232
-9525
-8315
9858
8270
2510
4273
-9123
1558
-1869
6437
-1736
-3727
-1518
-9574
-7527
6360
5326
6706
-8984
-4520
9086
3160
-7811
-3130
5105
-3980
5573
-270
3151
-8420
8642
-7016
2349
5580
606
-7112
-6152
-4694
9803
7452
6473
-2063
-5711
-2133
3735
-4149
-5542
-8654
6690
-3000
-1589
4743
-9619
-5805
619
-8240
4796
-5153
-8918
487
-4937
337
488
5744
-3779
2931
1301
-5318
2886
1778
-9564
-5266
-9331
3507
462
-823
-1990
-4770
4021
9030
-3828
-1476
-6382
3421
-3815
-8481
8062
-1098
4846
-444
7567
-3031
-3433
830
-5113
2999
2792
-1426
-9149
9232
-3479
9153
-7876
-5535
-4707
433
-9012
-5405
5106
5939
-3701
3525
3832
140
-4635
3883
-1661
766
-4208
2729
6976
3005
-5859
-7601
3406
2084
-610
729
4293
5736
1258
6267
4107
-4957
8687
6014
8509
-7480
8318
7547
-2796
3413
9849
2023
3184
6612
-125
-6289
-6548
-8530
7235
-5420
-2074
3523
3738
7283
-2574
-5888
8299
-345
-4168
9274
7968
-9562
-466
-8526
7818
2893
-1463
2510
-735
2762
7901
4026
7779
-2604
-9059
-9502
-8714
8545
5631
-6870
3079
196
9624
4724
-4455
2585
-84
-9696
4494
-3309
6829
1819
8684
5138
4384
9582
-2853
-4521
4791
-7364
7964
689
1121
-7997
-871
-8392
3120
2291
-430
9705
-2687
5556
1571
-6785
9628
8376
-4776
7974
7500
5197
4770
4237
5266
-9645
202
-1560
2929
-9923
-5535
7626
8379
-1111
7510
7878
-8257
3749
1088
-6894
-7820
-9704
-4047
5884
3483
6965
5087
6093
7026
-4789
7684
902
-2293
9375
-734
-6493
-3594
-8147
7542
-2094
-28
-7616
-6655
-6033
-1455
5801
1638
3071
-9946
5220
1996
1852
5199
6586
4163
8661
-3629
-6523
-9684
-5171
-8627
-4817
-7589
3347
-3824
-8076
-9288
-281
-2101
-6967
-7279
9364
-569
3681
3447
-1888
-5762
-4720
8825
-4986
3894
1679
