7521
7413
-9547
-9667
-3990
2269
-7264
-2733
6049
-1857
-7999
-7574
-6558
-8873
5186
-7379
3503
-5543
2932
-3015
2111
-2304
6916
2473
-7880
5002
9877
-9414
8255
-1478
9503
-3145
7551
8594
-3044
3345
-8315
-5041
6063
-2894
-2423
3574
2422
1291
-6924
-8755
-8792
9298
2858
2680
9782
-2706
-134
-1743
-9113
-9398
7888
-2027
8175
-9261
-7718
9582
5784
904
6664
-4538
1975
2657
-7883
4773
4278
-7836
9600
-5695
-7058
-5893
-7077
-7576
3265
1757
-8141
-844
-3164
5361
79
-2737
-6513
-2211
-4609
5834
3037
3659
-8087
-91
-1022
-2503
-6072
-5227
5391
-5505
-4983
-9578
4719
-9466
-8676
4856
-1290
-1630
-4470
-3652
-9539
-8327
-1398
-7972
5998
8036
3290
2610
-8194
-6327
-645
6753
884
-504
-8206
840
5467
1211
9663
-3420
2434
6724
-6942
-4499
-7349
3226
-9195
-7726
7962
950
-5791
3624
3832
-1768
8330
70
-69
8537
9070
4193
-3684
-292
6985
2002
-4436
269
-8126
-8133
2022
5641
3986
8366
8014
8841
-85
1791
4013
-407
-7164
7849
7184
-2383
9041
-5874
-511
9472
4432
-1188
7953
-2420
-4882
-2361
-3956
4345
-7282
-8788
-2763
-6134
-7444
-6401
-5358
1446
647
2031
979
5319
6191
-3704
5681
2963
-5571
-4995
-2624
-6915
8115
6425
-7452
1401
-3642
5886
-7441
-2498
-9055
-3062
-4911
1482
-4616
-9903
3836
6610
6124
365
-3523
5507
1198
-7814
4793
-6317
-1444
7769
2180
823
-7405
6999
315
-6865
-9883
-7355
-3903
-524
-9478
-4210
8462
835
-5994
-4853
-3361
-1022
-763
-1814
-9571
668
-7835
9688
-2052
2619
-4532
1772
709
-6935
7891
4578
4433
-1711
1170
4111
-9947
7261
3770
-7704
-841
5762
8681
-9157
2510
-3258
-3878
2934
5522
-4672
7961
5266
-3382
-5364
5777
-6135
-584
4685
-6778
-6337
3439
7971
7398
-8069
9193
3457
-8906
5843
8668
9720
3832
-6879
-3840
-7420
7361
6648
-4561
-6348
-4871
-5676
7996
-5086
3179
8371
-228
5967
1011
3235
-1966
-2401
-3686
6538
-9332
9170
8101
8309
-6280
-8809
6704
309
-7386
-8822
-3342
567
-8427
5135
9637
-8003
-7504
-6950
-7822
3661
-1256
6938
-4885
2209
-9162
8589
3290
8433
3870
-9451
-5528
-8724
-7046
-4977
3365
6776
-8321
-2754
7725
-6077
-9562
-988
-1868
9140
-7946
-8308
-8780
4902
9062
4174
-3474
1211
5638
-480
-2314
-8922
-8380
-5305
-4390
7756
-2900
-9189
-4485
-1781
-724
-2789
3237
4144
2979
2326
-7716
6511
-2512
-5857
-4850
8563
-3915
9048
-855
-6868
-1214
3893
-2168
423
9821
7607
7231
2307
2770
-1786
3938
2961
-1209
3838
-4544
854
-5665
-3707
-8403
-565
7697
-8925
-3032
6617
-1209
-164
-5684
-3805
-8897
-7608
865
-1225
-2121
5746
-4047
-7699
-1817
-427
-8204
917
3961
7424
-7743
-1203
-5604
-6169
3884
-3569
6497
-5787
-6639
8453
-6929
-3129
-1147
-2391
4575
-4113
-302
4745
1848
329
-1393
-5579
-550
-2646
-1762
-2785
-2457
2317
-7372
3651
-2869
7958
8629
7188
9162
-3699
-9776
8752
7857
9793
1772
-7765
1879
2009
-3676
-2662
4285
-260
-4249
4580
5990
75
3745
2783
2798
2773
-5677
298
1376
1495
9705
-7854
4752
603
-9757
-7832
-5337
5377
-5970
7652
-7555
-7450
-5130
3789
2734
-8944
-1892
3438
6063
4886
-2264
-734
9167
9175
-1589
8409
2112
-4080
-1574
-3763
5502
-7080
-4782
9910
6752
-1675
-466
-9418
-4576
-771
-2593
-7657
2260
-2193
9500
7422
-3407
5934
-4742
-4754
-3484
-1873
363
-8266
6706
4861
7104
722
-619
1299
858
2147
37
-7658
1050
8339
7949
6717
-4594
-7259
3429
-1762
8534
-8523
-5661
-2421
-5581
7955
-8766
8416
-9367
15
-4269
-9085
-416
-5780
6780
7210
-9618
3142
3744
5436
3261
-8888
-1951
-2344
-2595
-9395
1907
3131
1312
7851
6156
-6731
-6344
-1084
9152
7248
942
8358
-4375
2578
4116
-7844
9086
-7241
7229
3828
-8268
9580
-6752
9227
7140
-5775
-2052
-3432
5960
4354
8412
-5155
-1722
5300
8454
3532
-8846
7250
9625
-8481
4997
4757
1472
3061
-8727
5175
4069
6425
-2850
-1294
-8121
-5826
1117
-1552
-8060
-132
6104
4384
-1733
-5263
-3020
-7058
4167
-4122
-7575
2216
-8347
9644
-6021
-7267
-2922
9881
-2011
-2749
-5343
-8239
-7985
-5838
9049
351
-8517
4308
5008
-1455
-9204
-4367
1178
4586
7509
-3112
-8253
442
1308
-2554
6471
-4316
6776
-7608
-6141
4185
-9753
-4803
4118
6694
-3728
1996
-9455
-4592
-3212
1896
4142
-9971
3391
-3834
-8982
-2572
5697
8870
-458
-1365
-4222
-3094
1709
632
9710
2730
-9640
8873
6318
2569
638
-9974
1269
-6135
9325
1299
-9079
-1996
-8402
2632
-114
5685
2715
-3230
7913
-787
7388
-1620
915
5943
-8120
4254
2030
-6750
1550
-4637
3808
-2824
-4971
4138
-7920
682
-7622
-9305
-5071
-2487
275
-8259
-5565
-9220
5918
-464
-1271
-4365
1934
21
-6968
826
3408
2533
-2691
9451
7885
-9526
-9063
-2290
-4284
2436
4366
-7494
-2503
-261
5579
-5646
-5693
-1104
5539
9222
-4218
-8049
-4926
-7866
-8835
-4070
876
2232
-780
-9027
3679
-8224
-8139
4147
9232
-1676
-1124
5909
7720
-715
-3685
1710
-8314
-9380
5287
4294
5620
-1408
-4591
-593
-6048
-7528
-6308
3268
-1324
3113
3542
-93
1972
-5535
-566
-7067
5709
-2253
-5174
6105
-4482
1260
5500
-7058
-9091
5319
-3493
-6881
-2240
-170
-6155
-5788
-9244
-4782
-6031
1440
574
-8611
4499
-7368
-2009
-6868
4934
1117
6184
9791
7957
946
-4057
-6056
-7682
7269
-5981
-3643
6108
6524
9879
-3688
-2623
644
8371
-4162
-6985
4884
-7572
583
7031
427
7813
380
-6939
-5868
-495
-6026
7872
3455
-5962
-9597
-488
1793
4359
-8025
-7988
-6625
-5228
-4004
9118
-5227
1830
2208
2869
7998
-3059
-4329
469
-2912
9204
9250
5741
4598
-7783
-6640
1858
-80
2236
3212
-1134
-7426
-9311
-943
-4577
-1913
685
-5679
-9650
-6695
542
-2697
7921
1423
3648
3062
9108
-2782
7773
-885
-4384
-5488
256
6975
9776
924
-944
-8782
-9965
3324
2797
42
-3873
-145
7032
-6034
-6047
-4130
-1839
-2038
2045
-9438
-2425
3193
-1768
-3179
-5427
-3733
-2007
-6706
-2580
-2350
8353
8107
6919
-8328
-7044
-8462
9803
-9970
-9339
-9656
-8529
-2867
-4571
-802
-2455
-594
3143
-3634
-158
4504
7446
4669
1418
2522
6913
3343
-5571
9006
3228
-886
-2133
-9111
-3120
4239
-502
1386
9076
3005
-3029
-1829
2821
5083
-9745
1034
2494
-8447
-3678
3689
2046
-2326
-2811
6236
-601
955
-8470
4205
256
7011
-217
-5473
-3129
-9874
4157
-9489
-2312
5927
4982
5360
-6857
-4251
2063
3639
-7907
1284
6389
7627
-1648
2269
-8301
-39
4897
5662
-5596
-27
-813
-9033
7792
3702
5487
1502
-5161
-8530
-977
8197
436
8304
6709
-6879
7054
-717
-9156
-5453
229
-4023
9140
1833
-6213
2730
-7233
4388
664
-4828
-308
2002
9240
-4679
6523
7715
-2224
6345
1728
8826
-281
1882
-7644
-9384
301
7938
-1012
-8067
-8677
-1816
-3356
-5580
4346
5135
3005
-920
5451
9170
-4597
-5128
-1582
-1026
6384
4455
8199
3885
2389
2294
1091
-7780
4673
656
6459
-9544
-819
7502
6611
1899
3108
5821
2128
-2026
8781
-3977
-8839
-9347
5318
-4570
-1993
776
-694
808
582
9198
6239
5221
1956
7600
-8864
-5453
-571
-6909
233
5799
-5010
-343
2710
-1192
4246
-887
5841
2426
-7545
1358
-2534
7521
-2350
-8448
-1120
-4364
-1056
3125
8038
-4020
642
9819
6011
-2442
-8819
5922
-4277
677
-6550
-1324
679
-164
9599
4922
-249
-195
1087
-1359
-1277
9217
-2979
-6592
7818
279
-6851
-5320
-7073
3658
-3361
6797
-1157
6417
-5421
-8092
-5387
-9545
-2218
5469
-9415
-8157
9986
-5250
3284
-9239
-670
-5237
7799
-4394
1508
-6590
-7473
2171
-6944
3901
-4772
-5668
-9252
-8140
6346
-6309
5806
-3129
5548
-3992
9001
1258
611
7086
9511
8252
-4600
3199
4771
-9983
1464
3052
-2367
6564
2356
5338
-2358
-242
-7744
12
3462
-3981
3797
1111
5517
7061
-6013
7891
4637
2461
-9134
4862
8120
-8413
-9
7099
-3274
3057
9272
7133
8092
6833
-8423
3652
1961
2000
-1258
-284
1449
2423
-2431
-4797
-9615
9676
1392
5197
-7270
-3405
-6943
9416
1129
-4893
-6217
9554
6913
2823
-2005
9941
5106
-9318
4068
-721
3291
2557
-3293
-5071
-1770
9462
-2385
-8725
-8543
-8259
3166
5017
-5593
-6105
-8476
7338
912
1352
-6193
-3556
9750
3538
3934
-3784
-4141
-6735
-5633
-3636
1926
-3496
-5401
-66
5226
-7305
9780
-5802
-3583
1191
6870
1422
-8839
-8950
9644
-1192
7243
-3291
1226
-9929
9227
-2130
1903
3365
8844
-267
-1213
3746
-2933
8696
-3565
-5722
-4769
-7957
2541
5018
8137
-5055
7303
-3764
5590
-5755
4300
1943
-8955
-5340
8889
-3963
-1115
1284
4401
3003
5496
-704
-682
3497
3797
-3968
227
3887
-3021
-3364
7617
-7597
89
-2346
-7196
85
-6002
6554
-4640
-3775
-1796
-2549
-421
-690
5420
3982
7019
4695
-2015
-7794
7176
1394
110
4962
-7509
-3928
2719
-1295
348
-7198
5476
-3825
-6777
-1362
-3558
7465
-5589
7838
-5398
4758
-6065
-7524
-3954
8799
7346
-1437
-5656
-5697
-3517
-8566
3054
8311
1470
-4390
9677
7412
-8120
-6176
-4610
9919
-4604
-7994
-9943
-6404
-7715
9172
6359
1651
3043
-4823
-868
2770
-10000
6041
5983
9061
6257
-359
-1466
-6645
-7995
166
8192
8738
-2777
7894
-8636
-9364
-3903
-2023
38
-4284
8633
7196
-4381
-7983
-7803
5077
-3993
-9652
-1056
-9966
2778
-4282
146
-4664
893
-7226
-2613
7571
-5022
1883
9467
-1592
7291
513
-3495
9082
-3370
-7624
9288
4734
-4313
3852
2140
116
-7295
5815
-636
-9369
-7571
4006
-6884
-5482
-7677
6511
9136
-516
211
1020
-3851
-1152
-7347
1436
8110
-3042
3662
-8240
-8759
-3562
-8813
3682
1642
-2781
3159
3864
-2848
6740
-2476
9835
-4043
-5427
-7616
8914
-5620
284
1164
-5642
4671
-2470
5903
-9007
-9596
3689
9307
-8856
9537
-5915
-4114
-9813
4767
5029
-7565
5401
3662
6059
890
8583
2958
-4509
-6232
-7480
611
9067
-362
6620
-4777
-5892
-3243
-4764
8165
-3625
-4798
89
-4362
1302
5093
2290
1562
8402
1507
-9046
-9612
7427
1502
-1207
8265
4609
-1081
-7052
8100
-3607
7133
-998
-698
381
6552
-6287
1361
4837
6188
4312
5887
6271
-5512
5513
-2759
-5182
-8207
8043
-3466
-3585
9791
-795
-6613
-9605
5887
-6779
5983
-9840
9745
1343
-8790
4739
-8239
7265
7953
8088
2736
5374
1460
-1576
4904
5006
2605
-9364
-7872
-3366
-7200
-5619
9952
6642
7771
-29
1566
8591
143
2477
-5982
4238
-4855
8249
-1003
7311
-4386
-9417
-1841
102
7332
-6376
-5072
-3514
2318
-5893
9788
3289
7725
8496
-4839
5582
8099
8544
416
1402
4498
4884
8123
4763
-3963
8677
6157
3834
-2816
7639
5262
-7845
-9540
-2744
-6694
-5083
5618
-4252
5624
-8889
-6916
-8813
2089
-9268
3939
8364
6932
-7441
-6587
-4551
-1958
-9488
7943
-9473
-1996
-3066
-2045
-4720
-1507
8140
-2598
-5843
-9887
-8618
3158
8693
7759
-6855
4435
7382
-1158
-7109
-1053
1006
-1772
-7154
8361
7743
-9155
-9575
-9706
-440
5195
5482
5942
-7395
-2012
3807
1911
-5660
1957
-8740
9112
1945
-2374
-6342
9848
-7897
-8431
8953
5770
2444
-4446
-2585
2928
3699
7876
8199
6178
-6952
416
2465
8121
3245
7488
-7446
-1634
5114
836
-1475
-455
2248
-8876
-5415
-9350
-9996
6024
-9519
3882
7925
-5283
-6107
-9986
-3965
-8061
-2414
-5216
2079
1379
6137
6782
7833
5452
3445
-6325
-6768
3931
-5489
7735
5059
-5023
-4863
2278
587
4190
-7836
-4771
-5242
-8118
1693
-5647
6070
5300
9067
-6343
3675
-677
-2745
-9650
1209
-556
5125
-2422
-6214
9257
-6205
-5338
612
-831
-2825
3305
1221
-7567
-9700
-517
-4297
-1989
-9754
-6197
2838
591
7201
603
-4629
5611
1908
-6014
2347
-5868
-7666
4104
-4427
-8843
-178
9343
6882
3999
-2794
-7921
1717
1701
-9345
3010
7243
2946
3775
-174
-9165
-2645
-5687
-1206
9071
-3203
9425
-734
-8691
5732
1850
-7604
4144
3407
-575
-2166
-4263
-5195
-114
1426
1056
-8451
-8116
6273
8388
5744
7679
8895
-7021
-4676
4565
3948
-312
9415
-110
-4019
-5083
9217
1545
-8508
-6414
2298
1572
-5163
-3469
-3064
-8059
-5225
5838
6953
2989
-6335
6355
-9908
-6940
-2241
6834
-8836
-1756
4649
-7796
5356
9362
562
-1842
7558
9145
-7903
-3089
-3570
-9792
-3326
-1813
-6301
4023
-8712
4303
903
6271
7048
-2783
5199
-4038
4157
-9269
8615
-3395
-23
197
7018
-7876
-2375
-5755
9219
-7897
5595
9009
-5947
-4751
51
-5098
3547
9196
484
-42
-2826
9742
-7252
-2057
8088
9805
862
-5636
-2620
-6116
-8545
-133
-4693
2976
-1375
86
-2478
-8267
-1854
-4118
-7180
7473
-4815
-2868
1176
1413
8985
4134
1955
1843
-2624
-5174
-3287
-6667
-4286
-7915
2174
-3077
-8929
-2760
-3872
-2635
-361
-592
-7555
-7046
3312
613
2039
-7157
-2316
-3744
-4385
-587
4
7437
4174
-5330
-4445
-7959
-2798
-7621
3688
-489
-162
-2451
5836
5680
-907
-4197
-4632
-3745
8435
3005
3818
3576
7838
-9836
8319
4920
-8148
-9331
6704
-6218
-257
5058
-7289
-9355
9317
6107
-9777
-5290
-9451
-7478
5377
1256
4235
9280
962
1120
-8528
1350
-7054
-5316
5982
572
5124
-5770
1822
7946
-7051
4222
-2354
-1200
8447
9451
-1052
6656
-7975
-40
6036
943
-6835
4520
-5331
9171
6102
13
4324
1184
4776
3814
4567
-1671
8054
-9747
-4233
-3060
-3621
-2583
-8355
2353
-3540
-9328
-1306
4367
-721
-5777
-4900
-4224
1873
-346
2934
-1321
-3363
-4943
-7072
-5518
2442
4354
-9523
-3849
3961
1497
-5144
2622
-1851
-5764
-9323
-5508
5433
-5621
-8278
2903
2900
-4687
-5229
1684
8221
2543
-9358
7313
3131
7722
4390
-2195
-2897
469
203
5150
3099
-7210
-3938
-6938
4791
6907
6764
5870
7103
-1953
-8658
-5710
-9603
-2656
-6348
-5325
-1534
4909
8916
-5825
1429
5213
1458
6300
8562
-5870
-9677
-3683
-7151
-5850
7315
5762
-5351
9633
3921
8902
3646
-7127
-2623
-3663
1488
-2672
6278
-2155
-6742
97
-5660
-721
9833
3807
-5212
-346
-3377
2955
257
5022
8477
6904
4571
5257
-914
5395
-8739
9868
-4008
-6081
-7807
-4292
30
5437
1401
7707
-8783
-6456
719
4466
-163
-7962
4575
-7576
7391
5928
1003
3249
8921
6742
1883
-5900
13
-6008
-5459
2426
9438
4197
-5720
-3050
2867
-2195
-8153
3579
-2090
5653
8561
543
8441
6926
5377
6340
9531
-7346
-6139
6260
-699
584
5700
-3050
6502
-9948
7085
-7564
2963
8594
5955
5934
8336
1849
-6089
-4711
8669
-5092
6470
5462
4629
8978
-153
-9424
-7679
6198
1362
-988
7003
395
12
6022
3359
8387
2223
-7338
-2417
-1440
1286
-4984
8110
9958
-6010
3443
-5969
8666
-2437
-1328
-7552
6137
462
1688
9632
3344
-9105
-2692
6050
792
2866
9073
5871
-2775
6886
4502
-8783
-280
-495
3845
7590
1177
7123
2094
-8050
7443
-3523
-3726
-8344
-4406
-2790
2201
4006
-6238
-3762
4365
9274
5261
-4030
-8657
2528
36
-5023
-9148
1702
8641
5414
9726
5403
9076
-3419
4007
6831
-8305
9504
6921
527
5092
-8450
-3355
-6501
-9491
3783
7708
2327
3617
8170
5774
1446
-4159
517
6969
-5087
6979
-4267
-600
5985
8112
1630
4611
-4372
-3485
-5372
9030
611
1752
-3154
9211
-4264
811
9420
-5890
6412
-8728
-6333
-57
578
4105
-8384
686
-7766
9237
-4938
-2499
2778
-1796
1197
-9087
-2269
7238
-877
-3968
9772
4647
-3186
-8454
9327
3323
2663
-554
7289
6023
2843
-3570
-1366
-7527
3811
-6534
-7036
-3914
-9243
1176
4100
8807
738
-1716
314
7700
-5937
-4475
-4810
470
-2225
3998
-1315
5173
9639
-1217
70
-3298
5034
-7015
-7769
-7830
-4523
1501
6869
-627
2721
5260
-9152
-4932
-5458
3935
-3580
2140
7242
1562
-5148
-9344
-5998
1283
9711
-5637
5402
4303
-9556
668
-9436
-9219
5890
8526
4735
-4258
-7336
-3666
3765
4346
8032
3309
5867
3439
-5005
2494
-3852
91
-2119
3811
947
829
7051
3735
-6637
-1617
-8563
1408
211
-2379
3587
3771
7699
-3389
-7568
-3020
1247
5173
6922
8463
9996
5516
-9463
5126
8034
8114
-7258
-5674
8093
7513
6431
-547
-9328
-4037
196
3641
-3721
612
4592
-7269
8458
-626
1252
688
954
-2246
7881
1056
9108
5
-5084
-4300
-1864
8856
7666
-6116
4155
9413
9610
-66
-5935
5638
4547
570
7129
-7813
7733
-3497
-9087
4373
1298
-5992
-8375
5842
1848
220
615
-2967
-8369
2765
471
8979
8838
-2569
8859
-2837
-5923
5525
-9990
6309
-5755
-3065
-8948
2773
-8835
-5445
-5168
9762
8876
-7814
8405
410
-3599
-8605
1542
-1232
-1328
5303
-8969
-4949
-8604
2230
143
-7428
6987
-8629
-5421
7247
-1698
3031
5298
4862
834
1653
-4760
-5919
-1512
-4423
-1633
9850
8476
-2088
1537
582
1474
-1863
2315
-907
10
7034
7668
5873
7957
8083
3140
-3419
5952
8966
7549
2375
-6520
2459
-9510
8982
-5393
2680
-1791
3081
-2669
-1288
5880
4278
9105
6209
-5398
-6534
6103
-8218
9744
-6883
2781
-1212
-8710
271
-9866
-6598
-4736
-7880
8103
-850
-1916
706
-8382
8007
-9904
3672
1834
-5649
6488
8083
-784
3706
-4734
1860
-5636
367
-9321
-7637
8512
8292
-2002
-8589
1799
7365
7926
588
8603
7291
3008
7229
2585
4493
7479
-1107
6630
-2963
2277
-783
-3374
7997
-3066
7883
-5740
-5065
-1288
-2897
2322
3462
-2915
1428
718
5846
-3307
-4864
1703
-287
-969
749
8541
1011
-3888
-8499
-8652
-7709
9590
-5519
-9358
927
4123
-7270
5500
-2881
5737
2387
4343
-8824
6201
-560
2377
4010
-6427
-6548
9365
-5251
-3344
-8462
7313
-4067
1799
-2219
5924
-538
8709
-6965
-1499
3070
6606
8144
-3299
-9533
-302
-5935
9919
-9459
3453
-6763
-8340
-5358
-1493
4760
-54
3555
-3604
8183
-1871
1456
-9191
3051
3841
-8628
3668
-2574
3133
3678
4257
-6270
-584
-7568
-9003
7137
-6217
6667
-1216
-8689
1019
5675
7140
6258
-4936
-1304
6852
-8532
5229
-2573
-7053
6002
-5070
-2466
-9745
2718
-9591
-8754
2608
-6559
5451
-8861
-5318
-1056
466
4766
988
8791
1802
-9191
-3482
-2295
-4822
3539
-9432
3508
9812
-1406
8426
6905
-475
8883
6106
4598
6356
4304
2638
-3971
-1164
5630
-3417
9656
335
3232
9729
2087
4134
9464
-4604
-4234
-7061
-4160
-3110
6628
-439
-6915
6911
-8358
-2643
2863
124
-8283
-650
8554
7175
6428
7322
-8487
-3671
236
-1168
-869
-8145
4148
-9183
-3252
5921
-3877
8830
-4854
6351
-8610
-2208
2546
-1169
-5421
4023
1801
4842
-170
5115
-2171
-7416
8322
4971
-9314
-6619
7249
9905
1997
8730
8865
8418
3047
-7079
7684
1597
7791
-2975
4816
-4391
2176
-6287
-2775
3064
-5457
1968
-9518
-5228
-9110
-4408
-2644
1441
4470
3629
-6305
1594
6457
6104
-4061
-5029
-9749
8212
635
-645
6739
-2233
-4342
-2157
3722
-3168
9801
4066
-2880
-9648
-7482
5942
2856
3726
-2629
-6162
-9960
2448
1127
-1382
5393
-8751
4022
4700
1252
-463
-5543
-3744
9562
3952
1750
9697
-4049
-3330
-8193
-9684
4021
7019
-5357
7858
-3283
955
74
-5042
4788
-1747
9579
2841
3451
-3692
2432
-5761
-5406
-722
-7143
4067
1853
8055
-4998
874
-9631
8642
-8344
9247
-8645
6292
-9368
9009
8359
842
-7269
-8345
1725
626
3671
-2345
-5091
4093
-7061
9146
-6951
-5500
7149
4483
-6660
-9240
-9098
7157
-6702
3635
-5787
1156
8498
-7758
-3483
-4999
-2289
4224
2620
-5240
6200
-6794
707
-9014
-8229
-4086
8859
6
7628
-9761
-6887
-3278
8877
-5094
4460
-7054
2329
2057
7453
3693
-442
-3705
-9269
-7883
7522
-3983
6665
-7388
3877
-901
-8390
-531
2394
-5420
-2851
5094
-6661
-3382
-7884
5241
4996
-9350
-1743
-6710
3983
9299
9455
-5593
8466
3778
-2785
2737
2326
-4380
-5246
4048
-5848
4131
-5822
-6791
-964
6755
-6371
3350
-5276
708
-8022
-6880
-9385
-1291
1334
-7729
9757
8243
3436
5648
1138
-6774
-2947
-356
8336
-7158
64
2275
-7119
1753
-4894
-5985
-7882
-8570
1827
1228
-3803
7360
-1572
243
-7260
-7633
5306
-5565
-4422
-7932
-7336
-9496
-8152
-2276
-3650
4980
3610
2755
3782
7747
9275
6904
-2525
-1294
8514
-4749
-6209
-9511
3257
3146
-5489
6571
1877
4419
2883
105
-7935
2209
8681
1573
5110
-9878
3240
7312
-6325
-5912
-7198
-4735
1853
-6284
-3660
843
2024
5973
8046
4361
-5032
492
-1945
-8570
9306
-3608
7059
-9245
-2929
-9251
-4140
-946
-9660
4033
-9646
5388
-2261
-1769
9812
-7581
9041
2916
7769
9035
-8786
9953
-4442
-2407
-2584
4368
8028
8707
8439
2162
-51
6379
6033
2531
-8232
1434
-4500
8776
7686
9161
-5660
-1341
-2346
880
-8818
-418
-7920
-3738
-910
-9529
6187
-7553
7579
-2133
7973
404
6555
442
8767
3801
4647
-9360
-6613
-9061
3584
8741
-6647
-8788
-7959
4002
-442
1292
-623
8550
-1199
-1142
7014
1428
7727
-6137
106
140
-1159
-9468
1934
-1716
-8389
6023
-5984
-4692
-5336
3439
-7125
969
-1293
1797
2216
9234
2889
628
5038
-1013
-2465
-8302
-3795
-6313
-1026
-6812
8033
-8300
-379
-4444
-4586
5463
-2524
9918
8869
-5346
-6934
-4192
-8715
-6059
-7958
-314
-2810
-512
5266
7465
-4767
3608
9994
-2647
-6863
4451
-8015
2340
4573
4061
-9672
-6911
4164
4046
2193
2532
815
-3207
7014
8954
4003
7163
9277
6596
-225
-729
884
3103
507
-4017
-1665
-7782
1631
-980
-5448
-2120
5489
3506
-9121
-6007
606
-5058
3139
2169
3461
-5301
1348
5875
-4981
-1254
6496
-3001
9336
-1030
-5322
-7195
7980
3431
-3773
6047
1809
377
8515
6946
-8224
-9411
-5690
5608
7933
-404
1644
-4124
8385
-3946
3210
-853
-6900
-8930
-7076
-1432
6722
-3328
-8729
8806
-3534
5277
1526
-241
-8274
1233
-5564
-1025
4493
4209
4174
-7782
4959
7835
-3113
-9160
2706
-1386
3839
8005
-6345
-6795
7576
-7102
-8042
-1144
-1348
52
-5342
-7174
617
9899
4713
9932
5712
-796
5577
9845
-857
-2141
-8438
1221
5273
381
-9711
475
-5568
-1023
-8850
-203
-7425
2214
453
3654
2463
-1755
5184
9111
-3064
1355
8533
-5227
-3958
-5541
5722
-6463
-4383
7749
4382
-2413
8786
-2800
-4027
6066
-7156
-3245
2795
-3772
-8363
6841
7465
-4096
-1145
3844
-2312
-3595
7761
5680
-6022
5063
4747
1133
3596
7790
-3696
2189
1922
-7
2538
9334
-3547
-826
-4401
5291
-3058
-2711
6820
6926
-4429
5808
8769
-7368
5748
2284
6831
-4276
-9750
-2267
4648
5603
-4809
-2914
-1727
-1238
1163
-8705
8678
-7442
-1476
-4114
5985
1149
3145
9503
2541
-2864
2152
7292
8350
173
4712
-8230
-3016
-8663
3521
6955
7970
3451
9919
-1940
-5717
-2443
-2011
7364
3831
-1976
1414
-3527
-4897
6500
-8127
-7976
6155
-6669
3807
-1704
4212
4310
8660
3479
865
8574
6089
-670
5803
-4806
-2269
-6744
767
-6636
-4889
-4058
7606
-2138
6465
-5517
9576
6999
-2803
200
-1253
1120
-6485
6171
7420
-269
8567
-8319
-5465
-1047
9073
-335
-8953
5694
8324
7676
2293
-3095
-6671
-2725
7713
-3693
9747
4285
6122
8976
-42
987
2857
699
3274
2229
-7800
1067
9807
-891
6902
-2740
7211
9173
-8770
-6691
9928
2680
5609
-6723
5972
-8129
-2616
-1752
-8634
-6896
3642
-844
3189
57
-3871
1424
4800
-513
2134
8098
-3982
4354
-6496
-8075
280
-6687
-6793
9305
3120
6823
-6898
9143
-1218
3950
7682
4616
-8346
-7171
8876
-135
3824
-3167
-4304
-4942
-617
626
381
461
2643
3069
-2124
7245
5519
724
4463
-2298
1808
7697
9164
-135
-2617
-2856
-9292
-5167
-2299
-1559
-3806
-8735
-1993
-628
4646
1432
-701
-842
7424
236
-9735
-9613
-4732
405
-7481
-1476
-7989
-4103
-6627
-5571
9729
1264
5293
7388
-3285
-3374
6810
-6689
-950
7470
301
4760
4844
5995
5660
-1930
-6977
7877
2053
609
-6267
7638
8645
56
680
2246
-9889
6510
-2029
9945
-5426
-6384
9489
-1335
-6416
-792
5434
-646
-5943
6866
3796
-4279
-1032
5009
-6827
-4501
7765
-1543
-891
8447
9027
-3025
-5704
6493
6442
-1956
4289
-9474
-4261
-3519
2864
-1246
3128
-9582
849
-1658
-5923
-9239
1216
5084
-6237
4860
562
-1429
2387
-8822
-6391
-9696
-6373
8884
-6394
9072
7665
-9504
-778
-8847
-6308
2330
4052
6407
-8472
-1529
-7133
-2077
263
8688
4084
619
-2409
7595
376
1836
9236
1368
1163
6934
260
-3139
8720
-2999
-1659
-6750
-7968
-5337
-7933
5800
-7763
6210
1114
-7758
3523
-9028
-6036
-4859
-3675
-8995
-5398
5005
-8386
-4803
-7598
4000
4111
1094
-3658
-5114
-1570
-8072
6949
3185
-7983
2953
-884
8243
6579
-7689
-5260
7996
-7734
8829
1508
9430
6441
8307
-762
7232
-224
8435
6356
787
-121
447
4129
-2102
-4887
-3600
-9731
4143
5196
-967
2063
-2831
-276
8863
5866
6187
4177
9140
4566
-990
-2629
7451
6514
-698
4356
6038
3912
8381
2595
-6606
3939
-4913
-3573
-7392
-5836
-5795
8756
8675
6050
9625
-6764
2662
5935
-7456
-9057
6938
2945
5061
696
-5477
-6797
9480
3812
-7596
-6629
7123
-6761
3162
-3864
-3170
-6377
1882
8148
-1063
-4204
5542
537
6454
162
4727
8914
2150
8689
-5707
5525
9306
-3090
-8938
-5463
5413
-3562
-7959
-7959
-1453
3141
-6318
9417
9024
-3712
605
8265
3196
-1117
-9693
6902
8390
-4400
-3816
-5309
-2673
-9266
2276
-4174
-528
9953
5235
2830
5361
6882
-3314
8723
-794
-9687
-8531
651
4167
6530
-1478
-7606
6527
961
-2602
-8690
-907
7017
-9921
-7262
4694
1728
-1608
4280
2497
1753
9465
-1583
-3089
7484
-8540
5796
-7687
-3623
-8850
7472
-7173
-9978
7521
8096
2642
-14
-3509
-9681
-7114
7579
-2529
-7802
-6208
-4116
6789
-9149
2096
9682
-2735
-8905
-8166
1148
-82
1634
1478
29
7162
-1718
-6307
626
807
-5862
4867
-6332
-3851
-679
644
-8313
9685
2982
-5672
6086
1233
-9012
5577
3984
-1255
1566
5213
942
1898
754
-3344
3632
4078
-4913
6960
-4536
1464
3157
4557
-7265
9563
-9925
2961
-1147
7740
-4975
4170
-5899
885
9302
-7041
5076
7864
-8630
-3674
-3910
5906
1318
1831
-3120
-3634
-6790
-2858
5357
581
3942
-9214
5026
-7714
-6343
6947
-5415
-1761
2546
6234
-9313
-5907
-5285
-7437
554
-865
2976
1062
4343
-3201
-532
7450
-3592
2347
4233
-6077
-7014
-3774
7161
-4937
-2257
-3416
0
-7633
-3974
-7663
2083
9526
-2395
-3945
926
-4581
-2725
9281
7668
1367
9445
-8025
1483
-131
-2511
-5486
3311
2766
-4326
1099
-8883
-4097
-7362
3393
-5472
5944
2367
-9122
-7579
5122
6184
624
9173
2740
6401
-8706
-6562
-4939
7276
3200
-6475
4575
-7676
-9674
-8540
9240
7158
-8753
-9940
-3494
695
3985
2803
2224
-6090
-5270
1578
7613
631
-7471
-8519
4401
5165
-8058
-302
6794
4450
3326
-7710
5710
-2364
-121
-3384
-6852
9364
-8798
9694
-8531
-7445
-3655
9928
3136
-4759
9029
1217
7657
-8068
2841
-6860
-6790
6225
4483
-9060
-6797
2012
646
463
9513
2818
-918
4362
3683
-2892
4824
8929
5153
-1195
3332
424
-8346
-9242
-800
-3978
8934
-2746
-7844
8250
1634
9359
-1654
-2015
7664
2365
-7945
6587
3550
6778
-7877
-7859
6707
9980
4068
-5711
-3461
-3772
2114
6536
-2084
8492
-7919
-6731
-6769
-2755
6576
-1147
8478
4238
5526
-657
-5104
7972
3325
-7332
-6503
8622
-5428
3994
-9607
-2352
122
-7315
-5027
2049
980
-127
-9383
6923
7029
-9055
-6889
3781
-8188
8239
-9684
-2654
-1482
-8502
-8821
3863
3047
4038
-6900
7114
-1992
5481
-8897
5741
4807
9030
9920
840
-3216
-6182
7329
716
4118
-7622
-9946
778
-7548
-7795
-8934
-7852
-7513
-3786
3316
696
960
-3281
8088
-5483
2149
-1562
-4417
-942
3271
-6793
9486
2949
-7273
6146
8251
-2437
5541
-2746
-535
3687
1348
-4826
-4734
-2282
9787
-4055
3695
-3324
-6285
9521
-9284
859
8725
-7547
9589
8887
-2732
-5188
-6781
-2815
5710
-7044
4203
7775
2858
841
8464
-6807
7600
-7138
-5996
7628
-9579
2455
-3836
1396
-5714
3160
-1244
-714
-3678
-9502
-2148
6963
-2591
5350
8429
8974
2752
9382
526
6046
4744
-7738
-5004
-8361
-8447
-6504
8328
-6958
4104
-4742
2349
-3598
910
-5282
-9775
-8096
3348
-990
7233
6994
1917
-8788
9460
-2799
2808
2384
-619
-7449
608
7340
7769
-7153
9153
-8892
7112
8279
-8296
3765
5813
-5621
-8547
2101
883
-4992
1268
-4609
-1927
1881
-9466
3018
-6386
6662
3046
-9040
4311
-4755
-2885
-8145
-4691
7009
42
-9711
6878
1612
-13
-4317
8747
3842
-7054
-2336
7893
4124
287
5328
3398
7981
1553
-3234
-3449
-3768
4808
5839
8479
-5303
8196
6609
379
-6946
-2925
589
-5804
-8033
-7523
-5814
5653
2109
2154
9402
-3363
3923
5275
5359
-1840
-3772
-4128
1012
2566
4450
1279
-2926
-699
798
1781
-1206
6831
5654
9350
3139
9480
8836
5453
-3290
-2358
-7769
2146
-7360
-6994
-9291
8112
-1396
4389
-2265
-7439
-6254
9025
9724
-2398
9628
4794
-7436
-4720
4395
-5164
3039
-4667
2562
-9287
-6168
-3613
8660
-1617
-5370
3746
5100
-5106
-2031
-8023
4673
-7078
-5020
-4590
2194
2459
2299
-2468
-8059
1219
-7366
9533
-1443
5583
-9071
9547
9761
7881
3084
-2324
-4073
-1708
2082
9980
7183
7526
-9597
2664
2304
-8765
-9378
-9173
-5412
6033
-8122
-1405
-3618
-5155
4456
6745
5280
9387
-1193
9149
-4927
-7393
1019
-7976
-7524
-6360
-8055
3396
-2163
-3951
-8976
-8601
4794
3728
7801
-1979
3283
6125
-7814
6916
5788
-1109
-2640
-2950
5200
-9236
-5982
-9631
8236
4991
6181
-3631
-7657
-9999
-7417
-408
37
-4012
-4105
-4012
9545
-8364
-8841
-2551
-256
75
-7122
2207
-5666
-4664
3969
-9770
4287
-2356
-8589
2146
-4467
-5382
3254
1481
-9905
-3787
1670
6208
-9732
3359
313
1570
-3476
2068
3421
7997
-1754
-766
8642
-2096
8097
9801
-5690
-2936
5994
5657
4792
5836
-7894
-794
-5203
6895
9723
-5422
-6593
4163
5266
-2123
-7735
-5534
9673
2967
7605
-9163
-312
4005
3725
-9573
6183
-3934
-1385
1461
-4211
-2070
-5246
-3657
1873
-5787
-1741
-7696
806
-9090
-6691
-9040
5333
2078
7578
-4079
-3150
-5742
4065
2770
-2838
-7723
3482
-4998
4277
2472
273
-8566
-3614
-3592
9676
-8100
-3953
7025
-6273
-7092
-6639
1258
7473
-9802
5661
4727
-484
-5817
9503
-1198
8861
7674
-584
-1075
1343
-1159
-2326
288
1365
-8643
-7841
8709
-364
-8110
-2251
6895
1793
-4459
2731
3336
5620
-5029
-6508
4405
5029
-8373
-7251
5685
7995
3811
-4568
-6492
6484
-9462
-9634
9044
-5117
8114
-2388
9949
-9341
3563
2177
-4475
334
-4854
-4255
-3416
-242
-2247
9107
-8252
6632
-6648
-241
-2807
-9530
-3782
8750
8607
7864
5409
9774
-6767
-4687
-2539
6755
-1358
-2184
9789
-4333
-7978
-8108
-5765
9637
-6470
5064
1665
4775
8633
-2830
9201
389
-143
-1774
-9351
-1297
-894
2361
-5456
-429
9481
1710
-7759
6557
-5667
-3231
-1602
-4633
-9315
9460
-8168
4938
5495
-1412
-4940
8718
-3259
-9979
-2833
3482
9915
6222
-8359
-728
3558
7759
2095
2497
-4066
-7862
-9258
879
6806
2389
4222
6332
3907
-7205
