7090
8638
4461
9296
-8482
-9829
-539
-1996
-5001
674
3153
2701
6989
-8127
8501
8974
4489
1946
1959
-4169
1882
558
-3668
-9068
610
-5447
8710
-2611
533
-4925
9687
4065
-4545
8345
6015
9932
9621
6099
-7369
8968
7604
-9042
-8351
7787
732
3416
-7694
7696
148
3772
8073
-647
461
-6914
-1968
-8483
9798
4485
-4910
-5043
2720
428
-9922
5068
2893
2287
-6006
-7383
3449
2063
-9097
-2350
5624
-3185
-6101
-5213
419
5027
-1325
-7613
3809
5393
9895
-9316
3330
-4354
4628
962
2736
9972
1184
6527
-1893
-7516
-1355
1112
-1033
-9041
-5827
-5644
-2097
9428
5878
5146
-5001
8332
8128
1321
3346
4868
-7668
3387
-2363
3340
-2686
3327
1676
3798
8065
-3015
-6867
-831
6296
1053
-6738
7616
-1579
6558
-7697
9957
-6965
5645
2738
-6830
-5018
-3889
122
-9746
-9622
-4654
-6045
3176
286
8874
6353
2215
576
-6579
4646
1671
-9155
-4282
8026
-2876
5311
5188
-7150
-626
-842
1114
-4276
-2881
6674
-6006
-1540
118
5707
-965
1837
9565
3034
-9837
6361
-1924
-890
-2559
-6120
4659
-8484
-723
-9546
-6440
-6212
-6095
-4709
-1907
9643
-8206
-2569
-4573
1157
1528
7221
8369
6145
6284
126
5136
-6257
9420
7980
-6152
-4379
-3948
-8034
731
4700
5497
-445
3828
-6546
4663
4551
7647
2482
-2545
4839
-9308
-9605
4710
-2805
-7769
7917
5773
-2927
-8418
1187
2732
-4523
3008
-3840
279
6381
5936
-2031
5399
7775
-5268
8307
-1752
7688
-8360
7034
-6561
-3908
-7445
2120
4044
5036
142
-9459
-9767
-1368
-3471
4000
-9739
5132
7675
-5394
6544
-6622
-7920
6722
-2359
390
-7762
-8025
-5315
4854
8168
-33
-1338
9436
-9846
3785
8334
5640
-4624
8687
-3391
-2382
-3746
4961
-6525
1303
-7040
-6389
-6420
4807
7168
5824
-4610
-8133
-7405
-8999
-4582
6889
9734
1853
-1404
3171
-2434
-2795
5655
6641
2802
4120
2658
-1754
-1153
-6127
4337
8690
6827
-3415
6349
-3515
-5596
5275
7610
2548
-519
1170
2771
-7036
5122
-7838
792
-6814
-8560
-6765
4340
5843
7344
9464
5431
-8267
7140
3271
-2474
-944
-1205
-2259
-2647
7272
-9059
6217
-1442
-7600
181
-5674
8083
3469
-2671
2434
-1565
6539
-6144
3206
-7069
8170
1403
8568
-6638
2281
6865
726
1163
-2428
3136
1305
-2982
-3796
-2696
-4760
9668
2205
-1177
-3906
-9975
-5179
-412
1534
-2290
4595
-1103
6101
4482
-6534
4738
112
1542
-1548
-220
-6921
-4032
7769
556
-5446
-6053
34
8904
-2544
6149
495
-1317
9654
8390
100
5572
-3716
-3712
-5722
-1643
2350
-3544
4756
-9554
-9814
8717
7549
4650
-3341
6702
8144
8611
-9140
9348
-5548
-6979
3527
1448
931
-364
-7495
-7712
-1029
-7064
2298
-2012
4369
9390
-9617
-8138
4882
-4621
-2274
-5713
-6977
-4245
-546
8421
-7205
-1887
4693
-4223
279
-1165
6491
8887
1392
9607
1273
4783
-2545
-3715
7266
-6673
7890
-3276
865
5007
1991
124
-4871
5087
-5325
-7645
1726
7407
-3371
2594
-5276
450
9173
-2
2713
2269
4410
5305
-2993
-1298
689
-5231
9246
15
-1025
-403
-499
7308
1288
8166
2335
6685
2784
3714
-7079
7866
59
-1226
1505
-8667
-2533
4445
-4160
2624
4623
-7874
4935
-5312
-6653
5634
-6714
-8953
-8025
4869
2636
568
4886
-4596
2785
3665
6849
-8851
979
7260
1168
5136
-5726
8886
8264
5242
-9401
-157
9432
5780
6209
-4471
6188
-9995
2613
-6447
-801
-779
3572
-1831
-9257
7174
-4112
4767
-1149
3149
-8594
-6566
5819
7891
9343
6411
435
-1506
-2237
9784
-3623
-8598
-9308
-4851
7802
4947
7456
484
4409
9251
-7960
-2204
8838
2739
3633
-3887
-6100
-4343
-9192
-3782
-3984
8080
5696
3113
-7778
2318
-1740
4348
-9516
-7669
2518
-4056
-5150
1383
-2830
2223
-5037
1375
1639
5871
6699
-2204
3884
-9866
-3956
-8732
9908
-1936
-3203
-522
4099
-2066
5858
1536
-2086
-8685
-5834
-5173
231
-5379
-2246
-4297
2010
2177
524
9531
3399
-4939
-9584
6799
3367
4808
-8793
-6878
6221
-7279
6079
5535
9655
7024
-7729
2721
6123
-292
1168
-3270
5407
-1442
-4336
-9534
3115
-3969
9139
8488
-3239
-9234
-1915
1975
-2881
8042
-831
8978
-3797
1190
8703
3042
8478
-5171
9873
6335
-8176
-8309
1439
-4213
6485
797
-2394
604
4873
-9327
9076
5054
5913
3310
-1646
-6854
-5857
5050
-4316
310
-691
-646
-1504
-7918
8807
1885
-3176
-4990
-9062
1963
-5270
-74
5115
-9435
-5266
452
5697
-5518
8732
906
-5697
9568
-9993
6991
4854
6382
-8930
1125
-9200
6811
-6374
-946
5402
-120
2560
-4591
9673
-2481
-6648
6827
1022
1085
479
-3291
3261
7413
-6401
7471
1421
-6432
7245
6555
6008
681
-6383
7743
-2865
-9518
-7129
6241
-7333
-4194
3716
9772
8858
-8784
-574
2154
-6237
5545
-2696
253
-4282
789
7511
-4473
-9840
3991
-7869
2801
-8834
-8497
6497
-2420
6282
-6968
4596
881
-8053
8470
1128
-944
6595
6993
4786
-9308
-2783
3095
7640
-9674
-2587
-1368
7999
4843
-380
6468
188
896
319
-9541
611
8870
-3488
-5089
-2706
5821
-1260
-5524
-8250
7681
-4693
6972
8820
881
-5657
5246
-9168
8369
7895
5333
-3756
8346
-5225
-1223
8786
833
-9701
-5464
-4670
-7976
4706
9426
8064
-8915
6668
-5944
-8375
9006
-4376
-5736
927
6159
-6714
-7805
7882
4196
-8060
-1863
-8421
-4218
5516
7798
-1719
214
3745
3112
9799
-4403
1215
4386
-2465
1107
6343
-2883
3240
5393
-3261
-7595
3445
4121
-4677
-1287
1389
-2604
3689
6359
5035
9624
-7272
-7752
-9405
-7228
-1683
9494
4521
9392
4007
21
-5740
-5456
4715
-8926
5950
15
-3209
4398
-8308
882
2107
6315
-8929
-679
-6252
4653
1270
5607
-9314
-6704
-7816
-7090
4235
9446
116
-8039
-3760
5320
-5236
-5785
-3808
-671
-5232
7908
5551
-6168
6388
-5597
-1719
7583
-6670
-1498
-8872
3552
-3062
5530
-151
4112
5295
2603
2400
-147
8843
-802
-7410
9231
8011
-7217
-9549
7759
9418
-1308
-1055
-2770
7272
2468
-1866
-9408
4446
-9272
3021
1553
7547
2796
-1398
3872
-9938
-5336
-8810
-3240
-3971
8894
-359
6300
2586
-4849
-5331
-7770
-843
7409
8903
-1068
-9987
-8609
-4446
-8766
185
-1917
-4334
5468
-3211
-4823
1794
-9804
3055
-8181
7572
5395
-655
1537
2976
-2919
8806
9190
-5186
-6645
-4631
1296
-1651
-9235
9986
8005
-7833
7969
4630
2289
6634
4095
3082
8900
-8398
4506
3711
-2745
7552
1587
7785
-9816
5686
2740
6958
7824
-1131
-5831
1
1638
-1953
-598
-3449
778
-2690
8928
6270
2296
-5123
-8834
-5685
2622
-9909
7939
-9811
-6202
-9001
2335
-2928
7088
-8436
-5790
-887
-2033
-7295
-2458
-7380
-108
-1414
3467
-6667
-4357
9786
4070
4664
5597
-7487
-3413
-8305
7127
1443
-3380
2541
1775
4367
6474
5417
9533
-7826
-5233
4319
4805
7519
7308
643
7235
2583
976
5886
8995
6047
5626
9519
4471
-5359
538
-7819
5321
-347
-3140
-3320
5063
-954
4853
6525
2532
8585
-8620
5091
2813
-3034
-7264
833
-7599
-1598
5929
1555
4309
8219
5035
3014
-4750
-8257
-2417
-6091
-9641
-8875
-4605
-5648
-4871
5887
7574
484
9042
-5425
-6723
-8296
9512
-2796
-4301
5632
5954
1494
-87
-425
-6265
2501
-7700
-3919
-9534
7723
4627
9520
4775
1701
-8761
8434
2100
2559
8063
-5836
5127
-6591
-2819
6740
9534
-843
1867
7742
-2888
4562
5187
9397
5143
3527
-5271
4081
-7538
-878
8815
5910
9988
-4326
8441
2517
-3573
2389
1392
3323
5185
1634
-8463
5295
-6017
-2854
1749
5137
4201
6522
4266
6365
-4612
6947
-7952
757
-5625
137
9111
-6329
3437
-2506
-1983
-8157
-9454
6331
-1794
4123
-5223
-3108
8364
-4966
2371
7819
175
-6923
2114
-5533
6630
5658
52
-6717
-3188
2181
7134
-9193
-27
5054
6987
-2750
-9944
-8257
-3114
7084
-5312
828
-6833
4972
-7077
2598
8350
-346
-1044
-203
-8802
5306
-7953
-8881
733
994
-4252
8547
8105
-4735
-9880
-7105
4620
9891
7845
-53
941
-5448
-7959
-3036
-7196
9534
3678
3204
-7048
-4779
6693
5988
3594
3717
8623
6214
-5327
-9252
3000
6353
-2527
8663
3552
146
-543
9545
-6758
-6851
-6678
-2658
7602
-9902
1607
9708
7514
-3932
-4634
3796
-2612
-5767
-4457
-6440
8493
-8270
-3584
7884
-5112
-724
-5034
6763
-1535
-5814
-4578
1073
-5744
1220
372
4891
9097
-3321
-4574
-4306
8501
-1581
8295
1635
-1953
-4825
2045
-9134
4668
4774
-8755
2156
3721
-7994
-5404
-6980
8847
-4710
-2279
379
-5852
1805
-6001
6414
-6944
-7788
3579
-899
-9217
9495
-9954
5523
8509
3861
792
-1704
-914
3228
5561
-8928
8304
-9338
-3385
-3511
7448
9422
5567
-1536
4488
7602
-4221
-4064
7890
-6192
6033
-3582
-3297
-4454
3793
8197
-3176
-6830
-6067
4039
-2608
8759
7140
-6989
150
5803
5174
1976
9260
1010
-6451
1824
1515
-6176
7487
7905
-7525
-4990
4858
1689
-5294
9936
4630
-9726
-8606
235
-9439
4517
9958
5147
-1482
308
3546
5491
-3923
-5905
3840
6380
1580
6290
-4432
-5859
-4116
1020
-9972
7375
1444
180
-1276
-8831
1557
-8022
9980
7365
5565
-300
4454
-6896
-3401
-3812
3163
-5026
-6311
-5672
5087
-6929
9049
-5441
9404
6474
5525
-5401
-8251
-9051
6520
2983
-7016
-6282
-7063
4625
6393
-151
-4087
-2208
-9199
-2936
-2021
1607
2838
-9772
5176
-7865
-5197
2697
-929
-3045
-7767
-8554
-7034
899
4817
-8301
9655
7152
-1558
1926
6182
5423
-7432
1444
-8276
6594
-2859
4251
-6154
-3764
9106
-503
-4689
-5855
1291
-1108
5532
402
-3958
-7436
-7197
-80
7146
-9915
6783
8129
8425
-298
2854
4997
2984
1586
-8913
-2234
9532
337
799
9959
-4495
8414
9436
-1057
817
5091
-2361
-8697
509
5880
3671
-3702
2029
-1453
2179
-4845
4554
-8580
-1875
-8263
-1258
5140
7098
1804
-2826
2968
-7218
6358
594
5506
-2100
9027
5957
-2108
109
-2295
-8978
-7154
5029
-9288
4481
-130
6883
7707
-8369
2289
4363
3996
351
-6591
-3347
-4958
1846
-256
6792
-6150
-9419
3425
-6211
-5142
-4800
3208
-3870
2973
-2244
-9690
7890
9013
-2831
9350
9479
2828
-3114
1796
-2705
1638
2497
-7704
2386
3454
9673
-9425
-4975
4122
3531
849
626
1121
8022
-9812
-2017
8205
3679
4557
6994
2756
-693
5615
7561
2058
-9773
-5805
7386
-5614
-7359
-4041
-3580
-8101
1184
-3075
-6249
1574
-685
7440
-1059
-6163
-4283
5410
5909
-5613
-2188
8057
-2687
-7796
-9046
9164
9022
546
-5487
-2138
-3009
76
-1426
-3883
5909
2589
-6839
1081
-4015
9701
7646
-1283
-1043
-4822
-5337
9837
-6703
712
9016
-3741
5427
8126
-7642
-5248
1598
1654
-8436
-1279
-4139
1648
-4652
9519
-3755
499
2198
-8451
-791
-7386
-9978
-6519
-239
8155
3228
-5108
3165
5949
2610
-1114
-606
3872
-4399
-7467
6777
-3068
-8660
4211
-3370
-8373
3052
8437
5635
-8927
-9564
8730
3990
-3029
348
-8648
-1951
4886
-6624
4174
-2360
5898
-1595
-2125
-9043
-4663
4273
-17
-333
-7944
-6172
3057
4221
-9550
6946
-590
-2266
5261
8197
2597
-880
9728
-6948
-6659
4106
5629
-1553
-7151
-1578
-6257
3179
-1410
-9026
201
-5425
-2090
-6352
-803
-3130
-1002
-111
3669
-8963
-7341
-3029
2686
-3007
2424
-3105
-8702
6217
-3788
-8787
-5303
-3377
-3815
-4730
-3002
4967
1946
4733
6508
-223
4965
4580
-9776
5593
-6838
7740
15
-3778
8183
-1103
4963
-8597
5526
-6324
-7394
-29
-2235
-4672
-7016
-1940
-6248
-9791
-2735
-2281
-4533
3260
7584
-1793
-593
2438
4539
2646
9283
8722
-3893
-2864
-2671
7044
1923
5853
1791
-4196
-6154
6917
1716
-4427
-4691
259
-1599
5619
-5823
616
7069
8313
9359
3444
-9678
2892
3030
6340
-6994
-7276
5687
-2269
7347
-8663
3986
2083
5257
-8013
-806
-9787
7129
5281
1716
9092
-1927
6707
496
3877
-8232
2882
-5903
-8355
7338
7736
9688
5006
-1853
-4158
193
9592
658
1486
-6774
2976
4000
-3787
7770
8861
7014
5530
8769
-5055
6025
-3039
-8509
3436
9607
5921
6923
375
5568
2580
3554
5068
5782
7871
-4839
7967
-3103
8960
-5621
-5271
8476
-7557
3659
-8336
1786
-2804
5845
-8766
7011
9329
-1416
-932
-790
9224
-510
-3722
-3652
5064
6088
-2433
4839
3433
-3461
9905
-4907
4931
4450
-3189
-5118
-7097
-2535
8402
8980
1324
1287
1735
9272
3416
817
9016
-3355
-218
6030
-9742
-671
1444
6057
3992
-8926
-6711
6399
2299
9656
-2662
4050
-9195
-9645
4000
-1111
-895
1940
5308
-4318
6378
-9116
-7566
6232
-8999
1881
-4468
-8899
-2663
-8085
-8802
2239
2609
-807
-8445
7576
5878
-9272
-4867
-1363
661
-3088
-4400
-5351
-6887
-8492
4007
7285
-2674
-5167
-8794
502
2522
3510
8099
-1754
-3524
-5224
610
4031
-5284
-4567
-6697
5194
-7711
-3681
7896
-3827
-8413
-3039
9311
-877
8026
-7243
-604
9364
7485
7155
-5190
4731
-5983
1660
5260
5255
-2154
6234
2374
5342
3901
-926
9454
4485
-4174
-7383
-260
1243
-1033
-3083
6671
-4632
-345
-1093
2438
5034
-8601
-5347
-4457
-2914
-1495
4689
9073
6427
1144
3747
1445
8366
1153
5077
-571
8764
-4042
4960
-1233
1980
-31
-4725
6800
-6103
-9615
-554
-3631
8116
-4951
-7335
-8611
-418
-6664
6326
6279
3016
3355
2146
-935
999
-855
-1926
-2154
8730
7025
8309
-9196
-619
-5811
-8473
957
3293
1147
3287
-3305
-5537
7307
4351
-4908
444
-7355
1723
6002
8901
5442
-1883
-1936
-4735
1884
-3714
-4779
-9638
-2183
-73
-1792
338
-2465
3952
-9173
1381
-4147
-1120
3075
4368
99
-5662
-7663
8522
3022
-897
-1691
-8052
4339
5783
940
8947
8493
-6082
3749
1548
3213
358
804
5528
-1071
-3146
-8401
758
1420
1545
6446
951
-4691
6893
8629
-6930
-2935
225
2378
-2930
1483
8737
504
-2390
-6659
633
4756
-9407
3577
7424
3898
-8206
-6232
5967
5376
-5771
-9339
7392
185
-2129
7657
-6412
5071
8704
-3917
-2449
-4916
-7596
-868
3537
-793
3697
-6482
-4991
5993
7153
-3859
7497
-3129
5819
9035
3431
333
-6094
522
-5993
-3499
-5805
-4184
3047
-4551
4639
5827
-6430
-2810
6041
-1754
7943
-7643
9482
-4461
5228
5815
-3497
-6623
4315
6208
8022
-1584
722
7930
-9206
2666
-7722
5185
-1091
6801
-8595
3782
-6335
-186
-9545
9639
2517
5024
-1297
9231
1434
-6716
-354
5589
-6323
320
5397
1127
5918
-3585
350
387
4895
1397
3299
1570
-7377
-3107
-9596
-5668
3934
9859
-8281
-5917
-2752
-3805
3224
8355
2517
4859
-4299
6300
-7976
-3529
9322
7756
-9075
280
-4498
4918
1136
-2863
9680
9238
-6628
3094
4876
-3846
-8723
-3704
-6112
7491
3081
4001
2052
-642
-7056
388
7529
-4904
4905
-4014
-6578
1480
3432
3255
-5470
3039
5032
3099
-5737
6095
4085
7027
-8286
7722
-8269
9515
-2279
-1284
8519
8892
-6669
-768
-65
-983
-8043
-2216
-2287
3666
-5716
3826
6946
1316
3900
-3322
-2786
5923
1239
2370
9438
-8642
-9964
3012
5136
1473
-502
338
-795
-3860
2530
-8987
-7718
3075
-83
8421
-7364
-453
-6667
3390
9439
-7760
-6060
1524
-8888
-9293
5919
9565
-3287
5653
4219
-3389
9593
-4574
-3063
4683
3266
2671
470
-8904
-3349
9505
-8361
-4979
4257
1997
4171
-7093
8756
-2892
4253
2874
-6891
1681
-9558
302
-2451
246
7951
7733
-2005
-8284
-2974
7595
1469
-5551
5850
4509
-1737
-8923
6094
-2843
7974
2314
-6235
-7053
-6847
-6624
7830
552
-2185
-5050
-9197
-5313
-2329
-6332
-135
4897
-1812
4808
-5235
-8223
-5872
1501
5378
-4
-8819
4904
6459
-6495
6263
-3610
5495
-1964
-6850
5457
6862
-2114
1281
9516
-5615
5605
-5118
7888
-598
3754
7169
4010
-7349
-1510
-7090
-3011
-9706
9909
-4238
7462
9439
-1311
4792
8835
5237
-3972
-5692
-945
-5969
-1744
2035
-6718
8217
-8027
-9226
3711
-4824
-499
-2408
-7018
9401
-4615
-3479
-409
-1595
9342
336
7850
9259
8234
3912
7926
6635
-2546
6037
-3099
-2141
-817
5172
4227
5438
1116
-7693
8317
1057
-7961
-9523
4093
5070
5836
-6658
-5640
2043
-5163
3408
-9120
-1813
4626
4016
-1346
-9519
-5806
6719
1875
-7740
2232
9323
2200
6622
5174
1831
6592
6409
2746
-4838
9221
6941
-7237
-1989
1278
-371
-7976
1078
-9984
-6593
3476
-1106
-8635
5689
-7160
1998
-3112
8104
5493
-9543
5649
-1156
6044
643
-1079
27
-5676
-2947
4262
-2425
5821
8566
9957
-8742
2671
-3715
7985
3722
-4947
4849
7247
-1394
920
-7148
-1848
-2362
-9340
3040
-1420
-1400
-6020
-6877
5567
-3743
8968
-6831
9300
483
163
-6623
-2303
7023
1331
-7792
9927
-3672
-4420
7860
7913
-4178
4856
-984
6034
-6209
-7117
5458
8057
-7632
7695
-6775
-6759
3822
65
5875
3054
4147
9956
-9670
7743
-297
6906
4962
2871
-5188
-9851
-7488
7226
-8793
-331
-4956
7122
-6436
-6791
6689
9296
-5859
-7415
2735
-7465
1659
6917
-2196
-7905
9586
4852
-3897
2272
8634
-9087
-2504
7792
-5842
-8325
-9738
5967
-7310
-1825
-3416
952
-9038
-2781
-6705
-7907
2910
-4237
-6224
-9774
6369
2860
-374
-8184
-9172
6397
-8646
-483
6972
-5251
-8558
-243
-9415
7225
9348
-3026
-9955
7211
574
2689
-5635
-350
-9369
-6024
7730
8029
-2274
-5175
-8319
-977
6264
-7932
3610
-2668
8892
-5736
2176
9258
-9300
8033
5097
-9369
-280
9478
-5481
8176
6504
3406
6825
5445
5610
984
-3224
6456
6903
493
-9595
-8057
7100
5322
6757
9505
3763
2399
4440
9194
-4849
5053
-5152
3887
7155
5572
-3177
-6650
-7339
3104
5931
3348
6667
-1966
-9391
-5223
4684
3896
5405
6895
7576
-5358
6284
-4918
-4185
-7611
1284
1931
-6310
-2912
-348
-5402
-274
4984
2764
7967
3514
-5660
-2300
8468
-3411
2490
5800
-8907
-5538
4003
9228
-2770
-4998
324
-3733
4417
-7683
-6882
4386
7580
-7894
-8049
5996
-3392
-4998
5750
-3596
-4836
-4592
5290
-68
5015
-8972
6966
-9691
-1223
7628
-7373
4392
-5437
938
8763
-8945
4568
-9300
-8272
-2437
561
5494
1405
5951
-1276
-258
-5762
611
-7958
-9777
-1675
-5863
4092
-9038
-6153
-5210
-3410
6907
-5329
-5476
1938
-7118
-8488
-6110
97
-4415
3636
-7076
-6071
6552
598
7384
932
-986
-2658
-1504
9342
9769
-1875
7549
7042
-7321
-6376
9384
7790
3593
-171
4638
7928
9458
7325
-1957
6353
-2060
2693
3786
1281
5359
-842
5470
-2929
-5104
-3268
7527
2985
-8086
1577
5563
7570
-2680
884
-1510
-307
1388
3401
-597
6040
-6399
6868
-802
3777
-6020
-6332
5374
9521
3232
-596
4507
5772
7611
6619
-9188
4708
-8371
-6111
8865
-6313
-9402
-8621
4657
1051
-6805
-4541
-1554
9075
-5681
9602
6284
-4417
5686
9688
-2361
-3128
4225
-1090
-175
-8907
-2058
-6681
-7951
-8406
-8574
2916
-8891
-1107
-3005
-6064
-895
-5423
3460
-8581
7845
3519
7814
8221
-5682
2232
-9208
3072
2209
-6429
-4196
5502
-6889
-4148
-3429
6772
-5782
9977
3157
1937
7213
4226
-828
-1582
5738
-687
9569
2930
-5567
5027
4444
7900
9729
9200
-8038
-9809
7918
-4644
4146
-3586
-4271
8489
6107
-6608
-6078
2535
700
-8544
5860
-4301
9393
-8985
-2140
-3143
6237
-1052
8772
2083
-5711
7629
-8743
7817
-4428
4483
5978
7154
7763
1067
7885
8054
6199
-5539
2134
7388
-6454
5234
3446
-5551
9303
-7628
84
145
-9424
9704
-5152
7090
-2563
-5539
4818
-7729
1837
-2948
4147
4757
8114
15
1340
8125
-9029
-1520
2888
4502
7464
-3385
-5380
-260
3058
-538
-4538
-8553
9687
9874
-8406
-5564
7750
5355
9582
9685
2575
6725
-874
81
-9287
6792
-9823
-7857
-69
-4771
-164
3884
-1932
-4826
2492
2223
1788
-9578
2146
7057
946
-8112
9636
-4028
-2971
-6814
-7824
-4004
7260
-9214
501
8386
-5663
-7948
9002
330
1004
7939
0
-5464
4461
-4935
-9414
9072
3421
7660
5606
-4064
2631
-5013
268
5520
-9273
1985
8959
-3128
6929
9237
-1649
-2393
4287
1695
-8047
9153
-1949
-891
3723
9631
-4715
4293
-1995
40
7295
2414
4188
5553
-8595
-1081
58
-8384
-3427
-1961
-923
-8646
-754
9120
372
9698
4481
3244
1271
1739
6148
7977
3259
-3599
8895
4773
1906
-2820
-8600
3631
9271
8450
1147
-7147
5736
-9254
-4505
-4420
-4678
2468
-446
9511
4774
-4664
3577
-6421
-9589
6814
-4673
8819
428
-225
1200
-8133
-6404
8657
-419
-8039
-5166
4633
9464
6857
8790
4739
-2407
-1929
1978
9511
6451
-1649
-3878
8434
-8155
1510
-608
-9500
5836
234
2879
-5814
6168
892
1976
8803
1387
-9756
-7809
-8731
8501
-2549
-4751
-8431
3418
3758
4519
-5421
-1007
-9714
519
-918
6780
-262
4732
1639
7079
7002
6484
-1752
2449
8346
-2271
7833
-3228
-2901
7150
-9292
-7286
-3083
1189
-359
7302
-264
-8939
7416
-9045
-1248
-5975
7259
2664
3440
4170
-7668
-6189
-2649
6554
-1590
-4163
3166
3371
-159
4584
4489
3258
-7833
4208
2858
7340
4974
-5659
-8628
9479
-9369
-9767
-2441
2927
-8356
-3080
-4129
2180
-7548
3612
-8338
8963
-405
7517
9977
2982
5350
-5632
-758
-1293
3571
1584
5345
-5004
1139
-2532
1916
-8351
3689
9502
-7304
-3162
-536
6741
-1320
-1226
7803
8578
8336
8114
6902
7841
6745
4670
5562
2052
-8561
-6554
-3448
2354
2047
7971
3422
-5388
-42
3047
2472
189
-5429
-7174
-3427
590
-3050
1103
-9744
8580
-4312
2554
-813
-5594
-6691
3675
4532
6832
-5424
7819
-7213
8322
8749
-5791
8285
-7701
-1259
-9966
-8699
7458
-2159
4506
7480
-3712
-6518
-1256
-431
-4531
7963
3875
-8641
9261
689
-7225
-2171
-4353
7156
5129
-6032
1795
5373
7214
-1417
3398
-6291
4775
5045
-7908
7513
-6322
-3411
-8200
4229
-5784
6775
2669
2139
-262
-9786
-8311
-9918
9589
1797
-2995
777
7046
-107
-922
3586
-9069
-3663
8401
4142
1951
3062
-6695
6222
-5233
-5102
-4938
260
4704
-6565
8890
-4740
2776
2461
647
-1641
-347
8520
344
2702
-2228
6366
-3336
-7640
-7707
2519
5390
-8976
8866
9133
4023
649
-1936
5212
-6264
9233
1110
1927
-1841
-7227
49
-4631
6094
-7635
3571
-7173
8738
-7835
-921
-1196
3021
-8632
2474
4239
4795
1274
-3672
-5692
-2537
-1219
3629
8885
7473
-2489
901
953
7598
-554
5656
-9497
-616
4851
5702
6515
8599
-4317
3658
5606
1529
559
-3921
8008
-7760
3694
-1039
6706
-6949
-5294
-5578
-5523
-5008
-1354
9655
-1875
-1231
5757
1924
-7737
4926
-1327
1002
3203
-2571
-1221
7060
-1032
6830
-8150
-3632
8549
5583
2739
5570
5378
-2551
5157
-4494
1614
-1054
-6123
119
-1235
-8989
-4318
-4387
-9859
-6190
-7352
-5446
-4231
5014
-2487
243
3261
1187
1518
-7714
-6873
-4777
-1460
-9400
-9419
-430
8955
654
9053
-2010
-1711
-3600
-3021
9156
-4684
2446
1604
-2380
2201
2871
-175
-8889
-9802
-9788
9658
-3462
-1132
2014
616
7478
5953
8097
-5076
-4416
5036
4883
3296
-2050
-6507
-9285
9698
-9925
-6087
4140
-3361
-5701
586
1055
3677
-5469
9996
-6705
1024
-1246
8570
-4168
5649
-3508
9406
7576
5351
-7851
208
6617
4000
2639
137
-7222
-8451
8861
8978
6166
991
-4303
-185
244
8095
1647
-8818
5180
-3990
-4103
-3850
-5500
-9258
2799
1873
4219
581
-7318
-5876
389
-7597
4468
8373
-3309
6793
-671
2987
-4486
385
204
-2297
-2364
-222
-4922
-2704
-225
-2877
1078
8935
4690
2295
-5366
1816
833
659
5441
2996
8
6430
9794
-9403
-8199
-943
8111
-8390
-5970
1363
5998
-1783
5873
8357
-7332
3307
-9577
-1389
3381
9267
4904
3205
311
6746
2474
-7775
5752
-7108
-2702
2723
655
-5105
-6553
8112
-4866
5527
7612
-8337
-3536
-9986
-8807
-2849
6787
-6192
4418
-4422
-6894
827
6895
-788
-5642
-5046
8445
6582
-9510
-8508
-9340
7768
-1836
-3850
-8478
-9947
-9253
8562
6837
5330
-4295
5337
-1178
502
7341
-5119
-3578
8593
8816
9358
2196
-4962
6922
-9216
-75
-5114
7088
-9894
-1679
-7176
6795
7613
-1407
-8985
-3450
5328
4367
1604
-3608
-741
-7332
-6920
-8968
-6853
6971
-6841
8325
-912
-3232
5607
4892
2398
8030
4717
5316
4440
3308
2058
-64
5966
-7941
2977
4859
-3778
-9992
-1234
9359
4744
-9360
2037
2394
8339
6012
7698
2703
8899
667
8843
348
5097
-8056
548
-6776
-1411
7692
-3323
833
-2633
3480
-3395
-3931
7850
1393
5452
70
4733
4009
-3638
-5428
8466
-1687
-3432
-7824
-2195
2870
7803
8541
-7484
125
-5995
-7693
3951
-4313
2187
-9611
6973
-6612
-4340
6573
-1164
6947
589
7611
5193
7862
-1708
4093
-412
-4858
3358
-5304
1781
-7777
-1107
5378
-4599
2941
-4543
7548
4674
-2466
4188
-2930
-2737
5389
6378
8839
-6143
5080
6789
-5960
2202
8799
-2881
-4640
7827
8161
9149
-7991
-9641
-3821
-6811
3584
-7146
3709
-1295
6050
-9114
1812
6744
-115
9975
-3658
6627
7274
8642
5432
3531
9631
-6966
-5954
9186
1238
8779
4628
7891
-712
3399
3927
-2631
-8845
-9332
-1948
-3391
-1492
4941
9169
-1425
1078
-2882
-3646
-1591
9754
4203
589
7237
3446
6222
5497
8583
-8807
-5470
4860
6070
4448
3352
-4796
4708
3732
7492
-5947
4126
8860
-6164
2458
-1695
-5052
6721
-3905
2907
9178
1443
1696
3979
-9399
5868
-5651
6572
-1038
-5332
2187
-3466
-9262
5172
-2906
7040
-921
-8874
-1201
-9491
-6364
-6257
4989
-4872
-6978
781
-5626
-8234
-5759
-966
-6680
6414
6290
-6050
-1325
-8353
204
46
-3820
223
4371
-1573
8796
2080
6887
9081
1876
8290
5258
2351
6550
-3560
1076
1541
5132
42
-2990
4476
-6174
8665
-3758
1335
6730
9665
7803
-3483
-5520
-3058
2842
9756
-2237
9730
2857
9229
-8952
-7764
-9998
-4196
-1945
6636
-9823
-913
6117
-3996
-7695
8509
9596
-5890
4146
8383
-3172
1500
3514
-7419
7717
-7710
3299
8361
-2914
-7182
-1304
9842
2283
-5981
3862
-6707
-2759
3264
1254
8509
-1879
6057
-5725
-373
-2020
-6732
-3452
5772
-9072
-9421
-4266
5167
-2421
-4337
1988
-7990
-4187
-5712
-3787
-7959
-8300
9906
-9196
3344
-4166
-5132
8065
4475
-5441
3207
2084
509
1738
-6721
6307
6297
-9983
2153
5529
8020
-2553
-539
5354
-3209
-1350
-2575
9308
-6752
519
-4231
-1439
9521
5650
2342
8543
-378
3997
7005
7322
-5502
8482
9069
9611
1183
-8087
6524
3128
7562
-8606
3190
6113
1140
-663
6714
-1707
-3302
-6411
-636
-1946
-600
2387
7004
1825
76
-3634
1886
1079
-9512
3371
6002
5023
-8200
-3272
-6647
-6074
-8518
-1697
5118
-4455
-2426
-1132
5914
9941
-9849
1487
-132
-6527
7834
2965
5685
-8391
-364
712
-1233
8653
8751
3634
9063
-2057
-1643
1445
4513
-8959
1858
7245
6031
754
-4501
-7752
449
6245
-7090
9713
2637
-4352
-7821
8902
-7361
1031
-2483
-7683
3852
-7321
4065
-8115
-365
-1001
-1588
265
6865
-6536
6375
-9524
-8819
6678
4588
2526
4072
4395
4624
-8552
7786
5633
-6762
-2180
7500
1830
-308
3407
1503
-6065
-403
-3429
8952
8279
2664
-7877
9377
-3059
8852
-4391
2609
-8191
-896
8132
-7509
-3351
3760
-7072
9354
-6132
-9885
-8719
-1259
-6920
9223
-1310
-4574
-5060
9276
-5451
-6855
-6214
8915
6661
3706
4845
-8321
-5390
-2557
-6358
-4855
8644
-2271
-603
-1352
-6602
-2379
-2130
-8942
8313
-9664
2910
-1287
-2903
7886
53
-891
6593
-8456
-4472
1023
-1267
6068
-6412
-8695
-7320
-3463
-312
-5136
-2112
3789
-4513
262
5438
7340
-1063
-6728
5149
1847
7009
-7341
9298
1966
-1412
6845
-5987
4113
1622
-5383
-8499
-7362
8291
6314
-1197
9802
-1056
-5465
-1221
2416
-5858
2412
-2026
-9337
454
6911
-7490
4159
-6868
-5222
-9452
-6857
8190
1741
-7333
4867
2481
1084
-5792
-4842
-8335
4584
-5246
-8725
5087
-3000
-529
8888
5615
4181
4948
2328
-1220
398
591
3126
6168
5123
838
5772
4122
3124
7736
-9291
9937
-944
5128
3589
-8041
7044
-8278
4966
3012
2208
-2070
-7286
8823
-1152
-2819
8985
742
-5724
3247
-3750
7870
8548
-6198
-4524
4928
-3521
-356
-6272
9034
6190
-349
-2873
-944
2707
4437
7443
-528
-779
-5258
-3402
-3069
9863
-2987
5698
6404
-683
5728
7735
8885
-6090
8916
9744
-4685
-6268
4129
-8632
-6039
-1340
-7772
7641
1717
3523
-1844
-6580
7194
-9184
2201
9795
-4807
8360
4593
9625
1503
5618
5068
7615
-7723
-1479
9346
4427
3402
-8075
5200
2100
6124
6171
3005
9057
2063
3247
-2188
9104
2484
-3947
5559
-549
-7319
-4864
-9192
540
2598
5378
-2904
2702
380
5062
-5199
3288
8217
-6021
7028
-2150
-165
-5470
683
60
2901
-9825
3746
3207
8565
6648
-3095
-8966
-653
4884
697
-4488
462
-7011
-1153
1071
-9401
-8945
-775
-2821
-6821
4875
-9355
7666
-3906
-4518
8720
-2453
-1679
-9748
-6678
1535
-5158
6010
-1026
61
-6345
-1509
5891
-8964
5840
-3735
-1905
8578
6639
8604
2442
-1751
-3920
2196
459
5329
1487
8887
4364
-985
8952
-2529
6791
-2505
-3686
9252
-7125
-6832
-8140
-1469
-7227
-466
6172
2668
-9899
-1109
1760
-1749
1356
-6888
-9602
-3774
-2177
1883
-9985
1292
6078
-7263
-9569
6647
-2173
1868
-5699
-1090
-4361
-4751
4285
888
977
4869
367
-4154
-8891
-9908
6028
4649
-8887
-7036
-2526
408
3326
3280
2194
5747
2873
2181
975
4919
-6337
6383
-4270
-4484
-6622
2920
7229
9347
6136
-9071
-5536
-4311
-7099
1896
4311
8988
-5683
3803
-835
8977
-4080
-9843
-1448
299
-1280
9816
4220
7281
-1589
9738
-6745
-6294
9722
2706
-2792
-9071
2703
8822
-2405
-9675
1730
-7438
7572
-8616
1656
2721
9567
6107
1838
5279
4699
-3992
-9682
8442
2333
2495
7443
7669
-2798
3606
3569
5502
-3050
-7664
-2206
2539
-4826
-3494
8337
-6929
-3424
-5309
-1502
-1076
-5215
-1528
-8006
-4422
8527
1618
120
-5454
5639
-7164
894
-4406
3278
-2427
-4889
-529
5229
7863
-8387
4242
3464
-7309
-7457
5011
-3534
5811
-8633
364
-5863
473
-4886
118
7083
1090
9096
-2577
-4555
-851
8276
-6227
-2833
9909
4427
1308
-2979
6264
2116
513
-4353
9045
8584
7023
3810
-9044
-9542
-1109
-9039
-122
2660
3614
1231
3001
1214
-5767
-7204
-9854
-2351
-9980
2662
4106
-7993
5556
6345
4898
-1525
6572
9518
9789
127
6572
6411
2435
-817
6171
9077
-4221
-8130
-5208
-4407
128
2714
-628
-2014
9470
-3054
4950
9126
1570
-7068
7858
-2675
4912
-6350
-5241
-9366
-5879
3479
5819
-1672
9779
-2012
-5399
1411
2547
9496
2749
-2852
6231
-6200
9106
-4136
-5198
6086
-5409
-9226
2823
-2038
-7478
-2527
374
4309
9601
4917
772
-9775
-1212
-2948
-9985
9646
-9710
-2706
-7877
5024
-4838
-5981
-8562
-2932
-6524
-9235
-7504
-243
-8558
5145
-8935
-9329
5110
2458
-2499
7187
5704
2329
-2478
9291
-6974
-8377
-6420
501
-6307
-3245
2553
-7966
3291
-6673
-6971
5164
9793
8738
-2272
-1975
8442
-7272
-9015
2971
-2307
255
-237
-5025
-5635
2426
-7056
-5750
-6684
-308
-363
-6284
8843
1383
9572
5518
5557
-1244
-4434
-7979
-7843
7216
-73
-4258
632
8146
8516
1158
-5594
7871
-2282
-8517
3618
-4178
6864
-1052
9728
-6021
-9301
-6525
6829
-9205
-9463
5996
2393
-4781
9174
-8031
-3970
-5004
1814
