-6886
3360
4087
4787
-1910
-9511
-8969
5174
-8509
7431
-2662
-4280
-2514
5611
8975
-8086
-9483
-6768
606
7603
-9328
-4339
-347
-1134
4669
7493
-6889
5626
7813
5530
3025
-9469
-996
-2717
-569
-23
-3053
8908
-9426
-9269
5834
9597
7886
-33
5349
1467
7451
-3446
5914
-5934
-8271
5523
-325
-3719
-635
-7033
5543
-8058
3838
-6231
1232
-2787
-6254
8385
8056
-4268
-9435
9586
3665
-2873
-4705
-4826
-6956
-575
2812
1966
-5360
-6097
-5989
3879
-5680
-8011
-6996
801
6296
9215
-1611
-3703
7453
-3267
-9418
7383
-6775
-4237
-2713
-8876
9148
6904
-4890
2781
-3688
-3426
-7773
-157
-5627
5909
-1978
1732
7655
-1721
-5680
-9360
3485
-9844
4855
1901
6242
-2058
-2507
2966
5654
2356
-5205
8386
939
1620
2808
616
-815
2288
1234
-5853
8107
9516
-8747
-7112
4048
1173
-3385
3188
-6579
-8890
2896
-9058
7684
6346
-8791
-8034
-7122
8985
3010
9774
-3795
1449
9075
1117
1434
5147
9599
8627
2263
-8576
8532
2733
903
7302
9630
-3387
-880
-8818
2297
-6270
-7789
-9889
-2162
6768
6432
-471
6536
-6163
-4054
8776
4247
772
8184
-6661
5255
-164
5511
-3157
-7913
4967
7752
6640
790
8292
1511
-2944
-1548
-7341
-1770
7519
-7542
3369
2837
4649
-1510
-8861
-6319
5688
-1037
507
-3025
1286
2276
5363
-4556
-9688
-6872
-5444
793
4275
5953
2922
1493
-8786
-6627
-4094
3772
-7876
4485
-5312
2362
-4018
-306
8210
6248
-9155
-344
-4711
-3521
946
-7379
-4538
6096
8979
4065
9272
7344
-5904
-998
7333
8603
2070
9413
3695
5035
-9977
-2451
-6645
7389
-6598
9518
1428
3816
7472
5436
-7229
5103
6350
-9798
9644
7436
-8150
2212
-5485
9102
960
-5988
-611
1443
-4960
6204
-4295
9797
2215
-8085
5593
7161
-1550
-8132
-8150
-1884
6954
-3558
-9925
828
-6297
-5238
-3449
1116
9551
-5602
374
-6830
-2128
-5670
-1339
1862
-9508
4800
8442
6478
-3876
-2605
-3005
-3094
-2144
4975
5721
-6280
7443
-5175
9760
3048
-2916
6581
9960
2147
7517
-5774
-2855
-5216
8349
3439
-2943
8477
-3104
-5797
351
-883
9109
1133
3843
3572
-2636
4409
979
5903
-3210
7909
-4167
5318
-2908
7395
7326
1905
9870
-1370
2924
3588
-8603
-5662
-3274
-4625
-7023
-6808
-3157
8305
1667
-5471
-3036
4563
7994
-5477
3474
4617
-2290
-4971
-1701
-7655
-5344
-3650
694
-9114
-5739
4090
-9652
6156
2395
-5745
2258
3556
1826
-7375
-5753
2442
-5444
-7386
-9533
5036
-6244
-1829
6673
901
-2163
6670
-5638
-4035
5540
-4332
2247
-5634
-4210
4504
3928
-4309
-9987
5715
-9245
4144
-4551
-7305
5768
-1061
-1099
1041
8431
9718
2488
-7889
8729
-6329
3066
8188
2309
-7695
-1926
-2878
8845
-3050
-9845
-9279
-3416
-3306
-870
7436
-3048
1741
-2184
2056
5566
-1301
2656
-659
438
6234
-1324
-740
2922
-41
1938
7432
3493
-7422
-8646
8471
-4261
-5252
936
5089
2881
-6456
-3012
5885
-2352
1148
-3936
-5679
1978
1336
63
2903
788
-9111
575
-7167
9745
3346
236
-3301
-3184
6612
-900
9392
-3096
-2278
4743
-4130
2117
-1592
7715
3095
-2370
-1881
1290
4562
7677
9983
4229
-2844
-6071
-9501
3778
-1227
8039
-6558
-7501
7176
3475
6326
2749
9606
6906
1827
702
1770
-6272
-7222
5835
-3570
-5236
-155
9695
-3978
2837
-1559
9971
-7611
-7113
6801
1940
9533
1302
9016
-9626
-8848
2162
4084
8237
-4751
35
-6778
7805
8385
9377
-9358
-312
-48
6660
7088
9091
4074
-9755
10000
-9749
-3099
9273
6593
6482
-9266
7611
3098
6288
2453
5960
-1430
6265
4616
-2962
-46
-5983
-4918
1266
-4498
7714
2517
-9867
8732
-2237
-2555
742
3861
-6842
-6224
8087
8518
5220
7582
-7202
-3727
-5980
-8247
-7976
5702
7673
6021
4831
1950
3438
5077
-960
-9667
-7612
3397
9765
494
7
-7825
500
2410
939
-8328
8283
7818
1548
827
923
-6631
9462
2302
-6243
-4611
-9451
2808
4000
-102
2342
-6480
5892
6832
3193
-7655
5644
-6496
1462
8838
8691
-2498
1773
-4379
7636
-5368
-3736
-7470
-5271
1170
-3272
8338
1737
-6500
5866
-8368
-6175
-7567
-4303
-8286
-6079
-6283
-9542
-8510
-9500
3278
3601
-6319
-6221
-6357
7613
7559
4082
2992
6512
295
-5745
-7179
-4218
-4014
9353
4207
9650
-786
3784
-1728
-4396
4116
5502
-1862
7464
-7147
9351
-7049
1178
-4338
80
-1829
-4979
-9760
-4872
3810
672
781
9674
-9718
-3478
-8028
-3786
6589
-8148
1283
7778
-3941
8362
6193
-9604
-70
624
-8586
2515
4470
974
1540
-6312
-8860
-3974
-5350
316
1251
8613
2066
2498
1103
5058
4364
4208
8700
9523
-3180
-4078
-8600
-1874
9754
-7838
5244
2102
-5503
-3025
8630
-7260
-7517
-8862
-9343
-85
-8339
-1954
5156
-4131
-6201
-7838
5934
-7972
5891
6977
-9626
-2782
-1045
1250
9758
3446
-5790
-3687
-4052
3238
-7415
-9801
-4496
-6047
-2004
3662
-1575
8187
-1830
5607
9176
3853
-6700
1381
-2193
4482
1429
-4416
-5783
-2436
-8136
-3914
-3869
-3732
-5175
1504
4531
-2837
4139
-8293
-1697
4980
-2630
-2358
-5725
7833
-3249
3924
-331
4995
-8611
-1795
9677
8238
8103
-9946
7367
4154
4564
-7644
-8609
3513
-8116
9894
-7875
-8455
-9951
7625
6988
3422
-1043
8573
2784
652
-9498
-555
-9247
-20
5484
-8509
6297
6011
-4604
-5519
-6334
-1695
-8903
5870
49
-722
9740
5133
5022
-3558
8238
8232
4198
3445
-7155
-1534
6450
-910
2660
9077
-8139
3020
5716
6240
-2816
5066
-571
-6412
-6043
-7837
-2191
-7485
-3680
3272
5382
5374
4914
-4873
5807
-1199
-5826
6998
7172
7225
-5353
-8918
-9394
-4236
3108
-5337
-9782
-9603
-7742
4979
-2940
996
5258
-2795
5409
5423
9020
9377
7884
-7072
7066
3207
-1291
-304
-7768
7559
-2942
6055
-1907
-4051
5529
-908
7774
-9102
4828
8128
6036
-7915
-1633
9076
2808
-2953
9646
1585
-2619
373
-3861
-9131
7762
-8377
-3304
901
-6923
6019
-7907
8256
3882
9657
-1759
-7496
6631
6944
4030
-2302
-8273
5017
4415
1819
3715
374
2176
-1923
-372
-2811
-6489
7885
6806
4771
-1175
-6427
-591
-454
-8676
3896
-5531
6112
6574
5209
8820
4128
-4923
-5092
-734
8638
4182
9165
2985
-9760
-1642
7442
-7044
-6810
-8904
-6952
360
-8271
4170
3329
-6730
-7743
-913
3501
6825
-628
-8809
-2853
-6290
-5861
3758
645
1771
-675
1258
6876
9711
-4046
-1454
2247
8835
6285
-4762
-468
-4862
-8030
4140
-8728
5177
-1810
-3791
7848
1948
-3293
4367
-8352
-4480
7359
-1585
2497
-5483
6215
-8593
5180
-1374
2899
2362
-8535
3715
-3754
947
-6043
7483
-7690
1531
-2021
1965
-8397
8840
1449
1785
-8069
9722
3306
-8806
7644
-2490
-7782
477
9080
8945
4056
6547
9789
-2929
690
-4055
7960
1714
5095
-9947
243
-5569
2041
1786
9999
6446
3695
-9622
-5177
-8887
5326
-6279
9767
4957
1442
9082
1714
-315
6901
-3346
-3226
-373
6317
6839
-6460
3883
2937
-4853
-8735
-6290
5118
-7546
6609
6710
-4474
4749
7444
479
4864
-8594
384
3894
-5456
973
-6101
8979
-4309
1125
-6081
-3882
1133
-8432
7772
8888
9195
6902
1467
8886
-6699
-751
-8474
-671
-7383
4986
7782
-7416
-8577
983
249
-3312
2500
-4651
-5126
8499
-3202
3976
3664
-8120
7213
-3504
8460
9661
-709
-5598
-5261
9523
9796
-2237
-5998
3235
3392
-6504
-7959
-3656
83
-9963
-4250
-8060
1333
656
-4913
8079
3484
6588
6451
6165
-67
1275
-9845
8424
-4154
-1145
3665
-6474
7678
-9434
9345
317
982
7565
295
135
1203
2973
-5166
7373
2509
-1796
-8276
4521
4731
-5953
6995
8596
-9425
-6747
6691
5482
-4075
-1312
8741
1006
-5763
-3979
6089
-9921
-5404
1957
3810
-5801
2437
3600
9244
-3258
-7710
7954
-7415
-8888
-9243
6310
2622
8851
-1511
-27
-6394
-9102
-3971
-4030
5309
-8961
8645
2066
-9564
9913
-9743
8076
-4669
9303
569
-7822
4113
-2978
-4226
-6313
473
-1780
5016
-9504
-6038
4322
6844
-3235
-1768
-2455
3420
-8458
5134
6490
-2624
-9418
-3246
-4336
3967
-633
7552
2488
-3808
-9297
-358
7046
7674
2021
1417
9818
2866
8701
4944
7942
-7371
-1777
-3528
-5454
-3041
6096
5633
-1761
1967
-3205
-7648
-5051
-5055
3991
-9764
8362
-883
-5306
-7373
2229
1123
-9432
-6096
-624
6045
92
9120
-6240
9888
-5053
57
-7088
-1301
3350
3206
8842
-8419
-4608
5797
-6396
-1667
9059
3558
3703
-9919
9441
1794
3113
7260
-153
9035
-4153
8244
-4841
-9280
-6984
-9327
823
-1890
7596
2898
-7721
5235
-221
-8234
8055
1371
-7425
614
-9564
-4217
-9858
-5800
2607
-2963
-5732
-2169
-1093
-5781
-4781
-6869
2103
6295
-2653
-5555
7601
-6738
9471
-7497
1457
-7202
664
9148
-6383
-29
-9049
9628
-8308
-1964
4643
994
233
4455
2692
-4659
-3675
4219
1025
2868
-3423
-2026
-4978
762
518
7567
1863
210
-9143
2192
7246
-1354
-5397
-9364
2126
1594
9815
4708
-3535
4597
-939
3723
-1040
-3858
4248
-5393
-8161
-6305
9294
-4222
809
1509
-8073
1541
-4529
1147
-9279
-9329
-8520
-1569
6402
-6239
-7219
-9531
2413
6055
9562
7467
155
-3357
-1943
40
-5525
9844
3383
8116
-1
-7456
423
-9816
-147
-1192
-4887
-823
4369
5384
9776
-7768
1363
2032
-7320
9145
452
-8814
-8465
7990
-1342
7359
-4932
-9330
-9672
9472
-3391
3263
-5216
136
-6266
1487
-1537
1330
5203
1039
9529
-9958
-1373
4100
2342
-6512
-1375
6780
5926
8508
8786
-3033
7654
-4161
-9150
-2028
-5298
-7293
562
8648
-36
4055
2898
7113
66
5680
6227
7182
-5943
9190
2966
847
4800
-9737
-8928
4997
8239
4122
-5593
-2125
7880
-4880
9624
-6857
-3294
8310
5958
-778
9378
7846
-7634
1852
4081
6213
-8930
-7599
2865
-5992
-8359
-3097
-3241
8410
4593
-5884
-1340
4421
-1499
9856
-2549
503
8110
-9411
9975
3966
5588
-3209
7731
9041
6011
4210
860
5510
7168
-8901
76
6248
3454
-4021
-7468
-8672
-5416
-3502
8785
-7793
9553
1819
9007
5360
5552
-2520
513
373
316
-2288
-7378
1193
6839
-1584
5035
8358
1293
-2633
-1916
311
3511
-4347
8490
-1260
4484
-1600
-9624
-1571
-9432
-3230
-8148
-6288
-6578
-9103
1086
-6640
9811
-1644
-5147
-2733
-8109
-1327
-4753
2998
-5808
8823
4131
7457
5578
8698
4812
7346
324
901
-1262
3235
1128
-6598
-309
-7444
5824
-4364
4518
-4208
-6838
-1214
-5750
2876
7494
510
2754
5206
-3198
5392
5844
-7743
-7555
2052
2443
4202
3847
-1900
-9615
-812
-9064
-5498
-3568
-9647
-1141
3953
1553
-1111
12
5432
-8590
-6957
9609
-5412
12
-9485
-1048
9344
-948
-889
6895
-5523
5550
-9120
-2634
4121
-2034
-3090
4220
-5579
4399
-545
9975
-7857
-8088
6550
-971
7399
-4771
-9113
-6523
3092
957
1244
456
5993
6183
-5475
-9384
-128
-9168
-7693
6420
-1307
4510
2060
-2449
-1543
8251
7724
-2371
6421
7949
-1048
-5573
1551
-1773
-4175
-8308
2097
1593
-1870
606
-6322
-7005
3810
1898
-36
-822
-8728
7617
-3915
-1694
-192
-3697
-9760
6179
1139
7123
-4935
867
-5784
8460
6465
4963
3024
-6632
-7567
-5113
5024
-7135
9761
-7196
-8344
2343
3112
-4302
-2642
6589
5661
6195
-3780
-9303
645
-3169
3968
-6654
-6701
-6412
-1489
5850
-1955
7721
-6499
-6551
7596
-3764
7415
-669
376
-3907
4471
-5274
6286
6132
3190
-3260
9649
-2497
-700
-2985
-2774
-4230
2108
1168
1455
-6613
2457
3019
-631
5539
2206
-9765
-2744
-865
615
-6539
-8558
-6498
1929
-2933
6488
3527
3850
-4436
1873
-657
6419
5439
-2011
5705
-2135
3524
6326
-2971
4911
353
3502
-3942
-6293
6623
9108
-2951
-2256
7299
-7864
-5203
2865
-8572
-4445
1845
-75
-9888
-5529
-5686
6057
2770
-3654
-1564
5556
3127
-355
-7404
-1008
-5297
2060
-5533
8393
4144
7266
8985
-5156
6197
-7625
-4177
-8886
2044
8738
-9635
-6945
-9976
-8711
-220
-2700
5204
-3793
-7709
-3643
9912
-827
1512
-297
-6849
-5605
7827
-2513
-3221
4764
-1557
1548
2214
-6374
-3002
-2116
-6668
985
462
-8530
-3112
589
700
-2978
-4678
7668
-1480
-2014
-8238
-316
4295
9408
-4533
2274
-855
9665
-22
8643
-3854
6699
5715
9026
1166
-6441
1354
9911
-2702
-480
2964
7183
-852
217
7999
7880
8718
-7491
-5131
7491
5126
8133
5024
-5436
-1793
9503
-4390
6693
5974
1674
8060
-1996
1405
-4685
2870
2481
-1420
-993
2712
-7233
759
-3138
-6306
-3777
6769
-1483
7944
2252
6431
5879
6738
-3715
3014
-8105
1760
-1856
-4958
-9017
8870
5222
-104
5482
-9992
4031
-332
-7388
-7130
-1567
5268
-4263
-1528
-5284
8833
-4406
-3012
6769
9095
6774
-5791
-2966
150
-7383
4772
-3242
4555
7446
789
8212
-6230
-79
-4046
-6570
6668
-6051
2568
5637
-1813
6738
-6458
-9775
3010
-4233
9374
8408
3083
4374
-5794
1978
7751
-8357
6350
-9840
3391
2556
3805
8841
-4422
-4172
9091
-5138
-7493
-2453
-218
4641
-5104
1305
6874
9421
-8241
9403
14
-8400
6244
-8088
8885
666
2186
5752
-7556
-8924
3776
-9729
-9260
8690
3026
3232
9630
6147
2754
-5335
-9267
-3825
-4350
-6630
1969
8658
9197
-1790
7441
1395
5623
-3005
-6327
9796
-4328
-5002
-998
650
-7859
-3214
7694
-7196
3907
1523
4348
-9270
-7917
-5004
3683
-3170
7863
6053
3026
7091
2882
9430
707
5799
-7908
2830
3858
-5162
8466
4846
-3973
3127
-3328
-1421
4689
8793
-7869
-5244
-893
-5337
-7660
9918
9492
5709
-63
-2187
-9969
-2290
1438
1044
7170
-2943
-8924
-2089
-9721
-6314
-8703
9184
-4882
-8611
7171
-3124
-4742
-2615
7480
8844
-9210
7192
1557
-8486
-8430
-2213
-6912
7544
982
-9452
8245
5292
4483
-4762
6250
-8659
2082
643
-9827
864
1724
1158
-3387
2208
-5051
-3105
7931
-656
9318
-8299
3141
-4109
-8821
1914
-7853
-4581
-1968
-899
7976
6897
-6381
4699
-4162
-998
-7141
7719
6355
7418
-2710
9268
-8727
-123
-8904
2116
-6429
9511
-3792
-5167
5116
1100
5449
-9281
5247
2175
-30
-7815
5793
-9520
-9858
5048
6186
6239
9884
-6347
-1079
4621
-6192
-3670
9805
5041
2057
8782
1316
-7941
5473
-4431
5797
-7114
-7038
673
6170
7673
-8622
-9479
-6263
1404
-1330
-5855
-7536
-5489
5935
7772
2975
-8012
-186
424
-4968
-5085
-5155
2508
-3845
-9978
7164
-3593
-5102
-4197
2717
1929
-6283
-4105
1333
1542
9004
-4371
5239
-5884
7643
1345
5433
2908
3886
-5211
821
3020
5454
-9744
-836
-7033
-8150
-2390
-2231
-6005
2626
5448
7598
8621
1185
1172
-6541
4648
-5339
-9802
-446
4922
1884
9696
8285
-9303
3785
3020
-4006
-4082
-2304
8794
-5719
9450
8494
7456
3102
-5792
5437
7590
-2237
4821
7405
-5970
-6437
-7865
-8519
-6638
7522
8963
-1400
-3410
-4485
4882
5829
-2867
5510
-7620
-8481
1703
-4911
7530
-7428
-3078
-8717
-6812
-9306
-1573
1333
3768
-2778
-5256
1021
-7999
9251
-6394
3758
-5461
-681
9462
3457
-216
4720
6176
-1505
6601
-9501
2551
95
-1542
3878
2204
-1937
1765
-4093
3477
3580
4819
4520
5332
816
-5924
-8396
8450
-2391
4974
-4252
-3438
2621
-9252
5140
-7695
4408
7838
701
-6051
-1619
3057
6599
8074
-3832
-2852
-1931
6655
7037
5475
-2843
-8328
-1057
4529
-9764
-5687
8145
-8051
-6436
6196
-7540
-67
-1216
9718
7560
6850
-5023
9171
256
-2981
-5721
-4845
-3611
4216
5748
-3150
-2792
-5164
-8355
-4791
5069
9837
7953
-5737
-2673
2221
1748
6720
4074
-2214
3104
3451
-6965
-9494
1882
-282
-5563
4200
3382
4601
747
8644
-5464
7889
4048
-8724
2896
-2096
5505
-7172
-9086
6732
-1027
3332
7947
2922
7032
5768
2841
5548
8882
4685
-5312
3573
-4894
-866
-3619
-1645
9563
6648
9965
3173
-8042
2297
-5753
6190
8889
8093
6203
8555
3630
-8402
-9230
8270
-9778
9058
-8611
8060
8614
-3518
8151
-733
237
-6388
1818
3296
-6210
-5189
4636
-3321
-4423
-2500
-478
640
-1765
1009
-5877
-1090
-7598
3393
-3437
-6718
5127
7465
-4524
-8648
-8301
-4548
8516
-4632
9073
-5670
-5106
-3188
-3553
5837
-6872
196
5871
1366
1684
-1853
5421
9090
-8359
9924
6551
-9077
4423
1425
-9755
4440
1864
5041
-9937
-2809
-5284
847
-421
-4079
-7032
-8272
1039
-8152
5534
-9585
-4853
-4573
-6354
-2666
842
3201
263
7354
9239
-1346
-9040
-4205
2097
8153
7606
-3183
4167
-1485
-641
2468
-8151
5969
-2869
-4365
-4047
-3492
-4845
6108
-4413
8994
-244
-8267
6130
-5106
-6420
-2383
4510
-8902
-7324
-2531
-7445
2848
-6718
2520
5710
-9868
98
1660
-479
-9408
-5709
-7154
684
7324
-8626
504
-907
-7502
-6980
-8610
5169
7209
-6103
7650
-3210
-1353
4646
-9282
-3611
3079
-6479
-4225
2486
9401
-3621
-7860
7355
-960
-8357
-6122
-3286
-4399
-7186
-7681
2451
4342
-5355
153
8784
9517
8310
-3937
-6651
-4170
-5620
-7138
6111
1580
-3666
9023
7657
1247
5700
-7443
-6168
5092
-1777
7763
7204
904
6461
-6961
-8746
3157
9259
-6781
8040
-2336
1256
4068
-6255
3946
1584
4779
3372
7483
-9024
526
-1905
3838
7316
2966
855
6831
-7531
-1887
646
-859
-7279
-7409
-5686
2033
-4436
-5354
-3687
4571
2577
7558
9884
-7718
6389
5657
9923
-1021
-7933
-7707
-7314
7367
-8843
-1911
-81
3903
9280
638
6534
664
1786
-992
-1906
-5554
-7056
5219
-6035
-2173
9083
5418
-7221
3915
-9143
2207
-8938
3745
-1627
6265
-4159
4105
9899
-5017
-6724
-5533
6987
-4098
-404
-5719
-4229
4707
-4068
-2993
761
-3457
5760
9506
-8138
949
-9339
9760
-7315
-8875
-4858
9536
-9705
-3234
-7851
-8775
111
2954
3331
9510
-6942
-9072
-7418
6555
4325
9511
3277
-4334
1465
-8448
8299
7978
6933
7281
-6321
590
-9424
-6285
2088
1478
-1978
2202
5110
-2043
3653
-7178
6639
-7021
1207
-8790
6548
-8813
-3468
-9155
6574
-1752
-2768
-3599
-2604
1339
-1061
5720
1461
-693
3168
6289
-7000
2785
5950
7941
-6224
-2376
-191
6296
8611
-5996
1409
-834
-862
-1797
6959
-5620
-4892
-3664
-9336
-810
9035
5564
9846
-745
1149
-2811
2509
3432
-7606
6631
5426
9175
3983
7243
-5659
3251
1690
-8501
4167
8629
9722
-4096
9317
-9967
2292
1274
1044
-9364
1153
3107
2885
7685
6104
4426
-5790
2673
8397
-9748
-5858
-6513
-9524
3705
-7968
1028
2226
5854
-8662
-8268
-1476
-2024
4551
-7906
644
3876
7041
541
2094
-6733
229
7791
-2069
3392
6445
-5886
6848
-8150
-3114
-9360
-920
1012
5357
5388
8171
-6750
1055
7366
3934
7305
9012
8358
9173
8865
6243
-1224
-8031
0
-7453
-2432
6496
3311
8325
803
3062
289
4358
816
-1892
-3798
8691
2439
5232
8768
-5599
5944
4589
-4523
1159
-675
9551
-5653
8970
-1297
-9017
8822
-6734
-3732
-2100
-389
9028
-5654
-4962
3261
2641
-3222
-5471
-3902
3494
-6521
-9721
-2058
-8334
-1110
3155
6422
-164
-2001
-4334
9206
3668
9433
-1246
-1381
-5771
-2866
8440
8195
-6932
785
-8243
1544
735
9080
866
1698
2941
71
6290
-5987
6269
-7540
5477
-6127
-3878
550
9677
9060
-2761
-287
4393
8412
-8085
9652
-8901
4966
-891
-4946
-3119
-4918
4493
-2604
-1135
-4100
-9432
1657
-4670
4854
2898
4357
408
9761
-6164
3246
2258
3081
-2760
2817
-3316
6389
-867
-7901
2618
-9679
-5740
-8904
8591
2946
-1818
-6114
4524
6181
-9653
-1438
1352
7583
-9755
6133
-9591
827
4049
7353
5339
-2221
-5741
-4694
-4918
7756
-97
260
-8980
-8178
-1878
-2293
-9639
7480
9992
-2861
-3580
6481
6318
4741
9966
8560
-3557
1216
4475
8988
-6516
-5273
9783
-2837
2251
1384
8462
8956
-7159
3967
6365
9124
3268
-1430
3329
2193
-1741
-3727
-3297
2718
-8935
4322
-7798
-2417
-9200
-4582
-5150
642
9087
9710
-2706
-6962
-9587
-584
1002
-4975
6634
-5109
-6758
1461
5196
6022
6360
-9170
-8992
-9484
-2636
-4640
6106
255
-5560
-4734
-600
4750
-1832
-6854
-1588
2881
9217
-8154
4196
-3189
8980
8504
-1303
3532
-3786
454
1059
-1303
9042
-6956
-2762
-3033
-2814
4269
2910
3095
-3148
3102
3963
5188
-1954
-5805
-664
-8304
-1414
-1207
2684
955
-2301
-1587
7733
-3582
-3572
-8145
6347
-9265
9127
-2366
8071
-7141
-707
693
8920
-1239
5591
9061
-1667
-9860
-3946
1983
3786
-7066
-3481
8146
2655
-8372
8403
772
4039
7301
5569
6328
7778
8133
-3211
9642
-4144
-2833
6645
-6927
5356
6983
-952
-778
9401
-290
2804
2833
-7484
2209
-2310
441
-2175
-2129
1046
-3417
-654
6604
-4274
-5791
6321
-3184
-3777
5280
-2472
-1558
2692
-167
3756
-7909
-5261
9236
-4691
7655
2522
-5480
-9625
-5091
9612
8390
-5250
-5812
1578
2832
5002
9287
-2380
4716
4503
4448
-6103
5014
8579
-736
-316
3995
3340
-709
-8986
-6994
1272
8007
-6373
1521
3406
6232
-3948
-3047
213
149
9525
-3436
2091
-488
1508
1649
-1049
-7592
1465
-1089
7506
7179
-5055
-1768
13
3550
4760
-8298
1132
1724
-7851
-6693
9704
207
-9525
3895
-8336
-323
4276
-4024
5011
-6419
-8194
-4449
9456
-3613
-1136
2958
-8151
-6205
455
-4530
6640
434
-7369
2515
4243
-9778
2917
4414
4142
-9694
-2946
6815
1374
1374
-588
7605
-2275
-852
307
-6060
-1603
-649
9719
3058
7698
6028
-4143
-4344
1843
6875
-4102
9478
5256
9247
-7844
7924
6071
7724
9376
1596
-9048
813
-7438
84
2811
-6878
-2428
-788
-2931
7343
6337
-1230
-4330
7223
5442
-4922
-3149
448
-6714
-5343
-6497
-8898
-6679
-4826
-8285
-9578
-5828
6428
-757
-3943
2555
7253
-4235
7042
8117
-1086
-2144
1815
-8081
-6717
4384
5705
6385
-5845
-9808
2513
-5246
1104
-7704
-2368
7896
-387
-8970
6599
1407
8420
9944
-2350
3699
295
-5778
3834
-2255
-4573
5628
3264
-2006
-5458
-8991
-4727
-6429
-4558
-1039
8508
-8938
-2768
4945
1720
-1357
1951
901
3475
-2465
-4241
4740
9295
2372
-4059
3939
9983
7859
-4187
-5102
-4735
9700
-2653
5021
-6945
5473
-1577
-6855
-3825
-373
2621
4080
-7776
4181
6229
7461
8221
-4641
-3467
4499
-7552
-6283
9942
-6557
3769
-8955
-1000
-6170
5421
2211
6228
5952
1523
-96
-9126
-909
288
-5839
4752
-8013
5708
7505
4111
427
-262
-3735
-9136
-8899
5413
-3401
6196
-9561
-8888
-4162
9241
5577
9242
-2754
-5958
9942
-3674
4155
-1566
8076
4703
-7672
5288
1816
4897
-5496
-3909
914
6583
3282
-5378
4191
-5235
-2897
2895
151
-1061
4680
6591
6029
3190
222
-5539
-5010
-4838
-7007
7608
3661
-5842
3067
-8442
5511
1012
3231
-3722
2126
8930
8512
785
-64
-5987
-6704
-6673
-627
-4764
5371
9720
9469
4145
8056
-898
4811
982
-757
-9329
-6261
9561
-8515
3590
-1046
5655
-1288
-6749
-855
6508
-4202
-8430
-413
-6759
9744
1614
8427
3009
8482
-5398
-2593
-6499
506
7449
-2987
4201
-1942
1530
2356
-3523
9593
6136
7573
4764
-2070
6
-3830
-8506
-7611
-9097
2031
2167
7184
-7454
271
1128
6452
1320
-2312
5006
-1716
-1858
9501
-8954
-3036
6859
7736
3171
2388
5944
-7735
1209
-5949
6953
5168
-9117
7373
-3426
-6968
2977
3267
4383
-1557
1982
2998
8009
-3644
7814
-2406
202
-8765
8830
5067
7513
8774
-9293
5310
1479
-7161
9746
4373
-8016
-2222
4485
4802
-1185
6893
-6080
-8463
5387
-6341
4883
410
-3849
-8312
3556
-4234
-4105
6657
2781
4502
3128
5467
-4543
-8432
5729
9801
3611
2034
-9906
-9142
-6214
5611
-1923
1375
7249
9743
2083
-8359
-3874
5637
9399
-8959
-3796
-3105
9650
1804
-1196
-5303
6678
7944
-1840
1870
-1220
-3120
-1641
-1116
-5032
391
9717
-7503
620
6508
7803
2844
-8515
-9613
-2765
8343
-4689
1583
7951
-9878
442
5670
2082
-813
5916
8938
1513
4980
-6212
9480
-2807
7486
-6048
346
7774
2507
-4858
-5730
2419
5340
-9294
57
4529
-647
4195
7298
-2066
12
-6271
6137
-5964
9773
-6971
-6362
-6435
-4378
-2321
-3285
-1515
1461
7873
9910
-162
2285
-6316
1073
9967
5250
-3806
-9836
-1304
-734
-8614
4071
-5540
-2719
2296
-317
4868
6360
-9268
2783
-5238
-942
-5417
7669
1909
-4514
141
-6844
9204
9902
9129
-380
-2206
1768
-7053
-4433
-8340
920
391
9511
1026
-5169
592
4338
5965
5689
-6953
2157
-2974
-4061
-6722
-9619
2744
7961
-7189
-3177
-8452
2791
-825
-4316
-6668
2477
9879
2867
722
-5120
-1302
7152
2328
-8199
6293
799
4084
3671
1377
8664
-6255
5412
-9488
-8491
6181
-212
-223
722
7564
8783
8179
6127
9937
-5118
7053
9870
-5683
-922
5084
1008
-3128
-6815
-4309
8443
9405
-3543
-2111
-7942
6110
4533
8574
-9894
-4031
5766
-7280
4254
696
-192
-346
-7289
5865
-1663
756
4622
-5697
7736
6307
6408
5804
-1584
9888
3429
7139
-731
214
7400
-6299
4363
5615
-4830
3647
-1561
1056
1430
8432
9955
-5146
-3223
33
8031
9593
1282
-8370
-4585
8278
-9333
4560
-5698
6930
7334
-4962
-2970
-7250
9581
-7925
-6760
1239
-2886
2720
-4695
2498
-8962
4439
-8804
-1278
-5247
6955
-4303
-9217
100
8430
9261
-7829
-1567
328
-7181
-2086
-3699
-1378
3860
6694
823
2560
-5798
-8065
8062
-7770
9920
9378
-5931
7573
-3374
-9626
7898
206
7794
-94
-2410
-4806
-4557
3313
5091
6756
6288
224
-2560
3983
5159
-1010
-6639
6063
-363
3863
6587
5068
5543
3800
7453
-8225
1965
586
-4623
-7685
-4710
-793
8214
-1935
-7281
-4069
6094
-6744
-4683
-7824
983
913
-6244
7691
-5368
-3548
-7223
-3370
-7751
-5121
2622
-756
5141
4119
-7487
-1609
9645
4774
5500
-1470
1499
-9023
-1660
-4971
-6960
7658
-5467
5295
7100
1427
8167
1082
-2728
2752
-1354
-9826
1431
2674
4501
-1478
5022
5681
5814
9815
9576
-7107
4269
1973
5671
-3986
585
8475
-3438
-413
-1501
7062
-5608
2736
-4747
3702
-1872
-8255
1811
3242
-9523
3476
-1798
-348
-8667
-4421
-2463
8639
-5029
2033
3860
-2167
-9821
-276
-5931
8816
-4035
-3177
3855
-9578
-4055
9766
4006
1150
6517
2646
8942
-1880
3016
6720
2036
2657
-9387
9552
-1065
5039
110
-3726
-5353
8655
-5647
4659
2915
-8687
9412
4326
-2470
2138
-1542
-2564
126
-8474
-8592
2793
-2117
6254
-1880
-8259
3036
2385
2317
8249
-3677
-4755
-6242
-1114
-3825
-2179
5059
2380
-3104
-7824
1252
1767
-7351
3569
4762
-2498
-8884
-3141
6628
-9928
6506
-1267
-1312
4227
5117
4579
5183
-3625
5412
-7557
6257
-550
1283
-3417
-9496
-2879
6281
-5493
-2714
6492
-770
-9446
-428
-3321
8247
380
-6926
-1178
2724
-1853
5191
7770
-9010
5660
-5391
-1547
-4308
2268
-5158
6260
-2591
1838
-4030
-4458
-2917
-4853
-6121
7546
9035
9584
-8323
-6463
-442
-821
-6171
-7580
4373
635
-5869
2987
4139
-7260
8920
-2968
1669
2641
5310
1195
-1180
2655
2241
-9921
6464
-6579
8065
3282
-6453
-3980
-5231
-1713
-2449
-7875
-1824
-9457
5679
2754
-8594
-127
-5677
-4855
7235
2382
-8428
-9929
6127
-8937
-8141
-678
1747
-7299
8090
2015
-7523
-9900
-4031
7362
7038
-4646
8376
-3297
5166
4277
-4505
3047
-8985
4372
8426
-1553
131
-5401
-9270
6132
1613
-3745
1087
-7136
-5074
289
5822
-2403
8972
-2893
1429
-7817
4209
795
-9638
3808
1392
4843
5080
4264
-3068
-7348
-1168
9984
5050
9307
-8443
3536
-3245
737
-7916
-6197
6304
-1985
-5358
-493
-9806
9984
-2460
-3806
-4738
3637
7303
9477
-1571
6805
-9711
-1895
-1355
-5672
6670
-1176
-6967
-9658
9245
1202
879
-1537
5224
2030
632
-2889
1013
3980
9593
-5632
-2281
6075
-8478
8997
5263
5921
-2673
-4037
9702
1608
1403
-4505
-9994
8774
-7457
3789
-3255
7546
-354
-2463
-1750
-4800
1591
-9982
2423
-6873
-7924
7074
-8084
6679
-7509
2429
-3237
7049
4189
-8471
-2514
-9016
7174
-6169
-1177
9774
-6977
-8132
5285
79
3547
2552
3751
4975
9265
7955
5760
4892
7710
-178
4781
6416
-8895
8496
4761
-3319
3100
-7433
5001
-8796
-8308
4376
-7678
-9286
-799
-897
-6011
8739
4498
-7368
1671
9745
2312
-6364
-7180
4533
-1863
174
-2782
-4546
-8800
-1746
-7542
2026
-3169
6387
1271
-822
-8197
3606
-7289
6543
-6309
-4669
6016
8037
-4158
-1593
-5894
-3222
-7057
-7625
-1267
2320
3292
7523
6466
634
-511
8407
1610
1231
-9617
-8367
8386
-5086
-6420
533
3426
-2568
-7681
4917
2811
-5488
-6095
8949
-3697
3379
-8310
-362
-8098
-1149
-1091
2825
9450
7782
-3403
-5562
4737
-7415
-6362
3105
-3689
4747
8743
-247
-1845
6502
3083
-313
6103
-9460
-6252
-1928
9812
3424
-8833
618
-9407
4416
-9649
-6757
-6149
-9401
-5331
684
-4597
8851
9947
9102
-4121
7612
6429
-4287
-974
7670
-9735
9093
-6231
8696
-1553
6228
-9236
3490
7696
9901
7128
5873
-2281
-1540
8462
-7933
7303
9004
3001
-2071
2263
499
319
806
6135
-191
7048
-3935
-3174
2449
-6296
-8293
4764
5579
3061
116
-1895
3938
6299
-3800
-6654
9385
-1730
3706
-6621
-9194
9420
-7586
3023
7720
-6712
-1211
-2081
-3425
200
-3796
9104
1153
45
2948
6580
-1970
-6216
6058
759
9321
-8976
2235
6046
791
5294
5252
2887
-9315
-8778
3273
2787
-6338
-3188
5592
-3576
-2135
-8616
91
9143
5263
5032
-7657
-432
3935
-38
1446
-8738
7025
6393
9505
-8048
1344
-170
-9053
521
4862
2237
9486
-8046
2609
-4165
-9030
-3294
-3165
4640
6919
5638
-8814
3995
-8941
922
-1741
2551
-9229
-9158
1948
-3150
-5328
922
9989
9441
6703
1503
-9056
-9310
-9099
-1618
-6478
-7144
-8490
-4937
4259
-9566
-8666
5571
-1959
-6723
-5976
3186
2875
5257
-3213
-9469
-6298
9675
-2162
-7298
-4417
5998
-978
-3174
-2347
5293
8195
4182
3717
4962
-9932
-3125
-2259
-2517
-661
-9291
1934
9990
729
-7790
-4258
7070
-5799
7393
-1711
-7607
4325
-5358
-367
7236
-9241
7866
3226
-9495
-9141
-6377
-8103
4062
2435
3467
-408
-3513
-5145
-6522
1648
-4331
-9371
-4030
9070
3829
4754
-7194
509
7113
9744
-9016
1211
-7223
2920
-4150
-6158
7224
7191
-5385
2261
5145
-1298
6843
-9685
-1400
-3728
-9716
506
-3598
3865
3687
5943
-5520
-4030
-6038
-465
5402
-3889
-932
2224
3691
-5676
-3294
-4481
1925
-4612
5344
1942
-2515
-3999
-8911
9260
-3847
-8546
-3387
6356
-6361
2670
7396
6650
3021
2757
2102
9833
1964
-3653
5422
381
-8
23
9382
-6644
-3164
-2656
7336
3062
-4356
8239
3832
-9831
-9113
-8723
-7549
155
-7188
2971
6911
5123
1764
-9086
8731
215
8178
-524
-2559
-5427
975
2921
-7285
3133
-1474
-1411
1988
3893
-8024
-133
16
-655
-7650
-6620
3854
6068
-883
3810
8467
-5919
1247
1532
-2483
4143
7052
-7472
9844
-1282
-5986
4909
-9361
8793
-2282
-750
-5992
-6189
2204
-2805
5586
6636
-6006
-9634
-4365
9339
3607
-9799
5455
3803
6792
9909
-7418
1912
-2889
2428
3913
8630
3653
-4930
-9396
1108
-8299
-2198
-3033
8986
-1519
1350
-1939
5762
5726
8075
-5235
2241
-1696
8949
2463
8291
-3371
805
-3439
8380
-637
-3185
1755
-9726
-8568
-3983
842
9266
-2844
1614
9734
7096
-8839
-9224
-5521
-9584
-6211
7795
-816
4910
-1744
5342
-7547
7434
-650
8826
2833
5009
598
3898
-8821
5118
3292
-5133
