-5997
-2076
-7115
9697
-3829
-595
-662
3868
9762
7618
8620
9956
5478
4434
-3513
7536
-6316
-7133
-2249
-3509
7940
4043
-5769
-300
-8123
1672
3286
3149
7169
48
-8924
-8844
-1590
8493
5075
9190
-4215
7179
9911
2594
-4038
-8121
6109
6229
-811
1658
-4120
9431
-2615
941
-6041
-6211
9483
7440
5543
1074
-2515
-5089
-5177
-7672
5855
-9312
4881
-4283
8427
-9885
4523
-3553
-3358
3358
8924
-6509
5677
1583
5958
2469
-3038
-7800
7039
7118
9996
675
-4606
800
3650
-9714
-3058
7829
7370
-2532
7966
5512
9743
-5646
-3426
8502
7901
-5611
-8882
62
-7920
-6620
4889
-6896
-150
-4017
-1924
-8296
3987
548
7575
3542
-4880
3648
5238
3708
-6160
7563
-1764
5358
9660
-3704
2447
3941
2049
-6260
9183
-4142
8274
7802
-1670
-2929
-9605
-1381
2141
8570
1377
1465
-1226
-5537
-4721
5922
-6324
839
7342
5241
-4096
-2114
-688
3194
5566
1582
-4753
-5200
5717
2808
7202
6834
9430
9195
-471
5084
2172
4053
-9113
-9273
6901
2198
9738
6849
-8348
-2096
-7616
1676
-2026
-5775
-7255
-8879
-8131
-952
-9073
-857
-9812
-6113
676
3603
-1221
4667
9170
1174
3215
8686
471
8796
3613
6275
-2596
-1920
-4515
9108
-2597
-9311
-1335
-8333
-942
3209
-6933
-7687
2928
-8498
-9511
2407
-4021
-5875
4777
-1324
4883
1078
-1304
-7403
-2296
-3375
2957
-8872
4203
1715
-3829
9128
614
-6228
9183
-8605
7318
6062
-593
-5943
5944
1975
-4667
-8921
2256
-3517
-2539
7920
-4310
-6179
-1650
-5909
3525
3467
-2258
-9363
4623
2475
-8571
3923
-4934
9271
8449
-7086
9591
2165
-6205
7788
6780
-6728
-189
9328
-6421
-6387
583
7770
-6355
6308
3083
-2691
2495
6345
-1020
947
-3216
-891
-1871
6979
3724
9615
4066
5117
-3168
-3271
6561
324
-5764
3042
-6707
3861
-7399
-194
-1645
9481
805
-5229
-4627
-3917
5710
2170
-495
2679
5115
-4119
-3864
8471
-5300
837
9478
-4895
-5037
7698
6668
2525
9031
-8121
-8887
-7960
1648
-8303
4886
8949
9639
-3951
243
357
6745
-3561
6702
6371
-8814
-1794
2039
4102
-5393
-9458
5032
-2528
2619
-3760
8506
8595
2690
3546
-8421
9205
-7169
9542
8463
-3815
-4980
8801
-7743
7412
1037
5941
3820
7751
-8182
1132
4526
3910
3315
-6238
-9812
-5445
8448
-6059
9232
-2745
-8783
-1176
1527
-9532
-2833
-2558
307
7889
4139
-5796
-3805
-4661
-184
-4583
-7317
5660
-1717
-8903
4069
-678
4933
-3280
-3994
8017
9651
4397
-169
-1956
8996
-5393
-9520
392
-9933
6258
-7804
2751
-9468
5868
8852
171
-8302
-1404
-4586
973
2319
-5178
-5424
4467
-2405
7218
-334
-5247
4768
-4351
-2041
8321
-7201
-2974
-5646
2651
1554
-3238
-8283
6952
-9013
-6933
3339
7020
2781
6
5238
-8200
-2212
3367
-9812
184
-3538
-2374
-894
-3787
-4953
6258
5915
-1038
-7993
3597
2002
537
2923
8947
-9385
-9814
-3149
8715
726
-5179
-2534
-1476
-3426
-7451
-9968
-9052
-6916
8867
7515
9885
-8491
2432
-2042
-5504
9306
66
5350
4225
-6860
9982
4528
-3592
1472
6905
2497
-4545
2057
-1003
-8520
5816
861
2662
9843
-6607
7695
635
-8567
9298
-1718
495
2337
-1582
2812
8816
-3534
9229
5223
-6057
9244
6504
3270
7733
-3490
1133
2668
9128
3968
4716
1285
-3547
7823
7441
-9988
7898
4894
8084
-7665
-2263
2291
6402
4464
2029
1179
-5222
-3816
2147
-5177
3823
-6932
-3136
-9957
-2503
-3093
-7551
-5267
656
-5295
-3815
3889
7097
3571
-1550
-6839
1931
-7687
-8847
-507
-3804
6791
7255
-9353
-5051
6079
4724
7305
9934
-9569
199
2043
7952
-3676
-6115
-9004
5005
8427
6673
-6105
138
-1899
-415
-5962
-4487
8715
-5394
-9676
2100
5300
4000
5147
9393
3010
2384
-3301
-1115
-5199
6336
-7642
-5930
5839
1461
-6078
-3959
5393
-558
-9112
-2004
4314
-5194
-5185
-9509
-5736
1663
-2183
-9815
6744
3739
-3975
6768
-1922
5946
2179
6305
3796
1411
-6341
6311
2287
-7811
-165
5724
-9266
3390
7545
-5651
4954
2591
-9733
-1063
-43
7441
-4201
-1557
-1126
6514
-6483
-3614
-7332
-8027
-8615
4796
-2880
7432
-1649
2418
3703
2702
5177
5351
6241
2474
3797
7858
-3038
-3164
-8991
8577
2893
-1225
-5066
-6148
2947
-5854
9444
5338
-6323
-5585
871
-3987
1725
9483
3920
1618
727
-9931
-4538
5127
4418
-9361
9334
-5613
-3506
-7720
794
3118
-5066
929
-1692
-2812
4652
-3161
-4572
6982
4703
7359
-6380
2086
8868
9094
4076
9084
7165
-8615
-4361
-8273
-8726
4703
9542
6942
7305
-1856
1987
9287
-9687
-9200
-1642
3256
8656
-5557
-4615
-8244
-309
-111
-5993
887
-128
2245
-6731
3618
-3456
-7301
-2691
2066
-3815
-7220
-3763
-2941
6832
6365
-2329
-3584
8462
-3144
3298
-8044
-3658
-7514
2451
-2214
5681
2894
5870
-2352
6821
8608
-871
7130
-8483
-5547
-8052
-3242
-2295
-3444
-4813
-8581
-4181
2883
3010
-4973
184
-8948
-7315
-4578
-6259
6302
-6239
-185
4177
-7400
4843
9837
2261
-6515
6665
494
-2755
2326
2560
3768
7265
912
-5817
9171
-7967
9180
6188
-6733
5035
-5979
-249
1427
-89
4467
1925
-6350
-1397
-4649
4927
305
-8990
-9422
8349
8103
6929
-972
-7763
8686
5528
6888
6749
6998
-8511
-6989
7993
-422
8790
2527
-8853
9550
1842
-9177
3595
-6101
7508
-3985
-3368
-7827
9451
4375
5452
-1450
6453
-4159
5297
-9836
1310
7550
-8435
-8889
-1142
7186
-4479
2997
7597
-6293
-2123
-5232
6680
-8300
2279
-9959
-5682
9439
6339
1063
-9043
1175
-7894
-8524
-5918
-9670
9205
9775
-9632
-8896
-8210
-9932
-3296
-2515
7915
-6789
-6421
-7190
-7659
2271
4532
6594
-4908
-1962
7512
-1052
7012
-8254
-2673
2525
-4649
-688
-5423
-8386
2573
9148
3772
349
8714
1699
-2924
6814
9694
-9077
-2713
-7869
-9358
-2083
-3745
2269
-7081
-6498
-7762
4783
4281
2509
3979
-512
-816
-2068
5897
-9993
-7778
8190
2490
-5206
-9554
4688
-3505
1978
5967
-3570
1161
8677
-4832
-9968
-9503
4602
-6291
1258
8290
-3999
2945
7879
467
3257
3995
8207
-956
9527
-7318
-8843
-9823
8701
769
-4653
-4686
-9530
-2838
14
5682
-8502
3247
3817
1228
-7024
-6079
6033
-4392
-8443
1571
-2881
-7762
-7481
7869
-979
9358
8793
696
8246
-3363
4501
-7146
-799
-7227
-2811
-9656
-569
-1040
-1120
7541
7973
5988
-7373
6461
7611
6167
-2858
649
-2655
-2066
8110
-8839
-5376
4632
1156
-2412
7071
-5978
-3925
3507
568
6521
8331
1577
-2409
-8623
8287
9175
-9865
3651
7672
1668
9980
-2774
7176
-968
4022
1794
-4831
-415
-889
-6845
-6065
-6476
-7308
-877
9118
3086
-989
-501
820
-6108
-5286
9016
5851
8674
368
-4182
9901
2965
6442
-8680
-3382
-372
9120
7110
-7756
9913
5680
-5808
943
-4294
3684
-857
-1765
-4057
170
-5210
-5928
-2882
468
-8030
-7656
1315
-585
8065
1769
1935
6059
8156
-734
-6276
-3206
-9831
-6
-2729
5741
-5331
2843
-5052
929
-9404
-2720
3147
4604
-4711
7414
-1306
-3664
2823
3929
4276
7991
-7395
7499
-8159
1133
-7367
-1105
-1428
-531
-5804
4175
1171
3598
4339
-427
1003
-5546
-4089
5184
88
-8489
1380
1913
-7163
9050
-670
6214
-9551
-3481
7618
3062
4760
5133
-2453
9682
-1468
8991
7474
-2137
-7441
1966
2813
-8427
-4232
-5632
-1458
-4721
-2410
-195
-7896
4165
6494
4611
-4756
-9682
-5761
7976
-8327
-3117
-5681
-1590
-6945
-3177
-4846
-9411
-5888
3677
3948
7016
-8648
-1831
-6619
-5649
-7226
3507
-6767
8427
3445
8718
-3394
398
-9179
5940
-1852
2737
5876
8287
9975
-4115
2779
8080
8599
9017
8841
-8851
-8596
3626
5506
5476
-759
-4775
-6222
-3787
609
6440
-3860
-746
7513
1239
9048
5070
-6385
-1510
-826
-6056
673
-5660
6028
5279
-7351
699
-5298
-1813
8178
-1132
-1763
6701
6629
7711
-3039
-6465
-6600
6949
8463
8678
7203
-3745
-1236
4796
-7843
-4994
9492
6812
9073
-1626
-1234
4586
7736
177
-5548
185
-9337
-2675
-6506
4033
-6714
-5426
6823
-5198
1647
-3075
5437
4806
-5285
4243
-6933
-7186
-3980
8987
998
-8128
-9467
-6322
-6963
-3430
6174
-2180
1862
-3747
3912
4253
-438
3704
-1178
-432
2051
4214
-2886
-1802
-2530
6982
-6447
-9448
-8676
-9308
1825
-6795
-9348
5445
4447
5573
-9839
-8034
-4643
-4092
-5600
9422
3697
1038
-7273
8035
4497
6674
1471
-9391
4305
-6018
-778
-4842
-8205
-5350
2021
3676
-4440
-4231
-4048
-5807
7010
-81
-4943
2979
-6684
1370
3926
-6130
8877
-8440
4975
5365
-5710
-8094
-7688
-6846
-42
-9211
-5807
7847
-1232
1859
-5404
-7166
-5975
1639
2801
3202
2671
4336
6964
6043
-4483
-3328
-2332
3142
4487
-3673
5820
360
6132
-2308
6082
1477
-3613
-3365
4034
9608
9682
-1272
1104
-3412
2945
-1985
5693
9448
-2742
4492
-8976
9593
-7333
535
8254
-9037
328
417
-9866
-6055
-1006
6676
3903
-9494
6529
-5474
-9823
-3686
-7898
7591
-5493
3403
-6966
7065
-2125
-3351
-8798
5748
4128
7716
-2254
6274
-5992
-5309
1787
4307
7963
-4965
5144
3296
8501
4050
-4894
-1441
4303
-131
6555
1087
-7998
-2188
2423
-5324
-9549
-3097
8189
5253
9854
-9545
-8901
4040
-4083
9018
-1915
675
7870
-6051
7080
7179
-1651
-1539
8626
7884
7152
9605
8944
8374
5313
-6205
-1768
4698
6783
2518
1177
530
-4537
-3968
-3219
1116
3107
-2681
-9017
-8019
503
-7171
1737
-7991
6942
-8076
4958
-2578
9193
2884
6650
2483
-561
5785
-1235
-2188
-4319
979
2001
-5793
2726
9109
7546
4680
4694
6829
8831
1202
2639
-8938
-7952
324
3073
1014
-5800
-2910
-6090
-8011
-3390
-169
6074
-911
-846
8684
9652
9185
8773
-9381
-7224
1556
-9068
1831
-1225
1360
-6085
7349
7707
-5659
-4532
496
-7761
-9183
7447
8803
1890
5161
6202
-4791
3478
-5168
4582
-2708
7193
-9196
683
-4773
4398
5362
-3635
8201
-367
5873
-6966
-4771
-7521
2198
-6780
-9309
4760
-7728
-896
-2068
-5447
-652
4574
2724
5645
3250
-9520
452
9791
-6356
5495
-5385
-3160
9359
8046
1646
9180
6782
1610
-1121
4952
-2210
4587
-109
178
-9146
1820
8126
3086
6223
-392
-9236
-1949
-1148
-6626
-1505
-2287
-3701
5757
9452
7973
3200
862
7667
9091
-9938
4319
1211
645
3255
3342
-9808
3971
-1187
915
-8410
-7076
7882
-4863
-6258
-1013
-5377
-713
-225
6904
-5724
-8509
-5930
2204
-7960
9806
1869
-5459
1952
-8706
7647
5913
-7766
9964
7296
8075
4875
7973
2592
-1626
-266
-2736
-9342
-3891
8310
2803
1645
-5514
8095
-608
-5323
-9949
-5875
-2636
-1870
3893
1256
5399
-8593
8914
-5805
8361
-8891
-4157
-1852
-6599
9063
-6240
7460
-9286
4439
5252
756
-4843
8206
5086
3119
38
812
2255
6081
8212
-6540
9830
-1227
1320
6504
2135
5854
1564
-4099
1471
9711
-981
-9778
263
-9753
-1582
6910
765
-493
-4346
9423
9746
-7313
-2738
4976
7396
-8849
-5240
4456
8147
2465
-1873
9765
6016
3729
1665
7039
8670
6802
1580
1737
2463
-7691
2569
5351
5372
6452
5086
884
5990
-7560
-4644
-5691
-4483
9943
7840
-5824
5813
9457
-616
-5551
6389
6929
-3487
-9428
-2807
4338
-2960
1934
-5369
-187
-4431
1513
-9661
-2654
-9484
1662
6632
-5739
9684
-1585
-5329
-9286
9739
-2941
2747
-8502
-5189
-7159
-2074
-2381
-3684
9938
4023
-3336
-4323
-5654
-5948
-2211
-6569
4616
-9908
-3886
8765
373
-4014
8706
-6465
2613
-989
4081
2427
-3578
-4134
8783
3400
-2387
-3653
-9700
-3652
-2159
-5644
7103
1534
-9420
-1979
9857
3359
-3922
1739
6395
-8328
9705
-3944
817
-9343
4984
6880
-5971
-7148
-9309
-1494
-7006
9424
1297
-5057
-9581
-2252
9233
-6566
6601
8626
-9803
-7210
6215
7600
7361
7625
-1593
-8104
-7226
-8646
-14
3433
1731
3786
-4694
6000
-7020
-9765
-7900
-7080
1898
6095
7976
2921
7459
-5907
6070
6913
-7641
-8031
629
7244
6403
4656
-8981
-923
-6782
9814
5710
7937
-730
1415
6962
3836
6357
3569
8272
-5096
941
-6559
-1089
9239
3919
8939
9763
-885
3965
16
6444
5640
8204
-1196
6065
6083
9642
-1562
7404
-7924
-951
-6438
9058
-9931
-8927
7678
1089
8137
4100
932
4107
-3472
-4284
-8272
7589
2054
-9148
4172
8330
9077
-5314
9098
8133
-472
7918
7730
7049
1363
5103
8179
-4792
-6667
-6488
4471
-8305
-7184
-5298
7070
7892
-3973
-6548
5186
7805
4906
-436
271
-9727
9919
943
-2234
-9204
5641
-4510
8610
5748
-5871
-2647
2256
7089
1658
5302
4922
6818
-3629
-8950
-2521
2558
9652
-4471
2838
-8705
-2915
-5087
-7990
-3771
-9068
3927
-2017
-7415
6209
4088
-8662
6355
-8176
-1469
5617
1518
9864
2100
-9265
1053
-3098
1224
-8355
-5085
2967
937
-5876
8494
7476
-6877
-5951
7388
-7861
-2117
6529
-3464
2975
-8206
-9297
-7967
-8803
-9144
5387
-3572
-3322
3926
-9146
-8230
-7690
7299
2550
-9679
-7075
-6355
-9676
-3196
-8285
2679
-4058
7985
6812
5909
1714
9515
2922
4772
-9180
-6151
-4944
-5928
-8966
8411
-8100
9288
4531
8343
8836
-846
3055
-4670
7935
-547
7119
-6573
447
-3214
-5705
5312
6902
5139
-867
-8225
8165
7581
8877
-4066
-5822
1144
3692
2153
-1051
1735
6181
-307
7531
9664
4708
8227
8176
-8332
1390
3559
1182
7905
-3629
7711
-8244
2389
2370
-7218
-6621
5601
6932
4358
7213
2684
-1247
-7615
2789
9004
7859
8601
4083
-7542
-4137
-7060
6586
-9224
-9825
-9733
-7575
-8030
-6248
-1996
1150
-4157
5304
3444
-8874
-4066
-691
-9891
-4994
5774
-4758
-4604
-8142
-1449
1800
-1019
5943
7019
2690
7689
4993
317
6302
3733
-6322
5080
-374
-9699
5629
8041
8137
-4393
8336
-284
7358
2994
-1827
-2066
-5270
-5561
-1091
-2382
6278
-7888
9476
-699
-9293
8609
-3194
-8475
-8087
7422
6858
-2367
-1157
9363
7388
9343
-7239
9167
5370
-6329
-8839
-7920
6161
3433
-8923
-1463
-7878
-377
-5274
6274
9768
-262
-2899
-3963
-2402
3513
-7372
-9878
632
7498
-1018
-4872
-1331
-4118
9429
-1775
539
-8474
7989
-9759
-8851
-6623
6769
-443
9606
-9388
-7471
9330
-1796
-2186
-7925
4963
8433
7957
8052
-6039
-1606
1378
6187
3670
7419
-7773
-6188
1926
-7597
-9402
3828
-4896
-9655
-5124
5678
2556
-4222
-6836
4838
958
-6363
7541
5736
4455
7547
-1414
-4482
9004
6316
5816
-2240
-5913
8601
-8853
6503
4872
3184
3767
9217
3542
3829
3238
-1286
8571
-7255
2488
-146
9475
-5315
-9964
816
2538
471
-8364
-1141
-6581
6000
-6749
8731
6288
6233
-6588
-589
1591
-7556
725
-6307
-3602
7914
4447
-2311
8499
-1142
-2115
-7689
-875
-2521
-1141
1815
-7144
-3719
7497
-190
7767
8462
3377
7718
4335
5130
8177
-7969
-3779
8859
8515
2894
7416
3625
1667
9925
6897
4346
-9506
2437
-2646
-48
-6775
-5117
-2931
1810
-8392
7992
3279
3364
-5328
-1526
6685
-8002
-7620
-536
-4729
2726
-6019
6491
8585
-9488
930
6169
6699
-3782
8395
-9631
-2904
-2861
8075
1995
-4661
9414
-7500
-1578
-6220
-1673
124
-1662
-5566
-7597
2164
-4332
7220
9034
-4625
2623
5166
1593
2459
1578
-1516
-7308
2355
9697
6841
146
-4327
-9757
7572
8874
9951
-1995
-4297
7911
1888
3244
2398
-4377
5144
-2791
3029
-8768
-426
9418
-8133
-7422
-3884
4388
-7938
7259
5583
1979
-3153
-7166
1093
-2577
6963
-5815
-6745
3307
-3834
2732
9317
-7729
3134
-7975
-5143
9191
-5612
-5913
2025
2124
-9915
-303
9665
1758
4457
1090
-822
-5549
-7229
8182
5909
8905
-2411
-3832
8323
-3774
-8030
-3191
-6447
-1065
-3305
-2100
957
6944
7835
-2259
-2854
-8632
-7312
-6524
-8454
-7482
2068
1290
2469
-5851
-5435
8669
9268
9551
-8617
-8449
-5419
9504
-7603
-8771
3701
-4667
5482
4815
-9909
-3209
467
6859
-8985
518
5896
2590
-6283
-654
3564
3715
3077
2565
-5804
-3557
-2867
3583
-4959
-636
6422
-496
1078
2989
-9095
2860
-4
9411
3450
-4099
4358
-6697
-3941
-3422
9356
-6493
8059
5630
-3897
1422
-140
6452
-4869
7776
9845
8246
9291
-1250
-7240
-4585
4510
-2958
331
2563
-1484
5270
8952
-8469
-9919
-907
959
-5924
-6923
-4142
-2848
-5503
2760
9987
-7105
1440
-8253
-5790
-2875
4073
-8475
-9794
4859
6373
-6424
2916
-7730
9101
-8598
-3236
-9855
1932
1608
-7512
569
7231
-5241
409
-9879
-9058
2798
82
8086
-2477
-3897
-8219
5535
7257
-8470
3772
9457
-5643
3190
2178
5716
6067
3203
-6083
-8148
-3342
2704
9345
7141
-1212
-7626
3384
-2123
4935
2523
3835
9715
-26
1581
5909
-423
-8209
615
-8846
1973
3215
2894
3434
6654
7109
-6699
-1667
-3355
2519
-6611
4336
-2380
-7352
-3713
-578
2591
6356
-2116
-3216
5924
8245
-535
5130
-3926
8012
7982
4800
4591
-1513
2075
-3708
-5469
-3448
-6962
-4294
-825
473
5376
4856
6404
-8293
5987
-6903
-5298
5369
2858
1288
2336
6095
-8563
-1702
2446
3186
-6335
8040
-519
-2408
9441
-7552
6451
-2763
7942
-8708
-9225
-1763
-3957
1272
-8194
8529
6602
6210
-8022
-7120
-6908
-732
6166
-8683
-1159
-7031
-8204
3856
8360
-8101
-6861
6131
-3829
379
5143
-2861
-6263
-909
2648
-3008
76
6214
-6813
9811
-8258
1145
7638
-2102
-3576
-8582
5248
-201
-7562
5070
-4548
1002
-7363
3209
-191
2186
311
-8948
8073
-7288
-4837
-793
6688
1822
-4240
-8391
-2770
-5579
6720
-9948
897
-7766
1091
1506
5972
-9779
-2630
6230
846
5002
-7626
-8544
-8721
6310
8381
6211
1432
-9676
-2629
3257
250
6683
-2659
-8032
5379
-9600
9780
-3629
-4006
203
9188
2378
4451
-7496
-8785
-2214
-5725
-148
3046
-334
7651
-6558
9645
8744
-6574
9229
2230
7058
-5673
389
7443
-223
6858
2651
-8135
2713
3370
-1903
7532
-6190
8303
-9613
1058
4612
4484
-8236
3519
-9355
5432
6537
9367
-7018
-5411
-1265
2907
-4299
-9028
7880
-3470
7544
7240
-5778
-7797
-9432
7192
-2820
8217
1592
7843
-9892
-517
9909
2025
-8659
9860
-8790
-8259
-4764
-6577
-1690
2411
4245
6214
7862
-140
-3184
-9820
9457
-5932
-9247
-1146
8877
-3512
9111
-7152
3564
-5415
-7597
7023
4327
6602
-2727
-2749
-3720
-8115
-5923
-1262
-2975
2010
8071
-4099
-9616
-8048
283
5600
-2920
-5957
-2839
-4788
-1170
4482
-7034
9226
2825
9886
-2400
-1391
3594
-2084
6155
-9413
2752
-6169
-2620
4368
4984
745
-7825
5767
8551
-2169
8542
-5333
6619
5581
5607
-6742
-6244
-9434
-8514
-5590
-8668
-121
-2032
9540
-5357
-7257
5818
-3315
6507
-8187
-4917
-7042
2638
2378
-2378
9263
-5323
2482
-5236
-7894
107
-9082
-1622
3387
3228
-383
9856
-8380
3893
6443
54
-7259
-5544
-9952
4972
-7222
-2785
1978
9626
-9652
5491
1677
8548
6936
7963
-3474
-5457
5200
-8945
-3942
-2593
7874
7838
3232
5993
8482
-3470
-2743
8590
3587
-4456
-1500
-5162
8452
-4329
8643
1896
8646
-407
8341
8598
-554
-2653
-6502
3435
-2547
-7681
-5707
8507
-6449
3477
5950
-9505
-5835
-2432
-3959
4251
-3702
-3830
3152
3022
7086
-2069
9611
8199
332
-3578
6841
2011
1868
3649
3540
-8941
-1599
4215
4142
3677
-7321
-4988
1426
6425
-8912
-3294
-4197
4869
8495
-2464
680
6074
-3246
-4698
87
-2258
-5065
-1931
-620
-1481
7946
7447
2071
8054
9563
1710
5146
7725
8296
8227
7639
9570
764
-9091
9677
9898
-7748
5351
6398
-3476
-8349
4291
6610
3900
3183
-4330
290
8031
-7488
-8321
6049
9082
-4099
-7770
-2152
-9151
4468
-3703
1074
-4800
-3086
4765
-8132
8596
7004
9473
-9300
5458
-7501
-7510
-1952
-5128
-5358
4441
-4986
1099
4701
-5302
-1554
1940
2913
5120
8451
3127
5731
8645
-1104
6180
-7320
7294
2059
7223
-4842
-8641
3889
-8903
5858
2663
-4520
-8026
-4728
9373
-4099
6246
-1142
4508
-7781
-2647
-9859
-3463
8006
-5183
5805
8822
3251
-2597
-2796
3511
7552
9635
7291
-9851
6621
-6184
-873
-4608
-1844
-5298
6393
-1503
3046
5964
-3124
-5612
-4579
-3983
-5666
-8544
-6931
-8301
9839
-9392
-7892
796
6351
4057
-3091
-4622
9636
4728
5637
9979
4935
2084
8541
-6426
-1424
5059
-1622
-7730
2993
6914
6669
-8623
1150
1795
788
-2832
6431
-2950
8053
-8272
-5703
-2354
-3854
8388
2774
-1606
-4680
-8285
8863
5657
8426
514
-7624
-4185
6826
-8170
6681
242
-2081
2279
-3923
2167
4350
-6391
-2159
2720
-5438
-3742
-162
-8870
6664
1399
-1634
6752
-5722
1379
-6146
8920
8136
916
7730
-5241
-3818
-2738
-7484
-4474
8186
1539
-6269
-956
-340
-4637
-2394
9647
7826
3241
-7025
-3246
-8717
-5727
-6999
-7087
-6907
-5821
-701
1083
-5789
6733
-7707
-3137
-8834
6894
-7012
5086
-2950
-4208
1840
540
-1999
-3485
-1258
-3761
-3315
-6100
-126
122
-9695
1783
9268
1620
2942
-9975
7187
-5406
2764
2154
3101
-9396
6600
-7197
8674
6597
1749
8947
-2382
9037
1112
-8899
-6155
2884
7786
7206
8662
-8682
1751
2050
3411
4512
-4021
811
-2682
-5306
-9722
6464
263
8559
-1786
9162
6914
5243
-1233
-6038
2557
4864
8304
-1947
-8285
-5262
-1148
68
-9463
-1060
-5177
4076
-8443
-9413
-6752
2947
1684
-8154
-9424
-5350
1461
9322
-9615
-3072
-6747
-586
1305
-1935
1358
8139
6079
4276
-9979
7241
5715
9211
-4321
833
9367
5614
-2317
-2323
-6389
8066
-3009
6025
-8821
-7807
8580
7570
-4677
9208
-2826
-7060
4286
-7183
2332
9737
-7159
2556
-2536
2509
-6134
-424
5980
9788
8838
-1298
-4116
8799
3953
-5941
-7223
2762
1188
2669
-9223
-167
9388
-197
-5501
-9738
6804
23
2155
3626
1162
9809
4573
-5857
-4914
-3282
1692
9153
2772
2722
9841
-841
-4511
-7313
-6703
-7777
-5870
-4314
-1580
-954
-4366
321
-2898
-2774
-4845
-6716
7685
3855
1671
-6812
605
-1663
-598
-2189
-2075
284
3581
-2212
5961
-9194
-4035
-3874
-7394
-9025
-8405
8699
397
-4021
2274
-9728
3123
4095
5711
-4330
5803
4271
-3079
-7981
-2761
-5607
7086
-22
5242
-9686
5526
-4910
-6185
8240
-1838
-1466
1620
-534
7413
-8283
-5837
-3779
-4365
5541
-9172
-6010
-2416
2265
-7858
-6654
-2473
3295
-5162
-7280
2504
-2116
-1824
-3935
8395
4075
1667
-2905
3620
9513
-5180
-3720
-6755
-7855
-9842
-6814
-5129
-1792
1047
-8365
-6257
5361
1539
1524
6055
953
504
1506
4342
8033
-5660
-1820
3598
740
2990
307
6572
-2418
9145
-6566
-1951
2608
-954
6891
-5006
-6056
4949
-8862
-1922
3913
7399
5394
-2315
4420
1921
-7227
4364
4134
-7432
3579
911
-999
-3942
3018
2930
7446
-7467
478
8822
5076
-8228
-1770
4145
2481
-8214
-3981
-6598
4286
5159
8652
-5327
2571
76
-4836
-1988
-1516
4532
-743
-3340
-2318
-2103
-5997
1654
-8215
5615
-1312
9700
-8796
8118
-8764
1671
8693
887
-3811
45
8209
6162
9669
1087
-2476
5843
5762
-8465
1334
9884
4545
5280
-4281
-9754
5240
-9707
3551
-3010
8722
-8390
3690
-4750
-5153
-4767
-7800
523
4809
-6566
-9089
-3132
3001
7864
-1270
2691
1985
-6301
-2944
5275
6321
5318
9153
-569
-3269
4602
-7981
3012
6509
-9332
-1272
4115
-9696
259
-6344
5886
-6215
-2185
9908
6545
2847
7967
-6303
-147
8002
8845
9654
-1069
9693
9559
3570
2882
4471
-8519
2597
8630
6174
-9114
-6816
-6152
2543
8128
4674
7792
8482
-1191
9436
8529
7098
-3235
-1494
-397
-3478
-3945
2144
3912
1659
4423
4474
-9132
2193
1392
-3469
-1
-6320
-9631
591
-5631
-2857
1572
7719
-1319
5616
5461
-1568
261
-2411
9875
2482
4157
1531
-2958
-840
-7202
-7928
-9279
-242
-3329
9324
-5876
-9080
-972
1905
-1766
-1166
3125
-6396
-1932
1648
-3021
7867
7674
6650
-7333
6869
64
-3745
-9533
5221
-2231
-5681
-5719
-7079
-9191
1627
4059
4821
-1046
-8591
6854
9691
-6491
667
1126
-9170
-8799
-5266
9661
-6605
5699
3610
-9443
3719
-7904
-7402
-8564
3381
-8440
-4832
-5845
-8199
6381
-6842
9639
351
4095
-8918
3610
9445
-6723
4603
-7619
8124
6215
-4386
1269
-9636
-9985
7635
6175
-7681
5988
5884
-551
6416
1879
-2894
6314
7758
-5773
660
-4603
-3828
-121
-802
317
-4699
8194
7644
-101
5521
-4781
-2657
-1062
-2487
8819
9960
-9396
-4153
5911
-9066
9150
3147
2922
-4175
1325
3462
-5196
-8974
2688
-207
-9334
-2119
-1819
-1924
887
-1356
-7131
427
-6903
3595
-7949
9466
7778
4144
5051
1476
-1553
792
1521
-1166
6484
-7458
8236
5765
4468
7724
883
4384
8776
714
6976
-3118
-4391
525
-2052
8283
8232
-5675
-3940
7496
-9564
-6899
2803
-7169
7957
-17
2515
5447
7305
-5573
-5858
-1606
9643
8488
2001
-6494
-1726
9047
-9800
-3745
708
-1213
-4526
-8144
-2616
-5478
-8846
5821
8791
-1234
-1084
727
-981
-8016
5113
3250
-5343
5844
-6568
-9746
-9259
-2402
-9516
6285
2588
-8785
6184
-5946
-6710
6166
-9917
-6666
599
-2892
8124
-5784
2995
-5224
7670
8218
-3756
5236
9888
-7509
-5448
6216
-6191
2832
8335
9350
8136
-541
8054
-5389
-7685
5786
-5495
1603
4445
8337
2631
-7350
6657
-6840
-6416
1294
-1868
-7456
5234
9517
1359
-6060
-8844
-6530
9662
-8001
-3287
-575
6779
-5809
-6804
471
-6084
3149
1441
3770
-5328
2859
7740
-4998
-1620
-7946
6678
-8349
-3844
7052
3834
-1385
7549
-85
-5670
-4978
8051
-5480
-6769
-44
-7206
7841
9879
-3453
-8108
3612
7691
3902
9847
-2870
-6441
-3519
-1369
7308
-6618
-2496
-9472
-8068
-5308
-2131
1011
-2194
-8080
6350
-3524
3178
-5674
-2961
1629
9306
2213
3701
-8808
-3344
-7198
-6484
5467
8474
3096
-4143
4549
8314
-4007
1458
-5384
3391
-8564
6274
4941
-2470
-2019
1119
-3218
4787
8280
8894
-6094
-8406
-2566
9909
-4658
695
-9295
7846
4748
9218
-7842
9062
4266
-5206
881
-3052
8638
-7232
-6176
-1868
-6786
-9704
2875
2827
-898
-9346
7644
1925
-3366
-2994
-4305
-5038
3384
-1683
-3018
-218
-3824
9283
-1543
-7170
-6301
-8757
-1570
-9329
8600
5453
7762
9890
-4008
-4848
5733
5601
-6522
1582
7928
-1148
-9396
7771
3127
-2589
7012
-1140
6113
-420
1715
7747
-8965
1600
-7878
-9825
-4365
5134
5237
6555
4333
7656
2316
-4474
-4904
-3872
8627
-4684
8363
1691
1255
5986
-9903
-3397
7422
6658
-4807
2314
9681
-2727
5601
-9095
4484
-7240
6012
2941
-8071
-3338
18
892
-5824
3707
-9807
-2636
2573
397
6020
-9216
-1666
1896
-7318
-1468
-58
8896
4004
-8076
5151
-6211
-2206
-3702
-6682
-5957
947
4830
3541
6289
4341
4663
-1094
-740
-5081
8714
-9328
-5516
-3425
9567
5909
0
7962
2690
1123
9101
-565
-5163
3601
-5209
8177
5705
-6694
-1882
8304
-7493
5426
1743
-3453
-4908
3064
-8583
-2122
1588
4519
-8998
-424
9912
1021
-1697
8915
1436
6807
2959
3822
3663
-3951
4706
453
-1027
-5844
-1122
9334
6995
3354
824
2331
-9795
-232
-4232
6896
-6421
-5938
-9955
-1421
-8295
4739
9769
-3680
7262
-9674
9080
-7329
2411
8756
-8644
8524
6653
8686
3742
5866
-6935
-8221
9035
2070
3518
-9374
-848
5045
-1829
9651
-3819
-9372
5073
-2632
5465
6605
-6986
-7405
-540
4214
1929
-9565
-6820
-8574
-3821
-7818
-5360
-6919
6373
573
1190
6881
-4504
6334
4934
9889
887
-193
-1878
6514
-2159
6273
2665
-7640
-6477
2574
8974
-5252
7845
-366
-8274
596
-2891
4982
-4099
5453
-2649
-8693
2128
-4387
5287
9194
7813
-1930
5700
-9141
8292
-8918
4426
3195
-9903
-6406
-1429
9045
2719
3969
9955
8030
5229
-1562
-1897
-9111
5548
569
-8861
-7218
329
-192
-2512
3279
-8950
9923
3650
8591
-8486
7457
1950
645
-4456
-4135
-7343
-961
3438
6763
9602
8086
6227
5483
-4837
479
4440
-2261
-6374
-4704
9202
3521
-2712
-4081
7862
-3473
-7152
1741
-3576
-1742
-2064
-9900
3025
-72
5754
-4084
-9541
-8082
-1409
-7025
-2473
-7293
5694
-2000
-8759
-6009
-9257
9492
9364
-5009
2573
4230
-1477
-5457
8403
1892
-7192
-5972
6419
6076
771
-5368
6522
-6472
9520
-1215
4797
-8620
-7824
-2093
-124
-4119
9930
-3146
13
-7689
4719
-419
-1455
4107
-4879
-9315
6220
3725
-3657
6468
398
-9985
4660
-2387
4760
-6174
4084
4233
5959
1502
-162
-4311
8560
8529
1635
9
4398
4932
-5622
-5202
-8892
2671
5368
1479
3574
6708
71
9934
-326
-3626
2216
-702
-5594
7714
2661
7974
2204
-8382
117
-2772
-2304
-8155
-9573
-4428
-7429
4890
3749
4402
-721
-5357
2701
2851
-1925
9892
9337
9193
7962
9400
2808
2788
557
-6704
7455
8835
7743
-3950
2346
7580
-7848
-6573
5287
2020
3020
2196
-5639
438
-4310
9774
-2282
-5296
1838
245
-6620
-9281
1710
5042
-5651
-2648
-5965
2887
6825
3362
3086
8502
-4650
3042
4377
-9087
8831
-7176
5843
5707
5100
7704
6162
7113
-2837
9671
-8736
2935
8078
-1383
-9922
-1657
-6582
-9255
6075
-6367
-9237
-4362
-9231
-7849
-1300
7621
-4962
-281
-7690
-4466
6228
9541
-8898
-7890
-3885
7896
-5915
844
7921
1747
-8067
5077
3485
-999
4608
-3752
2250
9615
9501
-9398
2824
6986
8951
-7128
3506
8819
2936
5415
6965
-4454
5224
3192
9160
-4754
1204
-2540
-4192
-969
9212
-842
-2674
-417
-8982
-4882
3683
9151
-357
2100
9374
-5355
-6451
978
6967
9705
-8091
-3360
4936
558
-543
6387
8973
-2528
9297
-714
8583
6693
-8982
-4667
-6999
-9537
-8360
1086
-5533
5548
4817
-4747
-8422
5329
-3721
3460
5795
7080
1628
-5194
459
4329
-7413
-6940
-8861
6937
-2113
8379
-7819
-5542
-6502
4908
6383
1857
-5249
-69
-6542
8555
7885
7037
7393
2797
-9719
2427
4868
6909
396
-3420
3140
8206
3797
952
4436
7480
654
7561
-1118
2308
4407
-8347
7654
7007
1613
-7502
345
5774
-512
-834
9541
-9390
-5236
-6832
-2481
-8680
-8577
-4927
4873
9897
3271
9842
5834
8124
255
5155
-3951
-4910
-2545
7575
1838
5383
5027
5762
-2810
8345
3733
-4048
-6077
5
2970
-1874
6190
-8381
5054
-4375
-8408
-703
5356
-8162
-4087
-617
4825
-9082
9270
-5443
-3280
-5482
-5210
6314
-9329
1338
-1745
5614
7004
8521
3158
6832
4938
6389
1429
1647
-1219
9956
3642
7908
-5942
-4936
8710
-9980
-3921
-9115
-3569
9902
2014
4716
-491
-3746
9089
5670
5309
2646
-1780
7056
955
2065
5871
1357
-1971
6030
1413
7635
-3426
5333
-9460
-5236
-1995
-9955
9724
3242
-7907
-6371
1370
-494
-3897
9784
-3666
8755
-1356
-9841
-9294
3304
-4471
5935
720
-1129
-275
4793
-9250
-6745
6287
8735
7102
9630
7683
7733
-5204
5295
-2780
2171
-3225
-4078
-9045
-6099
-3865
7892
1781
2679
-373
5366
4219
4514
4853
-92
-781
-1596
5039
5000
5001
8723
-8925
-8310
9766
-2411
-9846
2922
-333
-4562
9473
1666
9945
6441
-2526
-5381
3744
1884
4962
9444
9176
-3083
-6887
-7099
-99
5781
2529
4654
7421
3246
-2207
4498
-1219
-24
-5429
-6735
8057
7128
25
9237
-2452
74
9509
-8876
-3343
-9945
9743
3833
-4754
-5565
-6437
-7985
4887
-1755
7004
-3599
9357
4636
3846
-7804
-2411
-19
1297
1683
4601
-4989
5118
8173
-6653
6009
1706
-6449
-6980
-9068
3979
5970
4717
-8723
2284
-2961
-995
3233
-1622
-5711
-8687
-2412
-968
2832
-4869
3310
6539
329
-839
-6379
