-9954
8144
-1775
7953
-967
-6807
-5001
37
-7428
6131
-8265
-7319
-7299
-6538
1247
-9645
-8533
-3066
-524
9702
-737
5454
8111
6364
-8369
-1743
9613
2151
-7561
6272
-9770
7109
-1205
-3110
-9723
-2442
5469
266
3425
-7248
1052
8339
279
840
4178
-9656
7308
-1302
5578
-414
-6939
8156
-518
8847
-5832
-3335
9322
-7023
6095
-9998
5751
2530
2696
-3158
150
-8991
-9916
9583
5272
-1145
-5271
6970
5389
-1030
-1523
4002
-3419
-6724
6075
-3591
-6605
4044
-2360
1318
-8568
-4606
9677
9901
4439
-766
-6322
8379
-6214
9054
5833
-1617
-7483
8974
7730
-1729
-240
3260
2179
-8063
-1615
-9043
2708
-6506
5055
-6759
2309
2038
-8738
5093
-6034
-696
3807
5758
-7552
8429
-6396
1503
8041
4640
-369
4383
-3257
7706
2172
-9019
-8637
-8170
5280
-7356
2937
-2923
9349
7249
-8006
-256
8350
-7108
-6058
-1355
2757
-2774
-6075
-8550
3116
838
-7813
4418
6264
-4657
-5303
-8711
-847
5523
-1701
1995
-5842
1580
3874
-5884
-4296
-1391
-8221
-9793
4677
-7397
-8854
-3233
-3885
6852
-5515
-888
9236
4339
-1386
-4890
1537
-422
-261
5062
7772
5638
-8505
-3222
-9822
7611
9662
2087
-5178
1824
8619
-2790
-6643
-3319
7829
7579
-666
-7457
249
-5877
8133
-2722
-2386
-2550
7190
-7551
6088
-6979
4978
-6163
-9625
-308
4078
-5439
6945
6139
9837
6068
-9017
-6817
6810
-6355
-2663
3498
-6084
-6374
-414
-3166
-382
3470
9553
9959
542
7496
-9745
1267
5213
5657
6437
1338
5420
-2320
1546
-6430
-7037
-8732
-3869
-5884
7138
-1260
-9131
2934
4710
-4432
-3587
7561
-2245
-6852
-5729
1229
-2408
3889
-7782
-9962
3113
917
2399
7909
-5128
4860
254
8243
-8622
9796
-1067
2086
-8964
-4465
4018
-8968
7504
5658
-3468
-4293
83
-1690
-2431
232
-4568
-4392
9353
6550
-8862
6426
-3414
6954
-2483
-3097
-9750
-4737
8122
-4284
8846
8732
-4325
2667
-3618
-6885
-6908
8953
-3680
-114
4574
3492
8706
3543
3759
-6363
1872
5707
8770
-4765
-9938
8834
5912
-7403
8684
4970
4503
424
1153
-3339
-3390
8449
-1428
4101
-8957
7217
8502
-2453
-9414
-1479
3235
4884
-679
2912
6342
6322
-1088
8001
6898
-2885
-5791
5153
-8935
-18
-6799
-3587
8381
9883
1316
-3975
3779
5071
-9283
-2243
-2051
-7914
838
-3470
4881
-5995
5794
-2388
2208
-4809
-174
-644
-6812
7937
9329
8694
-7978
3616
-3259
1933
2839
4090
7348
6547
1151
786
944
-417
-2976
-3994
6944
8387
9023
496
7888
9227
-263
-6361
7893
-3681
6814
-5012
5262
-9153
6093
-2563
7545
-6790
-6738
-3455
9436
-959
-7917
-9404
3991
-9493
3293
3865
-9359
5422
-5132
2315
-6454
-7412
6833
5941
-7828
-6594
-1488
2610
-4358
2112
11
4337
4333
6295
4823
4927
8996
-3118
4138
4910
9677
-349
7454
3490
4280
6621
-5058
8780
-5071
-9573
-3035
8327
5475
125
576
1613
887
1019
8216
-5073
-7402
-4785
-4043
7979
-2786
7478
9906
4496
-6031
-9707
1140
-3199
-5388
5763
-1481
-372
9908
-4966
-9449
7539
-6203
6770
-3734
-6847
388
-2584
2877
-145
-5007
-2823
8909
-8921
-2078
7247
-5496
-2603
-6363
322
8625
-2172
7477
-1010
1884
-4499
-5473
8192
-9014
-382
-2228
-8738
-3518
5875
-73
5139
8899
-2159
9942
3563
-3311
-3947
3549
-1233
9322
-225
-8039
-4087
-2841
3979
6979
1815
5254
-9479
8538
7618
-9365
-6699
-299
4236
-2793
2474
263
6176
2169
-7125
5276
-444
-7687
3447
-1394
4528
-333
-2199
5494
-920
3489
4526
3812
2026
-6484
-7105
1051
-7971
-171
249
-3183
2488
3603
2651
8143
-8889
6514
-9038
1233
8887
-4450
-8604
-6258
-1990
-2098
2741
9150
2106
-5697
363
-8156
1025
-7204
-7892
-3562
5522
1319
8834
-328
-5989
1466
4817
-9041
-9660
-2317
5922
4150
825
4571
-3216
3566
-3697
-2358
-486
404
1035
4840
5352
5907
-3056
-1383
2176
-2377
-6696
-4014
490
6360
4856
-1770
3003
-5222
-8911
9054
-6707
-4791
-5477
4101
-9048
-1790
177
-4283
8713
-2418
6994
2134
7177
-7612
-1695
-9688
-2814
6300
1736
9018
4159
241
-3122
-3701
-2646
7953
6732
-9345
-8057
-639
-2781
1287
-1822
-57
-2309
-4098
-4283
-6811
-8821
642
2117
-7691
-1575
-8066
-1193
2376
4355
-4348
-8322
-3041
79
1801
-2613
5274
2066
3272
-3410
-5026
-7376
2684
7179
-4306
-6303
-4062
-135
-7800
-4769
2170
6854
-3693
-3163
-3540
7708
-4551
5989
-8782
-9538
8364
-1576
5814
4673
5562
63
-8928
-3127
-5150
894
-439
-1621
1978
-8124
-106
913
7603
-2996
2439
9875
-9210
8438
-3577
709
4606
9417
7510
4775
6441
-6387
-6054
2582
5501
6504
-8235
4703
-1159
-8678
2513
2575
6898
4115
9614
-9473
180
-3526
4660
2297
-8893
5858
4743
4221
-1098
1086
2145
-6774
-863
-1391
-3960
-7431
-606
864
-6094
-5435
-9546
-3775
-3271
-4230
-8632
5398
-7017
-3619
4604
7407
388
8577
-9751
1935
1670
4482
-9354
4519
-9186
488
5791
6386
5946
3700
-6876
770
5912
6926
-6104
6307
3354
-1825
4176
-2930
-2958
-7488
-4432
-2156
-1164
1713
9618
4158
-8521
-8525
-3821
-8606
8789
869
1304
4903
-2968
1818
3521
144
-5468
1118
6609
-9900
-5236
6462
-4327
-7737
-6824
-476
5561
4313
-5067
5074
1297
5809
2374
-4604
-3260
4493
9427
7957
-5298
1292
-8546
7724
9036
-1382
3897
1368
7321
9014
4288
-5390
2538
-7069
2386
-8509
2020
-162
-8831
3984
-9448
7491
967
-4381
9402
-3111
3678
4333
2023
6808
4161
8126
6139
-8339
-3392
9317
-2146
-1440
-4493
-9003
-416
1717
-2251
-7863
7099
4291
-8640
-4617
6792
-2915
-6340
195
-739
2153
-5986
2539
9996
8185
3149
-1737
5278
1806
-7905
-8958
-9115
-9279
-3252
-5539
-1363
-2826
-8605
481
6115
2769
1138
5615
6651
7591
832
7730
5142
6504
4749
6079
-5573
1522
-2269
-1857
-1546
2491
5820
3452
5481
-9030
955
-7620
-2080
-7932
-5574
2034
6879
3213
-520
-9144
-206
8694
-2841
4715
7923
-9786
-8589
-7003
2971
-1956
-4189
-4112
5903
-8263
4147
7759
8382
7299
-8113
1416
-878
5891
-2205
-9584
4736
-7995
7874
-2828
9180
-2360
-6573
-109
5844
6750
42
-5969
-6977
5769
-4071
-5117
8601
2664
-8327
1148
-6581
2891
5991
-9226
1836
8660
4760
4866
-707
-9210
5138
2192
7904
-1142
2789
5448
2376
-6765
-9262
6957
-949
-6147
-9378
-3174
656
-292
4202
8090
8292
8732
5659
-9798
-4931
4679
2575
1735
3886
-4872
8227
4847
2906
9242
6307
-716
-5290
7618
5626
8559
30
6828
3855
919
8096
-1767
7123
-3870
544
-8249
-5413
-7593
4263
3819
-3311
-2309
-2838
5066
-1940
2698
-3301
-6459
-636
-1208
4319
6216
6324
-6931
-7752
9335
4407
2084
3489
-6506
7505
-2572
-6905
389
-7359
2592
-9419
-7462
870
-5767
-5204
4489
3339
6938
1318
-3567
-753
9400
-4280
-8632
8195
2108
-3397
-9366
3347
171
-69
-5468
2421
-9830
2714
5470
858
6021
-8940
9405
2646
-6622
-209
-3959
217
-2532
-9298
2053
1527
-6827
7609
6177
-2168
-9441
7596
6270
8114
-6014
5406
-8461
9064
-898
-207
551
-3270
-4623
-9608
-3770
-2168
-5595
-5094
8042
7202
4240
7444
9760
-1809
-5406
-9736
-6916
8685
1388
4740
-6285
6191
3674
4238
1380
-8035
6208
-133
7843
7182
-6765
1086
5070
8422
5927
-3850
8984
3905
-5031
5488
1084
2573
5478
1217
3164
-7452
-1819
2737
-5421
-4448
170
3619
8077
2536
1646
-1554
3077
7952
-7783
-2088
2961
-4412
1181
-4852
-8564
7256
9973
1222
5883
1869
-9169
-1860
-5093
-5809
-5369
3633
-1523
9632
-3927
-8063
-9198
3579
-9244
-7612
-2447
-5990
-9534
-1897
50
-4637
7151
3212
9396
-3955
4375
9640
5216
-9614
-2389
4442
8587
6799
8137
-2458
7127
-133
-9701
-7769
-6535
-1262
-5922
-2039
7008
4759
-76
9619
5404
-4272
-589
3759
-5531
8562
4041
8080
-4404
1488
-6961
-8842
1949
847
3323
-6490
5222
8486
-4041
9435
5962
8123
-3269
-9125
-2020
-7906
3856
-3068
9087
1895
903
1658
8983
-8397
8072
-5424
-4771
3327
-6001
1605
-943
3653
6002
-2877
-9024
9363
-5072
-6440
-5081
2383
-156
-8737
5815
-7379
-627
9581
-4209
2527
7946
-9650
-3995
7914
-614
-6944
4648
5535
-694
-1102
5007
-7576
-5402
-9250
-4209
9038
-3576
-3457
-3137
-6682
2209
-7792
8279
-8717
2617
-2499
-2562
8699
9339
-3853
4520
-2714
7393
901
7960
1060
5122
4468
9205
-4374
-558
9575
-7934
9429
-8939
9722
-668
-1670
-7837
354
-3009
9978
4209
9299
-7912
-4103
4603
3939
-2458
6754
-5730
8447
4850
426
-7696
9568
-6722
-3700
6246
-6077
-3207
2981
-3596
5343
-4674
3401
9633
-188
-9590
6996
-6581
-670
-7486
-7130
577
8300
4720
5649
-3031
4746
3360
-3260
-3142
-3113
-5350
-4222
468
-7547
-9883
-3616
-3084
-6059
-1865
-9160
2506
-2259
-3250
-9828
1331
3972
-7080
-373
-3315
-601
-6135
4272
-8475
-6548
-4236
-7574
7746
4975
-8449
-2652
2680
-4802
-4714
4000
5747
3902
-7747
7805
5892
3214
-8454
-3320
2199
9679
8552
6789
5713
764
-2614
-8050
5812
9709
-2338
5842
-2846
8538
-6454
-313
3206
-5442
2445
-261
-6471
4119
2959
8235
-6811
5383
672
-8781
2460
-5444
-222
3829
-7731
-1099
-4812
4532
-1789
9326
8073
661
7186
7683
8886
-7130
9045
2345
-7978
2135
-2675
-2611
-333
-2982
-3409
4283
6710
-3713
-7496
-9440
910
-3371
-6989
6824
-6799
4882
-4747
5302
-574
-2395
-7901
-2694
9272
-9203
-9448
3616
6082
9324
-7966
2943
-6690
3251
4913
5991
-8582
-2453
7412
-2574
-6982
-7768
-2007
-9745
6958
4016
-1469
-7189
-1103
6858
2416
9996
6163
8234
-6230
-5883
-9996
3530
9574
-7763
2325
7064
3663
8046
8898
-2422
-3362
-8028
8866
-726
8171
4294
-9464
-3017
7233
4207
398
-2566
-9555
4211
-2750
9181
8877
-7962
3656
342
9791
6096
-8533
3334
-8071
5814
7218
-8489
-3486
-6430
-9002
6077
-7839
-6496
-4283
8443
-4405
-9223
7301
-4599
7563
5489
5247
6583
2945
7978
-3962
-5686
9172
-5691
9352
1876
1942
-5426
6707
1634
-38
-5662
-7155
7784
-700
-8765
-1648
-9919
8722
-9391
-8079
5508
-9609
-569
6379
9911
2200
-4029
9803
-8139
-254
-8077
-7976
2473
5690
4531
8748
7781
8381
-6061
1412
-761
8733
6668
-3421
-230
-9616
950
-6390
3040
-3644
2323
4865
4262
-308
6425
-3106
840
4972
3552
985
-5111
-8395
-3174
-9949
8276
1102
-4328
-4001
-4211
-1648
-7991
-8642
-847
1637
1428
-2785
9753
3216
-9936
4843
4529
6678
8408
-4340
5153
-6811
3728
-4699
-8506
-6652
-9094
1187
-4987
6453
-3089
-370
-7321
3806
-9566
3907
456
8131
-9210
-28
806
9018
45
-598
8972
-3283
2060
345
2587
30
661
7511
-4918
6458
-4709
-1962
-493
9769
7515
-7617
1156
2064
-3383
966
-4683
5863
8014
-6366
3364
-7564
8425
1871
1826
-4993
6892
-6389
1752
3025
-3874
115
6135
8223
6889
5415
7248
-9378
5849
4573
-588
5923
519
4147
-1716
-290
-2433
3111
4157
-3434
1866
-3354
4265
-5031
-257
-6673
-3353
1099
-9880
-1957
-8244
2204
-5478
9908
8925
4795
-7085
-338
5968
-6734
-9338
-8865
-1016
5600
168
-5654
765
-4997
-1015
8735
-8609
9726
-1385
8397
-8396
5465
-2951
7169
1576
-2350
2231
1972
2444
-4758
6343
-1180
-6157
1481
-3317
9536
-708
1482
7023
8113
7178
-487
-6906
-4871
2203
2733
-4384
3728
2845
-427
-1044
-6537
6824
-655
8574
-2867
416
-5807
-6737
-7065
2235
8938
-3650
-737
3583
9904
-2122
1455
-5076
-1619
6872
5313
-4886
8283
70
-1731
6035
9102
6849
-3856
8970
-1645
-8168
6806
-868
-8745
5728
9071
5009
1640
2535
9429
1938
-9922
-3113
2900
-9122
-5769
-9402
4455
7336
5934
1921
-8464
98
18
911
-5209
7161
7644
8863
3160
4246
350
4080
-7195
-9026
-6233
4750
-8425
-7696
6691
4371
-912
7359
-4955
-2312
4163
-6973
5546
7810
8026
3575
-2264
1732
-8358
1158
-9866
8111
-7672
6682
1210
-6593
4873
1457
7311
-7741
2125
6398
-2481
-5418
4938
-6506
543
-4366
3611
3344
966
6524
-346
-4222
5665
-6648
-6513
3385
8242
-6352
-8857
-3529
7457
5801
-1726
5697
5841
-4005
-4821
-1772
-2539
1891
-2419
6608
6707
-7157
520
6147
-4080
6290
2973
-3818
4699
7050
-6259
9958
4199
-4258
-5334
8031
4550
-2761
9679
-7032
-2696
-4077
9554
-1599
-7143
7445
-7334
101
-3223
1696
7770
-6231
7496
1744
-4018
1486
552
2322
-3385
4344
-5340
-2049
7858
-6879
-5062
-2915
9702
-1126
673
3831
1680
-5578
-3072
-2020
4772
6878
9163
2717
-3658
-2960
-4168
-5887
1715
1711
-4795
-8510
2744
-3539
-9144
-2321
-6273
7163
9645
-9865
-6901
-5408
4691
6217
5844
1805
-3149
-9783
4638
9410
3478
-3212
-6765
-417
-5769
4662
2856
-8832
-742
404
9103
8794
-4420
-2052
-6511
7958
-1033
-5596
-697
-8750
-9563
4857
-8110
303
-1238
-8981
-4723
-401
-6321
-2138
7536
-9837
-8520
-3751
-7541
-1294
4525
-9241
-5221
-1026
4306
-4539
-6068
4443
-5055
2431
4168
-6016
-7961
5168
-6446
-9857
2366
5734
8826
-9767
6262
-9634
8261
6615
-5589
-174
1344
-6466
7336
-2776
1071
5074
3070
8114
-8184
3042
161
9577
2497
-1266
-7754
-7880
2629
8094
3290
4544
-9634
-8067
3278
6376
1171
-7061
8915
5105
8054
194
3163
9881
4305
-6947
-910
-5476
5137
2617
-7991
5720
4719
-6430
7983
9939
7002
-4440
-7946
-10
8409
-9666
5575
-6979
798
-2839
-595
-9174
6701
-4613
-2632
-8219
-6599
-4100
6313
-5416
-9715
9201
-1881
8615
5676
1369
6204
-8855
4256
1151
-4764
6827
4392
1134
9932
1513
1658
9785
4624
-7245
-5489
-3057
3321
-853
-3569
634
-4321
7589
-1009
-190
8124
3059
6209
6162
6866
-8543
-3629
-9167
-8828
8756
-6085
-8439
251
-4362
5643
-2433
-3891
-6369
2691
-2074
-63
5902
7372
-7083
-1287
804
6180
-8222
6053
6
9238
-7382
746
7665
-542
-3009
-1268
-1718
-4284
532
7565
-5678
-5267
-6165
4887
8232
367
-7759
-5381
-2549
-1024
-8205
2400
-6061
3820
5300
7782
-1917
7352
6982
9253
5338
-8801
-2337
1144
1623
2874
-6908
6591
-7723
9122
-5472
-3573
-5976
1039
6691
-248
-6830
-1784
-1803
-7340
7223
6906
3893
-6592
-2654
4009
-5166
4679
3907
2971
-7130
1384
-3916
7992
-2627
9353
6309
-4551
9241
259
-4781
164
-781
-8847
-1683
7726
-7241
-1984
4898
-4194
-3938
-4588
4463
-5352
-7375
8106
4203
-9515
8757
-63
9145
-9152
6107
5142
6430
9607
2410
-9231
6041
-8391
349
-7926
-7777
6814
3834
-94
2592
8148
2753
5259
-9672
2945
-152
831
5446
2677
402
1486
-7083
-7409
-2824
-8357
-991
-1894
-7694
-143
6320
7164
-607
1706
4535
-1465
6764
-8291
-8771
5210
-8889
5108
-835
9525
-1249
-2687
9520
6905
-7465
8160
1164
5530
1722
-1416
2293
5854
1333
2948
4620
-9244
3615
-7112
-4669
-3626
1573
-532
3860
381
-947
-414
18
63
5886
1652
7965
-1891
-1689
4778
5090
3435
-859
9055
7627
-2424
3070
-6286
4724
2198
-519
-1316
355
-5949
7657
4575
-7598
2617
8268
-541
-5890
9067
-3525
3530
9485
-9007
1744
8829
-4531
-8998
-4336
2871
-2947
5854
2696
886
3566
-7772
7647
4255
-4925
-3571
-6436
2659
9496
616
2276
8044
6155
-2146
-7939
8392
-6266
9054
8026
9364
-8870
-9444
-4160
-964
2166
-1723
3617
4575
-1720
-3417
-4646
2915
-639
-8420
1117
-1814
-3370
9984
5002
-8022
2650
-5372
-7709
1713
8709
-828
286
-5826
842
-2260
8115
-6942
4116
7888
-7910
-3979
-8160
3982
-3485
1712
741
-3779
-2110
5800
6140
-2679
-5083
-4857
7228
9917
4548
2922
-561
-8022
3590
-2639
-5842
6604
-8138
5417
4649
6274
7333
9911
-8434
-1814
3646
4268
2543
1133
5277
-752
-1192
-7969
1140
3593
8199
-1859
-3079
2235
-9628
-8424
870
2476
-7439
-6703
3052
7441
7745
7959
631
8822
3343
-2135
1330
6349
-7815
-4001
9194
78
7665
-884
8080
5754
9742
7861
-7870
-8245
-3488
4302
9057
1832
-1430
-7721
-4777
9029
6795
7050
9348
-1480
-4103
-7648
8875
-7535
7165
-4621
2603
-1081
-9050
-9379
3355
5381
-276
6707
1588
3808
-4696
-6146
433
-6607
-7428
1916
8368
9120
-5486
287
-2136
2276
-9764
1847
-4956
-556
6498
8912
-4133
6141
7392
-5028
7733
494
-250
4371
2203
6256
-6106
-3740
-1468
-2971
-4632
-8796
3390
9933
6895
-9207
1256
-8227
3417
-4455
6426
1898
5941
-3186
-3195
5094
-3292
-4202
-8492
-8062
5297
6455
7119
9851
3859
-8747
-7883
9763
6945
-7197
7216
2706
-9545
43
4648
-5879
-5419
-4812
8837
-5505
4871
2513
-3785
2678
-6705
7132
2330
6832
-7024
6396
-8040
3815
-3600
1586
-7218
-3106
2174
-9960
9911
-5321
-224
-3278
-2523
-6825
4492
9846
4892
3009
-898
-5532
1589
5588
-9300
-1296
556
-2139
1058
873
-2192
8015
-4303
-2526
-8536
-1760
-422
2974
-5276
5215
5364
9999
8973
-8583
-1092
-2575
8132
8927
-5733
-3859
-9499
-7794
5794
2870
-339
9960
217
-5280
-3340
662
-3944
2381
-3279
-3079
-8201
-9990
-3586
1354
-5746
-5826
6570
-6957
1983
-4732
3221
-7816
7001
-5982
-7205
336
-9372
-5909
2972
4114
9846
2056
-9746
-8021
1974
-2184
1543
4117
7090
-2573
8378
2846
-3141
5280
5315
-8903
366
-3282
-4141
-2242
1994
-5749
7076
2776
-4782
-3101
-3177
540
-2501
-2958
-5856
5263
-5270
-3587
4292
646
-9022
1061
-2425
-8989
-2327
-9965
6667
1208
-2294
-5200
7544
-5813
7346
-4203
-1031
7929
2281
4713
2524
6086
-226
3152
125
-136
6845
-2580
-4164
-8446
4465
7256
6765
6257
-7683
2893
-8647
8
7427
7832
-333
4323
-7473
587
1463
-9340
5973
-3448
-5020
6141
4668
-203
-2916
7110
-165
8382
-5623
6262
4899
-2930
1303
-1786
220
-8688
9244
-9380
415
3690
8324
271
4427
-3869
3681
2296
-1520
-2530
-3801
-5847
-8214
4666
5861
9075
6440
7058
9266
8335
-7052
-9970
6108
-540
8577
5212
-2496
-3824
-8416
-8373
-6589
1714
-2581
85
-7570
3871
-465
-2344
-4743
3376
-3202
-1093
7505
6553
7666
5569
-5017
6324
3356
8227
9050
-4245
6041
-6439
-4737
-9516
348
8656
-1706
-5517
-3235
-3195
2428
5696
-1715
-7427
5548
-1025
-1106
8758
-9393
-641
-4604
6535
-4910
5782
1020
5725
7898
4682
-5167
-9109
-7505
-2696
4565
-4560
1753
-7601
-6886
7980
-1059
4748
4862
-472
-7637
-560
-9292
379
-2020
-5701
-6172
7007
-7957
1192
1020
-3030
-3416
1723
2007
-6834
-8596
468
-3638
4405
-1431
8798
4421
-2764
-7343
-2503
5204
-3370
2772
3321
9690
4485
-1332
909
-4995
6013
7395
5743
8077
9034
4323
-7834
-3348
4891
-3658
-9673
7859
-5514
7124
4332
3061
-7459
5482
1288
-6342
-7048
6999
3177
-1304
-2943
-3569
6465
3028
5509
-4356
7773
-3480
-9408
-5275
5500
-2649
6993
7554
-3277
-2978
5284
-185
7794
-8262
-8584
-9149
8576
3274
-2105
973
-1406
7087
-9386
-9383
256
1317
7722
-1612
4840
-4301
1352
5259
-2178
-3647
-1741
-7509
951
-2468
-7902
5999
6814
9190
7455
4627
-5365
-6810
848
-8228
-6966
5179
-7014
7173
4278
9014
-8633
6684
8994
-5143
-9105
-5923
-9030
-4763
1386
8792
1206
404
887
-1740
7333
-2691
805
-3904
3520
-9042
8448
-1376
-3531
-4963
5377
549
7043
8760
-2538
-5110
-2785
2162
-3935
-7482
-4706
2597
8837
8306
6555
7693
3077
6887
6565
8938
-4512
-1452
9269
-9384
6430
524
5934
-9767
-5326
-5755
8559
-8498
6292
-2163
-4945
3599
58
3862
3947
8831
-639
-2109
704
2051
-1481
-7771
-1366
1105
1021
2148
5649
-1482
5671
-8519
-3394
352
9344
-1732
8253
3660
3892
-4694
7586
6469
4049
-8722
-2714
1894
-3825
-9361
-7796
-663
-8699
-509
-8743
1575
-9384
7460
5850
2956
-8479
-3834
-5102
6580
901
-8256
-3480
8469
2614
4134
-3021
5478
-9910
9903
6874
2658
3220
7715
-8116
3979
5311
-5693
-8752
-8221
-3585
2601
-1953
2581
-155
4070
-5331
-8843
-1406
6349
-6889
858
819
6968
-8067
-7506
-4966
-1677
-317
2325
2824
-3545
-2559
9532
-2777
3204
-6950
6337
-53
-8891
-9505
3070
-9692
1139
282
-5966
-6631
9775
5072
-2216
-4988
223
-6851
3288
-3217
1994
-586
-467
440
4763
9444
-6048
-1980
6412
-3907
4698
8877
-3062
-7869
2123
6997
-3242
7386
-2355
-6245
7074
-8437
-751
-9347
6652
9778
7077
-2672
-5602
-5777
-1959
-8658
-4262
1989
-411
-550
-1857
3120
8131
5349
-8596
-9061
9856
142
-8706
9689
4176
345
76
-3249
5886
5712
-7417
6322
5230
1512
3605
-5595
-3189
7701
8236
2966
-3343
-8570
3335
5875
3789
-8944
-3604
-4168
-7085
-741
2668
3298
2258
5445
7336
-1205
-541
-3901
-9073
-2842
-5710
4709
-5595
1974
-606
6473
5785
-4615
-3781
-7148
-7961
2289
-4061
5843
4959
6115
-6269
-8558
9433
4704
8344
-9535
9345
-9777
-8659
-4191
-6673
-3508
2485
-7916
2060
-693
-8201
-7409
-4320
7009
7138
7691
-6520
1879
5750
-8447
-9688
-756
5155
7927
-1113
-6981
1071
1278
-6674
-7826
6652
2891
5667
-2792
1777
9102
2189
-4795
-5015
-8436
9305
6476
8629
1450
942
4555
2781
-1208
1734
4875
2370
-8428
-6888
-9583
8849
-2422
2558
5774
-9791
-96
-2167
-1804
959
-476
-5674
3525
-9241
-1498
-6851
-7687
9892
9142
-8323
3898
-8252
-6342
5318
9699
4331
619
-6872
5541
8492
4849
-7580
-7751
7825
5180
-3885
7948
5738
-3770
6374
-6772
1817
-1682
3573
8299
5053
-9084
-3351
-9043
-1156
-5702
5170
2068
3886
4379
-168
2417
-1064
4546
6325
-4769
-8256
-430
-2815
-8072
-6983
896
-1066
-4738
-9758
-3980
-9990
3913
1266
9351
-9419
9326
3540
6230
-8847
-2272
-3136
2615
-8244
-9380
-9989
-4044
-3940
3022
-882
6603
-5352
-9406
-5290
9386
7665
5757
-7711
-6207
-1497
-3290
8567
-4988
3053
7152
-5229
-5988
-7284
7962
-5807
6753
-2196
2150
-973
2552
-4580
9887
-3244
-5916
-6166
98
8955
7869
-4507
1756
5416
-6461
4708
9476
4655
5284
-6556
-9283
5583
-5795
-6558
7343
-8407
-2489
-5930
-459
-8697
-9205
3693
-2133
-3633
8210
8657
-2176
-9634
1084
-5332
-942
8863
1861
6558
1580
-1860
8459
-13
-4926
-4984
-7932
6644
-2058
-4250
-4801
6568
-8961
1668
-9360
1990
6214
-6243
4651
-7303
-4175
-9429
6651
-3686
-749
-4025
-2047
9229
-4503
-6237
2003
-5916
602
2951
-8278
1629
-892
158
-182
-8736
2247
3876
-6961
822
-9288
1944
433
-5632
-8525
-3621
-6958
5405
1034
-4036
-6150
-5419
9900
2246
-6130
7822
6820
4903
1593
554
-9507
2328
-1445
-569
7815
-195
-7390
6432
1898
7955
3444
7850
-107
4619
9094
-8742
7842
-3612
-5572
6019
1097
1008
5541
-8442
87
5667
1388
-8610
-8966
5528
-6282
-6434
7444
-1648
5149
4298
8853
443
-9830
-2503
-7100
-5004
3792
-8584
-1887
8422
6998
-5590
-7515
5548
-805
-2549
5688
-4800
-6062
4974
6813
-8282
5013
4484
-7479
6754
-9036
4432
-4031
5788
9771
2718
-3447
-839
791
-3943
3115
-1888
576
466
-475
2823
-5292
6009
-2051
-6775
-1616
6019
8882
6278
-5701
6167
2004
6287
-4247
4092
7312
8850
7613
-9756
-3851
548
-2920
-6656
-3389
-7684
7172
9513
2000
9655
-6560
-4063
6285
-7925
-8337
1068
-7864
-6604
-5898
-9804
9823
-743
-6044
-5908
7881
-160
-9786
-4698
-7263
9849
-4531
3878
-3460
-2863
-5967
-8848
1379
-7910
-2578
-9796
-2737
-1860
-4349
-2178
5986
-6851
-9925
1244
6527
-2766
-3257
-6874
-7538
8448
-1614
7110
3344
-9243
-1688
-7544
7921
4191
9538
-8949
886
3501
3074
7427
-2095
-5843
2917
-9740
3859
5400
8559
-1457
6696
644
-2002
-7097
-522
-368
-297
-9522
-8247
-7610
-1726
519
-2840
8822
7787
5712
2102
3869
4584
-4731
-7631
2273
2733
-1910
-5756
-2474
-4494
3710
8576
-3842
-465
-6508
2664
5656
-5892
2444
-1495
3351
8404
-1607
5183
-9936
4824
6007
7749
9702
4592
4485
-7788
-2066
1292
8014
3172
5734
-1793
-1681
-4188
7226
-4605
-3037
2405
3254
-5165
6505
-4468
3440
-6009
33
-1008
-8438
-4026
3289
904
-8634
-5334
-6375
255
295
705
-4207
-3572
9303
-928
4547
-1967
-7392
-2000
6983
-9383
-2223
-4639
-6066
3291
-535
1239
4303
696
3144
6088
-9714
3788
-1596
-1461
8262
-2107
8931
3002
3649
-9724
1194
-2721
-5647
-6588
2079
6872
3454
-2952
411
9023
2397
4572
-9052
-5667
-703
-4242
4242
2901
8049
2142
6402
7896
9119
-3480
-6987
-8136
-3494
-6943
1096
4749
7881
1585
2257
3640
-7858
-2960
-4013
9588
4163
-1545
-2815
-3994
2835
-7781
-8040
6541
9468
8449
-7927
4665
-5293
-8492
-4730
2462
-6828
-903
8424
2394
1461
4833
-5952
9008
-8443
-8701
2182
3776
-8539
-736
-9487
4095
-5829
-4149
-5196
7536
2023
-7901
11
4488
7042
6917
5958
-8497
-9598
-7516
9414
-3790
-8051
4794
3328
3772
4885
8778
-2896
2575
7835
-5248
-594
-4165
-6897
5328
-9792
-9939
-9257
5154
917
6298
3488
-3250
-564
-8209
-312
8590
-1859
3476
9654
6754
-3905
-5083
-2795
-5068
9181
-5790
-3970
-178
-414
-9953
7972
-3094
-2619
-2468
9006
-7452
1764
-3662
1324
-6435
-8817
-1989
-4043
2639
6830
-3471
926
2979
-9130
7953
-888
-7708
8714
-7466
6540
-8566
-2482
1230
6135
6147
-9104
-5197
8996
676
-5968
-1389
5674
3568
8931
3774
-1909
-9361
-8417
2912
-9777
8935
-6749
-1203
338
-5289
4586
4207
9575
-2532
-8797
1200
3416
7305
-199
-9921
-8257
9321
-7188
6260
561
4373
514
9573
-2796
8821
5157
8222
-3310
-9288
7625
-7993
-4535
-5127
-832
8095
-7358
-4043
4181
-5603
-9449
3218
-3458
9411
-1871
9235
-3730
9023
1402
-181
8533
-1842
5644
2387
375
-5021
-4223
2475
-780
4362
-2171
2570
2940
3319
912
2886
-6429
9692
-8201
-1215
-1340
-6255
-815
-3290
-8733
-4305
-2851
1488
-5353
-5807
-8063
1860
-3166
-731
6836
1117
8493
-995
7118
5858
-1257
-1429
-3905
6055
-2159
-1169
-3735
-3638
4501
-5986
9036
4851
-7790
-3178
-2162
1990
2286
5889
469
-6128
-7185
2942
1895
-7462
294
-3650
5144
4039
-3712
4430
-9820
2800
8308
5511
-9619
-9089
-9581
-1547
-6048
-2121
8880
-9517
-1032
4199
-6890
-949
4269
968
801
3195
-5181
8408
-2632
-6276
0
9876
-3820
-7604
1290
3081
-362
-6835
-2206
2570
-3556
-7013
5538
8018
3710
6215
7601
2450
8044
-5968
-7912
-7336
-9460
-8865
6825
-3474
9876
7998
-9459
7518
350
-5120
7432
-4087
-363
2726
9507
2499
335
-7709
8550
-5318
4670
-635
-4926
-3189
-7465
5229
5836
6686
9380
-7258
-5998
1293
-2110
601
-7530
-6044
6414
-1038
-5968
-9837
-695
-5030
-4893
1997
9770
1620
-3842
5257
-7668
445
-2884
-15
-4010
-7835
-2512
-8453
-881
5966
-9374
5897
-5953
7138
-6758
-4685
-8074
-6371
-3714
-2692
-3516
-738
8232
-4689
4681
-3092
-8008
9731
-8141
-1209
-6953
1900
-5624
-739
-6865
4890
9767
1809
-1414
-3166
6313
-4666
-3997
3723
5775
9289
1863
-2834
-536
-7581
6448
1597
-7873
-4429
-3819
2589
-5434
5704
-9794
-7460
-3341
7081
1405
1936
6266
7497
-126
-371
-9605
4954
-2564
-6693
6147
-458
-1140
-2441
-3569
-7917
727
5399
-8462
3990
7149
4296
-9659
-2069
-4
6001
2148
-8859
-5351
-1707
-3018
-333
-3474
-7708
2545
-6246
3150
4523
6807
-8840
-6627
5407
3000
1894
8874
-1529
-5040
-847
558
6504
4931
3368
6699
-7369
4925
-2460
1950
2583
6540
-931
-9093
171
5126
6919
-9441
774
-2875
-5041
-2619
992
8914
6686
8431
2194
2426
-5988
5394
-8730
-3641
-5120
8913
-7359
-7962
3657
-7050
-6633
490
-1976
-3380
946
1803
7952
4491
9032
-935
-9491
4395
782
8214
2872
-9284
-9436
-8870
-8323
-3886
-8450
8121
-9741
5004
-3617
-9841
5090
-8737
1395
3847
7622
5341
3827
1333
5777
9747
-8903
4064
-1404
-6303
2773
554
1751
3528
-6849
-1646
-572
-8323
-8474
-8664
-7670
-9410
-8591
-9631
-4180
-6603
3659
-2893
3017
-5919
-1885
2981
-18
-505
5807
487
1532
-3915
4218
6336
-8493
-5317
-6487
-946
-5292
-5939
-1437
457
4229
-2203
-1118
-5472
-2704
-3853
-7047
2552
890
4673
-2782
5099
2165
9338
2072
8189
-7240
2383
-6228
1432
-5643
4326
7864
-4977
4938
-5581
-701
6446
-8946
-925
-6730
720
1088
-6040
-2718
298
7929
2920
7768
-1241
1046
2765
-2437
-8582
2394
3414
7799
5561
-9489
3331
-9741
-2984
-1960
-5679
9770
-8641
-254
-4144
-8680
1780
630
6787
3508
-4372
-7966
-5462
-1396
-9122
9347
6096
-6225
-4014
6947
9484
-5161
4550
-8262
3154
-2633
-7775
5422
-2339
8677
6693
3004
-2101
-7074
-9736
-5532
3290
-6251
7581
-1689
-2127
2531
-8795
-2155
-6970
-990
-6535
1931
6068
3913
858
6048
6975
646
-5065
-9615
-1702
5492
-9937
-9319
-1634
-2240
-6732
3692
2820
4878
-8377
-3726
-5273
4110
8407
3745
-9644
8409
8896
-4832
-798
-6492
1889
-9592
-650
-5352
-3632
-7496
-1914
-4297
-7311
-4685
387
-774
7900
-732
5799
-8195
-2289
7549
342
9495
-8843
-2434
9558
2640
-3257
8038
2435
-5983
1686
6969
6277
1986
-7933
-7654
7207
7588
8774
-1160
8987
-8305
358
-5687
-1275
-980
9104
-6652
-3376
-7055
2463
-5438
1122
4204
8532
9179
-2553
-9226
-8594
7280
-2795
9200
3362
7737
9693
1089
1963
-7821
-9578
-2196
2503
-9167
6883
-5202
-4438
6911
2214
-1848
5898
6161
986
-8777
3653
6772
-8739
7504
9413
9199
-9846
8067
3856
-9992
3514
-2490
-8886
5419
-4650
-9892
9455
5649
7502
-9784
-8529
9932
-6775
3932
-2701
-5321
-4385
9971
1377
7592
-9934
1943
9452
-3242
9571
-3860
-1986
-5722
944
2494
9476
7353
-1675
-4645
-4066
-814
-4933
2394
218
516
-8537
-6991
-8253
4695
-3311
8415
-5493
-3651
-2350
-2932
7705
8188
5323
-5456
-3042
-5035
-965
-6961
-1730
-2756
6507
-9779
-7402
2548
4956
-5194
133
-3148
-9866
8448
7028
-8096
2490
-5991
3476
-6552
-8096
-8608
7117
-5996
6601
-1926
6952
6261
-7664
-2728
2081
9552
1917
-5468
-8069
369
8083
8456
4111
2610
427
3279
-826
8482
2176
-4197
-6775
5326
8336
-6496
1602
1986
-5682
4071
-5104
5913
8609
-6888
4421
5847
-6990
8368
6101
-2632
-6239
-1267
-5814
-2470
347
8130
-6128
2769
-5846
-9035
-1968
-618
8353
5012
-4105
7877
-3645
-254
3344
4907
2053
35
-1979
7017
-8373
4121
4474
-3867
9463
-7370
6398
-2272
-8238
-222
9129
7097
5839
-1794
-8045
3295
-3465
-7465
-3548
-4510
-1512
-936
-7562
-127
-6503
8058
2928
3177
5610
-5960
9528
-6069
-4468
-6422
8872
9784
6490
6809
8425
-4849
886
5426
-7981
9199
-2194
645
3036
-8845
-6320
-4817
-4300
2170
6752
-4619
8230
7630
9939
-9239
799
-7649
659
6605
5568
8583
-6595
5709
-7594
-7761
6332
22
-6683
3836
-6497
-2953
-7094
5916
1884
-1394
5877
-308
-7038
-7463
-8784
-1077
9022
-1761
879
2086
-8845
-3677
8827
3698
-3395
5588
3214
6911
628
-8150
-2174
-1322
-8213
3303
-2118
1028
9900
110
7406
-4365
4452
-6084
