2256
-8816
-3566
-2706
8572
-4791
2444
637
3813
-8341
7514
-5429
6313
-5733
-3841
2613
9986
-6199
-5091
-5000
1957
-1708
-9269
-724
7941
258
4052
-5380
1256
3556
9526
-596
-92
137
-2632
2351
-6221
9265
774
2398
8433
-9269
-1637
5276
5725
-6367
2551
-1547
-8463
6496
5455
-5159
603
3169
2921
9098
-2395
-8957
6549
-8896
959
6862
-1576
-7944
5610
-522
-505
-2083
-5879
-8976
4224
3461
-2799
-2539
1202
5285
-8232
-1227
4065
9742
2729
-6145
-8185
-1134
9771
-7235
8693
-5030
3091
-7900
-799
2138
4214
8134
-3231
-2501
-9371
-3001
6155
1599
8504
2583
3029
-5031
-4179
2834
-510
2502
-4959
-4176
-1738
5065
6001
6129
6121
1777
9479
-1776
-3083
-3231
8802
-5463
-8142
-9800
3533
-754
7161
-1831
-6433
3378
8647
-7534
-97
5675
-4571
1847
8288
-4870
-7329
-6174
6265
-7404
-4208
-4574
5152
5502
969
-6690
7700
171
-3043
1544
-6689
6912
6222
-9151
-2641
6573
-8692
-8847
4517
3952
-2813
4210
-5655
1055
8118
4495
7304
-239
-6690
1627
3824
-4838
-8266
9957
-6850
-1361
-5228
3228
-568
-7840
-6967
-9506
-6578
7500
9031
169
-4806
5570
-4916
3498
-6401
-9732
7423
-6888
5628
1520
-2062
4225
390
-6755
-7184
6643
5202
8048
-4210
-5472
-6204
1313
6611
5999
-5087
-1279
8176
9409
-7720
-8066
9460
8160
3665
-8011
-6303
-6961
-4809
-7167
5863
7522
-4873
5146
-3651
267
6703
302
9765
-338
-941
4660
-3707
-8386
7903
-8449
4969
-8866
-4331
-9593
-908
9870
8062
-3124
-4348
-8892
-6558
-9105
811
-8328
9806
-5360
-9306
3011
-4108
3075
1230
9638
-922
9177
9045
-4538
-4138
-9259
160
1917
9861
-8814
1716
9449
-5153
-8526
8797
-1890
-6015
1465
-2032
6220
-356
6168
-498
-3798
8692
-9789
2389
5948
-3870
-9789
8975
9466
1257
937
-7094
-7656
2521
-6800
1562
-667
9360
1377
-1753
6130
8387
-6999
5869
-7423
4720
-9250
-2391
-2209
9793
8271
-636
-8366
8391
8531
-1380
-7877
-968
-5904
-4128
-1797
9972
1745
-9741
1069
3035
-8517
5863
8568
1691
-503
7889
-7550
-1555
-6139
-18
-438
-8816
-5605
-9401
-9766
8295
-8411
-1317
12
345
-981
-4862
-5038
-7439
3443
-6737
-914
-6399
-8215
-5369
7995
-8920
328
-8828
9320
-1295
-920
7769
-4614
4072
-816
9001
-484
3710
717
-6180
7765
-1308
-8157
1569
-6387
-7907
-9071
6897
6626
2002
3628
-1887
-3148
2459
1758
-6219
-4869
-9287
-3747
4399
9328
-5412
-5197
-3293
-4993
4950
-3672
-8921
-8755
7340
6433
-2537
8673
2131
4815
5965
-4009
-6236
995
2706
-5537
-4013
-7158
4442
9195
-676
-5427
-2181
5224
-1205
-9288
7558
-3142
-214
-3707
-2546
124
3005
1658
5211
-6653
-4446
9350
5023
-8680
-247
-1088
3734
9949
4683
7425
-6841
1627
-9923
6993
-6279
8932
-4697
-3264
7102
6061
4277
-2376
-9685
1400
-9458
-7100
-4215
-4715
9559
-5066
-6123
6854
3336
6415
9477
-321
-2148
7227
374
-6019
1692
235
-3859
7455
-2229
-3639
6024
-8725
-2309
2146
-7578
-6733
7719
1757
6423
1263
5620
-1278
4519
-8743
-3648
9060
8715
6871
5156
-3020
6077
-7607
-4671
-5695
-1763
5465
-2184
-3718
1494
6543
-930
2928
1286
1249
956
-6128
-4256
-316
9945
401
8038
-9356
-3541
-4860
6629
-1960
9726
7712
7336
5121
5653
3596
-6889
3651
824
-8324
-769
2152
7456
8312
6333
4122
7487
6305
-3398
7804
5759
-3290
-5631
-7491
640
8914
-2278
7209
6572
9155
2591
-892
7870
535
-4611
9486
-9448
-4711
-5913
-795
8117
-5971
-6363
2258
7571
6817
-1991
389
-1269
3609
4653
3121
-29
5086
-4347
-2917
5347
-1446
9739
9196
5212
-634
7755
8343
6484
-1514
4931
8381
-6799
662
1635
-3236
-9395
681
-5229
-8461
-6253
-3116
9781
-6256
8518
8355
-8033
-2688
8288
-8185
5993
4112
2543
-4098
-1722
2971
-8254
-5898
7692
-5395
-7508
-643
434
4314
-2872
1578
-2075
2155
-6163
338
-5876
-6629
8273
3397
-1891
-1600
-3795
-5522
9457
-2553
-1786
8818
-407
2824
3220
-5831
-595
-2411
6426
9152
-7625
-5912
4117
-7953
9498
-9956
-9506
-4005
2334
3339
4419
-5830
-5249
5009
-9349
-9872
7056
6021
3943
1829
2507
-1647
-6520
-9625
-5467
-8915
-2966
1873
-2658
-3056
8533
2170
4345
3540
-932
49
-7722
6700
9482
4012
4645
7316
-2984
704
-7839
-5917
-8537
-6999
-8734
-2089
4535
8526
-5669
-6594
-3747
9001
3397
6732
6544
-9629
-3500
-47
-101
6775
-644
-1210
6720
-9145
-1413
5730
-3290
-2781
-921
1975
4334
3325
7300
-9926
3119
-204
5776
1096
8835
-6670
-2070
9028
3006
-2939
9562
-3989
4971
7088
-5863
-8562
-4519
9799
-2228
3140
9604
4590
3576
-1583
-8397
4703
-7804
-7695
7925
1532
552
-2560
6002
-7097
5605
-1310
-9250
-4913
-1713
5404
7635
9378
-3767
-3139
-5100
3730
-10000
6764
6683
563
7152
9337
4763
6908
2396
8213
1015
-7977
-4213
-4974
6028
9801
-4397
-3476
-5604
1199
9885
-8728
1286
-9785
6213
-9318
2786
-5048
4059
-5254
-1703
3939
-6541
-1232
-9135
-841
7735
-2598
-4643
-4329
-2227
-7557
367
7700
-1396
4553
2054
-8898
4633
-8160
-8252
-8157
-2697
324
10000
-8474
-6033
-6314
-5945
-4817
3021
6401
-2042
-2906
-1851
4904
708
-7335
4988
8014
1655
-1823
7076
599
5457
1471
5473
45
-1391
8041
-7659
-2115
-3074
4469
-1214
-9804
8962
-4113
222
-1206
9950
3533
6576
6522
2958
-5038
-5893
7518
-7672
-6643
5539
4969
-3387
2629
6592
934
-4333
-7477
-2490
3062
4729
9555
-4590
-7547
-9387
8702
8872
5857
-1703
-3559
-8650
7887
-8504
375
-5279
804
-448
4870
-2587
-8548
-7367
2730
1053
-1644
-305
2295
-4552
-833
-5861
-5096
5967
839
3889
6034
7869
-2558
6595
5213
-1048
-2908
-5673
-7682
-6746
1646
4200
-5693
8123
3563
-1744
-467
-2676
-2646
-4356
-6901
157
-2020
5957
-5206
9844
9807
3989
-7990
6942
6365
159
-9995
-375
2835
-6578
371
-3227
-4367
-8697
-4140
2732
3982
9032
360
8835
-4618
-9893
-9339
-9081
7581
9062
-271
-2867
-5377
-9682
3619
9957
-5671
4512
-9701
-6529
1007
-5118
-6041
-7039
-5838
-8587
-1277
-1683
8384
-7930
2672
7359
9919
-7417
-7611
-4674
8166
840
-6845
-4767
4678
8910
8732
7508
8298
-1814
9196
6967
-8110
4346
1747
957
9639
3968
5514
-8951
-7491
-6635
6985
6650
6101
1309
-2874
-6148
7818
1708
-7393
-7729
4163
-3004
-7100
3103
1756
-1974
428
-140
-9169
1384
7038
6020
-4742
-3290
-4215
-9127
-8268
1369
3656
9974
-1372
9389
-2222
7994
2401
-1512
-4483
4119
-1696
-218
-3212
-8720
2199
-9362
-6390
-723
-8571
3115
5725
-6480
-5184
-6329
2217
6324
-9684
8295
8863
-2653
4160
9758
-9269
5853
397
-2566
3610
3390
9164
-2410
164
3036
-6035
7730
1473
3299
-7874
2027
-9070
-2889
-4753
-2625
-9680
-6328
1846
-6194
8810
4628
4614
-235
-4708
8420
-8468
192
6868
-5830
-1019
3820
-8384
8994
-1014
-8025
790
-1136
-3101
-8521
-3331
840
1676
-9326
-5981
-1348
-244
7372
-7014
489
4966
7340
1430
-1217
-2338
-3168
6128
-3623
1360
5668
1346
-6751
-9908
-141
-5615
-2616
3575
-3981
-3225
-5367
-2755
-1877
9035
5750
-358
5385
-5355
-4699
-8243
4439
9578
-197
-5168
646
-9265
8390
-2853
6111
-3454
-3323
9644
-6959
5125
9681
-3146
7742
-9932
-9396
4223
-1465
-609
-6128
-4771
-110
4773
-1258
-815
2207
-6222
1250
-639
-7268
-6331
-9042
4891
1717
-2604
-1451
1911
7301
6068
495
-6895
-940
7821
-9013
7917
4454
7739
9976
-5335
-3675
5142
-4501
3647
-9076
-2017
-5717
6461
-4248
-4320
4382
5954
4304
5805
-7389
7890
-3587
1874
-2195
-2086
-966
-7995
-8572
-6085
-1421
-8395
-4080
6691
4622
5938
-1177
-43
4782
-3362
-1989
5921
-1192
9373
-1405
6104
5504
-502
-408
-9782
-134
1077
-9304
-1237
1924
-9175
-4894
6335
-6595
-6005
-6500
-4705
2478
9819
-3266
-3919
-6489
-3151
9168
486
1380
3936
-2754
9988
-956
-6920
5822
-5328
-9086
-1645
8936
7727
9136
-7242
1979
-9824
2738
2308
4782
4066
-698
201
6281
-2397
4279
-6229
619
-5221
2096
3436
5143
8561
-6443
7935
8350
8408
2963
-3062
-5488
-363
-9303
-4058
5731
-845
1612
-1379
-7654
-3367
-2581
-1313
-9042
9697
-1082
-7122
-3028
-1076
1416
-2583
-4960
-9073
9674
2514
3494
9175
-5780
-1624
4962
2726
2421
3871
2242
-4468
6239
-9391
8075
3583
-2441
5027
8041
5903
1258
-7500
-295
-3729
3613
5334
-7509
-7563
-3738
6823
1496
1000
-8532
-6483
-2485
-5998
6991
1742
3140
787
8171
4930
2044
6804
2838
-3041
-2626
-4214
-2213
-9154
1250
7798
-7027
-4981
2582
-6302
1486
3527
-1198
8704
-9675
-4531
5930
-262
6454
3046
-7427
9715
-920
3284
38
-6545
-8204
-5685
6269
3813
4477
-5062
5784
7784
877
-1623
1210
243
-4307
-4707
9852
-3265
-6991
1110
3822
9007
-2075
-6084
-1073
9047
9588
-5224
-6348
-8776
-5611
9789
-4149
2381
7676
-6285
5509
-3096
1054
-3573
-6551
-1545
3883
-7172
-9594
-2260
3882
-997
-6949
-4736
-5782
1310
3411
-757
6529
-6319
5957
4158
-4844
7584
-8172
-2651
-2765
6116
-2540
-3920
-9432
-6930
-5872
-9785
-1561
-665
-1890
2897
-819
9874
-244
203
5607
576
3100
6171
3646
6763
-8851
6656
2202
-6686
7443
1203
-4780
-4953
3389
-7577
6692
-3735
-591
-7340
-7016
-9717
-7778
-5426
1170
813
4589
9828
6563
8118
6092
-9760
3611
-4102
-7897
1927
5766
7612
4922
4937
-5164
-9908
-4334
1284
-4999
-3645
-7231
-4817
-5767
-8504
-4230
-9190
192
-2986
-7261
9352
807
1778
3619
3854
-4917
-2071
-8586
-453
-4005
204
-9787
-1323
8491
-2104
9861
7002
-4222
-7139
3987
187
-4040
-5176
-5343
1405
6386
956
-4668
-8703
-2964
8163
-9766
2563
-9239
-8020
7001
5454
4755
3655
-9615
2644
5085
2014
-7055
-7209
-3608
9684
-5397
7543
9245
7621
-1425
-74
5772
2490
1962
-3404
9422
9080
5638
2611
4089
-9109
-6449
4098
-7649
-6605
-7160
-2016
8663
9014
5929
7032
-36
6200
1314
-7028
-5100
-6589
9310
7167
-1999
846
-943
-3667
4283
-8675
-583
-1652
-9177
-3605
-3130
2460
98
-3964
-2974
-9919
6717
-5613
8794
8272
-4081
3486
-6065
6658
2142
4498
3491
6383
8423
-3947
-474
-7531
9475
1209
229
-942
1278
8186
-7142
-19
-4838
5784
-7626
4424
810
-9494
-814
-4281
-6201
5046
-9228
9237
6948
-9075
-9774
1409
2484
-7748
2308
5097
2268
8374
6411
-8961
-9718
5170
6964
8315
5966
-566
-5683
6157
4436
7676
-8838
-1618
-7355
7935
-1048
3614
7016
-235
1281
-5652
-7845
-4417
-9937
-5015
-153
2425
5276
-5782
2830
5063
3333
-583
159
912
-7942
336
-7456
-6666
6534
4750
-1295
-4930
-2944
8916
2687
-6338
662
2896
-5818
-7753
-8625
-1922
-633
7258
-6997
-4553
4948
9671
-2176
4901
-576
3385
-8697
2949
8445
496
679
3873
-9651
7367
-6980
3270
-2990
-2068
2326
262
4603
-8419
1345
4533
2076
-3816
-3645
6553
3600
-9418
-5878
-2451
-2584
-6834
-1046
6331
9513
-4986
6250
3163
-5766
4522
7522
-4806
8633
4798
4441
225
-2805
-267
7803
8484
1260
8900
-789
-9737
-7660
5197
7803
-5095
-3102
-4266
-5410
988
-2399
1493
6671
-7433
8953
-4377
-3580
-2510
2691
9287
2262
7215
2568
-6059
2140
5915
3681
7645
3368
-7612
-9193
-358
6491
-2396
8919
2633
-4499
5579
9706
-6689
253
9294
-7556
7997
1563
-7611
-7785
2034
2164
6581
-7493
-6444
-9247
-5068
-4085
-9440
7279
-5678
-4679
-2040
-3428
-7692
-3836
2567
-2045
5462
-1257
6730
4430
6457
-6831
-5560
5321
2857
-7748
6498
9455
9377
1238
9994
-9917
7902
6978
-5158
4989
-6411
-5178
-3144
-1715
5651
-9928
6298
2534
-2097
-2532
-4348
5948
-9815
6218
-6375
3454
-7044
-1895
8716
-2707
-5521
-4408
-4480
1280
-1919
-152
-9948
-6241
1058
-9823
6763
-2281
-59
4597
6506
5131
1011
-87
6053
7624
-7342
-57
-7912
-2894
5653
-1064
9644
-2947
452
-9950
-421
-1102
-3990
8406
797
3661
-7162
-2743
-3838
-9572
324
2396
1927
6802
-4785
-7737
-3714
-710
6736
-6293
-11
-2755
-5404
-6636
-5706
7575
-6358
857
-7207
-2673
9035
9832
1342
7726
4826
261
-2204
9900
8334
-8872
-6953
7431
-9786
7094
-301
-6234
1007
9033
-30
3312
852
6622
-2733
-6341
8530
8458
-9761
-979
-4880
3033
8238
6134
-2325
2800
1016
-2745
3957
2845
2389
-3456
1030
-6814
-3525
-8974
5976
-3169
2686
-1871
4982
-6854
509
-143
188
5040
-9920
-888
-6553
-699
-3533
-9189
-2611
4492
-8826
-8441
-7474
-3679
2824
-6201
8675
6582
3510
3942
-6778
2522
-4823
36
-2991
-57
5682
-2729
5491
-891
-1224
-3933
-8625
-2860
6194
-5233
6709
3033
-6253
-4682
-763
-1169
-2879
-6670
2191
4502
1458
-7429
-2140
7163
224
-5601
-9099
1398
9751
-685
-126
3214
-8857
2159
-3031
-2056
2982
-8608
7851
-2698
5380
-9276
-5950
7654
-9772
129
-4244
118
5533
-2725
182
-656
-2894
6989
-378
5742
6222
8302
-2078
-2556
-7942
5269
1996
-2439
-4396
-6959
-1502
4869
-7547
7464
-608
4925
3293
1221
-5756
9793
7905
-4690
-8035
4093
-9061
-8699
-9090
9518
-6866
1082
1789
-1646
-3263
-1017
-1422
5598
5355
-4962
-1168
-2709
9262
-8982
2401
2353
6360
3839
-6451
6625
3019
7310
9455
735
8276
-2817
-6067
8625
1284
4736
-937
-1605
1829
8478
-9143
7580
-2705
-7815
8029
-9871
-2367
-2818
-3284
-7507
-9857
-9251
-1507
-3426
1761
4292
9994
3049
2699
4058
2030
-3334
-6668
-5552
-2601
1607
-6474
9390
-5058
-4210
2435
9941
-4087
7331
9543
6345
-4050
-6243
4377
1316
4689
4652
9177
-4570
8073
2795
-707
4271
-1664
-1570
-5811
-2993
2442
36
3866
-4323
-6099
-5367
-8765
-2490
-3544
-7551
9503
-147
4143
5970
8934
-8820
1456
1367
-4891
-2409
-2559
4630
-6471
6632
6512
-3347
997
6289
-956
-8138
3954
-7888
8436
-3394
4999
-7248
-5606
-1256
-8061
-499
9180
3407
-2490
2116
-2213
2564
-5239
-5508
-3098
-4447
1127
76
7527
1423
9400
3634
592
1041
9987
-601
-2179
-6235
-2132
4501
-3863
-9082
1395
-7927
-9626
6720
8444
4375
-5888
-6266
-4460
4130
8578
-5376
3550
717
-6277
-6510
-2104
-5367
8810
-5839
8694
4386
-122
2303
5817
8372
-2712
-8331
-6533
-2810
8488
-1419
4917
-6747
-7496
4888
9083
9934
-1661
-6963
-9556
9156
5404
9571
-3727
1278
8803
-2170
9242
-3954
1836
1346
5313
4926
-141
3915
-1126
7355
3756
-9838
4821
1749
309
1382
-4813
-4678
3266
-6647
7640
709
-4005
8829
2970
6776
-3737
-7421
-6928
7536
7566
3897
-9457
6180
-8372
2395
99
7623
2607
5413
-9276
-63
3582
-5566
8909
6443
370
7126
7065
9572
-2076
5221
6180
-3314
-7882
-6325
3414
-7604
-3015
-1012
4645
-6833
-9591
8784
-754
9604
-9148
-5257
-5942
2800
592
3974
-3073
-4445
-3290
8675
250
7948
-74
-6999
6226
-4961
9031
-3257
9581
-5304
-6141
6193
8091
215
-3060
-7446
235
-9496
-5614
7815
324
4058
8989
-1346
-2433
2835
4962
-1810
-5985
-7057
5054
-2137
7615
5484
-1000
5063
9777
1359
579
2400
6437
-5536
-2467
1091
-167
566
-8586
-6549
2956
7322
6136
7632
5144
-9187
4436
-3058
3024
8779
3577
6065
-5866
-8737
-2877
-2683
-7379
1173
-7217
9108
-4960
56
8388
-5374
2471
7030
6814
5742
8738
-3920
-6200
-1073
-4497
4567
-9993
4805
5065
-4502
3878
-2092
4684
-9462
2970
1201
-1173
-2780
-5844
-7263
-6305
7274
94
-1173
8137
9423
-5723
-563
6441
-2332
-3345
5573
-1303
9270
3902
9405
-8012
1429
5422
2594
8415
1931
-176
-287
-63
-3111
-2546
-3895
-9692
-5609
-3872
2001
-6823
5920
-5622
-560
6623
3705
-6323
-9092
8549
-1375
-875
7858
-8736
-6266
3088
-769
-9656
-35
-3619
225
88
-861
-5791
2948
-2142
1455
1265
429
9751
-9953
5963
3647
4818
-1357
-4223
9355
-3043
-4322
-5778
-4405
1348
-1839
-5808
5361
2755
-4632
3054
-2930
-2614
2931
4809
4648
2145
5696
409
4677
1398
-6339
-6834
6585
3949
-517
-954
3536
9911
-4675
-3065
-443
2169
3668
5405
-4345
3153
-2011
-7575
-2480
5893
6096
-7995
-2405
3638
-4062
-6810
-4812
-6909
5896
-1074
7704
5460
8835
-7394
36
-5372
-2156
-774
4038
8241
-1048
881
-8029
270
-1412
8626
-5735
3946
-6152
-6579
-3887
-3967
8812
6506
-7161
-2077
-2265
-6094
-8430
2557
8535
4805
-2717
-1265
856
-5715
-5239
-6312
553
6189
7521
-7752
-9470
5275
-650
6957
3292
-9844
1461
-3784
-2351
4626
-5671
1052
4283
3590
1823
1412
-7250
-1356
-1245
1220
3343
-3734
-2190
-9719
-9261
-5880
827
9494
-5387
5058
7796
5971
-4990
-2546
6697
-9530
2418
5822
45
-3711
-2894
7872
8982
-6951
-6785
5152
-5383
-3290
8090
9573
-8801
-9576
259
2724
-6218
-2854
-2473
2476
-9502
-1790
6012
-3088
4081
-296
-3450
9994
-2433
9819
3069
-9557
7731
-9163
7118
2260
-6175
7164
5292
5009
1397
4054
4204
-4574
-707
1948
-9476
-9500
-840
-3489
-9587
-2284
430
-445
9628
7078
-7450
776
-8719
-740
-2506
3536
-6992
6661
3066
5878
-6777
1456
-9446
5357
7897
4384
697
3781
-8846
8101
7406
5896
3994
-7277
8874
-7381
1980
8468
4128
1794
-1954
676
-9794
5396
-2433
1040
2972
-2117
2201
-4232
3972
-8301
3901
7295
1983
8340
-8741
3914
-6593
-7809
-5091
3376
-9445
316
4667
9885
-3248
7892
7427
-7267
-9862
2484
-405
-2634
-5268
7859
-6227
-97
-6809
7067
4276
-2236
-7336
-497
-1161
-2714
-1602
3529
7430
8148
-2577
-777
-4320
-1162
9239
-6036
7750
-9396
2825
-3141
-6708
7179
-5537
3195
-9764
7551
4254
-7871
-6474
2375
1935
-6808
-160
-7384
-1084
-9556
4724
7197
6895
-8922
-965
-2554
2533
-3154
-7208
-8329
5339
8910
4951
-6249
-737
5664
2720
655
88
-4861
353
9135
9811
3921
1522
2418
1729
-6025
-4463
-9505
8761
-1500
-9621
4710
-5867
-5569
8163
-3014
-3436
-270
7208
-8921
9203
5412
-5978
-1884
5216
4576
2090
8287
8377
7390
8714
5946
-6633
8568
-1427
-2160
-8042
7509
8255
425
-6615
-9696
-7603
-4142
7083
-2541
6581
7833
-560
3858
6540
7718
-4458
-737
3588
-3861
-2920
220
9286
-5498
-8584
-885
-776
9656
2502
6221
194
740
-6721
6503
366
5347
-3175
-5760
-7507
-2247
-3308
-4403
1938
2233
-5185
6076
-4675
-6297
8674
-9391
1137
-3491
4767
1336
-3227
-1730
2094
-9363
7531
-5793
-2243
-3425
-508
6820
-5624
-7552
1188
-6722
1328
2966
8112
-9079
-7651
-1182
44
-5365
4798
6049
9324
1606
-7626
-8290
-2627
5962
4261
-4711
6396
-2135
5901
6980
-3210
7000
4184
1642
-975
-3396
5136
-3843
8972
631
-2904
-2155
3506
5934
2207
839
-1219
9802
5800
8898
-9921
7019
2064
2357
5254
-2966
8326
7342
6448
1764
-7487
-6747
5953
8783
9101
2535
5856
5111
1190
-9056
8624
5661
5755
144
944
-5791
-9201
-4242
7218
-3544
-8713
7274
3612
5903
-6982
2612
-4463
7827
636
-1091
-328
2256
-2227
1753
987
7765
1686
5751
-7303
8076
-781
1703
-3009
4277
3331
-632
1208
6246
-4626
-2632
655
4523
-5881
5390
-3740
7688
3382
6774
-1487
3125
-7441
9848
874
1028
3273
-8886
6296
-2434
-4489
9205
-96
-2176
9987
-1982
6746
-6708
6766
-7609
1472
-4958
4391
-7599
-6929
-7601
1679
-5559
-833
6422
-2546
2353
3405
828
5901
-9181
5934
2963
-3951
5053
-797
6400
-4383
1863
8882
5892
-4483
1116
2509
7315
-9455
-1266
-662
-7585
-2963
3547
8644
4073
-5215
7220
6087
-1844
2799
-2247
5686
4912
-4914
8503
-9977
-4603
-2650
5901
5013
-4146
1515
9022
-7904
3610
2562
3201
9823
3474
4132
6401
-7316
8223
-4504
2669
-2536
-3669
-5538
-8477
7356
2944
-8779
-2838
-7238
6496
8449
5725
8201
-835
-220
-7036
4248
-9275
762
-99
3247
-5440
-650
9552
-6368
-6951
2454
-3326
9947
2347
-6521
2417
-8895
9057
-9340
130
-7635
4027
3206
4586
-7959
-1461
1371
-4415
-3147
4081
9860
-7748
-4260
5269
-5682
8912
7565
9525
-1326
-5550
1771
7777
-7080
-1281
9902
2249
6004
-5472
-3489
-2844
-1164
2207
6051
3280
-1145
5127
8783
-584
7776
3459
-3812
-5989
9510
-7226
9433
8737
-4977
-6458
7326
6861
3837
9984
-3911
-628
-6250
4336
6727
4979
8069
-2214
1989
-7079
-6107
2999
-1343
-3836
6780
-4868
4232
-2159
-1818
-9213
-7255
-1620
6748
-3284
3455
-5165
1443
6205
-2540
8608
7116
-6901
-7714
-3701
-866
9801
-6024
2785
7102
-5693
-6892
5251
-5025
595
7854
-7335
-2676
-5079
7461
-7130
-1041
169
2712
-6141
-6179
-3577
2488
-7175
3423
1870
-9002
-5906
-5303
-9949
6453
-89
4069
9136
-9817
6048
401
9102
-6943
-6798
2241
6909
-4014
-9995
1549
8497
-7810
6711
-2208
4108
-8208
4012
9329
-9326
-845
5268
-8767
-7700
3025
-2187
-5758
9222
-5548
1663
-3327
-1358
-9410
8727
-4317
5744
9065
-4102
-5745
4220
3327
-1169
-532
-2412
854
-2518
-9630
-7758
9666
-673
-7038
-1536
9159
-1084
-1286
1262
8676
7994
-9580
609
8862
-5441
-5004
8948
747
-6295
2901
1506
2774
1995
-9905
-4202
-7859
4416
7947
4271
945
9195
-6001
8956
2520
-6741
-4350
9718
5063
3149
9703
8720
-7515
-8292
-4627
-7635
-7503
2473
1452
-6261
2279
6181
9041
9828
7110
-9760
667
9456
-4221
1060
2565
9768
6270
9541
-5720
-1303
-5826
4691
7908
3108
6359
5127
-9114
2622
-829
-2282
1031
-5814
1121
9213
579
435
-5319
707
8108
-9172
-57
5633
-3263
-7547
-2061
-6259
-5382
3442
6392
-2135
728
1323
-8871
8052
5848
4390
6695
-6575
4939
2181
4368
5718
-9214
-9485
1706
-1398
7939
-4794
6909
2528
-4098
2999
468
-3804
-2415
7533
-5042
-7566
3881
-1773
2305
1465
8836
-8122
289
-3090
-186
5914
3736
-6193
-9379
6060
-5584
-5719
411
-1166
9891
424
1308
-4765
5176
2573
8274
-2230
2491
3920
5040
-9000
-4336
-5996
8800
-8778
8977
-555
-4554
5545
-9669
3005
1717
8420
9840
7576
368
7653
-3365
-8086
-9684
-3397
3743
2223
-7763
-6277
7197
-481
-309
228
2488
3088
5457
3598
4607
9588
-3402
-4103
-403
6090
-2421
-6835
1666
4614
7404
-2257
-5231
7466
3033
-2870
-270
7114
1437
3082
72
8642
3262
-6675
-9360
7547
1928
-257
8462
-373
-3088
-9069
-2496
9472
5241
3626
-7153
-6045
2838
1791
2613
-7544
270
-1101
-3674
6505
-3646
-420
7272
-7909
-7440
-8341
-8221
1315
4730
8127
223
2152
-3053
-5462
1981
-3805
2668
-5783
-7611
8432
-429
2544
6421
9811
-393
-6426
9635
-5922
1793
-8182
645
2485
-6080
-4594
985
-1198
-7341
7852
6370
8047
4629
3531
-5877
-7713
-441
-1336
-2602
9877
-6945
5772
6011
1971
406
975
4572
-823
4696
5125
0
2560
-6799
-4998
-4010
6101
761
-548
-3406
-650
1688
-2697
-332
1683
-8048
-4924
7808
-3113
-8831
-691
-4793
5550
1891
4261
6191
-1874
1206
-2053
2191
1685
-3708
-5305
-6513
5648
849
2541
7197
9203
-6129
-2084
-4153
-2685
7441
-707
4854
1494
-2276
-4391
-3258
5647
-4584
1126
7356
-2752
-4400
-3704
-7572
2274
5222
2519
-1637
1798
-9568
-4570
1567
7945
-140
-5015
-4866
5550
-2588
1940
-5196
8789
-5996
-3311
-7414
-7044
-8886
7471
-8083
6458
-1828
5004
5357
5382
2501
-314
-1483
8217
-5479
5824
7082
7488
-6926
-373
-8813
-8465
-3889
-6055
1088
-4057
-8964
4563
8096
-333
-3697
4878
-4522
4576
8313
-9068
2121
-8478
-1096
1917
4541
8812
8055
3098
4652
6724
-2397
-7719
-7072
-4632
3772
-2170
3493
6667
9234
7453
-19
-4551
1458
-1404
-3742
5881
-4857
4565
514
-5882
-6935
-1858
-7047
6866
-474
-3658
8263
1887
1966
5391
-5190
359
3062
4351
9563
-3784
4769
6081
-8807
-9146
-8619
373
-9068
-6021
5103
-8690
4587
1011
-7276
-661
8860
-9686
-6653
7195
-6737
-1951
9240
1695
-6909
1429
-1885
-8887
-1073
-3290
-2990
2862
-9481
7803
7076
-2050
-2524
-8821
-9691
9077
4576
-7374
7716
-7715
9383
-623
-255
7433
5952
5514
6972
-8523
130
-4666
-4009
-7136
-9818
9239
-2412
-175
1139
9854
-398
4484
8764
1980
8687
-3497
6092
6626
-7692
7141
9990
679
6359
7619
418
3758
-5118
-4475
7410
-78
9580
-7281
6587
-4491
7372
3206
-9710
1596
7806
9767
-8563
-5624
-2969
131
8913
6665
9254
9482
6252
5698
351
-6178
-6532
-6927
6287
-674
-3255
-912
-8224
8549
6879
6149
-5425
1315
-3757
-9893
9043
-213
9608
1263
-7183
-3640
-6850
-972
-7120
-8500
-6042
-2394
-3420
9363
9146
8068
5276
-7058
-6378
4278
-2407
66
8964
-3847
-6490
-7931
7328
-3934
4304
-5781
7930
1264
9498
3019
2258
-1986
2230
7259
-8320
7132
9773
6661
8422
-7515
-6649
9948
6934
-3848
-9848
3630
8331
8815
-3234
177
8859
-7911
5408
-9263
-4846
-4953
6931
6558
6909
6359
-6120
1013
2060
-5499
7404
2119
5093
-4765
2617
-3158
6538
-8316
-3557
5162
-6899
2922
-3611
8941
-5992
-7796
7343
-9368
1737
-6847
-9559
6890
-4947
8419
9529
-6153
5362
8238
1841
583
9485
-1022
-2636
-4772
2578
-5027
-8880
-3603
-5630
1652
8740
-8198
-3060
-9137
3169
3959
-8435
-5405
2327
-5268
3615
-111
5633
4712
-1362
111
-901
2111
2689
5707
-6282
-80
-8006
7264
8543
8363
5454
3127
2593
8769
-746
-70
-104
-6179
286
6990
-9574
8790
3382
1004
-6248
2548
9960
-2685
-7946
526
7342
-3753
2015
-7923
3380
-6251
9400
7297
3514
-6930
-4125
-6664
6164
-4399
-362
5189
-4290
-9440
4699
-7315
906
-816
-8221
6403
2878
9886
1598
-3212
433
7391
6458
-2874
9456
4889
-8082
6433
9878
-1480
7627
9432
-6246
-3714
-6977
-605
5894
-2858
5632
8251
-6071
9077
-7043
-563
3818
6484
1242
-8848
-1460
-6526
-1748
9374
-6120
9708
-7291
-389
3889
7263
-3137
-5747
-7942
-5066
2515
-5567
5211
-1808
5987
-7309
8065
-2273
5455
-7793
-5850
-4372
9957
-7780
6105
5578
-2393
-5975
-6835
-334
9909
8549
-9271
5084
-5746
-3637
5243
-1695
-7119
7643
4504
3181
1876
1629
5109
-7904
-6549
1622
4316
-9725
9759
6197
-8391
1917
7893
-8389
-7140
-2095
4454
-6661
-3054
3905
-581
1426
5535
-8750
1819
9468
7832
-7456
5451
-8474
8035
7439
3428
7871
-5757
5689
8262
-152
-2990
-1675
3115
-8990
1011
7132
2764
-6530
-5205
1626
-9115
2523
6183
3772
3513
2161
-8698
8037
8222
7857
9484
6146
-1120
-2584
-1401
-334
933
8833
4014
-2855
5136
7798
-122
-2526
9004
-7934
-3625
-4392
-2277
723
6594
-3051
-9373
-4146
-2478
-3661
156
-1154
7917
7188
-898
1254
7840
-8073
9256
-8208
-7230
3180
-2846
-5821
8203
-597
8301
6781
2928
5691
6584
-6625
-1296
9655
-756
-6024
-7232
2728
-4422
9797
-9061
-236
-2617
-335
-7457
-4674
2038
-6424
9150
1126
4214
5886
-5771
-6550
3449
1871
5036
5616
1208
8184
-5783
7153
-9961
8588
-9288
-5588
-2482
-8682
-6782
-1180
7048
-6651
7090
-1359
5116
-945
8931
-3007
-5602
8799
9574
-2156
9153
-9369
-5252
3216
-6503
9224
-9038
-4618
7333
5979
8716
1532
9953
7871
607
9193
7512
3302
-5256
2288
-3520
-4508
-7435
-6834
7941
3822
-6029
-1058
5333
-9321
-8982
851
8117
9027
4749
3588
-1382
-9297
4468
1321
389
3565
-8392
650
8357
-2145
6059
-1938
20
2498
-2128
4975
-5980
2015
8853
-1667
3902
-2181
-1762
8866
5277
3785
-7248
-6110
614
-7758
9538
-3652
-1723
-5150
9747
5955
7023
2796
1600
-4595
-4720
8294
6790
-2377
-9119
-9053
7946
-7403
7342
-5390
8660
-1810
7286
6901
-8192
-4957
2798
-4690
3055
-4928
-8696
-9396
-8964
5413
6563
-6458
4380
-7260
-2026
-5519
-1236
5283
-5606
514
-9342
-1284
2195
578
8441
-3653
8678
-9635
5905
2419
5314
-4305
-8674
6156
4100
5579
-5190
3765
-6539
9620
-6799
9833
-3985
6985
-8379
-6994
-6036
-7604
-4794
-2527
-6360
-911
-3197
9277
-736
6671
1141
-2926
9116
2266
7043
-8605
2093
6444
-2586
9902
2238
7891
-6343
-2425
2525
-9358
4103
-2268
7256
4550
4187
6933
5744
-5480
-5351
-2596
5380
2591
827
-6942
8661
-8571
-4478
1221
8229
-9526
4112
8682
5073
3882
2573
9063
-7642
-301
-9407
-436
-3820
-702
-4586
-410
-3478
3502
1102
8369
6599
5166
5050
-9286
-881
-5259
247
-7465
-3152
-1322
9406
-5531
-927
5109
-5403
9924
4004
-976
-4276
-9250
1131
-569
6276
5924
3454
-5311
-2470
-4727
4722
9687
-2204
4119
-8013
-3804
-1089
-7477
165
3317
-56
1758
-7985
-8427
3506
-533
4854
1381
-8637
6813
-2387
3661
-8572
8632
9432
9884
9146
-6991
9904
-5321
-2849
1400
-1674
-7921
3773
-3019
1066
-3693
4210
9203
1388
6453
6992
-6082
9355
9006
-7601
7774
276
3101
-6636
1793
1431
9736
6311
-250
3197
9711
-4309
-5591
-9169
-6754
4552
-7764
9778
1959
-7217
-6935
8710
8824
9679
2217
-7827
2745
5980
-2178
4212
7458
4864
-7362
2476
3640
5500
-8522
-6508
1640
-5550
-6830
-7519
-1137
8457
-3909
-9356
5424
5503
-247
-7880
6968
-3495
255
-8477
3910
779
1050
4648
-4250
-2677
9894
1088
-5616
2435
2154
-6644
3703
-5278
-7624
-6110
-1743
1291
8102
4954
6714
7478
-3235
-7754
5347
-581
4811
-9366
4497
-40
-1899
7680
-5921
-4790
-578
8173
5102
8527
2307
-3428
7407
-5525
4450
5276
2547
-3142
4939
-3300
125
7717
-608
-1034
4808
-7755
-5344
420
-9648
1985
-9889
-5809
9944
-183
-9819
-1123
-8116
1480
2092
7650
-2110
-8303
3358
-5417
-6006
-4035
-5178
-8058
-1708
-9064
2278
9671
-4858
-2928
21
2286
6443
9967
6371
-4254
-3972
-2093
-1825
3110
2534
-5078
7996
1301
6580
-4091
-1852
9516
-7850
161
-7972
317
-3502
-1661
-5584
-4264
-1215
3986
-673
1798
4794
-6177
5960
6752
4646
-5384
-3188
-1582
2387
8824
-2816
138
-7781
-8124
5948
-1108
9250
-2822
-2160
4169
6262
8188
-4686
-1289
3049
-7508
-1422
-7648
8314
496
6128
-195
4843
-7606
9300
-7002
6295
4669
-2283
-7237
5799
3497
-1347
9878
-2468
-1891
732
-9042
7456
-818
4921
-5232
747
7448
-782
-4729
-3528
-203
-9646
3834
-8687
-6000
7873
-771
3760
-486
-1992
-5655
-6463
9176
1133
8135
2853
1197
5134
3070
-2109
7542
1441
-6909
9949
-2657
-7708
1326
4762
-1534
-9904
-6096
6702
4501
-7595
-212
176
8399
9117
8781
-4427
5947
9371
-3397
-5264
4749
-2085
5359
-3347
-3631
6564
4351
927
6758
-6208
30
-9437
-5333
-2326
330
4914
2614
-2195
8242
-6879
-403
-4685
8329
-8999
4260
296
5285
6635
220
-4979
-9495
7199
8018
-8731
-8737
4136
-4495
630
-900
-4317
-6159
1711
9944
1615
1747
5877
6154
6559
3983
-6916
-2241
3067
4764
6598
-8781
8476
9489
4827
6103
2368
-4370
-7869
-4820
-3000
5205
4785
3923
7545
-7329
5376
-3579
3825
-4234
5172
-9612
6702
6688
-4324
8006
-1894
-5109
7578
-721
3630
5402
-1973
-8606
244
-2510
-7362
-3267
-3588
-6535
-2429
