4210
8638
9515
5207
5027
2619
-7206
-4982
6253
-8409
8483
-2751
7138
2574
6456
1850
3408
-8192
6558
5075
-4167
-18
-8299
4367
-9541
-5663
9119
-7090
4459
3667
8132
1240
-3193
-9507
-4098
2910
-7820
-4891
5035
-9349
3937
3980
-6565
-115
-8607
2610
2283
-6956
-8792
-3006
2245
-308
-3337
7031
5000
6594
7939
-5561
4508
5865
-491
-248
5757
3765
3671
-6613
1915
-5248
2728
4205
1461
-90
9036
365
-5894
1770
4184
-9041
-7332
2038
5104
-5066
-607
3190
-8076
7302
-6302
-8859
8316
-1147
9585
2031
2279
-2060
-4657
5874
1848
6931
6198
-8990
-3091
9418
-7227
1731
-7451
8691
7531
-4330
9878
8423
-7962
783
-6695
-4302
3740
-4643
5786
3897
4212
4197
3075
2241
-7448
4849
2220
180
-5511
-5951
8915
210
-268
7838
7294
-6312
-223
-2330
3530
-121
-6002
-6614
-931
-5642
5824
-6069
-1571
-8713
2610
-6340
-1820
5390
-1187
8771
-3012
-5556
-7499
6161
-3921
4155
-1653
-7730
8727
2693
-3214
-3186
2716
-7886
225
5795
-8085
2690
-3093
3518
3899
-7320
-713
5405
7532
-4340
8972
7706
-9698
-2398
1132
436
-1585
7791
-5488
-512
-532
1659
-8181
1980
192
3337
8065
-7365
-2190
7133
6132
-6696
8908
659
4156
-2394
1232
7724
5936
8869
820
-7737
-9799
-5419
3805
6611
2875
-9807
-1678
1227
-6063
7782
-5574
653
-3574
-698
-2170
2535
2465
-9400
2955
2324
5701
-7581
-3794
6356
-6901
-1929
8354
7173
-6169
9550
-7257
-939
4197
5413
4598
-2329
-6159
-3819
-4870
-1827
-7823
-8308
-6269
-4043
-3798
3796
-858
-3334
1844
-3259
8114
-4795
7784
8791
-6050
4525
-2698
3518
-3243
2949
7820
6483
5891
-8938
-2841
7378
6313
492
-131
1794
3206
-9825
860
513
-9373
-6838
8919
-8295
9687
5159
5097
8607
585
-9225
7065
772
-2522
9167
375
5146
-8513
-2702
-1893
-93
-5134
9647
9887
-1766
-7167
5215
-4319
4008
3459
2828
-6812
1036
9500
-5806
-2215
-9
-1714
-33
-2751
-4056
9560
6424
1294
8891
-4105
-2891
-2519
-7759
-5991
-361
9343
131
-1412
-6376
-7402
-9288
-2065
2823
-2130
-2748
-3903
-1408
-1413
-7352
-9959
-1638
1789
7738
-4516
-1294
7644
2919
9459
8612
1026
750
8765
-8756
-4272
-4145
3798
-4539
-8945
-6118
299
-2800
-2290
-2920
7804
-3378
-6826
5885
-3574
-7196
9539
2906
6080
-3599
4674
-9954
7579
-4822
-8099
1459
1384
-7205
1855
-6002
-7055
-4618
4630
-312
-5930
-9445
-7647
278
166
431
5710
-2403
-780
4720
17
2931
4045
3485
2756
4736
-1045
6692
3451
3996
2191
2754
3593
-9645
-7074
3097
-9153
-8664
132
9976
244
9360
4338
-8289
3440
2984
8319
8588
5002
-1246
-7190
-8995
2646
-3611
-3689
8318
9373
-3601
4218
1311
5358
-7754
3840
-9708
-2937
4400
-5362
-9445
-5303
1930
-277
5318
-1716
-7862
3506
9193
-712
691
-9648
-6868
8113
-6224
5740
1688
-8473
8920
4446
-87
6987
6606
1977
5407
3901
-3860
-7100
1503
-4943
5356
-1128
6948
9439
-5489
3908
-3963
-2401
4741
7537
3594
8113
-6382
-7761
117
-519
9387
-2850
-3160
-62
-4692
1095
5628
-7535
-2334
1039
9135
2966
-6381
-3026
-6378
-1606
-3103
-6755
-1635
9680
-5337
-7103
-6415
9704
2643
9723
-7162
8917
2503
-8633
-5899
-4647
2556
-354
2679
7271
-7664
-3017
819
4839
8468
4295
2024
-3427
4
-9049
-8717
-3770
9945
6085
-5147
7866
6091
-3615
7198
8877
1820
-4635
3195
3881
-6404
-6747
4469
1805
4328
-5714
4952
8232
-4038
-8464
-3671
-4658
1919
9140
-2626
-2264
1725
1363
5263
-9307
-3147
872
-7516
-6796
5806
-5388
-4211
-9323
-6502
-2699
-8541
6606
-8278
3735
1243
-6596
9577
-4717
-9161
-2844
-548
1328
9930
-7235
1456
-8299
-680
4169
-5043
9824
3847
-3789
-692
9738
2454
-9963
3288
5578
-568
3389
3774
-7273
-1994
1404
1600
-9522
1767
-3853
-1456
6684
-492
-8753
8025
407
-1166
-2347
2828
-3162
-1768
5658
6646
-5338
-4600
-3661
9528
-9630
-5134
3790
7906
-4066
-8946
7669
-4959
4232
5210
3649
-6069
-5970
9191
-8054
5898
-2174
4175
-9845
7459
1173
5374
6855
6395
-9609
4471
1684
-5602
-9756
3680
-1916
-6325
-9771
-2472
2369
1911
-5483
8431
-6800
9485
-4048
6115
-2649
3043
3016
-4237
-5250
-8619
3190
-2009
7227
8563
41
67
-4749
-7253
-6344
-33
-4748
-5046
8264
-9492
6269
722
8118
5912
4695
5247
9718
3862
9764
1273
-6365
4807
-7002
-3483
7319
7670
7488
-4623
5883
1402
2714
-843
-1132
7871
-9699
7863
-5725
-4512
6508
6374
-4280
1405
-9830
-1083
319
6706
4400
-2870
4944
-7677
-8683
7604
7085
1970
-2455
8390
3402
-5269
-9735
195
5758
6900
-4817
-7153
5547
4625
106
-3174
-7092
3445
1894
5927
-6841
976
-4279
-2747
1162
-3704
-1997
4554
3131
4262
121
503
-7944
-9783
-2272
-1745
-7292
-5300
9301
7415
-5378
4222
-7231
-9771
3131
9970
6647
-8253
-2597
-9001
-5717
4185
-500
5671
-5538
-8779
8535
3628
9607
-7214
8064
6792
-8882
612
8594
-5321
89
-5948
-2665
-8482
7764
1149
-4569
6793
-9816
8952
-6739
-452
2326
-8413
5536
9643
1780
7453
-7717
5081
1946
3224
-9881
-3863
-8203
9717
5861
-6578
4307
-3570
-1182
6472
5279
-9757
-9487
-462
5394
-8559
-3128
-4778
-2088
-4000
-9007
-5112
-5021
-1837
1179
-2283
-4491
-2054
3750
-9650
4934
-6860
1150
-7737
7340
196
7993
4916
9075
-8886
7432
-339
-814
-8731
-5159
-6784
8075
1098
-6025
-6612
9205
6833
-1619
3583
-2538
-4706
98
6943
2974
-1015
-4052
-1890
2196
-5444
-8257
-2303
-7397
-5865
6798
7429
-502
1320
8222
-4150
-3621
8165
-8156
-359
-6730
9019
-1106
3038
-449
8039
7071
6691
-152
8827
-3998
-3911
7678
3258
-4158
-105
3365
-472
-1036
-8624
4310
-5332
3499
-914
-4338
4758
5668
8669
7450
8530
-4172
1436
9246
8372
-9306
-3636
217
5451
2944
9540
662
-1758
4049
-3400
9491
-5291
2081
-4608
8187
-2425
9693
-4556
-6808
3417
-8725
2686
1067
-8587
-7700
4098
-8230
-3415
-4764
76
4894
-508
7344
-5858
1507
5205
-8667
7119
-6937
-9438
-1713
7707
-1351
5394
-3205
6445
7192
-6524
-3765
-32
6153
8465
-5523
2428
4705
-6577
-5145
-8493
1935
-9965
-8490
-1115
1258
-4079
2938
-6563
-1900
5306
4788
2390
6966
1309
2076
-5870
2357
311
-7676
8617
4871
-979
3575
-4844
8370
2156
-4883
-6532
-4100
8254
-1306
8665
-4942
-1822
-4556
1645
3656
9544
-2502
6045
2054
1691
4738
-6888
-1405
-7950
9678
-828
4378
-4439
294
-9794
-5349
7745
-4180
8923
-8989
1828
-3746
4949
6731
-2777
4042
3592
-6891
4560
-8956
-976
7062
6165
1355
4573
6681
6799
-9103
-3813
-3629
1196
6843
-9075
-1169
-1517
2908
544
558
-5771
1837
-5131
282
5284
-5532
-529
5004
-5316
-348
-328
-6053
-3629
3115
-3109
-534
1516
-6425
1419
8040
-627
-2388
3630
2278
-6772
-4506
-2825
-9978
-8817
-9306
2048
912
6753
-2949
-4535
992
8109
3149
-872
-5056
-5931
-3436
-2408
-7182
4794
5034
1711
-4136
-3478
1456
6392
1922
4301
2285
-2161
6307
-9415
5550
4663
-5660
3829
2610
7322
-8480
3385
-5524
-4195
-8576
-3485
4515
2674
-8047
945
-2313
-758
-1886
-7071
-2928
-7579
8360
-4747
-4710
3873
-6135
-6140
1443
1182
2534
-504
-630
-4709
-7288
-3456
5165
-4941
2658
-113
-3130
-7447
3941
-4506
576
-8566
-3966
6823
-3865
-7105
-1480
8171
-1372
8617
-6052
-9830
-9174
-9348
-1491
-215
-1731
-1521
-5692
-8184
6503
-272
-7261
-5701
938
5253
8349
6383
1350
-6684
-8677
-8991
-5820
-6467
7925
6548
7432
9882
2353
-2437
9945
-2303
-6835
-4553
-5266
8440
-5293
7421
1013
-8648
971
9997
-6864
8010
-2921
3857
402
-9107
6627
-2399
-6737
-8641
-4795
6798
-1298
-1427
-8958
8501
1892
2636
3826
-1281
-4366
658
4034
8059
-6036
-8443
7320
9034
-2407
778
9075
8005
5670
8590
660
3193
7937
9068
-7922
-7370
-8267
-2180
6963
-9641
-140
9972
-1323
7834
-5238
-4942
-8515
6130
145
7723
-4098
-7310
-4876
2354
-8313
-2784
6059
9461
-3766
6420
-2971
-3842
-2533
-149
-1715
3141
-7686
262
1297
8568
-7244
3403
-5573
-6951
8297
349
6663
5802
-5193
3859
-8718
-9522
8525
-4092
5724
5407
-966
-1409
-3406
2679
-1912
-1728
-3245
-6422
5370
-4023
-6100
991
4567
-3054
-4020
4264
2331
2947
1440
-4880
-8480
8873
1134
-9562
4147
-4734
6096
-6541
8285
4513
-5764
4109
-3404
-3730
-3949
445
-6039
5318
-6220
1965
2385
1159
6533
-2664
1088
6486
6418
-6203
-3282
-9439
-5213
5788
-4586
2140
-6477
4314
5047
2851
-4003
8690
-746
-1008
-639
-7766
5178
-8207
4514
2893
-9380
8610
212
-3747
7288
1638
-6932
9805
6818
8313
-1718
9577
-7759
-154
-3515
-5566
-4751
6161
2952
2808
-7299
-9075
3521
-2780
-9094
6840
-2151
2526
5744
9009
-1025
879
3419
678
7950
9845
-901
-8469
9578
-9383
-4042
4055
347
-8117
4761
-793
-139
-809
-6323
8106
-5339
5858
2912
-6478
1230
2493
4261
-3100
8465
-7903
5455
-4575
-2769
-9074
7946
-8381
-4908
-2788
-260
9273
7513
9908
5943
-252
6387
6879
-1865
-300
6558
-8162
2167
-2680
-7515
8251
-1858
-8280
-7854
849
-9345
8213
6820
5815
9045
-8682
-9165
1559
3602
8989
134
-1721
-235
481
-9428
-155
7267
-213
-6533
-7529
4958
-8175
4951
6168
-9463
-998
9533
7155
-9931
-8291
9402
5180
6537
-9937
-8728
2117
1613
4006
9029
9924
6927
-5307
9582
7064
7639
4013
-7059
-380
-7505
2270
-1543
6119
475
-4286
-3715
9610
-1002
-1963
-7203
3029
-9113
3846
809
-4600
6544
9865
-7683
633
7115
8186
-2345
-3860
7912
3307
-1940
7665
7834
6478
5078
-6047
-6561
-528
-194
-3378
-136
1187
-5486
6362
-8986
6146
-4173
-3027
-430
-1245
2082
-9975
-511
427
9362
9692
-9343
2395
-4528
4256
49
-2249
-6961
-462
3852
-856
3486
4044
-2926
8119
5743
7489
-8181
8931
-7654
6729
1329
2156
6511
6910
9316
3695
-6940
-6395
4446
4395
-4335
-1154
-5420
-2394
3198
-8797
2872
7314
6293
2642
7996
689
-2505
1405
4357
-2953
4874
-9379
-1108
2384
-5383
5297
454
-5525
-9777
-5454
3476
1749
3956
8145
-6145
-6881
-3268
1954
-1777
2106
-7443
-57
-7016
-4726
6810
6296
-5960
6775
-9971
-6530
-1046
5969
9159
-495
9907
1039
7126
5276
4591
79
8615
-1356
3244
6243
-202
6170
4615
9839
4625
-8124
-2647
-9675
9585
6093
-1757
-9384
-6440
-5579
-3436
6350
-1227
2908
1295
1890
-9009
-3091
4797
1333
-2644
5348
1577
-1817
-8822
2643
-4446
3738
-7390
-8056
-1997
9071
-4879
-1336
-1047
6034
-9454
-3546
-5067
-4982
2497
-6368
-5224
4784
1516
5334
9689
2470
131
-3011
2467
-1459
3525
-9010
-5156
-5288
-1934
-8582
-3762
-4459
-516
-492
7990
3725
-1213
-7929
2266
5965
-1148
3233
6161
6643
-2510
8421
6848
9765
-871
8635
7773
-2251
-2486
-4972
-5803
-8681
-6197
-6423
3773
2470
-2307
8085
-6585
-2732
9000
4244
6776
8298
6724
442
9852
1667
2308
8244
-544
6043
-7553
-33
-8662
-7994
-1511
8885
-7222
6813
1737
-348
-6132
-9149
7451
8754
-1881
4143
6691
622
7385
9928
-331
-1625
6443
-7139
-8133
-1652
-4094
-8820
-5879
4536
-7560
-9035
8077
-5197
2466
-4371
-7729
-7130
-5518
-3524
3210
-7451
-7958
-214
2457
-5025
-3732
-3767
-6318
-9622
-2569
-9898
6208
-6468
-910
1451
-5985
1104
3016
5148
4382
4031
-447
5782
-2238
-3259
615
3683
-8292
-5605
4122
-4794
-8348
-4314
-6192
-5239
-5278
-1456
9680
-3861
-1477
8389
5842
-6915
1185
6593
4349
8790
7358
4144
-5855
-1484
-6679
209
-8874
-3379
-6726
1080
7630
-4798
1325
6458
-9147
3829
-3664
3980
5896
919
1891
3313
4978
4881
8592
8504
6070
-6113
3809
8780
8107
-5071
-1065
3451
-9055
-5337
-7242
-6208
4003
982
98
-7692
-4309
7351
-1710
2969
-4534
-2877
2198
2277
4514
-7090
-5707
-9252
1079
6590
9810
738
7638
-6425
268
6239
137
-9067
5362
3076
-4745
-6951
7922
5415
-6027
7436
-8607
1454
4343
-935
-975
-3272
7726
3987
-7471
8107
6611
9049
5581
-8167
-9432
1943
5074
8458
3316
6025
-530
8583
-6915
-9412
-8149
4967
1734
7875
2212
-4564
-4226
-1398
-4533
-9716
-3419
-6790
-9689
6574
7838
-2255
9941
6226
1110
-2362
6337
8531
-7783
-3460
6705
-3532
-9614
267
-6987
4293
-7866
4104
-9679
8010
8991
2025
-2019
9333
9513
3970
-7009
972
-840
-1990
-2352
-1877
-6336
-1579
5958
-2531
-1023
184
1782
249
8973
2103
-6484
4745
4653
2121
5596
-5696
-2287
2506
-7762
-9557
-1636
9248
-6929
-2436
9481
-3819
5356
9520
3628
6139
4790
9196
206
2912
9217
-1836
5696
-3071
-224
-8995
2237
-8653
5228
-8698
8514
5117
9524
-6430
-8775
-9846
-5470
9459
-9419
1386
5976
-4223
-5956
-4810
4911
2621
-3144
-553
-4047
-3286
7633
5010
4716
8166
5537
1295
-2490
3066
-7003
-7591
-4876
3226
6110
-8782
5289
1417
7144
4222
1341
-6604
7718
-843
-1909
-5770
5043
6130
5357
-154
-4192
-9953
-774
-9855
6170
-7689
5210
7528
9257
9656
-2442
-2721
9190
-3466
3064
3295
-2542
6579
1403
-9333
2855
-6104
2084
7946
1012
1648
-7961
4483
9675
-4915
1553
-6781
6634
6656
-4130
-4290
3415
7571
166
3206
-3605
-4802
9999
2032
8
-9781
-207
9422
961
6350
9514
7581
3936
-333
7787
38
-8878
-3019
-7113
-2186
4662
-1377
6865
6597
-9501
-7261
9163
2876
-181
6341
-7218
-3534
5606
-5038
6648
3226
-7255
-366
9078
-8574
2930
3250
8049
-9758
-406
626
9619
-3070
-4472
-5428
3866
-5719
4242
6431
8995
-293
7603
1841
6715
-6515
6177
-1499
6120
-2186
7294
2644
-3469
-3532
-9119
-3255
-6890
-7580
1285
5191
8358
5628
-6203
-6574
-36
7396
-5516
-9164
-8503
38
2127
1825
-8312
4815
-643
5631
5804
-6951
8173
-9606
5207
956
-2952
8685
1644
4527
-473
-7062
-9875
-9040
-5497
779
-3353
3593
-3601
3151
-5486
-2570
7787
5400
3864
-3803
-4052
-2761
8680
5518
4825
-3219
-8522
5488
681
2044
343
-5043
-8844
-333
-5484
3981
1678
9860
-365
9732
-9532
-9754
-8655
5663
142
2707
1614
8881
-1098
-9757
-4608
7480
-2825
-3026
-792
-829
-6968
5232
7429
4207
-9124
-3262
-6380
-833
5456
-673
7939
205
9876
559
6369
-1518
2213
5932
6233
4925
8050
9478
970
-1383
-7789
-8366
8981
-3934
-5877
2620
7996
9400
-1114
-7531
5440
9695
-5513
-1531
-1113
-6183
-2229
1024
8619
8892
2797
2779
3656
4757
-82
-2638
-549
-5518
-6165
6583
3208
6431
3714
6436
3086
1525
5306
-7879
4628
-9772
7645
-2895
8222
9260
6620
2193
-1735
-3201
-4798
-5750
-4311
2467
-5049
-1228
-337
0
-2761
653
7197
-5098
-4360
-5528
7796
711
-1720
9314
-7650
9704
433
4104
-6839
-2529
-4887
-5215
9086
9652
4650
-3416
-3790
-3536
4725
-9574
1998
-1932
-6924
583
3938
-7448
-811
-8650
-4052
9815
-466
-8206
-9220
2776
-7645
-6053
7288
-7110
2845
689
5930
-4956
-3229
6179
-6377
8284
418
4447
-2631
-6155
1739
7395
-4372
-1210
-5692
6862
988
-5762
-6098
-6130
-4905
1778
-9698
1401
-4688
-7078
8792
5478
2277
2161
3945
8748
-4176
-8200
1729
4464
-3371
6956
9020
-6359
-7374
7627
8469
-6602
-7857
3990
9402
-1304
9094
7570
4650
8870
5612
9030
-6577
-3790
4335
502
4925
-4745
-2817
-6156
-5004
1237
-3160
-6929
7225
7428
-664
-8071
8007
5306
-7350
-4911
7681
-1886
3125
3079
-3181
6744
-1523
4326
2021
6852
-2733
-8015
9356
-5444
-3931
-1399
-1750
-408
-5804
8867
9704
-5589
-4605
1484
-5950
-5292
1064
-3358
8062
8276
-1066
632
2019
-2558
-8111
-2238
-8033
-6491
4283
8926
-1151
-4713
4675
-8552
-6939
-9830
-82
-1117
-6902
1987
-4094
-6634
9193
-8835
3697
-2545
-7643
7839
6987
5093
6170
1340
-7655
871
6234
-2358
-3534
-536
-2137
5705
-5699
6620
-2728
-4675
5334
1304
-8311
-8313
7938
8037
-8434
-8026
8272
-2965
9631
5233
-4922
-8281
-2156
3594
-348
9818
1295
409
834
5444
-1924
-1778
-912
9190
-4643
-5273
8498
-8416
-8047
1993
241
7750
4456
-7157
-1396
4107
5800
-4662
918
1625
2237
6393
393
4019
8569
1522
4953
4566
2550
-4478
5359
-685
4771
2868
-3081
-916
1978
8188
4387
-6992
4376
2885
-5200
2652
-2787
-7031
5808
-3871
3344
-6689
3379
-2238
-5842
-3910
-680
-4389
-6802
-5210
-1391
5574
9874
-1385
5977
-4733
-4278
-6554
7213
-1770
6639
-8424
-1133
-5102
-2814
4982
7435
9031
-4063
-5006
-3181
-6005
6285
-1121
5030
8381
-1935
4482
-8142
-7994
-1724
9561
4428
-9511
-7207
-6062
8884
5312
6000
-2454
-330
-5496
8493
-2313
2142
6483
8653
258
9227
-5634
-1820
9058
9889
-7351
-9201
-3257
-5049
8176
2211
7543
-2752
4562
9763
9985
-2900
-7197
-8158
1281
-5679
13
6288
-1190
-7329
371
8576
-2424
-8542
9269
4238
-476
-4064
-6907
4288
-5073
6872
-9449
7022
-5246
6676
7391
-8622
-5391
436
4604
-8023
4082
2104
9819
-4185
-915
9822
-9082
9519
-9203
-1491
8552
-5394
3937
-3758
1890
-4330
-5125
-5276
5462
8820
6345
-2345
7568
8508
-7149
3989
5032
5926
5809
-3895
1576
5890
5836
-8690
7659
5266
5683
-5583
698
7836
6069
-7503
-7918
-3718
-3522
-601
1489
3970
1857
7182
-7052
-8812
5582
-6999
-2246
-2243
-509
1166
-1442
6733
7197
5936
6533
9146
2307
-8058
1310
3074
-1404
9503
-8761
3383
4310
6978
6422
5887
715
836
4826
8833
9431
8733
8041
3130
-9404
-1712
-3313
5115
4409
4256
8892
9059
-6197
5309
5290
-6577
-2812
-4244
-5397
6648
-9750
-4344
-3171
3040
1712
6466
-8931
-5602
-1797
-7273
-1684
-8096
3151
-9652
-5372
-8032
-5348
-7747
6435
-3306
4040
5442
-4682
-6367
-7821
-5027
8079
-9090
-624
2319
4798
570
-1497
-5551
2613
5662
6139
7978
-6574
4229
6167
-8342
-783
9797
2803
-9077
-9038
1593
1366
-9464
-2139
-5778
-1766
9814
-6732
124
-8077
3204
-1709
1320
7154
3275
-3368
5638
2278
-197
9840
1815
-2845
-1999
-8587
-9596
-5222
5172
8185
8696
-3098
-6707
-7058
-627
7833
-9520
7349
-258
686
-4635
-1681
4846
-9096
-6382
4219
-5741
8646
-1425
5153
-2040
833
8450
9459
-6009
4289
-3009
6661
7293
-3735
1174
-8200
-6636
6608
-6438
-2941
112
2044
6577
9423
1727
-701
1104
-5481
5644
-6759
-5361
2044
9281
-5363
4289
8119
5026
9762
7518
8207
1439
2455
-7497
1784
4468
-3728
-4120
6797
5405
-9208
-2514
-5659
-5116
-5217
5505
2679
-3400
7076
8632
-6494
-8279
825
3529
-9668
2431
-3275
4990
363
-3083
-8778
8108
-7744
-7217
-3656
-4483
-3590
6129
852
722
-7515
2099
-8016
8162
-2119
5215
1997
-88
-7433
-223
1505
-1600
1086
-1706
7556
7692
-1781
-853
-8256
-7147
-8844
-8611
457
-3383
9927
8114
5859
-8531
2202
-3942
-3263
-3714
-9864
-6979
-1828
-6737
2134
1423
2455
8230
-1532
4847
5678
8635
1725
-3126
-4845
-1407
-7942
-9500
2763
-2266
597
-1094
-8491
-415
4598
-6788
-8493
-5270
-2579
7528
2998
-1429
238
-3837
-4063
-5369
5891
-5612
6592
-9659
4385
-6124
-7342
4372
7575
5531
-9845
-806
9734
-9219
5035
9631
-6453
2773
8441
4139
9868
-8528
-4765
9410
1364
8266
9855
9885
5324
-2855
-8201
-1099
-3924
-2439
1340
6133
3498
-89
-8869
3725
7590
7758
9091
-2933
423
5864
-775
-8701
7266
6823
-985
-3809
-4898
-8488
6474
5259
-6225
5585
7767
7358
8007
-5965
5717
9525
-9583
-3765
65
4141
3508
3446
-8316
-8654
6113
7033
-1133
-6569
7115
1913
7345
3999
-2627
-8026
7677
-1956
5181
1420
1329
9744
-7703
5771
3678
-1466
-5781
4713
-6530
5943
4007
-5584
4568
-117
-7713
-9557
-2993
7428
-973
4023
-1657
5564
-5419
-572
452
-2507
-2089
-5943
9191
5838
329
-3914
-2757
7922
3560
-3258
-8926
8749
1654
-620
-1934
-8992
-3593
-7444
-9587
8135
-2108
-6926
5526
6399
4075
-382
-1116
-4667
6596
-2389
3339
-3556
8886
590
6079
1399
-4354
9136
-2225
-1006
5620
4434
3112
-6748
-7560
8043
-42
6796
9967
4372
9799
120
-1917
185
-2424
-4268
-4499
-8803
4858
-7858
7228
4369
8473
1221
-6152
-609
2020
9722
8451
4058
-4046
-6875
9120
3935
-482
-8586
-264
9532
3725
5602
2453
-1294
9322
8552
-627
3584
-5137
-8849
4098
-5565
-5746
9171
-1367
-1579
1738
-9211
5647
3945
9571
5984
-6281
-9200
-2703
-3096
4550
3444
8804
-48
9772
-3701
1049
-931
-3049
-9967
-3718
1671
1520
-6971
-3628
6341
5588
-5582
9294
6036
-5199
-1262
-9119
-8265
8972
-1019
-8423
914
-1757
-865
-2654
2441
2004
2992
741
-9159
-241
-5578
-8218
-1212
3891
8394
4493
1181
-1707
4286
2434
3092
-3151
-9951
-1287
-5096
-4201
9453
5895
6041
1292
-400
-6148
4744
-9321
5872
-654
903
8021
4758
-7734
8267
-3380
9476
-5009
-3931
7228
-2754
6101
2457
-8663
-4540
-9229
-9869
5522
6005
7912
547
2797
-80
8331
-9511
-7559
-6981
1457
-3665
6736
-8797
-564
8214
4936
9361
-6371
8622
-4368
4349
2718
4270
7893
-1823
5443
7248
9255
5306
5891
-8625
1593
-9854
8383
-4964
6519
6587
-7860
9854
1227
-2652
-9944
-8787
361
-1708
670
-864
2720
4668
7273
-7455
254
-1653
4592
-6250
8271
3896
3873
8883
-1282
-8705
2066
-1766
-8503
1443
-68
-2631
-6662
-6037
7779
9845
-5479
-9472
2347
-7587
-2940
-6399
3494
-7617
3330
7087
6464
7561
-871
5710
-8773
-6375
5769
6218
-1697
9978
7502
-9889
1232
-3919
-2238
-2092
6118
-5370
-7447
5725
2437
-3751
-6943
-5347
5290
7867
3880
9128
-8109
-7531
7552
5365
-9252
-9375
-2240
-6570
3738
9773
-2793
-6899
5175
2637
-2169
8033
-9261
6201
-722
4553
-5590
875
-5674
-2292
-8921
9723
-1916
2201
-4546
4211
2040
-7856
4956
472
-4350
6892
6602
5555
-2482
5368
6235
8842
-9211
-9342
-6026
1160
66
-9814
-5489
-2982
9417
5553
-6079
-3538
-2885
3336
-1250
4688
5083
-6649
-778
6937
1009
1977
3154
134
2707
-6496
-4018
8061
221
2188
1725
4385
7329
9170
-3425
-7248
-8036
5405
-6276
-1158
-9416
-843
-8839
-7784
16
1518
7063
-1742
736
3173
7800
3554
-6893
4559
321
-9555
5974
7742
2915
-7736
5498
6426
7321
9263
9358
3643
-8509
-7707
-9017
-6955
-1073
1916
-8041
2753
6418
3893
4563
1182
-6807
-41
6499
-9794
-3322
-2717
8596
-7083
-4881
-9137
8716
6732
-4499
-6384
3177
9648
7227
4528
-7388
3586
-1378
4654
8575
9580
-982
-5002
1934
-232
2776
-6338
-233
-7457
-5427
7196
9547
-6249
-2209
-681
604
-6669
-883
7162
-6056
8403
6145
1354
-8850
-952
-678
-8071
5857
-7815
-595
8221
-3936
-4845
-9827
5487
2660
-1404
-5917
4612
9109
-7878
6557
4164
-5322
-4661
-2225
257
-8268
5825
-5315
2809
-5522
5326
-269
-2614
-7250
4834
-2379
5765
6522
54
-5190
-1761
-5522
6755
7714
3038
4796
8614
-3017
-6557
-6300
6488
9209
2641
8763
-2713
-2291
-2265
5586
-4674
-7918
1672
1389
9006
-5710
2338
3156
-1541
5444
5102
-5928
8366
-9164
-9553
-982
-237
-7096
3682
-6531
-5975
8047
4196
-7107
456
-6960
4955
-8016
-9326
-3235
-9494
-5491
5694
-3499
-3780
-1533
3680
-1606
6982
-4805
9940
-6836
-1342
-5382
-7071
8485
-7006
1723
-2129
1340
-4076
2758
-9421
1903
2063
-6678
-9186
9644
-6458
-666
-2829
-1043
3152
-2626
955
6747
-4110
-6768
2613
-3767
1862
-9795
2873
5309
-6153
3423
1174
595
3367
1948
-4667
5787
8273
-676
-9252
5032
8030
-2165
-5926
7542
419
-2447
1633
2613
-1822
-8636
-1854
9550
5607
2694
-6902
3557
8241
-3495
5026
-1842
-8753
789
3288
6409
-6921
-188
1468
1320
-6991
7876
5184
-2558
-6640
7383
-1886
8068
-5415
8470
7406
4005
-2921
-9945
1351
802
4704
-4048
6772
-9269
2903
9958
3281
2583
-9553
-7892
3056
4821
2701
3331
-6019
428
-9379
2947
-3900
-1912
-4940
9970
2840
-4963
5227
-6941
748
1193
-6649
-8040
-8706
8727
9335
-1542
-5375
-1
-233
-5321
9586
4286
6300
4788
9075
9700
-2692
3162
-2662
-5770
-7288
-8563
-9096
2954
-802
1043
-8246
9980
-1229
-5382
9362
-3319
-2450
-2259
-6715
-5685
9455
-1214
-5087
2034
6803
3720
6310
-2251
2719
3644
-3324
-9397
8533
-5389
-83
1238
2033
-7087
4031
-605
-3764
-7357
-2852
7077
7282
-9350
8730
8444
-7962
5068
1449
5491
59
-6272
-6313
7710
-8446
5694
-4107
-767
-9657
-3714
8081
-8745
-6726
-1183
-7293
-5523
-3664
-8659
-6576
-9971
8350
-5964
809
9103
7128
3663
-5285
1798
-475
9848
-4484
-3229
6697
-1438
8777
6806
-9839
9097
-2279
6043
8721
8808
-5352
-3561
-6339
1205
2121
8181
2736
1795
6761
3970
-9908
1370
-2283
-6994
4280
6113
2086
6534
-886
-1175
7644
7566
-3490
-9798
-5329
413
-6580
2501
1634
1658
8428
-7258
8794
7648
9211
2146
2194
8193
-4571
6486
6828
-3460
-2936
-5192
-2565
-1452
-4416
3694
-6994
-6981
-154
-7610
-234
5567
3655
2144
8238
-7313
-9775
1110
-9849
-6490
2843
4398
-8138
-2296
2658
-5751
8428
5035
-6028
9785
-3775
-9867
-1913
8320
3683
7144
-272
-1318
3339
4393
8254
-6972
8776
-7
-2512
8819
7995
2856
-3109
-5163
9330
5166
-2719
-7524
6111
-8286
-4678
-364
-1012
2238
4774
-3915
-4409
-309
4628
5573
8514
9388
-9032
-3038
3104
5202
-5631
4130
-9248
9188
-3013
-4067
4607
-336
-2433
847
7577
991
-9147
3373
-7864
-391
1656
4949
-7894
-3453
-1045
6851
-2890
5225
8013
-2855
7393
3341
-2227
5765
2588
-1771
-7160
1283
-1818
-9255
3750
2875
1402
4868
7842
3701
40
1396
9691
8092
2892
4378
8566
-5633
-5771
1018
1919
-5428
-784
8501
-6471
6819
7228
-5689
-8117
5497
-587
-5647
-8596
-741
-8078
9004
-9477
321
-1323
-9766
8253
-4527
5486
-5872
7035
-9704
-9461
-6509
-1683
-4733
3570
-7021
8083
-928
-9613
-98
2703
-7017
3107
-8839
-6595
-6030
9068
-3308
5530
-212
-788
7204
-4127
3417
-5728
5421
-8487
7797
3854
6413
125
3085
-1529
-5543
3782
2292
-8437
6864
3096
7181
-5898
1178
-1046
568
-2414
7607
-6571
-183
6337
4421
-4847
583
6104
-2408
-6330
5458
-5691
-672
8851
2561
-6623
-453
-7812
7431
-8171
7241
-1844
-113
-4225
5328
-5162
-1156
8712
-1732
3296
-9307
-1437
8404
5869
-3522
2719
-2590
-8678
-6204
-8319
5265
-7431
-2864
5797
6693
7214
-5857
-9668
-6305
4991
-6228
-5505
1364
7263
8288
-2476
-5137
-1395
6062
9728
-705
-7040
9448
-4478
932
-3619
-575
8728
-8609
857
7670
7099
-3340
-2005
4529
-444
-3358
3590
8615
8624
1105
-1247
9727
-1110
1177
8551
4236
5912
-8023
-4586
-6941
-5768
8626
-6487
3744
5470
2368
5149
3555
-5743
-6214
5874
-7106
7217
8424
-877
3667
2640
-8130
-7215
-4072
6747
-1245
1999
-9910
-956
5451
-6542
-4234
-4418
-8289
-2474
8762
3854
-2731
5800
6139
-2083
4056
9375
-3582
9181
336
332
-5950
792
6350
6639
2152
5305
-7428
6133
-8673
5276
-5317
-2138
7964
8827
2964
2096
-7451
3530
8878
-9508
-7019
-8749
-4593
4921
-8933
-2338
-696
8699
4402
-4169
7850
6901
-5234
-2024
9308
1667
-7372
5063
-511
9269
-5485
6290
9552
-2172
-4249
-8238
-9503
-6307
2479
5422
-9931
1121
-827
3016
-250
7904
2434
3716
2034
1399
8607
3722
-832
-774
-8369
4431
658
-8640
-1569
8549
5850
1015
99
8076
5757
-6870
-771
-6870
7368
-3206
6368
-2388
9854
-491
-8517
9561
2828
-3745
7123
-4774
7048
6519
6359
9414
-2306
-8621
6429
-582
-2245
-3554
3685
-1203
8
8304
-9046
-2987
1757
6403
6151
-3485
-7370
4966
6161
-2834
-8887
-7814
-5730
6682
7669
-9715
8305
9250
-644
1266
6608
4550
4497
46
5933
-4340
-4216
-1246
-3710
8569
-9015
-197
-698
7801
4333
-9985
-3099
7351
-3338
-9608
-2924
9763
-5161
-2070
-6017
5620
-9961
7182
3273
-2679
2840
898
813
-9846
9586
1539
9126
5592
7329
-3404
-9527
96
2247
-9958
-8681
6587
-4663
2018
-8378
171
9117
-1207
8280
-1756
3266
5287
3929
-604
-4863
-9950
-962
-1503
456
1122
9163
1596
-2957
2933
6767
-7490
7774
9092
6257
5434
-8802
9635
-7781
6062
-6259
-735
-5283
500
-8070
2594
-3442
-6467
5317
9316
617
1407
-130
5084
-4111
4682
1307
-2982
9298
-2349
8955
6359
-3410
6182
-4482
7760
8105
3235
-6376
-7142
2353
3457
5408
9340
-8605
-676
-5083
-563
-750
-6601
-4517
5089
-1927
8386
1244
-6241
-3917
-7805
889
254
7529
-4083
9133
-7703
-5185
3055
8941
-4769
-2707
2452
-2642
5838
-7228
6873
-4113
-9652
2105
-6237
1065
3578
-7698
-8407
1219
-4397
8995
37
9036
-9500
-7197
-9702
-1569
-9336
2560
3880
3004
555
85
9465
7512
-9403
-7971
-6137
-9123
-6606
-1123
8147
5528
-8250
-8485
-7849
-9949
-1973
3470
2660
-1495
4148
1341
3042
9819
1694
6046
1556
-4275
-1644
1707
2096
-1297
2672
-746
-3977
-6244
5390
-1430
7737
7575
2434
-2547
-8210
-1903
5109
-1856
-5727
-8196
-663
-7977
8149
8197
3142
-2469
-4817
-8008
1236
-9990
8513
2686
8503
-9620
3038
1707
-4927
-9733
2102
-8184
3915
2082
-9900
8858
5495
-8212
-4950
5018
4751
-2711
-6564
-6796
4345
-3382
7664
4524
1334
7960
8562
-1255
1456
652
-3794
9922
-8539
-9504
8137
-7143
-2766
7319
-8530
-3197
-9145
-4738
-5766
4318
6728
3938
3574
9128
-9880
5395
2948
-5769
5204
8142
6481
83
1603
6065
810
8067
-6421
-8905
5305
-7729
7572
6837
1621
-6486
166
-1774
-1868
-275
-6241
6866
2772
-9659
7917
-8066
9467
-6397
-7530
8078
5291
1169
3118
3534
3347
-9458
4021
806
1474
-7941
-9275
4530
-4751
8175
-1009
5595
8691
7839
6083
2145
1877
2358
-1874
-7941
8945
1325
6271
-7359
3555
-4841
7704
5221
6250
4584
8365
-2693
-3971
3269
2617
-7570
-6398
-3986
-3064
-8377
9245
7836
-8736
-6968
6192
4278
-3416
-3536
9208
3640
7251
-1284
1707
5373
1504
5417
-167
-8767
4519
-2549
-7652
5139
6826
2144
-7005
1742
-4649
1203
-2404
-8051
-4065
-7022
5422
4483
-2511
-585
5789
-2101
-454
4899
-7639
-9393
-3622
8414
9170
8851
-5416
-3582
-7394
-1712
-9848
4523
-9918
-3999
7688
5832
2535
-770
2368
6606
4843
8353
-7620
9925
6045
6277
-5857
8233
9640
1588
4837
9309
8809
8274
306
5891
-3934
3677
-3972
-4347
9953
1881
-9460
-4311
3987
-1368
3656
-1660
-3064
-479
-7288
-1832
-7642
-9603
-6464
9089
9122
-3455
6452
75
8570
-245
-8
6755
9455
7142
5203
4660
9389
3012
-1884
7262
4544
-88
-1667
-6254
5737
-5994
3652
521
6999
6290
-6952
-3683
-5853
-5635
-1554
-1215
-9516
-2519
-1026
3375
2743
-8560
4169
9414
-1151
8373
-7815
-1899
8512
-141
9688
7347
-7718
-198
-8464
-843
-2915
7168
-8019
-7827
4637
2488
4199
5800
-701
4528
-5400
2365
3053
2927
2749
-3718
-4840
8256
1734
9445
-2542
-9675
