7150
930
6266
-1901
507
1106
-7878
-3746
8999
-9143
-2426
-1893
6942
1714
9705
-7716
-5872
4160
435
-7410
5629
-3304
-1915
1822
8408
1295
783
7896
3947
-1331
674
4030
470
-6325
9087
2701
4563
-5857
914
-3681
-3285
-5051
5683
-344
-3527
1449
1840
-9704
6850
-2392
4139
4069
-2873
-5913
-9582
8498
-653
-2776
3245
3598
-5431
-5893
-7797
-7639
-7626
-6075
9562
-5439
-2032
-9842
-9555
4022
7778
-5847
-96
6658
-3819
-1352
6317
7592
474
-9153
-7163
-9468
4838
8384
2335
4282
-6773
-9685
29
-6550
-2623
6374
5293
-4296
-5801
-8482
375
-9461
6960
-5742
6496
4371
1585
-8989
-1177
5028
9532
6806
-6449
-5147
-9300
-5700
1057
-7109
9626
7612
4132
-7288
2372
8169
8687
-3595
3622
2677
793
-2466
-4390
-4625
-4301
1048
-8432
3171
-1580
7865
-2255
-1964
-7905
-1850
-1609
-1526
-839
-5326
-9535
-1360
6241
-1241
3296
5999
9385
8755
1451
1268
3072
-4150
-7739
-3178
4583
5957
5450
2075
-9881
-4172
-4532
-8954
6537
3491
-3802
-9139
-6521
-9598
-2310
-961
-6236
5714
-7184
-3502
-3922
-3869
70
7989
3950
1619
-670
-2011
3389
341
-3827
4378
8716
-5618
-6094
-1116
-9598
-3742
8796
9912
2218
-897
7225
-1101
6829
3203
9789
8207
-2899
-6469
-6692
-9
-525
-4247
5036
9101
-8610
1570
6116
9008
8739
-9624
-1110
-3067
8624
-3524
-3383
-3469
-549
-1361
9165
8147
-8335
7709
3518
6507
-992
8929
-5173
2411
2459
-756
-2084
4244
4612
-888
9355
7462
-5061
623
2572
4547
-2173
-9914
-2514
-979
7225
9667
-1719
-3510
-7617
-3576
9446
8819
-5691
9345
9195
6429
4833
5751
-2143
9683
-8276
7690
609
2526
-6308
-6062
-7964
-7842
-4400
-3179
5285
5193
8237
7215
495
1950
1539
1144
2735
-1992
9150
-2629
3260
-439
-924
-1330
4302
-1195
1634
-9230
9015
6501
8307
7773
-8886
4098
-9224
2796
-9786
-8184
-8113
-4590
-4232
4879
3023
5740
5374
-1579
1798
-3847
-7693
2266
5128
9711
-503
-7641
3737
4109
-2938
9744
8434
-7892
-3319
-5622
-462
835
1541
3596
4881
-4381
-427
8638
-1556
2223
-889
506
-6716
-545
6161
-9382
-3055
-6653
2370
-8998
7843
712
6297
6477
-6639
-363
6273
-1461
4829
2102
8881
-4488
-465
6475
-2352
-6025
-9635
6372
7388
3099
-9947
9026
-7497
-35
8646
2653
3889
3454
-9299
-8116
-4457
9396
-5070
-4474
2447
2189
-7176
4822
-8062
532
4267
5446
5399
-6135
-2222
6994
-7894
-4224
4096
1085
7767
-3231
6848
9590
-8831
3084
-4833
6678
7445
7625
-63
5650
3445
6926
-5740
3544
1395
-9500
2673
6581
-2667
-2784
7853
-8602
-528
-2603
673
-2844
-3676
8840
-5061
-4609
8466
-5009
5155
-8716
6466
4025
8039
-958
-1895
-1120
-9539
-7224
-3025
-7533
-8116
-7423
-2678
-5394
-7467
3913
5569
5031
-643
5723
4454
839
-7162
-559
2789
799
-9928
6298
8894
7748
580
-2479
5548
-7579
313
179
9319
-713
-8185
5549
-5974
-8364
-465
-8321
-1879
-4400
2646
1584
-6392
-6923
-444
-3307
-6983
-1111
-7291
3200
-7046
-6275
3626
-779
6172
-5636
-7643
1792
-4057
6910
8045
-498
-2138
5391
6840
-4769
1551
-8988
4233
9407
-2084
6373
-8279
669
-4416
5289
9113
1581
-7112
7915
1287
3289
625
-4159
8036
2452
2839
-1769
-8152
-8467
4577
-4223
9512
7178
-8947
3510
-3333
9649
-5388
5115
9719
5562
-7838
-6783
-8162
-864
-6596
985
-6358
8374
-5113
-3380
6859
8256
6212
-6035
3918
-2491
-7060
-4682
-2194
-3787
8564
-3859
-4924
-4709
2843
-2451
1596
7263
-1884
4818
-4247
6629
-1598
9490
7046
-5300
-8081
8235
6033
-5493
-7115
3178
-4565
-8370
-3642
8647
-5330
-8349
5324
-7385
1621
-9564
3113
-7891
8978
9436
-2255
780
3273
-1190
9098
7254
-2842
3170
2689
2036
377
7862
-5229
-6482
-4938
7604
2181
-4934
-5665
7188
1044
8870
6556
-5755
7655
-8893
-6032
-1705
225
-4217
-5906
-4688
-4274
2907
-1834
8194
6139
3883
1402
4712
8761
-3419
6532
2998
-1126
-4731
-4122
3604
-1888
9133
-2491
4483
8481
-1181
-1528
3223
5318
-8263
1266
-6279
8575
-7160
7019
-8402
486
-6242
-9186
-7422
-3060
-2193
2374
500
9741
-4385
1555
8036
3603
8397
-2673
503
-2412
2526
1301
-1694
-4095
7630
5750
-9047
-1016
-1124
382
-8079
7781
-561
761
-3253
-5297
856
4782
2087
-3252
-1914
-2926
2754
4289
-206
6394
-7999
5755
-8646
-4027
-9798
9099
4042
-7645
-9859
-2748
310
-723
807
-1604
-8709
0
1686
5168
3375
5257
-9279
6768
1637
7233
3663
8335
-3745
-5621
2416
-8755
5962
-6636
2920
8956
-4246
4759
6349
-3554
-3192
-4227
-57
7165
-6330
-866
-7368
3290
9395
2034
-5036
5039
-7769
3358
-9008
-9941
2948
8423
-8570
-5548
-571
-1592
7400
8632
4330
4746
-7653
8380
5908
5887
9759
3217
981
-1262
6347
-1578
-5282
2943
3387
9341
-2728
680
-5480
-442
-9712
-197
5086
-2673
5788
-116
-7365
-7650
1185
6214
-3353
-2509
5863
4797
4189
-1016
-3137
-6667
-8248
-3442
3316
-9339
-1208
-7863
-9214
7985
6308
-286
5961
4904
-8356
-7436
2077
-3229
402
3963
-7446
3068
6431
-5301
-6508
7279
6897
-8534
1771
9716
6475
6184
3574
894
-5033
-2081
-6911
-4785
-3476
4193
-5102
-5715
5872
6624
-3087
-6173
-8044
-1861
-234
4788
-718
4782
-3665
8640
-2170
1965
-8311
5672
-1386
3359
-9211
-1012
-7720
8558
4840
-5700
7201
6559
7697
-7524
-8788
-6169
-9816
1469
6110
4028
6369
1599
-1540
8601
-146
7130
-9793
-1407
3292
-2908
-7687
1295
-434
8539
-5159
-3602
-9065
-1017
217
-3680
8887
2853
7091
-3459
1731
-1437
2515
470
-7596
-5624
9852
1050
-380
-2416
-4510
3359
-8964
9984
-7013
1247
5445
-3276
-1982
7032
2509
-4967
-2286
9800
-6223
7618
7654
-5975
8839
2557
6165
-599
8604
7226
5209
-995
-21
-5520
5728
-9324
-8525
-4977
-9866
-6916
-8122
603
7514
1173
9164
7585
1641
-5391
-6178
-4154
5829
2863
-2371
1500
-9927
9276
-8343
-9748
-1391
1613
-7348
7775
-536
7501
-8477
9882
7665
6277
2088
-4229
8822
-1906
8936
-6308
4811
-8351
-5576
5725
-5022
9960
3815
-6084
-3586
3032
-1269
5875
-459
-9834
-3406
-2897
4115
3030
-4845
-6009
-5720
6752
-9131
5746
-6895
-325
-1752
-9711
-4459
2078
697
9542
5927
3570
-2546
-3748
8947
9086
9747
-4702
6346
-1330
6535
8724
-6010
-1839
6751
5305
-1441
3857
6735
-5259
4480
6154
401
-7884
-6454
-8588
1642
-4029
7796
4070
1268
-5414
9018
-7073
1840
477
-7892
5774
3976
3584
-8641
3521
-1932
7530
-8994
5439
-4655
8903
108
-7655
824
-2120
-2468
-9907
-2925
-723
-8183
-7087
5854
-3851
-6346
-1667
177
1752
-3497
6887
8783
6620
5674
-74
-8394
-4118
1998
6562
-4147
6516
-2293
7254
-6297
550
-2864
7124
2994
-1813
-5213
-7639
2035
2773
-2234
-3455
-7488
3390
-5187
-2579
4216
1649
2666
-9652
4414
6378
-9641
3980
-5513
6168
692
-7560
8077
6379
-6571
3397
5606
-837
7345
1177
-5609
6047
-8557
-5551
-2722
-3552
-9065
-2137
-181
388
-523
7702
5537
8514
8843
3951
-147
1560
-7364
-8815
9677
1257
9995
5226
-4610
6530
-87
-4988
-5604
-5377
-7453
4526
-8423
3383
1596
65
7115
3005
3950
-2099
-2144
4607
-5750
2886
-2244
3617
982
6144
-4931
8189
5823
-5129
787
-8236
6930
3833
908
9829
1013
-6177
5252
8612
-7232
9759
-1990
2089
-2118
3957
4445
-3432
-3977
7031
2689
8812
-17
3205
-1491
-6143
4808
-8692
4903
5621
3099
-5090
522
1458
3523
9665
-3195
9818
2247
4655
8797
-106
-7243
1919
3572
5506
4542
5009
3515
3908
-7547
8054
1268
2259
9298
9725
-5079
-5738
-5441
-991
5549
-8149
-2562
7376
-1056
1454
2555
-9978
2034
-461
8725
-4676
-7616
-3348
3444
-5588
-5544
9909
362
7145
7679
-7211
-6382
-8922
-9002
-6680
9947
-8767
-7549
-7558
-2520
2702
-6364
-9119
-9561
-4568
6285
-8104
5813
-4452
-112
8381
7238
-2572
4564
7048
-8566
-4462
6308
4868
1081
4076
2302
-9244
-23
3730
2718
4771
-4771
3680
-6779
9816
7836
-9579
-8006
-7539
-614
3044
5540
6313
4842
-9148
-2527
-7593
8748
-4776
818
8938
5989
3436
3697
-6107
-3653
-5442
4740
957
-2833
7116
-1477
1176
-1588
-9106
7082
3837
-5454
-1802
1959
-7191
5096
-5368
9816
-4184
-4198
2961
9565
6743
-3197
8330
-5221
-2067
-6119
-3182
882
869
-8421
-5457
6803
-2775
3499
6972
5614
5976
4296
7747
-4795
6598
4339
4803
2686
8243
9430
5186
-485
3693
-7200
6576
1990
-8842
6827
3913
6133
-3606
5266
7226
-4785
-5774
9560
4048
-9732
1517
7033
-9641
8264
672
6433
-9634
6383
-5784
-3491
-2600
2293
-1360
-3775
4619
522
3861
-4180
-3923
8820
-3505
-1993
1350
5770
-6142
-7021
-1535
-6983
-7184
-8012
500
-1666
-9823
9277
-7629
9402
6677
-7246
3893
9030
7334
-9561
-3625
-7682
4313
1216
-4151
8223
-6427
3238
6132
7616
-1685
9473
7635
-7057
-1478
-6131
-6590
7118
4059
6929
9597
7613
8078
-3901
9805
2371
-6294
-253
3014
-3734
-5490
-6988
-9057
212
1094
9456
5026
3427
-4026
-3491
-7990
-7263
-2911
-3290
-7446
-2966
6931
-4880
-1971
-8807
3325
9608
-266
1923
-8834
1907
-4109
-2916
6211
-4309
-9619
-904
5347
617
-3645
-7856
-3526
-5001
4140
-6235
859
826
-6893
3253
-5025
8022
-6166
-8368
4133
1960
3434
8045
7730
9937
-6718
-3256
-3735
-3630
2758
722
3481
-7167
-5727
8459
7897
-833
9048
-9862
-5374
-9852
-1432
-8234
5869
6153
-4303
-5467
6413
-8614
-5393
4376
330
3854
-2494
4118
-6207
5329
2092
2054
2940
3243
-9948
-3440
-4012
1545
4526
2418
-7587
1185
-9655
3906
-8954
693
9775
6215
8412
6155
9701
8462
749
-2700
-968
5190
-2177
8708
8501
-3009
6736
2163
-4598
-511
7047
5754
-2059
-3226
3550
-3694
-4634
-9998
-2357
-8513
924
5755
4250
-583
7375
8394
-6434
-6543
-7045
4251
-4227
5409
3483
-7444
-2040
-2713
3224
3309
1706
3723
6157
5045
1518
6512
-366
5771
1170
4453
-6874
-5212
6199
-5575
-206
1423
521
-3145
2656
-3133
-7144
7805
-3723
-7585
5296
-6686
1305
2053
6795
8976
-7930
-4619
-5773
641
-3547
-1268
3603
-3208
-6236
1835
-5257
-2824
-3536
-6962
-4199
-6174
-78
1829
411
9250
1659
160
188
3458
2011
3742
6901
-1103
-6091
-8554
9127
-8903
2963
-8466
6224
3831
2043
1456
1760
-374
8838
1281
1998
-2028
-147
-9633
-86
-2786
4170
9956
6566
-6217
7929
-4292
3319
-802
3022
8804
-1215
175
-805
1957
-1324
-6070
9824
-1705
-5839
9933
-1559
-4521
7584
6389
5346
9607
6361
-8076
9739
6196
-6286
6683
5500
511
-739
9490
4911
-1653
-579
4171
-3168
2443
6877
-7172
-236
-2088
-1583
-2606
-5754
-2430
8251
-9247
-5295
8480
-228
-2981
3647
6980
5590
-829
-9613
3794
-6466
568
7299
-2078
-5408
6839
842
-8397
2962
684
-3110
-3204
-8728
-4437
-4018
-5436
-2806
-8064
-809
-8383
5806
-6181
-873
5427
-3326
7224
-7542
-9769
-5184
7564
-614
1845
-585
3692
6347
-1781
-7879
-5041
6144
1928
1600
8498
9216
-6289
48
3197
-2145
-9495
-3894
-804
7444
7859
9928
2182
3985
-9005
4421
6046
-4454
4578
-7388
9039
8889
-2635
-2440
9489
-8795
-2441
-6907
9073
-3315
4617
-3425
7562
7516
-3837
-7293
5882
2988
-9615
-3555
-1865
-2595
-3119
3975
1179
-4536
-4373
6882
-3227
5632
-4780
2177
8055
-163
-4413
9721
5698
-8503
-2233
1798
-3803
9322
30
9352
2862
155
-7712
7330
934
-3814
8346
6596
1343
-2251
-6292
-8608
7523
-5279
-681
4336
8901
-8857
9548
742
-525
6501
6990
6552
-6994
-7865
6845
4027
-8176
-495
1642
-4947
-182
-4349
-4782
-7171
124
3805
-7282
-2722
-7271
-8542
7790
9643
-6427
2967
6035
-7584
-1562
3644
5392
-1478
9035
-5578
-9829
-8547
-111
1141
-4137
-1346
1904
-9919
-4062
3606
-4350
-3841
4705
-6215
8369
-9572
1405
7840
-6992
9317
-7210
-8421
6902
-1991
-4976
-4030
2561
8953
189
8471
-8908
-2448
-2646
-353
1470
-287
1297
-4397
-4659
-7325
6751
-2222
9991
-2856
-210
-979
-6041
-3175
5939
-7852
1038
223
6746
-4662
-7201
-521
-8442
9604
-3111
3387
9717
2480
6770
-3807
-8505
5702
-7308
3285
-4503
-5822
-7759
1484
-244
-9366
4781
-2555
9883
2340
3786
-2641
5685
4957
9508
-9282
-7098
1833
2754
9152
-6244
-3185
-3787
-7903
6687
-4429
1615
-4765
-9410
-9960
-6305
4972
1077
1876
8356
5101
-4871
5955
-5195
9990
3446
-5263
9837
-4980
6874
-6449
-942
-3980
-5875
5004
-6610
2045
2037
-3523
6529
-1013
-2281
-1389
-8369
8112
4403
5174
-4705
372
4144
6535
6132
-2204
1977
8430
-4764
9560
-9545
-1046
-9827
1703
1511
6017
-3699
838
8510
-1212
-2378
570
-786
8666
9145
6492
179
5067
-3952
-6085
162
7623
3953
525
9794
-8113
2482
8040
7644
-4428
4822
-6966
-6029
2051
-9107
-6839
-4220
-7541
-9837
-7496
-1663
-2323
-9663
9448
-8742
7884
-2311
-3582
3096
2789
-5847
-4636
-4094
-7865
812
-818
6735
8366
-2205
-1465
-8907
955
7763
-5667
-2737
-8943
7556
7456
1588
1393
1485
7293
9130
390
2005
-5393
5910
6089
9073
9695
1814
-991
3159
-200
9930
3286
9997
-1813
-8456
-4111
7694
9837
2482
5061
2789
5832
6779
423
-6899
-6673
-4014
3237
9723
-6349
-254
5517
-7325
8258
1019
763
6853
5621
6715
-1201
186
8962
-5823
3150
9299
2578
7880
-1330
5629
-6412
5983
-7015
4162
-5797
317
5470
519
9183
55
5324
-5960
-3139
-833
6221
855
-4673
-8996
-1379
1944
-3233
-1816
8530
2476
-8625
-4943
6147
7210
6519
-4528
1789
-6160
-232
-1639
5977
1959
-6022
854
8070
-5774
-9266
3267
294
5806
579
6522
2292
-587
-4189
-933
-1326
-6517
5690
-1299
-2652
5398
-2678
8570
441
-3057
-9707
4172
-2141
-4600
-8519
2523
8171
-5321
5543
-4012
-4459
-8808
1310
-1556
7475
5455
605
8750
-151
5203
-7924
6559
2333
8123
-144
-8548
1296
5204
7162
1696
6223
9619
1711
996
-5545
5615
1569
1265
7562
-8207
-927
8818
-2855
1871
2828
-9020
-1680
-559
1251
-3122
720
4524
9699
9212
1394
-1690
2942
7679
-6230
2591
-9938
1113
753
-8263
8925
2254
5772
-9910
143
-1278
9026
-7643
7731
-5486
5697
-3126
9972
297
-4505
-7603
-6229
329
9774
-2440
-9689
3309
187
4033
7337
-7574
1747
8769
2458
-6015
-5913
-6564
402
5428
3818
-3425
-5360
-474
-4027
-4480
-4452
-5699
4380
-8969
-5557
-7409
-8131
-7787
-7014
-9559
-809
-2358
-557
-4314
7005
847
3687
-8415
5653
-4024
4027
-1091
8258
-8439
-6180
-7886
-7018
9017
-1092
-7489
8790
6638
-8986
-5398
6490
8843
-9572
-9110
-1621
3399
7415
4400
398
5136
6102
1215
1173
-6218
-2163
-718
2749
-8783
-8574
2118
1560
-6766
8114
-9040
651
-653
8850
-403
4974
4863
7580
56
5544
-2550
-2203
-2728
-9720
6691
-666
1252
-6058
9523
-2401
1487
-9976
4617
-7953
-6864
825
7177
-3918
-4064
-1858
8518
3207
5004
-2060
-101
5186
-7956
-2846
979
6291
2469
-3223
-66
9346
8515
4150
1260
-8997
233
6606
5101
-1449
8569
8082
-5406
8969
-5132
9139
-3107
3539
-1676
5010
2385
-9438
5753
-7253
6118
-1575
3277
-6956
8638
-4936
3036
-4109
-3859
628
-6490
7415
-5924
5718
-8590
5024
-7723
-7304
-1831
-9466
9840
6050
6236
9407
-8808
841
2581
-6739
8904
-4093
4782
-25
-6136
6818
95
-4307
6572
3552
-2542
-2923
3697
9923
5785
-9094
-1095
-9800
-6605
-3819
7452
-4728
-9046
-1833
-569
5668
-2354
-9287
-5914
-5922
-2878
5181
-3084
-4598
-1261
3560
-457
1927
-1470
5037
-4348
1347
7441
-4259
3969
-8370
6492
4644
-7661
2952
-6001
2883
-9000
334
-1360
3540
-3636
5132
-8664
-8370
-9021
-4841
-5236
-5937
9534
-1842
4697
4551
-8940
7520
-1004
-5583
-614
8159
7642
-4824
-3495
-9891
-4005
-6696
8360
-9205
-857
-9859
-4669
6220
766
3026
2985
-295
7374
-6659
1753
1387
9489
-9619
92
6014
2090
-9802
191
-3716
-6569
-4361
3859
-8407
-6789
-8167
-7843
9208
5873
-8856
1657
6988
1010
-2994
9790
-6119
-68
728
7460
-5759
4259
-5564
5323
1343
5734
-1901
-3945
-4931
-7591
-5348
3251
-2522
-6523
-9938
5657
-7549
5045
1926
4143
-2358
-1137
-2002
8123
-3710
7965
6510
-662
4040
5359
3511
-306
-7576
-7693
-1380
9605
9258
-9920
6066
265
-4865
4662
-8060
-1785
-2733
8434
-1708
-6424
1036
4376
7554
-8398
9718
2182
3084
-9310
-2843
-3304
-8459
4992
-5409
988
-1589
-1172
-8459
180
1279
6690
7712
1953
8055
-3330
3877
732
9761
-776
7316
-299
3061
-3668
5768
-6334
-2561
5304
-1513
-9080
-6423
-9129
-3494
-9593
1084
4833
711
-7029
7949
-613
-5483
-2389
-1795
-6955
-9083
-6284
4018
153
7648
-4358
3833
5710
-3311
4264
-7061
-2743
-4048
-2339
5250
561
-5842
6436
-7509
7726
2495
-3793
-3685
-2027
1635
-9255
275
-7094
293
-9688
-9807
7627
-9818
5009
360
-606
7802
-4878
4332
-4266
-4218
2847
4620
-97
-36
6465
-1952
5690
9189
-2736
-9299
-7859
8976
-3164
7978
-6138
-9716
-1608
5374
6486
1805
-1177
6031
3846
7196
-3461
-6291
-54
2744
4577
-7598
-508
4890
-7656
5167
-9028
8707
719
6763
5342
9447
2187
-1019
-3777
-1448
-3675
5953
-4900
-7476
1170
-6094
-4075
-1416
-1218
1003
-2233
8599
-8312
-8875
-4473
-987
3338
-6364
-1570
-8930
612
9829
-7934
-7304
2828
-3778
7120
-1428
9069
-9459
-2595
7382
-915
-241
7148
2069
5631
-755
-9059
703
-3472
3565
6949
3278
8160
-581
8085
6981
5805
6372
6850
8578
-7669
-7098
-1064
-9295
-6521
1834
-3886
-4889
-4579
2775
-8169
5290
3495
-6971
8264
-1420
3262
-5067
-1553
1637
7431
-1851
-8263
6620
6634
9325
-3478
9444
-1036
5481
-9699
7107
-5034
1009
1773
-824
4312
1737
8584
5041
-6172
6786
-7479
-9304
-8964
1135
-8113
2872
-5387
6560
2088
9278
-7452
-6778
3617
6918
7983
1027
4240
2192
4669
5278
-1606
-3713
-7888
-1814
8271
9671
2782
6005
1544
5574
9414
-3772
9500
6257
2211
4445
1483
-4325
-1350
-1499
3617
-6986
-4287
8024
1188
4637
5172
-4655
-78
7471
3573
-5193
8892
911
1608
9153
-1877
-6704
364
1103
306
4170
2323
3777
-6582
-5264
6374
-5697
1025
-7881
-5989
4317
-6013
-4128
-9121
-2523
5955
4181
-483
-9776
-4453
1784
-3009
9104
-1898
-4426
5484
-7729
7770
-9836
-7626
2179
-1929
522
2215
8402
8325
-9798
6252
3634
2693
5984
-9605
-9533
3072
6275
100
-5446
-8262
-8162
-8606
6602
-4702
4221
-6289
-4456
6675
5583
-8945
-5484
8239
-477
-54
298
-7807
-6852
-5052
-7108
-7959
-2276
4209
2303
3681
-66
-433
6178
-2017
7916
-1370
3688
-4881
-4167
2234
8541
-4664
7293
6932
3865
-9172
-6203
277
-4270
-8439
2493
3333
2183
983
929
-7287
-6014
1217
-1134
8586
8920
-2865
1685
-9613
-4718
-5497
-7657
4604
-1857
-2579
4023
164
7248
-9811
258
-3326
9237
-1926
-5996
7841
3023
-4640
3658
1136
2446
5964
1583
205
-9195
-7715
410
4604
-4229
-3741
6174
8660
6479
6091
-5930
3041
756
-4183
-5571
7887
-169
4874
4953
-5880
-8370
3253
2450
3799
-3438
4982
9611
-5399
8330
1036
6729
6778
-2482
4829
-1823
-7778
5364
-9867
-8776
9438
-5570
3310
5194
-8014
8373
7141
6926
-686
592
-3966
4124
6690
-4075
8935
-3227
-332
-8144
-2721
310
9112
-6939
3077
3878
1002
-9757
4070
9353
9822
1213
-2798
-3293
-6624
-3307
-3098
-2645
7988
3367
4589
3251
-9234
197
-3215
-2256
-1690
-5780
6411
1053
-8359
-1376
-1988
8988
1597
4981
-4872
-3157
9746
1760
9962
-6321
7056
-273
-2529
3225
2685
5136
9834
5416
89
-1051
8916
-6020
7684
4104
5885
-8901
5315
3645
-1467
-1112
-8761
-2147
-6036
-3607
-6293
-1000
4929
-2831
-7101
-7378
-1417
4970
1318
-1019
432
-5414
5346
57
-833
-8287
-4141
1883
7826
-4787
4272
-8420
9
4512
-7656
-5172
-7423
-939
6100
9925
-7995
-812
1041
112
-9790
7312
-1218
-7452
-5617
-8545
-3370
-4760
-4700
-6185
-7561
-2551
-3351
3884
-9196
-2448
-2904
1456
4406
293
-8509
8771
4122
-4317
-6827
2811
4839
-2808
4122
-2391
-864
1244
8849
7685
3662
-1071
4387
-5871
8805
1001
8281
-9990
-9984
-6998
-4085
-5392
-2568
8949
680
7045
-6266
-452
-1831
-1418
7595
3102
-5637
-8642
-8066
8194
9552
-4225
-3250
6869
1664
4718
1252
-4371
3070
-8436
-6457
-5307
-9319
-553
-5939
-4607
-1173
1753
-1369
3188
-6195
-954
-8897
-8267
-3063
-5582
-3088
-5723
9919
7374
8709
-5955
-6554
7744
5941
-5242
7774
4388
409
1836
1910
-9969
-9310
-9661
-4096
-4506
-8890
2835
-8701
5375
-6537
1057
-9064
2737
2808
-9287
5571
3613
4906
5167
5031
-4866
3262
4114
5280
-3883
7208
5137
-9011
-5888
-4002
-98
9923
-8521
-7903
5328
-2468
-7537
2417
7314
-3700
-2335
-9374
-3520
-2039
-6362
3064
-5296
3119
5408
-6301
2318
-7313
6296
-8005
7017
-7016
-9539
8641
3082
-4314
2157
-693
-4231
1279
1045
6242
8214
-5808
3032
-2677
6271
-5650
5086
-577
105
2076
6986
-4883
6861
-2498
9244
-1632
7569
8278
-1043
-7720
6007
-9937
-6523
427
3098
-7047
-2886
-6780
6553
4175
-475
-204
-6731
-7442
3216
3385
-7459
-8483
7660
-1773
-4883
-3900
218
1735
-8377
-8657
5110
-1025
-4938
1301
-87
6918
2598
7356
3014
-9138
-8932
-4809
-43
-550
7925
2213
5309
-8451
2154
-5591
2794
3278
-7570
5083
-3376
-9546
-4963
6064
-3889
-5931
5620
2322
-531
7528
8674
808
5899
-3556
-4147
8478
-7519
-8011
-8797
1754
-5889
9117
1549
8279
-1685
5832
1483
-8807
5101
6088
-4172
4288
-5040
-1981
1470
9523
-2316
-1725
-5792
130
8905
6768
2370
-3966
4831
5259
2031
-1653
5325
9731
-2604
3399
3491
7772
9266
-917
7965
-9295
2808
3920
-733
-3011
119
394
-7657
-7688
3036
-8688
3076
906
-74
-7253
325
-9115
577
4871
-2015
-8038
2319
-122
7453
-1716
1702
3942
-9749
1826
-359
3209
1811
6294
-3166
6466
-8700
7681
487
5156
3631
-7337
-1786
4998
-6266
-896
-8672
2525
-4920
4335
2911
-1240
-8748
-7516
8946
277
2115
-3900
1114
6079
903
-959
-2845
-4147
-9770
-5697
8906
3637
-64
3639
1990
2289
470
-7695
-1822
-2980
-6277
5344
8368
-6070
-8673
8751
-666
-3598
-2391
-2644
-9388
2408
8668
-9015
-4269
3311
-558
6065
-7279
2517
-9349
1194
8548
-9717
4082
4301
4906
-4469
994
8157
-213
8818
-6057
-7222
2563
9427
1761
4899
-5928
-6970
8758
-1924
2831
3955
4072
5375
245
-4767
200
8593
3052
3270
3599
-7209
8143
-4016
-6847
5435
7503
2840
6039
-9776
479
-1411
-3882
-4422
3836
-8179
-9379
-3687
3181
5066
-7008
2128
854
5262
1840
-2160
3501
-2512
2210
2400
7188
-6402
-8193
7301
-9138
1319
-2433
124
2959
-9009
9661
6803
8576
5945
2620
-7849
-8984
7079
-5074
9057
-3424
6976
7041
9521
-593
7828
3496
-7196
-6113
1365
-5385
8090
5644
8330
-1007
-5079
8736
-4818
6539
6243
-8790
9554
-6841
713
1385
-9951
-1502
2020
6573
-7676
-6569
5135
-779
6356
9388
-3580
421
5059
-2530
-7242
-2513
1212
-2958
9866
-7111
5768
-4200
7605
2754
1555
2627
-6427
8770
-3022
3693
-6744
-7698
-1872
388
8157
-6991
8445
4103
5897
-1601
-3119
-7603
3215
-8121
5519
-855
772
6723
1820
-3108
-4870
-9307
-2106
8792
-1306
991
-360
-567
541
7356
9432
166
2926
1702
2129
6535
-9786
-4989
7410
-1251
7323
-6094
7623
-3160
-5490
1557
8683
-7758
-3257
-2094
-153
-1985
-5032
-7783
-6286
1748
-382
5083
-2291
-7781
-654
6614
-2280
-5248
-1617
-8969
-6683
3863
-827
4740
-7274
8261
-2058
2417
7360
-2838
-6845
1850
-3191
1357
4950
-3539
-186
-9224
1415
7216
-4179
-5555
-7711
-8867
3575
-2882
8505
-5641
-3036
-4676
3535
4938
-3102
-4726
6197
-7377
3046
7879
-6568
3302
-6149
8622
6811
-9053
-7595
2556
1167
2271
-5219
-5961
1060
-5210
-2460
-303
-8259
-1242
-1043
-1822
5476
2487
-8147
1137
4291
-5906
-9120
4175
-4898
-1049
2164
3683
-796
-5157
5822
-88
-4241
-323
3615
-1502
5073
3039
-2692
-5357
6333
-8598
4991
8265
-4991
-1532
-75
6527
5066
8583
-8543
6974
3423
2509
-3710
6730
5621
-3470
-7127
-913
-327
-9684
-414
9300
6019
593
1889
6536
2962
-3867
-1497
5608
-6769
2234
-1688
979
-7273
7344
5035
6048
-7855
-5661
1635
-9392
-5929
-5714
641
-5645
4834
6963
-619
-9798
-1040
7988
-2854
-8205
8291
-5751
-225
-5653
-2043
-8285
-1796
-5466
-3421
297
-9909
-8823
-1787
-4932
2213
196
8980
-5180
-5817
-8162
6300
5301
4545
4676
-7382
-6012
3137
1387
6269
-7186
4154
-8517
178
-8310
-4356
450
722
69
7335
2258
5700
-90
8323
-3100
-5934
-2058
-5264
5691
8104
251
7471
-5826
-5052
-851
-9484
2349
9581
7311
3116
-5882
6461
-9524
-5095
-4118
-1
5580
1188
2591
-1386
478
-256
-2402
-728
-8336
-3290
-618
-3745
-3352
3146
-4799
-1886
-56
-466
-403
7761
5234
-10
-8728
-4818
-2311
-9561
3464
-1332
-3983
-423
5947
4000
350
4552
2754
-5683
7987
-8413
-4423
5176
9976
-7737
766
4289
8173
563
6479
-8953
6778
-8160
595
6597
-590
-4732
4680
-1638
-2273
-7168
7627
4530
-392
-5533
-9393
-7557
4050
-3461
-2087
2310
-527
-5186
4474
9615
9474
-2536
-5098
2580
-974
898
23
-7369
-5019
-7904
-3488
4354
6824
2380
3646
4349
5810
3953
-1006
788
6040
-5659
-4186
8912
2437
2854
-6168
-7293
-218
-1797
4351
-5362
-4609
382
-9411
-2985
4159
-1661
1199
-4607
-3728
-8044
4762
-985
-2582
371
5907
6110
-8942
-1382
-3704
-5585
4787
-7568
6793
5389
-3758
-6856
-1454
6773
607
2122
-2012
-3821
2777
2167
-8326
-5134
3447
-2420
-895
22
623
-7419
-1393
-2637
8745
-5870
-5352
4534
7642
-6993
-4130
-7304
-8676
-3744
-5307
-2113
9433
4524
4241
2283
-6406
-8
-4592
8334
9791
-5857
-2368
-2328
-5730
5248
-6259
9815
-9116
-7367
-6859
3180
-4414
9357
8745
-9778
-2885
9526
2320
-1888
2043
-9080
-6844
3232
-7222
8103
-2117
8540
-5724
-9083
3926
-8522
1175
7874
-7545
-2444
-9441
-7657
4344
4511
-7736
6227
-8846
-8246
-5393
-691
-7491
-5140
8197
6550
-5775
-4
-8128
66
-7430
-5639
6902
-3774
7916
3722
-4808
-5078
-4559
-7136
-5970
-6965
7431
-1348
-7408
-8038
-8250
8925
-2052
6338
9450
1754
-5178
-7674
-1909
-156
9705
-4589
-7785
-6693
8188
6482
-4398
-5190
-8441
4911
-6173
2252
5277
635
-4271
-9396
-3025
-586
-7742
8801
-2220
-3604
5766
4636
-9098
3543
-7886
-4953
-8445
7117
7993
6196
8685
1749
8263
-3535
-3109
5584
-1278
5427
-2671
7826
2083
82
3856
2622
7090
-4844
-9804
3776
-3418
6864
-4084
-827
-511
4953
4297
-9191
-5691
7947
7031
8402
6683
4558
6608
2846
-7073
3304
7514
8792
5191
8797
4462
-30
2952
-2480
4619
1951
-8811
-1683
3676
-533
8205
-813
-1192
8377
-5581
2392
-884
4639
-4429
-3732
-8426
9548
-5634
7064
2695
-7030
-9860
7126
-6376
-886
6742
375
8394
-977
-2154
-4304
-3717
-5889
5013
3629
-5723
7694
6733
-2541
2579
2562
-9687
8641
1830
-8251
5897
-4729
-6756
5775
3479
-9158
-3960
-7916
6384
4140
4130
1689
-2411
4082
-6936
-5318
-5583
2795
-6621
-2876
-1578
-9252
-7029
-1308
-9094
-6469
-3483
5267
-5802
-7034
4268
4905
-4828
-1818
-6269
568
-6602
5497
-7761
-6209
1343
3652
-6286
258
-9445
-1407
1113
8656
-614
2854
7856
9834
7706
-3822
-7489
-5516
7928
7955
3210
4397
2298
7521
-6411
-7992
4099
5867
-7324
-9243
-8401
-8051
6851
4830
-7709
-9796
-3535
-1577
-3255
2628
3686
5796
7553
-4828
3236
-1988
1436
-3657
-7100
-3927
7996
-4200
-5492
-6809
6593
-4138
6984
3917
-2434
-1772
-4876
-5010
-1059
-6700
6922
-6544
2556
-8694
-8365
5742
7302
-532
4821
1495
-3593
-4791
4602
-5176
-7661
-2969
9763
-3494
-8266
-7658
1351
3760
-1294
-4978
7140
9104
-4611
4983
9461
7538
9807
-2321
-6659
-4089
-5389
8109
4172
9651
5497
6637
-267
-3718
-9271
7331
-7058
663
-8645
-3207
9582
-894
6490
-1942
4457
-8840
-2834
-4664
-4890
-9494
4164
-543
-685
-4021
-9699
2396
-286
-2797
8978
-9607
-6868
-1197
-7085
-9910
2027
-9384
7422
828
-8706
-2459
-7045
-4903
9663
-1400
6285
236
-8993
8415
2623
-9314
-2022
2552
-8591
-4618
3206
-2737
-4871
9098
-2613
-5729
-2681
-3215
-8995
-5954
4046
7991
1531
-2627
-4632
-5241
2886
-7132
-1421
-2021
-3411
264
6712
-6200
-15
-4564
682
4018
3528
-1764
-7057
8531
5227
-9120
316
-9889
-6591
-1294
8282
4577
-6338
-6368
-981
-912
-5313
-5537
-5197
-2391
2907
-6120
4263
8799
-8331
-6587
-4358
-7376
-6312
522
1791
-2805
9528
3642
-603
5295
-9475
4318
6147
-621
3353
3383
8315
-4616
7032
3444
7511
7317
3184
1423
7576
8742
9287
-550
-2501
9097
2325
9703
7913
-1105
5769
8614
4132
-1116
9692
-7224
-4843
8647
6694
-6263
-4365
1123
4770
3989
6900
1687
-3175
-940
-3162
-3184
-8903
-555
3345
-687
-9490
8547
-524
-8240
-2491
8051
-5255
2925
-3227
-701
-427
-771
-162
6079
5179
4581
1624
3231
-8129
-3305
-8494
-8342
3065
-6240
-4942
2053
-4764
3046
3355
-8422
8655
2328
159
5054
-5701
-7369
-6425
554
-3026
7485
845
-1114
1585
7444
-2981
-2804
-4499
-5380
-1497
9907
3521
1746
5511
2528
-6584
7975
-7193
8609
6339
3709
220
6484
8182
-5763
-1855
4143
6396
-280
6014
-495
-8711
1953
961
-2096
-2842
-632
8014
-6033
3384
6149
7012
5954
3816
6798
188
-3622
6303
-5504
-8585
2753
1499
478
4154
-5421
-1589
-3866
-6293
-3828
2485
-2774
-3742
-1894
-5224
1921
-1456
-1742
2405
6123
-7372
-9931
-2815
-3853
-5831
-7069
6246
174
2821
2309
-971
8505
-3185
-1139
-8331
-5871
-1453
-886
-2476
-5570
6075
3386
-8376
4503
1482
-8389
-7981
9817
-3611
-4436
2593
973
2335
-6201
9376
8843
8559
8557
-1273
3048
4686
8019
-2567
-2380
4579
-1616
6798
845
3236
1757
-9837
-3655
-6932
3164
-8524
3313
1798
-4604
-4486
-5811
-2470
-3793
3483
-971
2776
-8587
-2959
8893
-7236
1390
4351
-6650
-5587
6545
-2139
5418
-2486
-2424
-8625
8513
-1114
891
-2014
-5025
2457
-6897
-5449
2090
1745
36
6407
1224
-9702
8096
-9047
610
-9087
-9870
-6970
-5735
6317
770
197
5362
-3904
178
8122
-8450
-1866
-3877
-9694
-369
5364
-8373
-3152
3495
-1341
-6524
-256
8110
9166
5424
-4159
4435
-8963
-8239
5801
5562
6601
-1376
-1033
-4089
-6163
7197
9555
2311
-9141
329
7177
-7005
4535
2555
4937
5005
-5606
-7269
2157
-5073
7110
9499
5650
4879
1491
-1632
-3981
9290
3756
8162
3941
-7645
-2515
-4975
6198
3195
-9025
35
-8471
7470
-6979
-2655
7519
5975
3272
7996
5729
-9332
3972
1879
-4148
-5743
362
8606
