-5986
-7364
-3745
-1626
-1789
-943
-1484
-8932
8584
-1895
8438
9382
3267
-3497
-9396
-3288
5688
1912
-9545
-6916
-9454
-3462
7708
-8026
4807
5420
-9178
5512
5141
-1189
5949
5472
-1770
-923
-8675
-7027
135
-2928
-7762
1244
742
-9494
699
5648
9850
3223
-8914
4959
-8137
-6360
-243
5954
415
6143
2450
-621
-5838
3795
9126
7163
-5977
-3389
1793
2820
-7644
-9558
-1039
-5948
-8414
-9755
-5132
7385
-5413
-7633
-6716
2697
2140
-8968
-6895
7605
3831
544
-1310
-8615
9199
-5408
4659
-9673
-5256
4988
8518
-3537
2352
9723
-2276
-3466
8592
-5047
-8558
-6836
6336
8832
2577
7308
-8617
-9746
-9543
-6323
-12
-3343
-5444
-7843
-4736
4200
-4334
2502
4572
7878
9582
8647
581
-6124
7443
8074
-5528
2322
-8818
-3724
-8422
1945
9047
-5075
-8651
-4499
-6232
4503
-4819
9297
5696
-4525
-2575
-7289
1950
1480
6477
5131
9775
-5967
-3258
5681
-2922
4135
-7727
-1218
2296
-6796
7982
1786
5495
5257
-3605
1300
-6088
-3738
-9105
-8309
-4113
-8307
4947
-6630
-8956
1377
-253
-3483
-1952
-8955
-4471
-9182
8879
5115
141
2988
1822
4422
5268
4276
-5818
8429
1728
-6845
-8150
-6764
-5669
6873
-7201
6835
6899
-1807
-3363
8720
-6912
-8308
-6665
-3413
9364
2245
4499
3276
2576
-2713
-8110
3302
-975
-5045
-8355
-552
1205
4884
-9650
7031
-9156
6515
6001
8171
6088
3861
4522
-5071
5639
1823
-9980
3721
-8625
8966
-8526
8498
-9197
-9951
10
-461
-4233
-7564
6070
-3144
7583
-9705
5506
-9891
-2236
6308
9383
-7120
6356
4757
5757
-7321
3678
-117
-7974
-4095
-4795
8244
1059
9077
-3510
5649
7901
7208
1600
-9936
-635
2475
-6106
-8529
-2921
-1010
-5569
-1465
5662
2191
-5522
-6088
2101
-1299
8948
-7632
-8228
9164
4487
-9871
-943
5250
-3653
-4306
-9525
-667
8531
-4666
-5611
-6706
3052
5906
3118
2673
4225
-3328
2315
-4031
4517
7994
-1597
-8155
2953
-9135
6435
-384
-417
-2967
-7433
7443
-4189
9948
-8450
-8828
7771
-9372
-1371
-9286
4700
929
-6234
7119
9248
-7843
-4160
3737
-2631
5076
5811
9598
699
-9169
-9956
-503
-7919
-3326
5111
-6033
2937
-2503
-2215
8888
2979
-8494
-7824
-9822
-7937
4218
5394
7967
-100
-9803
6905
415
-2176
-417
8274
-8114
4518
-7252
9803
-7367
2280
-8611
7246
-7533
-4576
-7597
9995
-5869
-705
-6563
353
9902
2958
-6192
-1880
-6174
1620
8814
5430
-1792
5401
1447
-8611
1781
-9699
-3889
-8154
961
5872
-1172
-4943
-3758
7022
7711
8319
9188
9613
-2544
-9649
1109
5772
-1204
-5168
-5752
8034
9983
4587
-9534
6926
-2609
-5093
206
-1878
-7666
9996
-3496
-7635
-7526
-7530
-5579
1619
5960
8065
-8960
2490
2171
7358
-5623
-6519
3516
-9371
-6693
6368
-7875
-4640
-2258
-6310
-9291
9249
-8504
9055
7314
-5010
-1836
-1928
-1252
3656
1314
-4337
-5503
-6534
1354
-4263
1019
-6606
6428
-8757
-1032
1367
8262
-2354
6210
-3752
3905
7737
5579
3018
-9984
-4977
4740
9171
4395
-9255
-2184
-2555
-1799
-2087
7830
-4935
-3336
-7772
5313
9559
-4198
-5031
998
-5535
-4892
-3609
8209
6153
-3368
7011
-4767
-1720
5509
5465
-5529
-4930
924
7710
-9373
838
-9478
6276
1802
-4090
1520
-8550
-206
3232
1390
5102
8679
-5619
9486
-7515
-3266
-6772
-2852
250
-6523
-4813
-8109
4989
-2368
-4089
-3365
1310
-8308
1992
7694
-4554
2377
-9587
7736
326
-6362
9698
1047
-5186
-5212
5791
-4906
4765
4957
-1214
7498
3814
-7883
1114
-5585
-7506
4238
-8725
-9116
9659
4331
-3612
8567
-1534
-3522
-1927
5222
4322
5303
7783
-8114
-9527
4454
418
3863
-4059
3049
4007
-7294
-1051
-7045
-5689
-1358
-3179
70
-2661
-4645
-2533
4089
1028
-3554
-28
-3704
-7523
-4061
7728
1964
-168
-4936
9487
784
-5490
274
-8869
8342
7987
4205
8439
9137
-2219
4820
-1189
-9796
-9094
7469
3152
-5177
-5735
9863
-6019
-4818
2612
-2682
-13
9364
-2591
-9776
-150
272
3973
1454
3572
3758
-3644
-2845
1665
-1756
-7070
-6872
-8327
8457
-9013
-7983
-4921
-918
-2550
-8460
-3210
6160
-4307
3853
9890
5208
602
-7920
202
6609
-2670
254
3548
-8081
-9039
-1773
1044
5186
-9731
4174
3506
-164
1
9544
8469
2400
-1019
5396
-6583
-4393
-1105
8619
-909
-3544
3919
-9013
-7516
615
9349
9412
-2127
258
8741
4768
5492
7689
8607
6958
-9709
8278
-5958
-5583
8716
-3567
4016
7595
-8873
8110
9210
-155
9689
6372
-9097
-1838
-526
-7899
6113
-7021
6416
1999
3911
7091
-5027
241
1467
-9960
7209
6211
5079
-6334
-5599
-7207
9929
-7114
-9309
1771
992
1410
7828
-330
7702
8723
-4007
3597
8019
-2046
-4199
4810
-5345
-848
3461
7463
-6040
4243
-5120
9701
6241
4958
-6903
237
4126
4172
371
8336
7813
-5785
-6441
-2179
9681
6193
-7421
5750
-5050
2305
-5141
-4298
6875
-6153
5573
-2346
-8420
9249
2582
6280
-2674
3575
7368
5585
-733
9010
5596
2991
-1302
8882
1193
-3935
-26
6342
4369
70
-449
-4290
1554
9849
-8050
-722
-6609
1607
5044
-9491
5942
-1032
6407
-3772
-4972
-5429
6914
-5772
-9743
-1743
-4937
1608
5451
3991
1151
-4700
3143
-8400
-9400
-4509
-6901
-1383
2509
-9996
-6464
6245
8035
-8792
4426
-9466
7642
-3747
-2889
-6320
-9067
8257
1796
8630
1520
-568
9999
4521
-3726
5113
-603
-1203
8825
5876
-4096
-6980
1856
-2744
6354
8000
3659
-6874
-3738
8536
9678
5205
4183
1032
3380
7408
-1431
3557
-1778
-839
9388
-7873
4890
309
-4935
-858
1896
9889
-493
-5703
-4189
-3369
-2123
-6991
-9582
-8484
5012
5529
-2521
7568
5831
4652
-2285
-3899
-625
-9589
4930
-8699
-7661
-5459
-4954
-8449
-6966
7455
9550
6015
-2167
-8881
-1715
1919
-5694
8835
8434
4029
5375
-1541
6703
4904
-9073
3588
3271
6116
4084
3692
-3599
-7941
9736
-1955
-1784
1023
4892
-2082
-5974
-3817
-6828
512
3138
-5947
-4392
1002
2975
-2944
-6241
1867
-3191
2295
4484
-5750
7455
4166
-5114
-8589
-2883
-2767
9241
5278
6096
-5898
3312
4387
-5613
-897
2294
3288
-3602
4974
-7063
8050
-1895
6670
6156
9513
-5535
3080
-2464
8150
2139
4375
7449
5467
6863
-3168
-9038
9017
858
1296
-4469
-1397
-5785
-719
6049
994
8132
-8396
-6046
3722
-4915
-7252
6755
-482
-6645
-6621
-3125
4682
-4378
5952
-8317
-7777
5120
4945
7034
-8497
-3909
1802
-7534
3219
1467
-8814
873
746
3506
1109
5115
-4644
-1460
-91
-2969
276
-4721
-7788
3685
-1658
1285
2165
3846
-5348
-7152
6315
-7206
-4741
-4746
-6330
-657
-8316
-7210
3703
-2027
9684
-8480
-8086
5514
5580
8729
5408
2237
-369
-982
4487
-6675
-2067
-7488
-2526
4539
5400
3772
-6171
-4023
-2016
4224
-186
323
-6592
-5513
-199
2783
297
3191
-9498
-5141
-9825
2410
2345
1926
1054
5854
7965
-8278
1277
709
-9963
6207
-2902
1766
5718
7613
4536
9607
-9067
3278
2454
1226
7468
7470
-6596
-5411
-1754
-9818
424
6758
2563
-9646
3264
-244
-2608
-3135
7073
-3008
8020
316
-6959
-1138
5214
-7181
6251
7110
-1926
8018
-2429
7823
2407
-4420
-9791
4105
7080
-398
8396
-38
6414
7500
-6520
-4470
-7273
-9917
5618
-7682
-7486
-7178
-2637
3345
1076
1226
-4394
9618
2185
-5431
-2716
-3505
-524
5383
-7016
9469
4940
-5215
3107
6672
-4578
-8627
-3165
9208
9013
794
-1962
219
9751
-5891
-8776
-3871
-5502
5116
-2682
-8845
-2776
1761
1365
3207
-1517
3150
6
3289
2700
-4063
7336
-8600
-1168
2650
-533
650
-2289
-7783
9266
6064
-5483
6280
-1905
3397
1127
-9516
3686
8643
-9904
-1555
7432
-6613
5286
5128
2359
-4036
-482
-7531
-5403
-5578
959
5841
-2568
5762
2413
-9705
4847
8225
1933
-428
4414
8689
-7045
-7052
2002
9572
-3280
-3713
-5638
2253
-5981
7663
4242
7675
-6163
-4072
-6979
7169
-3423
1914
-733
3188
1125
-5136
3560
3974
385
-4616
-1566
-7090
9754
9385
328
4218
6901
105
9622
-3666
-7102
3825
2048
7612
876
-6689
-1942
8281
9740
-454
-852
963
4696
9422
9842
2060
6838
-6708
-6863
7222
3238
2646
-9545
8000
4140
3574
9895
5448
-9419
6230
-7576
-5621
-3237
-1577
2738
5022
5902
1975
7685
3702
-999
-7334
-9037
-9933
-4106
9112
8559
-3186
-6564
-5859
-1267
-1440
4145
350
-4072
-4816
-5760
6336
-6823
9950
-1826
-2406
332
-8580
5345
1528
2723
-9421
-1352
7481
6292
4526
-1948
-3545
1934
-110
-4849
-4611
-7174
7027
-3092
-1144
6833
7996
2353
-2344
-2463
7056
-182
-6270
7805
1680
8396
6693
-2741
9558
-5845
-28
-7491
107
-3821
-797
-2099
-5464
498
781
-3690
6905
-3950
-5259
-5401
442
5535
-9570
-6423
-9683
6753
574
2159
4944
3004
557
7170
5093
-7141
5624
-1254
-2614
-4171
-6670
-788
-2985
6013
8665
3299
-6640
-1842
3170
3109
5466
5203
-9755
-9858
6112
3837
-4308
9737
-9200
1945
-6080
1318
-6958
7482
794
4049
1750
-8998
4100
-7644
4527
-7523
-8250
4902
-5297
-9061
-4991
8793
7396
2329
9358
-7060
3545
-4611
-2298
-4029
-4458
5768
4890
9845
141
6796
3265
-1917
-9878
4653
-1322
-2026
-9432
-9519
7778
-5225
2972
-4122
-5217
3443
2862
7337
-1369
7529
2591
5842
-7089
6384
-6855
8324
1229
741
-8073
6433
-9922
-2221
-482
5513
-6667
5342
-1338
5967
-56
-1302
3749
3062
-7967
7578
7187
-8955
632
-6630
9808
-5770
-94
357
-1394
-2678
-284
4306
6933
3080
-173
-7128
-8639
-269
-2283
-6273
-8566
1202
-218
487
-4871
8410
1817
3350
2256
9481
-9021
9763
-1155
-2034
-1619
9071
-813
-9660
-9679
4364
-8590
919
8620
-7337
1503
9144
1683
2112
6355
-5549
6833
9381
-1590
1932
9018
4347
-7461
-2131
4161
8074
-1060
3312
8227
2048
-9271
-9144
-3327
50
5840
6989
-2879
9727
-8373
-314
-9614
-8687
-7333
5747
-3383
-6362
-1858
-1384
619
3427
6588
9304
3603
-5119
9589
572
5707
-3467
3931
5465
-8205
6127
-4521
5098
-5375
-6306
-7370
3240
-7201
9058
649
8655
-3197
4172
-5600
9026
-6609
4772
-649
7224
5576
3827
3925
9510
6707
-7789
-7784
3093
-6972
7768
3918
-7412
-1794
-3837
9152
-9483
817
7317
143
-8708
-7924
-9247
9833
651
-8800
621
9750
-2462
-7551
1432
-16
-4861
3738
-1070
3275
6904
-2536
2236
9672
99
3696
4126
-7456
-7880
9448
-8385
7849
4920
7590
3087
-3392
-8317
-3620
5808
6148
9308
4932
6788
5860
-9821
899
-7093
8457
-2929
-4936
-4744
-2113
-58
8530
-3824
-1522
665
2674
-7748
-978
2036
-9125
-8062
-3406
-7810
-2475
4424
-5579
-3934
4167
-9728
9422
-9806
-1258
6753
5498
-595
5982
9145
7606
-3910
7010
74
-6698
334
-9634
-6498
-8298
-2669
88
-5568
-27
-3178
8686
-2471
-4900
1588
7545
-5728
-1633
9180
1270
6809
5391
-5873
3182
5838
1086
7936
5413
4080
-6655
3631
8510
-6954
-5561
-2945
5067
8379
-6206
-5411
-2334
-8396
869
-6925
-782
1241
-8368
2476
9127
-269
-2683
6749
-1474
-9516
-4494
8666
8924
9011
3760
9103
6228
-2471
-9277
-3269
-3902
1479
-5492
-519
7583
-9861
-7743
-4747
9353
-5584
4602
7908
-248
5251
-9979
-7732
-9253
-7977
-8300
8222
-1689
1322
-3175
8145
9106
-1794
-3731
8395
-3535
6435
3054
3853
-1272
9980
24
9167
5246
4207
9249
-711
-462
2179
-3765
8954
-3996
352
-1705
-6404
9615
-5717
-1227
6378
-7199
-3551
7678
-6951
8824
3673
3149
-2592
6649
-9608
-1395
3265
-2533
5556
420
-7041
5695
642
949
-7644
-2685
-8582
-1458
2783
-3408
-3584
9499
-2583
-8024
80
4620
-12
2186
4731
-349
6782
2234
-4006
1461
8898
7742
9618
-7964
5741
6130
7107
-9162
5405
2908
9953
-9508
6822
-1580
2709
-2942
6192
9227
-1899
-3968
1154
-7359
-2660
1781
-1246
-2745
2431
8435
-7272
9629
430
-3274
5375
2978
3047
3603
3876
-2244
-870
5934
2196
-6476
-2581
-3078
1581
-4571
4644
-9759
6745
8953
3384
-3545
-6044
7029
7841
8398
-5348
2403
-7612
5379
7365
-7022
9768
-8718
3888
-6161
2911
-5754
3123
496
4447
-6110
8090
3364
-9219
-8845
4944
6779
-3805
6341
-1964
-6731
975
164
983
6920
-3080
7277
3043
132
-1473
4623
-9197
8223
1443
6301
5540
-4878
-8627
-387
-8795
155
-3343
-1739
5064
-2185
3905
-3082
9749
9348
-8593
9118
1018
-5747
8684
-7432
-2745
3859
-1688
5584
5327
874
4791
5906
4465
9421
3378
8281
-8614
-9137
-8481
-6419
5570
-2842
-9998
5033
-7464
9962
9621
-3692
1276
280
8559
-8133
-8915
3117
318
-1309
-6910
561
-8115
-4573
-786
8552
9775
-4060
3313
6263
412
-8515
-9009
-2513
4605
-2640
9489
-7734
5317
-4352
5567
1398
6387
5262
-2374
7764
9054
1154
3183
-7286
-699
-3272
6108
7091
5733
1831
-5404
1592
-4406
-312
5702
3435
5202
2830
-3187
5790
-441
-7136
-2462
9268
2709
-2692
1644
-645
1855
-6610
-1087
6004
8393
281
-3072
-7913
9383
-5998
-777
-4813
7118
6009
4883
938
-9283
-6084
-5289
6742
-1636
-1880
3602
3102
715
-9217
-9267
-7350
-4614
-8670
8531
-5569
4410
-833
780
-3550
7514
-1062
1231
8269
6885
-1532
-2411
2850
-6834
4061
-9454
570
6972
-9285
-5806
7687
-736
-6509
-6649
580
-3910
3834
7052
-57
1542
-9
-683
4519
8759
7856
-2770
-4128
2129
-4100
7906
-127
-3395
-1964
-9313
7034
-6719
-978
1193
523
-3848
3118
-9936
552
9073
-5609
-3098
7487
7232
-8507
7338
-8844
-3601
-9528
7751
-5595
4032
9482
1449
-9970
-7390
9169
7628
-1156
4
2601
4848
-1367
-3661
-2027
3836
2403
-4444
-7374
686
1978
-9669
6486
-1035
9870
4083
-2750
521
6247
4534
-3624
-634
-8413
4375
-6939
-1913
7648
5042
1821
-8397
4812
-2420
7643
8193
-1972
-9890
-7483
-5091
-7404
8293
2233
-5272
-3046
5407
7718
-1300
-6694
-4033
9989
2874
6089
-8251
3264
52
8376
2046
934
-86
6395
3086
2501
3380
-2731
-7189
8352
-7592
3548
5755
9872
-1456
6829
9276
4559
-1486
3854
-4943
4518
-5431
-8489
5286
1994
6049
-6185
-7861
-7463
7609
3439
3012
4192
5353
8944
-7933
8155
-5092
9624
-420
3732
6104
-8329
-5008
3700
-5529
-5104
7470
-6706
-6583
600
1107
6595
-6096
8493
9658
-5796
9076
-3549
-7207
-9279
-9354
-3379
-5043
-6514
-5679
4855
9061
6344
-2093
-665
-9001
3699
9860
-7533
2590
7697
-5826
5295
-3488
7809
-8651
5162
-1820
-8513
41
6293
-42
3113
-2871
2096
-4897
-4294
-1847
-1559
8308
-2323
-5244
-6343
-6180
-1853
-8171
1388
-4322
-4756
8808
5323
-4912
9544
9097
7132
5329
-7589
-489
-7177
3492
2556
3521
3966
-379
2278
7232
2848
842
1603
-728
9199
8472
-711
4564
-6611
8885
5806
-4036
77
-8495
8166
-9972
5258
2640
3118
5133
-7517
-7723
2646
0
-8620
6940
-4089
246
4726
8133
-2653
344
6640
-5281
7297
1774
-2143
-2292
7988
-3119
679
-8813
7271
-1508
2661
-3075
628
-3200
-9250
5975
8225
4089
-3551
-3975
5265
-8999
887
-5791
9416
1819
-4063
9255
-1565
-782
-9325
-324
-454
-4468
-125
-5709
2735
-4484
8712
4306
-7379
-205
101
282
7448
-9416
-9019
-2438
2835
-6294
8043
-315
4707
4725
-4373
-7388
-6144
-672
3386
-5662
3719
-2008
-9479
-3977
1621
8062
8537
-4448
3348
-3951
-1854
7565
5930
6734
8291
-6718
-8215
-1374
-47
-7155
-7819
4564
7536
-2736
-1015
-3582
-552
-6206
-6044
5509
-6169
-5199
3129
-9380
8604
-6679
3803
144
-2697
7112
-8087
8657
-556
-4312
505
-6382
443
9591
-4971
6909
-8035
5638
4187
-9022
-2816
6348
-1308
7586
-6560
-9752
-411
-9245
-6587
-4117
7539
9647
-3836
-335
-5949
7697
4618
777
-7630
-215
-5406
-5943
-8079
-7301
-1984
-5436
-2893
4688
-7854
9067
2822
4408
1938
-7218
-8580
-9224
-2269
6977
7928
9444
-666
-2038
5346
2957
-3150
9849
8936
-671
2274
-9089
116
9834
-459
-4192
-9132
-7202
7946
1332
3456
2462
-5007
2079
6719
-9892
5736
6720
-3003
2838
-9874
9187
5024
-1259
9920
-9431
-5027
-7354
3062
-7157
-4059
-8040
1365
-2859
8696
-5952
-9068
-8285
-4260
-2541
-2861
8629
117
7819
9577
3043
5719
-1395
5846
-8376
-5722
8493
5968
-3443
-8739
2873
-7495
-7578
-7059
-5782
8837
7760
-4015
-6370
-9592
-3159
1582
4362
2212
-4601
3284
-211
-3152
-9160
-6482
1437
2686
6848
3746
-6397
5222
-7206
5153
-8362
-6126
8479
-2081
-3437
-6813
-1047
8346
5590
-7192
9758
6389
-885
-3415
6916
4597
-833
9330
8826
-6867
-1730
2026
-3969
-6983
-2832
5449
189
-8543
1254
-1151
1570
-5786
5599
-1981
-3103
1891
3508
2715
-2664
9141
527
1505
5381
-9641
-9029
7330
-5011
-6222
-6247
1645
-618
619
9932
6867
-4531
48
8616
-430
9342
3910
1013
776
7518
-9480
5716
806
-7108
9203
-7992
5101
-980
-2470
-5251
-9514
5027
1595
-6530
5628
2873
5145
4217
-8002
759
1711
-8154
9126
-6469
3783
-3242
5595
456
4439
1727
-9107
5630
9265
-461
7597
4679
2106
-1581
-5073
-245
-6056
-2326
3527
3788
-420
-5966
-6670
3573
309
1219
3190
-815
-7990
-1927
6718
5775
-4136
2260
771
2329
-2749
5266
9545
-369
5636
4193
-9648
-306
-1103
6693
3581
2877
6744
1727
-3126
492
8120
7830
-9650
-3423
-3465
-9217
-8778
-5296
9582
-3166
8912
-7537
-5578
-8070
-6594
1697
-9224
-6634
6894
1920
-5360
-2764
-3633
-7183
-6975
-3912
-2560
4433
7423
-2841
371
-9226
-6519
-4092
-3862
68
-4216
-790
-6443
-6312
-3012
6857
-3722
-7150
4272
-8172
-5973
1012
4252
-3785
2882
-538
-2764
-4888
5188
-8124
-1141
-4925
8578
-1082
6450
8967
7504
3380
-5749
-4267
473
3087
-7568
6761
3798
-734
-7810
-250
-7804
4045
-3751
5916
8039
-8731
2955
9934
-4179
3395
3544
6025
-988
8970
-8520
7965
8975
-9571
-9577
-4322
-7158
2172
-5234
-3974
-6784
-7082
-3979
-6321
-2726
-9848
-5623
4547
-8844
7906
3090
-3759
4601
-2092
2430
8374
2911
3927
-1058
-4755
3331
4494
-2891
-5748
-507
9699
-4370
-3540
-5059
9683
7179
6008
-3001
-7279
-1905
9657
208
1516
-1829
-9088
-453
-7390
7578
9012
-9102
2405
1484
9790
-9681
3673
-5126
1655
-7213
6812
4757
5916
490
9288
7134
3672
-5232
-6395
2551
-3898
1504
7622
-2856
-3080
-1653
4834
9645
8047
9560
1351
-1895
-2096
8075
-2828
2872
2070
-9086
6628
-3328
-677
9913
-6289
1704
3970
437
-1653
2342
8695
-7705
-3217
9574
7972
8611
1368
8936
-6651
6726
-7290
-6740
9616
6303
2556
5783
-7290
-5096
-8657
-8028
2627
-7733
-6086
4808
3022
-3068
-4950
1262
8714
2209
5570
4551
-6507
-8715
8023
-4707
3927
8848
-4182
2896
4308
-7685
-4423
-4347
7697
-6422
3910
2222
5987
7240
103
-4309
-3205
4758
-3985
6563
-3522
7259
2387
6267
196
-6650
-7752
2832
8430
3415
4685
-6135
-3886
-1715
-9736
685
-6493
203
1979
8872
-6091
-6152
-7175
8104
-2443
-4036
-7580
4725
7200
4843
2753
-2253
9511
9087
4166
2725
-143
4734
7814
-7689
1218
1075
-4603
-9754
9970
-954
-7802
-6495
5281
-6702
570
-6008
5187
-9617
4191
7405
-2029
8924
-9484
-179
9470
3734
-9655
3492
-2208
-753
-2735
169
4902
-1205
-5750
489
1549
2790
-741
-7656
354
-6320
-4849
-312
-2001
2184
2835
7344
1151
8719
594
-6858
-1986
3206
-2481
-4202
8652
6258
-3636
-3648
-589
2140
-836
-4523
-883
724
-1898
5377
3037
-1684
-4161
-9120
7840
7843
-7135
-7963
-7370
-2558
-3094
-9479
-7618
5534
2041
-4131
-4673
2503
4285
188
1977
6841
4670
-4144
-7767
-5392
7408
3461
-2492
-6504
-9414
3710
5727
5617
-3053
4092
-915
-2598
-6310
3667
4116
5473
9509
-5631
-9878
7202
2931
8498
3321
5713
8946
1132
2580
-2526
-5603
3259
-9867
-1995
-6000
-4273
2576
-1461
-9239
973
8098
-2387
-4270
9175
-7318
3975
7505
5083
-2107
-3646
8741
-9749
-1569
-3321
-7618
4012
286
-6462
-4630
-1869
-9320
8488
6502
-7418
-7404
2356
-5675
4220
5359
-1849
7576
6205
1570
7435
-7362
6116
-107
-3441
-9931
-857
-5974
-694
-3108
-3123
-3863
5840
4143
5180
-7798
7060
3903
3803
-9093
6057
1495
-5002
9161
7883
-4422
-3401
-1885
-3408
-5855
3926
-7498
4056
-1108
-2789
-6217
-4814
9972
676
-5244
-9462
245
3499
-7158
-1452
444
-5137
1216
-4958
-6515
-2151
1643
3229
8123
2638
8563
5566
-5060
111
7953
6
-3207
-8555
6680
6094
-2549
6686
7531
1026
-6786
7809
-6962
2854
-5260
-6687
5265
6482
-3086
6321
-4778
1700
4682
5674
6880
7688
9182
4002
-2557
5057
-3650
8702
-4560
-4778
-1433
1340
-1359
-3158
8523
898
-4440
-3392
395
-4163
-820
7165
5394
674
-2100
-4287
-8474
-3645
-9854
4382
-870
-8917
-4694
-2323
-7069
-1118
2987
8249
-403
9948
838
-3772
2473
-9777
-9719
8319
-9695
2605
1910
3378
-2283
-7829
6783
7907
-7177
-2234
-874
5141
-6579
169
5696
-9603
-8079
6942
-7268
3245
630
8155
472
-1356
3084
3903
-9496
-2090
8383
9537
2894
-8319
7093
-4063
-8047
6869
-8492
-3128
5218
-8143
6089
6041
5778
8635
-7156
-5279
2693
9923
-2623
-2567
3895
303
4503
-7727
-781
-9496
2925
5262
-4758
2531
-3798
-8887
-4466
6274
-1141
6086
5158
-935
5218
-3166
-9519
-9313
-8716
6278
6177
8564
-8465
5357
-8121
-2816
-9419
-6102
-8288
104
-965
-9691
-3715
3768
-3032
-1224
2801
6734
908
5617
-2467
-6881
-3192
4036
-3317
-3098
6904
4878
-1232
4569
-7408
750
3298
320
8493
6955
4395
2129
-9763
7583
-8400
-1530
4276
2447
-4477
832
9291
-1855
4697
8821
-6927
6461
3884
4122
-9558
6310
-6432
-3103
6842
6578
7689
4602
7441
-7496
9417
-788
-8674
-2471
9823
-2030
-1619
1511
-8734
3754
7528
-6737
-7554
4992
-3778
-2944
1853
1536
4064
-9023
1657
1468
8049
5322
807
7183
-260
8008
-2128
5972
6670
-3899
-9553
736
107
-8319
-1852
3470
2399
4088
5160
-6761
-1989
1940
-3092
-2773
668
-1369
3946
4893
-1992
6198
4182
-4588
7001
994
6205
4827
-9924
2888
-6321
1938
7690
-8298
5654
-9708
-2284
-5609
2830
3135
-4247
2951
-2228
4362
-8947
4878
5773
1
4641
2958
-9367
-7316
-2821
-3101
-7316
6549
6813
-6739
-9418
-8048
-4232
3963
-5704
5792
2493
-4098
-3289
3416
4301
-3314
-8247
-4900
-1825
-9411
2984
-9712
-4058
-1107
-6194
1387
-1793
-2848
8158
-9279
8568
-6483
8876
-5524
3977
7950
-324
-3149
7811
553
7002
6682
9630
6383
-834
3635
8587
-3948
7495
-3789
2590
3188
-1282
-3330
4191
-8722
4739
-2603
3040
8347
7454
9453
1126
-6665
-5640
-4997
7614
2983
458
-4993
-4608
-8600
-8357
7948
-3862
-1027
1165
593
7120
1738
-7117
2422
-9583
-9649
-6601
3616
-6775
4651
-7963
4863
31
-4296
9419
3347
4740
1950
-2852
6468
8506
-6647
-4071
-3770
-3493
3221
1953
7950
8326
6304
-5844
7863
-150
-3301
6557
-9978
6710
-9540
-1360
-9864
1640
-3460
-7463
-2005
-3554
931
-1686
-4449
-969
-5558
-6222
4657
-627
-6189
-1699
-4262
6346
3751
9144
3397
-9187
-7001
1814
9760
-7417
812
6417
-3645
6524
-1227
-727
7789
-5369
-8644
1256
-69
-4442
-4244
302
7870
-6165
-5042
6429
-5210
-5181
9777
6227
7615
8662
1297
-8081
-5179
-2801
1029
-581
-1227
1875
-7685
-9204
2579
512
-5432
-4941
7533
-8140
6431
-7659
9376
-6986
-8843
5159
-6487
1439
-4216
-6122
4904
-7132
-7493
-1449
5602
2640
-8784
3840
6697
-5369
-8534
9909
-235
-5911
6739
2583
4354
-1873
2466
4120
-4192
-3073
2081
-1664
9113
4838
-3312
7938
9585
5134
7576
-9422
-4350
4237
-4814
3136
-7394
2779
3505
-1048
4691
-5098
-3507
8009
2669
65
878
5132
3922
805
1968
5581
-829
-8073
8682
-3813
-4407
9425
-8079
-2550
-3999
7793
-7228
-3924
3204
8580
8599
-2602
8826
3980
-2169
-9009
-2573
-6860
-7898
-224
9724
4253
6264
-4591
5065
-2287
5141
3648
-3993
-180
-8451
1580
5910
851
-5769
8072
7758
-9633
-2306
-5202
7866
-606
-5578
2766
-4165
2134
8450
9333
6252
-9344
-8225
8224
-7798
1484
7987
-8614
-4353
6362
9486
-1975
-1736
-2413
6532
3241
1876
1310
-4071
-4188
-6224
514
900
-3804
1685
5652
3335
-6714
-377
-7221
3036
6059
-2473
4725
4688
-1694
881
4086
-8243
8022
-7594
921
-6043
8351
4131
-3113
-7295
4259
2743
992
1097
-9128
742
-2409
-4481
4762
7670
-2983
3797
8770
3896
-8907
-6178
8289
-9636
811
2777
2519
-5454
2422
7006
2556
8795
6986
9122
2023
-6288
7793
3134
6153
-8210
6491
-3244
-109
-9773
-4376
-4819
-9587
-3690
7324
-9218
8055
-9889
4637
2740
5308
-1136
-5709
-7386
1481
-7873
6112
-5202
9125
-1613
6492
-8545
3502
3874
-3481
-5768
-7881
6822
-1715
5555
-6272
-2544
29
-3413
-776
-179
2891
670
-4553
-4026
-234
-9745
-4214
1186
4979
-9421
-7442
-4270
-7754
-381
2563
-3313
2571
4376
-6886
1130
5566
37
9715
8046
1291
4580
4123
-5189
7506
3411
8813
343
9927
-9021
-7676
-6749
2990
-6426
-45
-3153
-1294
4918
9036
-2940
-9147
4896
-8877
-1220
-2336
4162
4669
1387
7144
-204
9615
6853
-6477
3738
-5473
-9388
-1943
-4037
1666
-2867
3737
8430
-7328
34
7266
-6773
-8406
382
6599
6645
8859
9235
7
-6572
1002
-1675
2163
2669
5055
86
-865
-8750
-2111
-795
-3569
1179
-7876
3514
-444
-7510
-6798
-7115
6214
-2328
7471
-6663
2587
4585
594
9529
-6765
-8221
159
-2959
-9191
1880
-7050
1494
-5475
-4115
-1778
-293
3277
7677
9676
-9592
-4806
144
7568
-6272
-9550
8474
-5659
-838
9880
1906
-2186
1991
4235
1015
1230
-6394
8754
-726
-6022
8257
-8418
1613
-1064
1915
3025
-6911
6411
-717
1671
-2304
-6606
-7205
1783
-1825
-4909
2846
5211
5915
697
-380
4416
7101
4241
8214
-6348
-4622
-8377
-4246
271
-1807
1065
-6008
8487
9062
6268
5063
5678
892
-3180
6231
3430
7566
-5395
6417
1356
-731
2320
-3536
-5256
-7591
4853
3381
-5694
83
6152
-1133
-7514
-3917
6178
-4655
1925
7296
5623
8721
7999
-681
-822
2895
9698
7059
-6284
885
-7871
6813
5612
5920
-4053
2544
-4725
4906
-4366
-6953
-3568
3984
-7312
-1242
-3752
-9427
-8866
-2417
-9974
823
1888
-5318
-2442
7925
4581
9272
-6072
8664
4525
9811
9705
3426
-592
-3110
5277
9884
4978
-4485
-2487
-3422
1540
-2568
9280
-536
4625
-7671
2251
-6416
-4680
-6184
-3934
-3415
3049
-2904
5865
-4060
8600
9651
7302
867
3065
1683
9523
-5316
320
3037
4742
47
7223
-8170
-6850
-1599
-70
-45
-8431
5801
1283
-4155
4803
-4332
5469
-3886
1185
8884
2680
5099
3521
-8873
9390
6824
-6985
9706
-4467
583
-8731
-1246
-8254
2982
3063
-290
-7774
4978
7877
-6638
-11
6458
-965
9655
8259
6658
3570
1083
3577
-9336
6434
308
-4585
-6576
517
308
-3969
6663
-537
-6038
9411
-9527
4551
-2160
-9910
7947
6882
3717
5921
-3907
-4892
-1574
-3151
7267
-2333
-4301
5384
8308
-3285
-9524
-1281
-6547
-1099
715
3765
-5750
6128
-9901
8262
-9076
-4569
2832
7889
8875
-8245
766
-9469
-2842
-1797
2238
4165
-1935
9417
-8916
-480
5748
7992
1966
-5380
-7883
7319
9223
1379
7276
931
-8914
-3573
-1381
-2983
2671
818
-3683
7637
-9128
-9488
-1069
-7432
9558
6622
-6285
-6246
-8646
-1626
6888
-611
6791
-2164
4910
411
5111
-397
-797
6243
728
-289
1077
6146
7829
5374
1695
-8756
-9510
-9036
7991
3494
6484
-6174
7869
904
1331
5916
6903
-7881
-1199
-9953
2793
-3212
7583
14
-1924
8566
9134
-1038
2590
-8895
2336
3649
7849
4052
-5321
-702
-5990
-359
2082
7881
-8065
6845
7938
7575
89
5934
-2200
-8599
-2127
-2444
699
1728
7744
7974
9080
-2455
5045
-9952
-7575
7901
4908
-5942
-9360
4403
-2881
4171
-7528
5916
-8745
623
-210
-1109
-1705
1595
-9461
-8765
9832
8098
-7118
-6965
9494
5146
-73
-1381
4262
-4609
-8115
2000
3035
-5074
9823
-5606
3994
5946
-5896
3407
-4407
5870
-4687
9365
-6240
7498
1771
4982
-4117
1603
3909
545
5227
3586
7891
-1202
445
4542
6452
8590
-2159
-7222
-6706
-5219
7086
4458
-1320
-9331
1676
-3927
-9091
-2517
-3649
8487
-9467
1039
-5656
-5735
-5087
-4495
-6087
-3936
-7484
-2227
-7668
-4015
-3698
8735
6622
-8909
5753
-4197
3894
2256
703
-5211
-5248
-8147
6263
-3845
8846
-2429
-5911
-189
-7371
3958
-7801
4730
6697
-1076
-3820
2092
4657
4616
8685
6921
-1547
-3747
-4109
6074
-8670
5123
9755
-8612
-2439
-8929
928
6572
9349
7707
2815
-5041
-1454
-5084
2408
9573
2922
-1942
2214
-2692
-5694
-6947
4362
-8889
6299
6875
-9761
-9310
6491
-9701
-4601
-3159
7533
-36
5684
2719
1639
-2172
6817
-2867
-4421
-726
-806
-3967
8990
2677
5487
9110
5791
-7454
-7651
-2796
-2220
-3646
-5731
8394
2583
-1908
-674
-5943
-2100
3666
4575
204
-8256
-4352
8292
-1291
-9072
8070
-2565
6602
-620
-7817
-1938
3365
5471
-1708
7176
5625
-9652
983
-9813
8189
-8199
30
1958
-2730
-8360
2123
-5545
8010
-5180
7120
7875
7046
6278
9006
-4433
-8892
-1411
1801
-5766
-1694
-7657
2121
2492
6697
2928
-5458
-1390
-9926
8914
-1125
5982
9456
9519
-7709
-6986
1349
-2429
-6894
1616
6630
9484
-8542
-5806
4988
-6240
-4039
-148
8287
-2287
8076
8558
-8441
-1713
-1306
-8532
-9684
7394
7557
3202
4898
-3767
9712
-8350
-9271
-143
-7730
-2057
2262
-713
-810
699
633
-7945
-3225
-2651
1144
3273
-9974
243
1354
2649
4080
1263
-993
4870
-2074
-3612
-4335
7387
8042
609
6099
-7738
9431
-9856
9564
-8721
-9771
-5610
5751
1932
4433
3138
-6843
7412
5591
-3686
-5290
-6805
-1697
-368
2485
3623
-4905
-8530
-7322
-7032
-7157
-8976
-5483
4896
-1924
-8799
-4855
-7732
3957
2510
1169
-7699
3829
5668
-597
5779
7543
4258
-2859
-5889
4009
-5704
9202
6859
-4831
1601
-4499
1879
-1499
-7983
-1696
-349
4824
6270
9817
8872
256
-6919
-3856
-6584
580
-8223
5992
4933
4409
4734
2795
3591
4897
-3323
-2344
-2268
8105
-24
8508
2846
-4612
7522
7052
-7487
-1097
1353
-9644
6139
-879
-2740
-7417
-1210
-3693
7343
-5254
-8110
5328
-2142
1664
7798
7213
-7185
-6779
-1526
4474
-4991
-2801
8568
-8579
-8016
-7032
-4870
7269
3798
7539
4281
165
-8130
-5433
-4316
-3167
-8944
5783
-5237
8556
7441
-1255
4652
599
8475
-8699
-9801
8331
-9158
9139
-6234
8232
-3268
5862
-4672
9517
9115
-3637
7526
-3898
-262
-4508
-2718
9840
-1703
2033
-5310
-8571
8951
-6374
-6698
5402
3843
-7216
-7129
5283
8824
153
-9692
5929
951
4845
-3031
-5358
-7964
69
-5560
-3209
-1340
-1573
-6194
6841
5493
3565
5244
-3865
8000
-3592
4493
2518
3050
3634
-7244
-82
-9209
-7243
-7585
-7392
-3013
3785
3076
-4439
1910
-5965
-6575
8019
-3649
-6155
1047
-7461
-4309
-325
-5844
8563
3894
5782
4150
-9033
6633
-405
-9102
981
-2954
6533
-413
-7310
1497
-2284
-4239
-9188
2421
6710
-6521
-1250
-7823
-2887
-4038
-9616
1105
-4833
8020
-5409
