3953
-9991
3366
2931
-8974
-206
-9215
-1043
-5253
-1969
-6639
-7647
7776
6575
8289
6137
-1672
-2808
-1682
5974
-8615
3351
2197
-3609
-5715
7224
-8182
21
550
9100
5951
7173
6951
6569
-9001
6725
4723
673
-8878
4345
6602
3390
4768
2113
-7455
8094
-5122
-9648
-3963
-5527
-7388
-1860
7852
8296
1300
-7497
-2115
-1498
7038
-8039
7606
-5729
-2102
906
6877
-1435
-9710
4435
3214
315
-7180
4631
-5446
-334
4890
-5306
-3277
5795
-5123
-3898
3669
-2860
-5420
-4987
-6098
-3945
2858
2344
-3386
1482
-4139
-8196
-5265
-2690
1289
5300
-3801
-2192
-4347
3452
3414
8611
489
-7048
-3312
-4555
3689
4466
6874
6860
279
3200
767
5358
3499
6902
-6379
3986
-4502
-1810
7558
-7622
8208
-378
-1547
1683
-9814
9364
4539
9214
1860
-8106
-9330
1970
2318
281
172
-7837
1316
-9036
-9114
6799
7864
1058
-8885
-1647
-8215
-9904
-9675
-7619
-4317
2682
1052
7254
-4272
7053
5686
2882
-6636
7455
-8571
9368
6963
413
-3968
-4015
8071
-8863
-2464
-8844
5184
4536
2177
2860
3300
-5605
1451
-8394
-6950
4042
-5129
6086
-1830
-3440
2948
-7703
3706
3391
-6457
-4584
-2482
970
432
2236
8309
-3333
5786
8364
-2270
-7989
3605
2460
6267
-8945
-4139
9935
5516
7544
330
-2775
2300
-6620
-2753
1701
-1495
5324
1758
-1876
-6785
9895
-3004
-5377
1451
-2529
-4603
8835
-9167
6512
7647
-3915
-8298
-833
-7013
-1640
-7902
-1573
6049
8967
4815
588
-6970
7453
-8998
4195
8628
9390
8681
5895
-4685
6359
-7729
7530
-8176
8791
-5138
2671
2909
2840
-593
4546
-8278
-2626
631
-8359
1623
-1749
-7084
-4443
-1510
-7863
-3231
4400
-6044
-8043
-3342
7084
2614
-719
8157
-5100
-9400
2013
-2257
5343
4352
-460
-9231
9039
4406
4299
7106
-7724
6225
9803
-9579
1639
9904
-7417
-8267
-6161
-8760
-4900
7391
-27
-1589
-3084
5113
-6363
-8554
426
5080
3838
8299
-7068
7634
596
-1773
-7777
2636
-8075
7776
-5859
-4858
5282
-6304
-6879
-8516
-6664
-8376
-1877
-9660
8301
-5252
-4629
3876
7847
-5655
6510
2006
3369
6978
-5462
8478
5023
-5282
2722
5216
1392
9372
2058
-9077
9201
-6219
-1485
2313
-1159
8558
-6702
3622
-1664
632
-8811
2032
-4275
4731
-6291
7085
8004
9443
-2623
-6547
1702
308
6514
-7242
7151
5010
-1232
5504
1798
8104
3193
-1215
-1517
-4847
-7681
3418
-2243
9716
-1310
6117
-6914
-2847
-6702
4
-716
-6820
-4718
9593
-3349
6947
3558
5520
-1728
-565
2047
-8605
359
-4682
6514
-5692
9480
-6777
6810
-7256
2985
-575
7209
3276
9127
7142
2225
6997
7056
1806
5674
5850
-1349
9092
3746
5014
4879
1100
9260
-1892
-7581
9572
4831
-9134
4995
8294
-7237
-9711
-5819
379
-3929
-62
-2121
-4513
5313
-6321
9361
-5293
3226
-4272
5911
-5412
-6838
5801
-3372
-1660
-2121
-3361
9674
2414
9951
-9233
6661
1658
977
8214
2681
-3413
2418
-785
8548
-912
-3124
8765
2182
6862
-8436
-6993
-3200
4674
5638
-2698
-3791
5711
-4142
-8833
6333
4247
-1907
-8911
-1343
125
-1101
8645
1644
8868
1472
4037
-9875
-441
-9518
-6475
-6873
-720
-5177
-2873
7860
-4301
-5442
-2910
-1860
-3294
6117
-6021
7318
4404
-8710
7978
3503
-5775
-9395
561
-2956
5831
900
-8181
4976
8664
6207
-2082
-3939
-4386
5040
-6227
-9102
8319
-240
-8889
-4465
-9886
1340
-541
8269
619
6925
-1706
-1735
869
-5695
-4113
5759
-6437
-8513
4694
-2487
-9641
228
-4771
-5877
-4130
-515
-6110
-1701
-9123
-7621
-1427
-2772
6728
7493
-9416
-9620
5437
-3499
-3383
-319
4029
8723
8176
5720
2676
-3619
-2265
7956
2284
6730
537
756
8812
-5125
8647
9848
-6678
-4202
1642
520
-4171
3630
7942
-7276
-4297
-7297
4771
-7450
-6434
373
2634
-6616
-7770
-5847
4549
-8705
8605
-6221
407
7805
-2300
-3468
8024
-1862
8895
1764
-264
666
1256
-3082
1951
-1851
-3952
-5263
1175
-8989
-8040
-5859
7096
5266
9408
-2720
362
-4735
-4414
-4093
2875
-683
4164
6804
-758
7251
7985
-1006
8156
6128
-7374
3918
-9725
4889
4047
-3006
6546
7309
9563
-1140
3610
-8896
9464
-2388
-6967
2761
-1836
7323
-5188
1969
8810
-1004
2868
-4532
-9607
-5079
3579
6351
5436
7895
-5867
5540
9814
2934
-8708
-8859
-2678
-6400
2160
-7233
3044
-9399
4863
2718
-2898
8749
-2512
-3697
4528
-3210
450
-8582
-4540
8647
-9150
821
449
6508
-3478
9648
9921
4859
-5377
1682
8498
-203
4883
-8204
-8927
1297
6233
-1753
4141
3291
4230
-3539
6323
1629
1013
-92
-6527
377
-4883
-3565
2875
8903
978
-5128
-487
-4157
8202
-5049
-2968
-3208
8061
-6179
3573
-2129
-8843
-9835
-3922
2868
-2901
4349
-9581
-9279
5736
-6935
4705
-7187
-3025
8915
2495
1005
5793
2880
-4231
1242
4489
-7855
7316
3035
9939
-5204
-1937
-5742
2806
-3639
-6692
-7603
3524
-6455
-5852
-7457
1484
7922
4831
-7632
5683
-8598
-5822
-8219
-8985
-1269
2611
-3184
-4726
217
2119
-3014
-7430
6541
-346
6941
9118
1381
2106
166
-8874
7086
7155
-7969
-6127
3557
169
9114
-7468
-3355
8375
-5517
2699
-4465
-8594
-3811
-8320
-4085
4959
-7133
5647
-249
9607
-2229
6397
-677
1323
7815
-707
9842
1247
-4989
1264
-5903
555
-9498
-2548
8926
-2293
-8628
5992
575
-8471
-2603
-290
-3345
3917
1502
1063
-4311
-423
-3918
-5610
4375
-8271
-2839
-6573
9023
-7339
-7574
-3008
723
-6709
7941
-8570
-6275
9917
8360
4296
4643
2820
5061
7840
-2125
2429
9148
1884
2043
-7986
1938
-1963
5598
79
-6678
7937
-8979
-9650
-2521
3960
-9415
-6358
-2468
-8963
9407
-4995
6875
-3346
4119
-9340
8090
7919
1584
-5222
9779
7919
9219
-8370
-6599
8383
2992
-8133
6031
-7095
-7494
-5089
4341
-7883
-6183
-9203
-2966
-120
1090
-5230
-9917
9946
-406
3844
-3179
4967
535
145
-9564
-6928
6424
6056
2988
-6251
314
9501
691
8209
4374
-1151
-4621
2971
-7131
9091
7845
-821
-7091
2762
-2654
-9406
9490
206
7864
2067
-3733
6814
7681
4988
9735
-9511
-3466
6221
1138
7670
-2765
1459
-2171
874
-7033
9858
-2754
-4129
630
8155
3415
-3093
-8862
-2905
-7549
5489
-2141
8705
-3586
9962
-6615
4967
-3782
356
9061
-5005
9489
1624
-5259
9005
-5006
3404
6593
-6751
3421
-8664
9215
6942
-8199
-7778
3719
-7368
-3715
-2866
1016
-4252
-6394
3330
-1845
9668
5683
-1108
-3188
3118
-703
-3397
-4756
7022
4064
1314
2657
-6224
9110
-5298
-5394
8405
-626
-1926
-9396
-5744
-1911
-2261
7453
8108
-3053
-8836
-3604
-4611
-6204
-6970
2323
-3451
-3744
-6214
-8158
9624
4281
-9422
-4369
-6305
-9659
199
-5597
8477
-3337
-4295
-58
6762
-6848
-6871
1401
5263
6353
-5528
8952
9753
-5793
-8475
-7818
-1540
-6555
-8288
7061
-7947
6196
4323
-5000
-2518
313
-1050
5578
6747
2350
-5330
-8705
-448
-5886
2950
-484
9706
-2711
-3629
-6319
9764
7873
4140
-1053
5177
9830
-1198
-5464
1077
-9765
9314
7752
7528
-9251
-3969
1941
3560
9480
7119
2544
-8731
8525
-333
-6273
-7824
-5264
631
-7106
-8651
-9966
-5517
599
-3827
1834
6604
-6968
4858
3281
-5751
184
915
-9156
3681
-2080
5274
6715
-8694
-6299
-9536
-8733
-2262
-6818
9486
-7827
-9048
-9723
-6722
4791
-1225
-4930
7031
-7555
-808
6641
-9896
239
9199
7440
3495
-3675
105
1176
6079
-9797
581
-4006
7718
-2306
-5070
-1332
6059
5160
-8987
751
-5954
8591
-1675
7583
-5614
-9599
-3344
-67
-1284
-177
6999
-5897
-8327
-1859
-4310
404
9113
-9638
3851
9415
7092
-1760
1223
6548
2074
4469
3209
-5583
3867
2372
-2261
3401
-149
5784
-3417
-7956
-9749
-6140
3030
8765
4336
9349
-7576
4464
9937
4860
1255
-3145
4678
-5088
3087
-6374
-657
5874
-7784
-7068
5978
3688
-9788
-4729
7618
9372
-6587
-8942
7017
-1446
5620
3490
-8075
4180
-8960
8942
1592
-6975
-1283
-1180
-1054
1930
9615
-6951
-2207
-5920
-7818
5244
2826
-1973
4865
5050
-9725
2300
3562
-5918
-7197
-1938
5583
7571
-4798
-7626
-9417
-8849
-2668
1309
-150
-4221
9419
1407
-3891
-8221
-1064
7905
5068
4281
-9382
9199
-1843
4654
4678
-9648
-3449
-2388
-1001
6814
3382
-4626
-1504
-6496
4066
-8918
-7891
1825
1870
-684
-649
-9935
-6161
-462
6134
6010
-2462
4195
-2462
-9896
7713
-8412
8654
-4847
-5148
4894
-485
-1502
-7354
-6165
-2124
2719
-8716
-3992
-4764
-6501
-2630
-7952
-2208
4936
4615
103
-8614
6792
-9806
-4795
5488
-229
2122
9738
3399
-9919
-2907
5607
-8865
-9834
-8801
6635
8397
8901
2185
-3942
9777
1803
2663
6674
-5318
-1308
-4723
-3391
-3043
-1677
5001
7644
-9556
4941
-2350
7153
-2657
3150
-5323
5611
-2731
-17
-4588
9768
-9351
-4867
-2343
-2147
3604
225
-6796
-1534
7248
1969
7469
-9184
6924
-7556
6232
-8609
5429
-3538
-9733
-742
-2286
-8269
1221
4306
2723
-9566
-3613
-3293
7569
9889
1112
9592
6554
-3577
-3683
9024
4020
-1619
7238
-3299
-9161
9541
2552
8744
2557
-3040
7563
5046
-6998
4218
-1020
3702
3360
-8493
210
-6395
1662
8542
1904
8081
-3327
7021
-3577
-8238
3141
-4212
1485
6402
-8451
-248
3220
-4918
8717
-4090
-5011
-2623
-708
3088
-8215
8113
-3348
-7562
-5208
172
-1503
-4662
2179
-5964
-9834
4479
5239
4682
-6270
-9305
6656
5474
9603
3827
67
3680
7269
45
-7059
8680
-7428
5740
2649
-9989
4179
-9441
3868
5605
-5898
-8003
-3931
8107
4530
5159
-4266
9491
7964
-678
8061
-5309
-8564
173
1928
2344
8379
-4969
6789
1739
-5589
-9968
-5140
1265
7356
4983
9490
-6252
1388
-1627
-5957
-8603
-2254
3502
7751
-7247
-8772
-2202
5590
-1427
-5631
5405
5977
279
5827
6221
-3706
8323
-457
4870
1948
-6669
8939
-4747
1865
-4024
5843
-5000
3793
9908
162
842
3756
-4888
-9068
-985
-2299
-9084
-1000
-8847
7453
723
-2253
454
29
1107
7172
7335
7368
-973
-4493
-7135
1171
-5982
-1438
-8138
6114
5768
-2757
-6467
8573
1889
-4040
-6321
-8955
-4846
7400
-4283
-6918
9331
-2847
-8490
-6050
9868
-578
2215
3461
-6101
7762
-9321
188
-8107
8415
-5934
304
-7336
-6466
8677
-199
8046
218
4876
-4620
7405
-1069
-4219
-2742
9878
577
4574
5807
-2897
7734
-6868
-7671
-6418
-2663
-5234
-986
-8460
3854
-9028
4664
2439
3543
2685
2808
-9758
-9841
-7929
1314
-2931
-4843
345
-6011
293
5105
-8988
5383
-3304
4561
-3320
-1663
-1356
293
-6560
-6408
7033
-8364
-8281
551
-6869
-351
-1978
-4349
8750
1192
5253
9653
-7361
5488
1239
5497
-3302
2477
-9936
8133
9857
-9609
7252
8303
3779
801
7705
-1823
-2916
-8289
3994
4355
-4009
6324
2913
-7611
-8591
849
-2492
-2183
-3542
1790
9631
1703
5566
3619
990
-4080
5630
5430
2467
-8198
222
-3951
4186
8662
1193
-1603
-8581
6908
-4891
-7048
8942
-4322
-4308
7458
4537
-1889
5069
187
-6318
1318
-7198
-6482
4133
-4620
-9824
1403
-2345
2648
-5255
-2217
-5827
8260
2171
2201
-2391
-6439
5085
7984
-898
-1962
-8673
-6376
-6526
5032
-1098
937
-5978
6651
-18
9496
5756
8456
8639
-1251
6085
-6245
-6834
-6141
-1511
2489
-4176
9789
-6791
735
7498
-4436
3273
4012
5546
41
6652
-100
7200
9985
1721
8830
7778
2677
3540
468
-20
-3747
7285
-9670
2481
-3520
1011
6498
-8267
-939
-6481
4555
-1329
8273
3334
-6417
5849
-534
918
-8237
-6635
9805
319
8646
-4930
-7421
-6354
-1885
-4519
-6325
-5572
-1484
-7622
-1799
-1693
8741
-8697
1269
4324
-9770
-6983
-2884
291
-5914
5376
-8208
9446
4995
4070
6473
8469
5026
2277
6605
-6797
-7779
307
8478
-8606
6902
-7291
-6744
3533
-4187
-6929
-8950
6699
7986
4772
4644
5517
9812
-5755
3713
6769
-8703
-9981
278
-2445
8071
-8051
-3133
-7006
6432
-4681
4932
1845
-1671
737
131
-5017
8317
9400
6003
-5556
8675
-1704
1984
2084
1587
362
-69
4850
7130
8490
2992
8791
1587
-1598
-7555
-2794
-4679
7074
-7589
-6918
-223
-5241
4798
-5021
2134
55
-5957
4986
12
-5520
1857
-2511
2423
5959
-6721
7319
1421
4454
6859
-2540
8877
-3944
3790
-9029
-3712
9755
-227
-6413
-9302
-657
6918
-1786
-1969
-7949
4596
5125
-4763
-8498
8057
7771
-5512
8226
-8738
6572
4548
-7053
-8065
-1686
5393
-5020
6326
-452
-1248
1950
-846
3205
1163
-9832
-2841
-9495
2387
7899
-4489
-4753
-9616
5299
6463
-8135
-7572
5174
-1480
-1996
696
7027
1242
-2278
-2584
1289
-2553
6911
-8260
1180
-3397
6287
4367
-2135
1251
5842
5912
8350
4038
-5818
-3367
9329
-8769
-7408
-569
-6700
4141
-7646
-2146
-3033
1150
7647
-8997
9900
111
102
-1740
2006
-3405
2286
-4971
7857
722
271
9685
-5141
-7617
8517
-7280
752
8784
-6564
-6174
1247
4617
-1157
1272
-9380
3341
7813
-7276
6339
1288
-579
-9113
7323
725
2513
-6677
-178
-8071
-2303
-6485
-2937
5285
4348
-9871
6344
3754
-613
-5892
1683
-3116
2630
7260
-2574
7087
1103
9287
-1796
4599
8788
5105
638
-7332
-9515
-5207
8808
4081
-2538
-5769
-7509
8281
6771
-8112
-6925
-7515
3862
-1203
2081
-2838
-2569
126
-7779
-1368
-9441
-6114
4195
-7723
2423
7876
-9542
8640
-4660
-9769
-5232
369
5548
-9613
-1933
-288
-4831
-7872
-2026
2593
3453
335
-5106
2899
-1756
-8461
8361
-8093
1633
-5075
-2946
5915
-4270
-8277
806
-3358
-9244
3077
-3758
-4240
3895
8542
8149
4051
4146
8044
-3878
-4545
9236
-1593
6180
-1443
-3186
2145
-2202
-6093
5254
2322
-2095
-5959
-115
3996
-6146
9407
-6047
-864
-5259
7418
6021
-3291
2037
8589
-2273
5476
3610
4025
-9649
-7294
-5456
-5635
-6848
-7057
-7438
4693
-7510
6870
9528
7534
-5053
-9250
4811
-1768
-6139
2271
1675
9502
-7676
577
5409
-3715
1412
1355
-1832
-146
8330
7546
-2006
9850
-2276
5443
-7646
6904
8584
175
-1377
-1679
8796
-502
4655
2547
-7014
-3890
8878
-7915
6893
-3857
-1954
6107
-849
-4227
-3458
-2746
4658
9126
6369
-4008
-1300
-3289
2362
9428
-7623
-4566
-630
9752
6240
-9409
7285
-3763
-2873
-2532
3563
2963
6349
3959
6222
-4537
-4382
-245
2807
1114
-3361
-1746
7800
497
-4457
4560
3049
9766
1545
3950
-7314
-5924
8668
-5932
5318
-9621
-6062
-5044
6251
9377
-4154
9276
5304
1224
-4312
7640
-9553
2683
-3681
-1911
1243
632
-8924
1711
7371
9737
342
1291
4363
1868
3507
-7124
574
7189
269
7716
7392
-4474
4807
952
1767
1577
3261
9709
9156
6999
-7387
3475
-6081
9988
-3685
-2276
-5745
-9728
-9480
-9356
8490
3819
6558
-715
1291
2480
-1137
-2898
-6905
7686
6172
-5196
-3830
-5788
-8308
8859
2816
8086
7156
-3791
4283
-6293
8979
-2756
3739
8850
363
-4158
9048
9662
18
-7094
4207
2977
-8441
-6566
-9221
6850
5840
-2491
-4589
2914
-8506
-3467
1944
-2040
-2537
5118
-9476
3851
1767
-3299
1894
3060
-3603
-4417
-9902
7098
2507
8725
3423
7620
5888
-7532
6148
-3127
-1290
1996
6349
-1164
-6914
9402
400
6329
9790
2638
912
-4687
-7174
9970
-1009
6082
-7111
-5157
9902
3312
3572
-2431
-2609
-1172
9987
-6955
-8464
-8956
2614
-8987
-8861
-7164
-1749
9158
-4591
-2912
-4485
-3049
7074
8771
7435
5543
-5811
6662
-1666
-9316
6460
-1809
4927
-7267
-77
-1731
-8191
5696
-4283
-1794
-4504
3589
1364
1924
8208
3511
-6662
8764
-1682
-1286
-2989
-3749
4955
-4912
-3277
387
741
7943
-4151
3351
-3795
8981
-7752
-7926
-8798
6837
7711
-782
5438
-434
-7954
-2139
2835
3585
-9707
-4917
7987
7397
-2979
8678
4549
-7270
3622
-4852
8932
7175
6079
-5052
404
-1231
-4908
-6086
-742
1485
-5281
3742
-6779
-1212
-3773
2323
6164
-5079
-5975
8516
-2595
-1072
-6745
-6202
-1886
4206
2202
-3533
4284
-8743
-13
-4787
-1676
3870
5923
-7297
-516
-7639
54
8128
2649
5311
6014
-6029
-6528
-1207
9564
1716
773
-7672
1247
-3534
-479
-810
-9181
6154
-4272
284
4023
-7135
6672
-9656
-8034
-9866
6036
-4520
4099
1732
-3067
7942
-8597
-3154
-8686
6667
4081
-6572
2928
6930
3881
4440
-8417
5752
-938
1782
-3021
-2141
-7457
-1999
6260
2771
-286
-4259
3226
-8362
-9320
7011
-7891
280
2708
4967
-4947
-1663
3108
-6242
-5617
-3761
3876
-2215
8214
-6121
-2675
-5199
8686
8749
-2704
7998
9844
-5445
8534
5043
-526
-131
-4329
6957
7563
-2191
-7174
9113
4084
-2578
7140
-38
7449
-9776
8757
7363
-8859
-3562
-5646
-7415
-4604
4974
1201
9539
5791
2879
-3409
-7748
9410
1094
-1173
412
8622
-5158
2835
-3350
-4281
4535
-4975
2897
2871
-4264
1040
3331
8269
9917
-4845
-7359
6052
1071
-3591
-9284
-9423
1472
8688
7952
-5262
-8533
-347
-593
-7275
910
-3725
-9289
789
-502
-172
-8931
-339
4426
7085
9279
-6852
-3245
3779
-4005
-6009
-4082
-8839
6435
-3118
-1091
-6462
-5143
2731
-1217
5487
2493
-3131
171
-4961
5771
-6837
-2117
-4405
3648
-8275
6683
5242
-361
8929
8616
-2261
6230
-8414
8631
428
5916
-7179
8837
2903
-5144
2833
-2487
649
2570
7448
-5755
-2735
5890
7626
-8715
9065
-364
-2594
-3798
-4084
-3492
8147
-2607
-828
-1770
-5857
-6158
-9560
-4137
-7670
-9380
-4226
2041
-5698
-8021
-2933
7873
-5882
4962
-5785
1947
-1983
3414
-4514
3155
3354
-6441
-3565
-9974
-5889
-5850
1567
6588
603
8588
5434
3555
-8419
-5483
-6751
-3664
-2898
-5435
1550
1402
-4900
7952
89
8829
-4434
8320
2836
1509
5363
-2628
-2502
5693
-8001
4372
-9679
-1898
-3168
438
1378
-704
8793
-1861
7637
3679
6775
3985
-1215
6111
-3484
-1371
-9388
-8491
2029
-5131
-4830
-526
8196
4233
4699
4897
4853
-7768
3141
7917
1508
2172
-2657
-802
-6726
-5951
-4042
8348
-1127
-4604
2929
1469
7830
98
3365
6282
5354
-2537
-5308
-5189
-5246
6448
-3444
-4771
2985
-511
9299
1199
6091
-7475
7287
6358
-7774
533
-8003
6893
7966
3456
-8870
-3999
-6094
-4451
3065
-3916
-1610
7876
2543
-7838
-8921
-3696
9931
5198
-3131
-1886
7083
-6152
-1789
-7868
-5181
7508
5709
5488
2373
-1276
-8836
6076
-195
-6594
-3144
5654
-9239
3846
9572
-7512
-7906
4472
136
-4074
-5436
1165
9519
-171
1897
955
-6681
9729
3299
-8020
-8333
9191
9609
-3963
6463
3973
-7066
771
-1560
8737
3907
-5716
-1625
-8334
381
8027
-4647
-3893
-9767
4353
-8806
7728
-6980
3730
-346
-1486
5341
-3064
-3818
-4262
-71
-980
-3141
-1306
-9160
-1302
-4860
9354
8423
-7395
6836
1662
-7726
5135
6636
4333
9660
-5359
3926
5708
-261
6331
-266
-2234
3769
-2948
-7903
-7506
9862
2217
6384
5981
-2344
-3874
2105
9247
2821
-909
-1284
-646
1554
7264
-1259
-3598
-378
8965
8513
9981
9357
583
4349
7601
9648
1041
794
-9930
9966
1538
-9932
-7084
-2991
-3617
9649
4296
-1059
-7271
-7544
-3022
7583
7366
2620
280
1774
1666
-1327
3789
-9445
-5228
457
4067
1958
-4090
4506
9762
8675
-5771
-9169
9174
5706
5387
5854
-9203
-5165
3902
-4310
2734
4688
9448
1772
-6882
-6540
-3498
7390
7436
-9267
-1177
-124
-9365
-2586
-9035
6787
-9287
7928
4166
4452
-3444
-2927
-5770
8055
3926
8010
-3911
9714
-6615
7197
-569
992
6650
3265
4883
-3162
-1087
-9478
-7923
3367
3873
6242
-2271
6511
5238
-1260
8251
3687
6201
-6003
1726
-8019
-8983
9671
-8040
-7874
5827
4188
-2918
-5615
-1987
-245
3899
-7253
-3424
4921
5234
-4710
6176
5978
5101
7716
-2258
6588
-6427
6819
-6490
-6943
1677
2462
-9690
5969
-7545
7631
6311
7201
7636
3184
-8778
-7751
9965
5659
6541
-8286
1379
-7082
-5174
-4918
2832
-5098
-9734
1010
-7884
-9608
-6999
8039
-1746
9033
-3269
-9853
-9719
-5289
-7907
-3945
-2004
1622
7981
6682
-6468
-1555
6024
-6816
2224
389
-1199
-3082
4629
2907
-3956
7178
6663
-2262
5655
3025
-2564
5355
-7570
6825
-7060
-9485
-8183
-167
7564
-3468
3737
168
7317
4044
-4675
6502
4596
-4947
9728
5019
6839
1724
-226
1655
-8820
90
-9469
8322
-855
9452
5917
4553
6421
6038
4346
4836
8544
-2045
-6187
-1743
851
-8176
8749
9274
-2274
-6988
-3230
-9110
-4033
-3589
-3057
-4917
3791
8402
-7368
6257
-4604
3934
9265
4199
-5667
3802
-4844
-5302
7772
-7625
-6930
9275
8824
9803
-6981
-8343
3850
-3716
-9649
-3082
-9472
-5395
7151
366
-5039
-2352
-4759
-3901
1259
3919
-4500
-6838
-2534
-9181
-1448
-8921
-972
7388
-5876
7746
8521
3608
4984
4822
8595
9268
-9900
-2349
-129
3271
7242
-5881
-5057
-4369
9629
-1387
-4923
9626
6243
-2602
3479
6967
2767
-6018
9991
2018
9883
-6395
2245
798
837
5229
-9207
-124
-1559
8288
726
7051
-1306
5988
-5734
7157
-7879
-2206
-956
-8996
-9062
2892
9341
8703
1159
-5800
-1105
4373
6222
-6561
-602
4576
-1899
4357
-9049
-9192
-1701
-2556
6553
-3583
-8926
5773
-6873
9057
-4485
-5052
4859
-3572
-7419
-7126
9614
6654
-7067
2044
-6095
1645
-7482
-5833
4074
6541
7977
1340
6173
1934
8495
-906
6021
872
-4858
9089
-3514
-798
6906
2327
6593
2174
-2032
5114
-8023
-1849
-7678
9028
-1232
-1830
-9002
1803
-1432
-5669
-2085
8501
6966
-5391
8839
-5812
1103
-1619
-7047
-3536
6360
-8339
-7888
4343
1829
-1608
-3697
-4107
8952
8460
-750
-257
-2739
-8210
-5390
-4897
-3501
-3435
6981
2766
8843
-2018
-7826
-1480
6862
-4795
8454
-2987
9314
5609
-6508
669
-7810
-1864
-8821
6085
-7065
4005
9209
-3034
-6639
-1838
9041
4286
-6694
-4015
3657
-8101
3843
4616
5395
7515
-359
-7343
3122
-5227
-3709
3520
-8950
-900
3673
4836
-5118
-5689
-1151
-5549
7909
-922
-6170
1765
890
0
2576
7281
-6796
-4456
-3417
6517
-5907
-8672
4139
-5071
-8925
-7460
-355
-7575
-4036
6390
3181
-669
1082
2578
-7918
6184
-608
3475
-1179
5895
1893
-7406
-7517
-4572
2058
4289
9026
2503
7792
7688
-457
-2110
2348
-6095
7975
5866
-3062
-2190
-1844
-4305
-8849
3712
2039
-3613
-2871
-8516
-1076
-1997
-2901
-9435
199
-2859
-770
1622
3460
-643
-2731
6208
-9213
-2146
4581
-9292
54
2085
8924
-4583
-371
-6745
-7125
1314
-5280
-3662
5146
-6444
-5993
-8440
747
-1644
-4394
-2075
-9325
-1036
-4007
-3428
-7060
5290
5377
1860
-2957
1274
-1424
4475
-5882
-4186
2316
879
-8768
-867
20
-5951
-9779
-8807
-9853
7687
9396
-5253
-61
-2887
-3193
4799
759
8181
-2309
-1842
379
7676
-7576
6355
-1220
-1394
8643
-7605
5627
561
6477
-618
-889
6828
-6161
4477
4026
-2532
-7049
-9860
7289
-8210
9029
5625
-1436
-1783
-6889
-697
6620
-1038
9596
-8045
54
7333
-7686
-2086
5564
3830
9886
9534
-2577
5975
9603
-6387
-1134
-5422
2982
-523
-5137
-1164
2842
-221
8150
3230
-7016
3779
4842
4988
5350
4398
-6417
-9836
6944
7494
-224
-6846
8090
4671
-2159
7798
1804
9769
5432
-4976
-1841
-7563
799
-5050
-7667
4981
1484
-9459
1963
8041
634
-5789
8953
5072
398
-7832
-72
-8286
-9500
-4231
3329
1237
-517
6946
-4077
9313
-8974
1098
7864
-4044
3861
7200
-513
-9706
-3192
5257
6662
2476
-8815
7782
-5631
8223
-1869
-5352
-2638
-4910
3977
-4054
-4176
-9532
-9557
8845
-8656
-7547
-1487
-712
7300
-4827
-5747
-8327
-5715
8286
659
6850
-3571
1592
-2860
7497
8381
-6562
-5235
1566
9499
-9266
1717
-1680
150
-2153
70
-1243
8544
67
-6533
274
-3959
8458
-5596
-2135
-41
6730
-4036
-1006
5514
-8267
-854
-4385
1992
1426
-3756
8382
-9655
2511
-8436
6126
-4169
2608
9069
-1210
2433
5024
-7146
8777
470
9053
1058
-6584
4109
-8797
-704
-7181
1978
-2844
-9768
-206
760
-1763
3320
710
4671
5570
9917
5432
4695
2591
5442
-3972
-8213
-4478
648
5930
-6374
9519
-5513
-8260
4797
-7855
1370
-9316
3018
-7719
-6055
-7359
9455
1389
8283
-1677
-1621
-3216
-4890
3865
5809
-9759
8635
5334
-6540
3851
-4837
-4627
3687
234
2301
4757
-4380
-313
-7681
6465
7560
7511
-2736
7988
-1343
2739
-759
-5783
7245
1576
-1889
-3473
-766
-888
-6966
8215
-4812
2825
6136
4688
-1018
8404
1507
-6936
-4150
1214
-2807
-7416
6464
-4170
-1221
771
-2132
-8699
-9380
7094
6693
-6264
-4785
5736
2823
6706
9908
-6082
-1696
-6521
4628
6139
-8679
2913
-5747
-3260
3195
6212
-3873
-3887
5184
-4083
167
-812
-4821
5851
-4129
7104
7864
-4214
8904
5610
-6334
4631
-2442
1735
-3131
-9765
1222
5048
9571
7495
-8250
-2220
6897
6207
-8575
9734
-6335
366
3630
9918
-7406
2671
-411
7912
-910
6520
-2682
-376
-1225
3934
9212
-8995
-2392
9632
8368
3097
-3843
-1519
9328
-6103
-4542
-1487
7609
-9933
-8833
8149
-6678
9968
-3355
-4872
-7979
-740
1993
2327
8887
-9117
-5032
-4655
-1808
-7424
-9450
2293
7935
3690
-9559
2556
6015
-1
1139
1110
9883
2789
7581
-3628
-8495
-835
3623
-7157
-8742
7739
775
4933
-4370
5644
8691
6762
4071
-6145
8413
-9453
7939
-2448
6680
-8249
4355
4123
-5301
-717
8637
-2056
5965
9151
750
6590
-8811
6160
-1825
6257
2572
848
-8249
8000
-5180
9731
-7733
-2320
6341
-7391
-3856
-8402
-7779
6744
4378
-4955
2603
-7760
-3828
-2210
-2558
6487
2774
-9361
807
3324
4556
-9556
-8336
599
-5250
-1490
4040
4761
4159
2631
2168
7714
214
4167
-5890
5185
4358
1863
-2444
-7392
9156
193
3601
-8748
-4706
9356
4952
8833
4239
6071
8956
6473
3729
-9431
-9571
2387
7274
-2476
837
-3572
-4075
8688
7812
-4374
3417
-114
5912
5011
1211
-447
-3883
-8209
-5398
-2096
6386
-8576
-7764
-959
4494
7345
6607
6465
6273
-7202
8057
-7278
5072
8055
3856
-4997
117
4820
-9924
9162
-2609
2535
3133
-6928
625
2482
-3366
9894
7815
-5358
4179
8718
-4150
4013
8124
-3411
1784
8775
-2199
3504
-5462
2968
-4732
-7609
-4866
-4880
7529
6366
-5767
5125
-6128
6221
-7941
5133
6582
4033
-410
-3300
-9392
4144
8783
266
9890
175
-5201
-3710
9675
-3600
-8720
6064
-5566
9902
2833
5679
897
1010
-7282
-3039
9007
-9614
-3305
-8910
276
-6970
-5024
-500
-2146
823
4823
5102
6272
4210
7233
-8032
-8096
9086
4110
3166
2002
-909
3702
9882
-9481
-1685
-7571
9789
-8700
9267
2279
275
-1298
-180
-7264
-9618
6300
1702
6367
148
-1609
-6473
8120
-1808
-704
9560
-9096
-8329
-5901
3509
-5352
2202
-9803
1724
9338
2655
-3420
-4259
-3505
2894
-2839
2996
-7279
-9050
-6314
-5103
-1096
-3440
151
-4643
-9727
9053
4887
2260
7270
465
-2898
1989
-7867
8820
4804
-2385
-9447
4931
4822
6432
-2647
-5101
-4552
974
-3374
8828
614
1768
-5495
-6203
3985
4709
-9553
5530
-7968
7214
-4561
-8434
7272
-6373
-2474
-590
-2879
-2000
-9184
-1061
-6067
-3472
-1608
2227
263
-8922
-7764
5265
-1223
-4185
5595
-3255
-4469
-6736
6760
-5110
3866
6798
3589
8724
6753
3777
987
-1042
-9161
1228
-182
6022
9278
7678
7910
8914
8569
3788
-2875
-6698
7721
-8590
1148
-47
-8942
8824
3531
1772
7052
5763
-862
-341
9254
-3342
-7746
4769
-7550
9886
-1230
-8939
-8299
-3283
8610
-9261
640
6069
-7712
9448
-9174
2551
-3766
156
-6604
-4839
9286
-9241
-8872
8454
7256
497
-8751
1045
-3368
4821
3794
9664
-51
-8034
1111
3042
3587
3782
-4510
5352
-5759
8319
-9216
-7055
-3141
-6355
5588
-6616
-415
3585
-6054
4082
8896
-2066
8810
-3844
7827
9170
-7755
-9245
-3957
-9485
593
6135
4405
1739
-6075
5946
8876
-9607
6936
-1421
9933
6063
-7264
9733
4212
5853
1722
8415
3215
9617
-9376
-9243
9634
-6196
-6677
4026
4049
-6747
2594
4114
-7252
-5435
3831
-2360
5479
-6669
-9641
-2246
-9392
8114
-3775
-3961
2755
-2061
-5849
-1291
-3487
-5096
5552
-6399
7960
7499
955
-1759
-9297
9298
-6504
-9862
1742
9494
-7190
-1621
6145
-8604
-2873
3868
-6104
2398
740
-4794
362
6446
-4511
-3742
-4685
6928
6141
-8385
5649
3082
-9484
7972
9491
563
5688
-6082
-1533
-3064
6916
-109
-5510
1586
-8410
7577
7632
-6908
8878
-1303
-7164
-1012
5712
-6394
3903
7473
-4659
-2148
3038
-9171
3214
1015
-9587
-4061
3210
4939
-7836
-6200
899
-6683
6041
9742
-2122
9983
-3009
8201
-6110
7766
-1141
-9909
-3914
2110
-9990
-3324
6476
-3056
5472
-2581
2993
-5994
-2500
4537
2342
-8903
-2975
3445
9074
-1435
6851
8328
-772
7552
1276
1171
5399
-2223
-1711
-1114
-5685
-569
-9363
-970
-2564
4728
-1251
-7599
-1206
-9750
2826
6946
1288
4836
8148
-7855
-7803
372
9352
6214
-9930
4374
-5367
-2364
-3267
-4197
-9659
-313
-5079
658
8177
-6795
-3118
-2092
1578
-1913
-6044
-5279
348
-774
-7507
-8653
-7475
-7324
-6556
-786
968
-7386
-4175
3718
7702
7823
9505
6383
-826
-2694
-9547
-8154
-5277
5289
3034
6265
-9819
-7007
-2530
3792
9492
181
8808
-6754
9305
-2177
8083
-9904
-8635
-2334
5777
-833
5868
1665
-134
-1090
-4532
7614
-5260
-1241
5433
-2643
5904
3980
-4091
-5909
5666
-5742
-9174
-1894
6228
2606
5562
-8491
-7664
-707
5162
9749
8917
-4857
-9687
-5236
-3142
-1647
2200
8847
-4753
-4870
8455
-4722
-3753
-1823
4788
6950
8179
8761
-6639
2707
7388
-2565
-664
5584
7254
3576
3827
6998
-3384
-1442
-4870
-8765
9940
1831
-7130
9220
9786
6903
-6778
8557
-6304
6542
7271
-6484
8495
535
9037
-6732
-8689
-4112
3244
8472
6615
-558
-9871
4284
-4432
4976
-3239
7948
-4812
-2703
2679
3055
-8209
-4362
-2034
-5185
6024
-7089
9391
-6230
-3554
-8076
-7543
-9345
319
2255
6511
6959
-5646
-679
-1716
-2286
-4247
-9954
-5297
6871
9920
-5941
3494
2838
5482
-6862
-34
-8723
-3576
-1955
-4001
2026
6089
-1824
-825
9960
-9562
5804
6679
2269
-235
9774
-9867
6425
-5088
5140
7559
6051
-4658
-5961
2640
-7991
-9256
6590
-3359
2075
2721
6612
7967
-369
6868
3337
7613
-9413
-5366
-4671
3377
9846
7983
-6791
7513
2647
4793
1732
4734
-216
5297
-9709
-6674
-3527
-9180
-9825
1555
-3655
3909
-659
-1505
7135
-9269
-9153
-1990
9808
-554
2209
-1393
3077
-133
-451
-3878
9835
-1862
7722
5386
4702
3948
3062
-853
4684
3725
4135
-567
-1863
-2093
2396
-4924
-9335
6326
622
9834
5218
7385
-2883
9485
-7295
1924
5497
-9257
-2594
-9790
-5059
-9205
-2071
-4936
-6269
7721
-402
-1416
7924
5723
-4914
-6418
208
4053
5631
9105
193
623
-558
7484
5320
9313
6410
-5457
-6586
-9600
5239
-8761
-4102
4467
1666
-1603
-7778
-4299
3737
5431
-4974
6109
2864
7538
5149
739
4697
9939
8758
5459
3357
-8344
3965
-5790
6001
-6933
90
8303
-3336
7118
-1124
5639
-4432
-7515
6157
6093
-903
-7934
6092
2687
6405
2363
7625
-887
-2264
4641
-6177
9836
-9002
5793
-9156
-9332
-6560
3843
9761
3595
-3089
-5351
9390
-3384
3326
2857
3625
-9956
-2762
-3977
-2776
7960
3111
5981
-3002
9496
-7879
4331
8131
8215
4247
4899
5496
-636
8944
-7349
1320
1642
-1277
-1526
-2489
2501
6092
-9590
-1925
2694
-3064
-4124
-4171
1346
6436
6451
-6304
-110
1071
15
6840
