1239
-5605
7453
4796
-8554
-6923
-8474
-612
3684
2046
-2045
1436
5441
-265
-5651
-8149
7215
-9506
6130
2867
-5889
5169
6969
1047
3779
-2484
-5210
7689
-4214
-3249
-5736
-9967
-5369
-8016
-7296
-9609
5529
9050
7659
-8388
-3096
7730
5006
-9191
6334
-2437
8850
3323
1101
9445
-6567
1927
9625
-9837
-978
-5702
9776
57
313
-2475
2199
-2338
-4374
-6574
2208
-3977
9733
-7481
4364
-1153
-2413
-7755
327
3873
8641
-1839
-4744
-3458
-2995
-8055
-9671
-2986
8547
5789
5378
4114
-5445
8717
-4231
758
2792
-2732
-4798
-1282
3649
-4202
-5325
6048
-4516
141
-9299
6423
8750
-6947
929
4692
-8033
8456
-5077
-1721
7222
-7241
-4422
645
-5692
-5339
-6443
-403
-2650
1838
4196
2493
-4770
5185
-7805
-7992
-2014
7447
8060
-9566
-1490
-6254
9617
-4981
9833
7736
-8896
-4432
1732
-319
974
-3947
-5953
4972
509
-1007
-491
2209
4075
-6613
5324
-9937
5116
60
-4669
9136
-8227
-8851
576
6251
6415
6359
-6269
-2173
-3595
-4159
-713
7739
4689
-4217
5548
4786
-7389
8595
-1758
-9967
2883
-699
-6221
-5785
7691
-2696
-7645
9581
-5096
8245
-7264
-6591
2612
8369
2208
-7595
-1448
-970
-8404
5191
-4964
1286
5562
-5238
5750
-1393
-8856
1671
-5170
-1767
715
3515
-4931
-6861
1379
-2706
7576
9679
-8714
96
1669
-7416
6228
-4890
7878
-1344
-3160
-9688
-4166
-9377
2063
9293
-1863
8971
-7411
6493
-9520
-1374
-3388
-2121
8141
5619
-276
-9914
9625
-2114
6596
8867
-84
1198
8549
-7129
1063
-1620
9181
-1832
-4647
7518
7174
8653
-2915
-215
-9201
3410
8292
-2885
384
-5553
-8957
1989
-4540
-9993
-2679
9268
-9622
9413
-3162
-2034
-4067
-3919
-5349
-7529
6568
-8712
-9970
9178
-5240
-3302
3072
-8734
-2088
7721
3275
-8493
5233
-2165
8068
2042
4439
6576
554
-326
-5162
5732
9794
2200
-2530
-3647
1102
5123
9474
8275
7488
2124
2575
3831
-9814
5783
-5066
-3398
1167
8598
8954
8916
452
-1819
7211
-9133
1282
-1589
2599
-8641
4855
-2079
1865
2745
9712
-180
-2728
3578
-7018
5275
6409
-2607
7303
-641
-248
-3485
3514
-91
-3416
7057
-5638
-4636
-3647
-7251
-4170
-9121
-4498
-2587
-3252
8082
694
-3061
9473
-3394
3813
6282
8954
-3658
1765
-9937
3634
-6752
-3296
9852
7490
2480
-3125
4256
4757
-1822
4189
5184
5215
-2949
976
-7408
6062
-1861
-1938
-3752
5977
7272
-9590
3199
4611
-5213
4027
4810
9912
8678
9362
6160
6470
-1652
-2818
-9712
-344
-4817
3089
-4368
9764
-2353
-7976
2278
6478
-5376
1293
-2937
-9569
7763
5534
-7557
-2097
-4391
-9932
-6783
1074
-119
3180
3891
2938
285
-6284
-3829
-9979
9878
-3841
5656
7960
9132
-1354
-2255
-1556
-7813
2109
-6560
-2189
-9147
9612
7938
2323
-7032
-617
-5886
1342
6928
-9379
-718
-791
-1688
5900
2559
914
-8438
-9692
-613
6200
1615
-5833
-4421
4943
249
1955
7623
6722
-4680
3208
2595
-2124
9048
7210
1257
-1049
-1072
-2526
-3332
9490
9922
-2336
-8404
9829
-6325
9563
2198
-6339
-6411
1010
-704
-5889
2294
5793
8017
3609
-7863
-7730
-5018
4688
-7877
2233
6428
6399
2073
5746
3168
8949
3709
9778
-5446
9824
3737
2196
-9549
-3914
7618
5598
-7915
-906
-1708
6285
7759
2171
66
7675
-8227
1694
-578
-8809
9887
-9485
1366
2030
3202
1304
-4583
3870
-4571
5603
-4911
9740
9493
7083
-4347
-6073
2479
6448
-3178
3282
2422
7585
9464
-9047
-339
-6675
5770
-4305
3609
2557
-2437
-3600
-7144
-4013
1247
-7381
-7289
7632
1969
6335
8673
-9354
7010
6807
7700
3920
6123
2039
-8961
-9023
-3991
-6038
2411
-5196
8362
5672
9848
8183
5409
-1815
8997
7882
1958
-2272
2233
6812
-1348
7554
4919
-1506
804
-5604
-5183
-2206
3419
-3076
-3008
-9855
7113
-8860
-1512
4443
-6256
-240
-7428
-5501
9033
-3242
973
-3769
-5116
-6558
-7505
-2890
-3665
-2748
4697
-1330
1329
1348
-9302
-7713
-3506
5969
7002
7213
9858
-1513
7329
2734
-6825
-8234
3211
-2240
-5736
6503
-1255
2771
4970
-9909
-4622
-2442
8625
4536
-5027
4038
-2120
-9185
-4236
-7685
7267
-4648
8260
-5535
-5493
-155
9406
8375
8070
-1638
2293
-2678
-6511
-9524
22
-6689
4602
3490
-5785
5875
-5932
-7752
3365
-1288
-7245
-3324
-7241
9227
8461
-2963
9274
6941
4764
-466
4349
-7072
4844
8437
1743
-3027
-2045
-7687
2499
-8544
1950
7000
5599
-7332
-780
-4203
-7395
-2857
-3854
8142
-9375
-4115
2327
6493
-9110
508
9430
-6172
8027
7870
4530
-1497
7489
-8081
-4454
-247
1619
6734
6739
-9294
-1273
-6876
-8732
9569
8607
-1987
9794
-4791
-5831
-8018
1258
9600
4862
2593
-236
-532
6883
9282
8911
-7597
2063
-6219
491
5165
-93
-1300
6695
-8288
-1587
682
9295
-4662
-8913
-3362
41
-3014
-2534
-2274
9116
5839
-5576
1491
-2156
8164
5019
-9899
-9823
4275
-2598
-4012
1957
1205
-2368
-6481
374
-1171
-4688
-2281
-573
5143
-8337
1573
2764
-6237
3448
6788
-6936
4732
8004
1625
5006
6175
9736
-1327
5461
243
-3456
6857
-2395
825
-1083
-424
-1330
-7130
-7909
6161
8810
1541
4047
-7717
1386
2391
-4385
-4014
-2324
8881
3883
-5495
1138
967
-7595
-5810
1862
9164
6407
8072
-895
-7984
144
581
4182
-1972
-9460
-4210
6530
5161
6702
-2543
2927
3179
-3815
-6277
2882
-2212
-2265
-5414
-4005
-549
5954
-6332
310
-6551
3152
5945
-4066
-1508
7563
-1847
-7399
7131
-1851
5620
1316
-5126
9145
-6240
5329
729
9373
1958
444
-2911
-7634
1930
1919
1502
1215
3371
-5904
5459
384
6113
-5842
-7133
5598
-4017
326
4546
-422
-1931
4037
7385
-5083
7599
7294
-2733
-350
259
7806
3391
-5224
1553
271
5038
4771
-9782
-5620
8486
6369
5571
-1911
-9766
3626
-5568
-3132
-3924
7254
-898
524
-8053
-1332
8836
3406
-5270
-1523
9359
2950
4203
-9087
3100
2876
-7816
798
3556
-5601
-1382
-245
-4399
1036
1825
-444
-2176
7926
-9739
-1123
-5805
4374
927
6651
-6866
-5064
-6534
-2141
8891
-7548
-9489
-5970
-9606
-8931
331
-6668
-7381
7328
-7276
-940
-2045
-9506
-3834
7457
-643
7299
-2230
-7932
-717
-581
-2433
3057
7257
3834
-4676
-5843
-4616
6713
8030
-9080
1323
6351
-8788
-6781
-4047
-660
225
-1705
6717
7356
-9627
-2368
-2215
-3036
-9408
-3309
6998
283
6573
1788
3487
-8460
8862
-2600
1146
-5641
6471
223
-4785
4949
5413
-4135
7831
-8464
2318
-8808
9035
-5813
724
4618
-3421
2590
5797
9731
-2148
-5810
-7783
-5841
-1403
-9762
4496
2620
-7438
5823
-9674
6666
3428
4064
7115
-838
-3965
2809
-184
8927
4674
4702
-2493
-8836
-7714
-4287
-8328
-4632
-8711
-2636
-774
4176
-7076
9117
-1358
-4350
9578
-9068
-7529
377
-6564
-8821
3326
9167
1257
-6298
4152
-9203
-5222
6229
8774
1088
7245
-3952
-356
-3526
-8657
-670
-3618
-9279
5414
-6100
7090
-4413
6153
-1504
7795
2021
5860
7248
-693
8542
-6803
-4223
6753
-6758
1936
-7747
1599
4614
1114
-5896
1342
-3136
7154
1588
-3436
-9854
7012
9214
8180
-6404
3171
-2129
-809
278
1720
6882
5073
-1052
6528
-3726
-6615
818
-3426
-630
-8549
-7095
4371
-9807
-2189
-3964
9207
1589
-3072
3857
-1808
-371
-6113
8048
8144
1302
-4030
-8660
-6143
4439
-13
-8801
1073
5112
-9035
282
-5636
-5456
-2143
-317
926
2201
4633
9584
3028
-150
-2099
-4058
95
-9028
-7977
-2177
6490
-3862
2478
7028
-3777
5424
-5538
-519
-3216
-7852
-5787
2765
733
-5107
-3435
5319
3341
-6583
7449
-1254
-5418
-4874
6431
-8633
-4389
5505
8194
-6425
7916
-9217
5190
3539
-8938
2332
-1690
2349
-636
-9643
-3851
7766
704
-7327
-5708
-1775
-3209
-425
-2488
1165
-6734
602
-7648
-3131
-9524
5081
1542
9407
-5904
6944
7757
-4635
3367
-292
-7772
8786
6430
1164
-5846
6634
1591
-6567
-3816
9504
7559
9493
9827
5818
-6268
-7365
-5922
7342
3170
5015
6906
7430
-9771
973
-6918
6075
-7449
-7662
-733
4112
9229
1865
4002
5529
-5357
-1767
-334
2521
-9299
822
-3406
2658
3071
-6684
9160
1334
4705
5564
6519
-5524
-6101
-8488
5052
6802
-6482
-6143
-4534
-2566
-5280
3265
-4455
4451
8376
-1869
1182
-2033
3310
4982
6700
-8095
-2346
9020
-5643
-8973
-7073
3470
-6673
-9774
4607
-1090
-175
-9658
-3400
514
-6688
6754
-6167
-5840
9563
-5817
-8487
4547
-890
-4226
4299
5908
-1934
-3585
-3654
-6988
-8007
-4835
3889
2230
-3020
4520
-2651
-5694
767
-8669
-120
2040
8437
-8593
8196
3562
-2802
9843
6417
5696
-1051
1531
-7951
-2778
-6371
-8312
-4119
-9098
-2997
-1380
2613
-7714
-6696
-8046
-2802
-951
4428
-1693
1344
1998
-1263
-5189
-2721
6637
-3562
-1211
2202
-7747
4879
2360
-3298
2943
5089
-2423
-7796
-7486
3831
7697
4108
-413
6528
-3890
8848
-1746
4948
-9803
-7314
-2578
4577
-3717
-854
7864
-7893
2215
-2982
-3821
-6057
4047
1545
-7978
1511
-3524
0
-135
-488
-8974
9350
6739
-7546
1792
-7706
9536
3900
746
5536
1735
7545
-4392
-1155
-1379
-5923
1644
5244
-2144
1283
6898
-4838
-6349
-4735
1420
5098
3623
7511
-7169
-5431
1369
6952
2686
-7593
-9929
363
3253
6037
6197
2003
9114
-4952
-4302
7231
-6243
2198
-960
3086
-3859
-7652
-6092
-6439
-1723
-2356
-6389
9261
8061
5308
662
-5520
5934
-6713
-1004
5752
1827
116
-3057
3443
5289
925
2025
2037
-2570
-5547
8452
2576
375
-3598
-9240
9782
8082
5487
4898
8735
8079
-9002
3615
-5199
-4237
-1526
6350
-125
-7954
8969
4885
2902
-9692
8577
-6511
-8497
1480
419
4890
-819
2478
1530
6480
-8333
-5335
-7441
5918
-8239
-5866
8142
1723
2399
2316
-9406
-5806
1563
-3379
-5840
6373
4463
-6046
9021
-4059
-4828
-5345
-2653
5356
-2515
8092
-6801
5750
-4574
-1869
4949
7375
8302
-8635
-881
2446
1128
9604
7194
4230
-1499
-4316
3635
-1936
868
-2210
1401
-4503
9337
9401
-9017
1001
-6548
6881
6497
-2113
-5014
-8887
-7110
7998
5240
-1814
268
-2736
692
4692
4786
4501
-5979
-2026
9109
3617
-3428
-8554
-3954
7776
1673
-3371
-3256
-4764
-4826
7774
1328
-8331
2339
-7169
-7692
-2041
7762
-2443
-6158
9304
9261
-306
1447
-5173
-5980
5270
4877
6951
2113
-8206
453
-6154
4893
7662
-4100
3985
-3634
-548
1675
-6082
-4395
8172
-5939
36
8917
-2110
-8709
926
7024
1964
2048
-5966
-8892
-3630
-1528
-9220
-7274
2417
5374
1330
58
-60
5589
7209
400
8495
-1046
6708
-5052
6099
-7988
9449
-1511
4042
-341
-5188
-1108
1388
-858
5357
-8293
7598
-4188
9751
-5994
249
-4706
4739
3173
-3903
-5139
5809
-3481
-3350
-6886
-7790
3239
-697
-9267
671
-2923
-1180
2904
-7577
8747
6965
-1925
-4172
-21
1717
-744
-5514
-3530
-1249
3814
7241
8333
-7171
-916
-2833
-3131
-1165
-6315
-7663
-3602
-7185
7427
3571
-8973
-7762
7513
4777
-5483
8376
-7353
7061
9399
-842
2872
7398
3724
2602
9224
-450
896
3891
-7004
1684
-8380
8836
2912
-4252
5314
9740
5471
-8243
6129
6023
6208
6429
-1421
-598
-8070
201
7263
-6821
-5807
-3031
-1597
8582
7550
-6526
-416
-4581
-2863
-5874
-6991
-5385
-198
-7333
4608
8483
5843
298
6965
-2210
-7244
-449
-672
4175
5848
-8476
1150
3597
-8533
-987
-6630
-9832
2114
6316
-4914
-1297
2402
-8189
4102
9985
7885
4435
-1591
-6794
8211
6295
5295
2035
9339
-6240
7266
3636
-482
-8699
2673
-2803
2790
8592
6453
-3194
-6072
-7142
5844
-5031
-7829
3098
-9477
9986
-8340
207
-2765
6185
6629
8503
4882
5191
-4758
-7877
4818
-4471
2087
7215
-2694
-9503
6887
1400
-7827
-9425
10
-1460
6844
8934
-4196
233
-3599
-6975
3041
7075
-7580
9727
-5641
315
-9043
-1347
6508
5455
7199
-983
5463
431
-2452
8707
8911
6642
4889
-6155
-2155
5918
9007
9917
2221
9095
9036
-7035
2028
1483
-79
-2281
-9706
4114
7798
6367
-1333
7379
-3401
-2680
1461
-5455
1260
7717
3385
-5698
3675
6970
-355
-7127
1009
-3737
-9622
6048
5687
-3013
3575
-4882
-5436
-6453
6064
-2366
-4502
7253
-7474
9410
-1591
5708
-9094
-5118
9803
-7195
-5906
1742
6902
4398
7028
5658
3959
4673
4760
3872
-6597
1634
-6405
-1989
5868
-7307
7873
109
-5125
-7447
-4448
7702
-5170
-8012
-2023
7149
-2423
5201
-1641
-8326
3890
-4947
1201
3407
8323
307
865
-1871
5073
6798
-2847
584
938
-6409
2043
-2810
-496
-760
1266
2993
7345
-2645
-3734
1253
-2020
-3118
5887
2661
7367
-8133
5622
1589
-3651
4797
4592
683
3808
2308
8350
7326
3883
6767
-4795
7880
4925
2246
9643
-1420
396
-2693
7462
-225
-7488
605
-8157
3821
-1669
-8702
1784
-7079
-1222
317
9011
-510
2594
2658
-675
-2722
7975
4668
7441
786
-3645
7825
9819
-4200
1414
-3883
9520
-2046
5683
-8297
-5431
992
5580
1879
-1401
3840
4966
6087
-8449
4500
3120
-9281
1001
5429
-5429
2247
-5346
-7881
-6507
-1368
8611
3630
-7812
-6909
8257
9212
8090
-2060
-5341
195
7699
5631
9609
3517
-7271
7583
861
475
-7039
-1923
8963
1642
-5639
5957
-4393
-7640
6232
-8340
-2258
6507
-3388
923
5374
-9207
-6326
-1033
6143
-9722
2828
1450
-2764
5130
3425
5125
-2605
4089
7314
456
-4419
-9215
-9845
-805
-1586
9999
-6415
8873
-491
8116
-9122
2521
-1776
-6217
641
3690
-7295
-4672
4421
6160
2289
8079
1552
-1106
588
-4838
2414
-1582
-404
-8600
-5559
8427
9705
-9970
7218
-407
3080
504
2252
838
-6495
8727
-1440
-1437
2433
-9683
-564
1684
5510
5339
-3918
8580
-7869
3088
8599
7394
-4388
3503
-6209
-8678
-74
6573
5436
-679
-5867
7669
-2418
9107
4546
685
5734
-8137
-5392
-5964
9415
7547
4881
4913
-464
-896
747
1523
7028
-8789
8494
3413
9579
9437
-2662
-1476
270
-5967
9969
-7699
4940
-6213
7839
5350
-8181
6110
9751
4321
-4336
2215
8351
-7154
6342
2374
8354
-8039
9898
-6104
3838
-7887
-2648
-7860
8793
3491
6735
-7052
-5470
7743
-8397
8382
2436
-868
121
4912
-3109
-9761
-9265
4081
-5959
3605
-2037
3871
-9613
9187
3255
-2261
-9613
8595
-403
-8189
-8741
-5287
-5162
-6330
-9497
-1935
-6807
-1190
5582
4900
9651
-8237
9020
-5705
-1066
-1108
982
-9455
7503
-4269
-7260
3798
-3429
9944
3884
-9731
2102
6617
4411
-7302
7739
3948
8054
5119
5737
-5568
7014
2444
1392
-6877
-2115
-6622
-7784
9726
8166
-6600
-390
-9644
4354
-5380
9348
-4133
-400
-391
-327
2505
6228
-960
1418
8673
-1439
-6354
-6620
-8410
-1036
6163
-6124
1654
5512
-7212
-9804
8650
-6680
7631
-3157
-5930
-5429
9243
4216
4437
3977
-3985
-5923
7470
-3115
8758
-886
-544
4462
5765
4496
8735
8790
2195
-7955
-9650
-4124
3930
-4956
-1759
1498
2835
4440
-8502
-2020
6172
-7167
8315
6175
9656
-5670
9548
5225
-2805
5571
-7044
-4955
-6320
1208
-4163
-4044
-6483
66
9931
-2906
809
8579
6103
-3946
-2506
-6547
-3020
899
8723
8634
6313
3157
8979
9169
-8737
-787
5730
859
-2740
7363
-8565
8902
-9708
-616
7199
9452
-1261
5469
6115
5466
6467
39
5499
-3493
-6378
-2846
8902
2193
-3917
8641
8000
-7025
-2800
1031
-8747
5900
3939
2373
-1251
-7362
-1548
-5316
7771
-6343
-4037
5775
9377
-2451
6727
-4160
-2045
-2315
-4378
201
-7172
-602
1576
6895
-9894
3964
-8148
731
-921
8416
-4946
8647
-4105
-3406
-2561
-6967
2441
5215
-1840
3932
9805
8188
449
-5413
4357
-4816
4128
-2860
2262
4689
4780
3624
7121
7945
-97
-6413
1372
1012
1009
8832
-776
-1132
3949
-9713
-2084
1462
4633
6235
6986
398
8881
4755
2526
7145
-3837
-4649
9318
556
-9898
-6529
4081
-9793
-9621
-9713
2307
3438
-4964
8984
-184
-8364
8272
-7352
-2297
-887
-5652
-9783
-3089
-497
-3583
-2684
5570
-821
901
-5290
-361
-3383
-8694
2069
-1774
7179
28
9729
5365
1136
-9934
-8499
3148
-7105
-3630
-4975
8485
8221
7556
-3014
-2570
1144
-3492
-9905
-8368
1017
737
-7361
-5912
-4807
5155
-770
-4903
2085
6737
-5558
6732
2314
-9257
6524
-8241
4205
-6588
-4597
3794
5820
294
5552
580
3759
2211
6944
4438
5970
3932
2755
-9985
-5533
2323
-61
9292
-2087
6493
-8426
-8003
3496
7040
627
6352
2814
2759
2869
-5327
4636
-3542
-3662
-4918
-537
-719
3201
-2268
-5427
7689
9248
-2416
-5408
-4404
-1287
3289
-2979
-8966
2035
-9593
-7276
-8418
-4249
-7371
5468
8655
-1244
2103
6370
-332
-1500
-8448
-8894
3595
-1339
-8992
6032
9543
4741
-2691
9744
425
-6089
1094
-3328
3746
9873
-1888
-5638
-7701
1190
4827
5866
-6655
-2267
-4669
8514
-5744
3166
-9422
5627
3093
9333
9858
7439
6637
4724
-8077
-3135
-93
-6844
8681
-603
9214
-9273
6045
-7797
5146
-7943
5114
-8568
6464
9796
1170
2712
-5214
-6302
-6107
3352
5202
9766
-4873
-4785
-2658
7352
-5962
406
-403
6313
-4101
-3469
6703
-4053
1600
-3063
-9083
-8326
7237
3934
1577
6133
-7997
1525
1103
-4693
-9499
-3013
-4955
4246
-5538
960
-6786
-367
5805
8723
2841
-3002
3535
-5776
-3727
-464
-1644
6684
-9525
-9300
6689
-9653
-7675
5074
-4939
-9273
-3738
-4921
-3739
3384
4872
-9993
-4420
5806
4651
-4824
54
5116
5741
-1069
-2507
-4598
-3838
-5082
-8444
50
-2289
-2347
-3222
198
1845
-6919
4917
9167
-4120
-722
8128
1627
-494
5776
8676
9064
440
-2287
5804
-9946
4554
-6862
8083
-7456
7927
-8079
2872
5967
8916
-1140
-6866
-1423
-6868
9399
-7071
1427
-9896
8172
7320
-7967
-416
-5436
-5399
9446
-1813
-4795
-9759
-8956
-4387
-8350
2820
-2595
-2460
1058
-9984
-5018
7449
3542
-9550
-9390
3607
-7361
-9015
-5459
-4097
5284
-7426
2525
5177
9257
1851
3778
-5303
-425
-8374
-4680
-4211
-8851
4515
-840
4212
5346
-469
210
-2269
4244
1140
289
6779
-3872
-9610
3547
7392
-962
-5353
-3264
9715
6342
-7309
-7621
-9260
-1833
2726
1991
643
-2516
7607
8140
-8685
-4231
3527
-4315
-7829
-3530
-8612
2025
5058
-6158
-7558
-3760
9385
-581
-6694
-845
7895
-5088
-5322
-2159
4313
-547
3810
-2554
-1112
-6035
2267
-4455
-294
1238
995
-7360
1156
7781
-5396
-7719
-5573
1460
-3513
6041
2635
-8710
-3965
8968
4859
3609
5681
-1534
-7570
-6196
-8553
-8855
-1594
-8963
5869
-7108
-6903
-5990
-5250
785
1488
8398
4685
-6956
5408
-547
-4218
-7553
-4699
-3695
-1862
7511
3613
-7750
4397
-51
-6544
-7154
9840
-313
-2890
3957
8598
5124
9118
-9698
4562
-9750
-2326
-7836
-5749
2151
-8708
-168
6483
-1491
-8526
-3920
9552
-407
-6387
-1004
-7315
9927
-1967
7335
5302
1791
1659
-8004
490
5447
-6038
-3643
9142
-5980
-1559
-4358
-5882
-4868
7407
241
6485
7587
68
-1659
1762
-832
-8839
8275
-8890
-7383
-5242
-3070
-9523
-8503
-8104
6496
1133
2167
-3927
-6362
-9158
373
9097
-1019
2727
-344
-6454
-7004
6023
2502
-3823
-7418
665
-2779
6183
-4002
1869
8015
-6356
4119
2632
-1016
-1297
-3695
-5669
-6168
-2423
8509
2443
-7403
-8703
-9184
2240
7816
-736
9740
-1975
4223
-2456
-5605
9165
588
4713
-4645
-6337
-1375
-1553
-3930
-5035
9605
-5704
5726
-1550
4704
-4513
-8505
4499
2046
1382
2656
6481
-9517
600
6001
8153
-6396
-5405
-1239
-3304
-6382
87
5995
-7753
9687
-6996
-6279
-3227
-8774
-8436
-5858
-9781
8557
1575
7287
-6763
4625
-1785
-5155
2855
2445
6065
8500
289
-6366
3615
7254
6999
-9742
-5018
-7125
3152
6521
-4987
-8329
-5283
225
6183
6277
2090
8432
-3224
6461
-829
9577
-6656
1549
2209
4165
6437
-6037
-4708
-4343
3239
-2648
6296
4200
3757
5124
2723
8105
3147
-4067
6698
5944
-3668
-6033
-1586
2228
3692
1215
-6553
655
5325
-1756
7508
6986
2076
-956
-9612
841
233
-3479
2693
1375
-8926
8020
415
2711
4175
-6859
7765
-2463
1711
-1197
-9080
-736
-1768
-7265
609
-7562
-6663
-5798
-7465
3903
-8536
-6681
4662
5076
339
-1297
5955
-5724
-7871
7455
-2142
-2319
-4462
-5615
-2637
-2576
2782
606
226
-1139
163
-9993
-9116
7435
4799
8867
-700
4663
272
887
9734
8586
4919
7175
-6062
977
-771
7841
-3449
5364
3989
-5788
-7613
2080
-5066
-8783
-131
-5511
2386
-3742
3522
-8911
-7182
6680
-5530
-1208
1399
2821
-7390
-5778
2544
-4010
-1684
3363
-1183
4760
-309
-15
7453
-3987
2006
-6213
-2667
6858
-1930
-5181
-901
9986
-2832
-6818
-3313
-3703
-8541
8619
4862
7115
-5665
-6523
-9089
-5202
-8676
-6700
1672
2383
-6891
3942
-7553
3618
-9245
-3575
9661
-2403
-4208
-1548
-9426
4802
7711
-1745
641
70
-1545
-435
8536
-1314
8306
-5281
5399
-4184
-6709
325
-2519
7637
2805
9005
-5826
8425
8534
-4378
9157
175
8860
-9460
4811
-8666
2778
-898
5735
7223
1404
-5983
7532
-34
-8535
-6484
1302
6619
5129
2702
284
-7695
-9413
-7705
-4224
1257
-8559
-4787
5471
-7778
-6239
870
9894
5176
-2703
4757
-3891
7410
-551
-1965
6007
5394
9817
-7182
7960
5293
-625
-1319
5259
7211
270
-2588
-1992
6769
4313
-80
7873
3153
8034
-3895
-8180
9823
-5426
-8064
-8815
-8269
7787
1191
9407
966
2945
-5046
-7105
6963
9156
3187
2514
-2448
-4793
74
7081
-9063
6097
-6154
-8167
4731
452
5864
-4023
5331
1926
3669
5949
-698
-9153
-7849
9001
5085
-2997
-2993
-5818
-505
2931
9964
344
1157
6553
6392
-9551
-8552
6264
-1718
-1598
-9858
742
-8235
8317
6506
6596
3639
-8371
-6167
-7314
-1178
-5011
-8816
-2463
655
8938
-6816
2
7260
-2477
9677
-8503
5483
-5991
6490
4105
2224
-1259
2883
9109
-6595
-9421
-4818
-5261
3902
-3001
8510
4962
7835
2505
4362
7942
-7954
-8150
-2882
9227
9256
-6392
-2296
-6659
6812
-9071
-761
2652
1238
267
965
5400
-130
-2222
1204
9338
-6478
7069
5033
3289
7569
-5519
1042
7431
6899
7155
5398
7003
7228
-9519
-2412
1495
-5063
4792
-2580
2925
-5559
-3560
3300
5833
-2158
-4851
4781
-4557
-7062
488
-2536
500
7119
-9597
-8296
-3205
-4605
6100
-3177
4273
3969
-7949
492
2425
-3671
1947
-747
-1336
6927
2102
-8029
9260
-6360
2615
5250
-936
5385
8880
-5537
7756
-3465
1125
8421
1773
-3295
5721
2427
2782
5449
8594
-159
5369
-51
-3659
-8051
4648
5624
6763
-575
5188
-2437
2197
7883
7541
-1382
4560
-6616
760
9705
3451
-5937
-7270
-1762
2296
4696
-8564
6355
-5449
-1108
-6349
2213
9657
-3293
-3926
-9690
-6958
-7629
6912
-9839
-6102
1946
701
-1719
-8746
2345
-4467
4965
4810
5601
-7981
-7467
-8626
3996
8001
-7342
-3816
5754
-5604
4274
201
-2208
-4453
-7805
449
2339
2706
9145
7670
6378
8040
8713
-7724
-2790
6084
-3733
1582
-7161
7466
8983
3811
-7243
7621
9009
-2928
-5746
-6512
-2044
8218
-1317
2541
-4199
5445
-8620
6008
-7528
812
-402
2738
7063
-8521
-8008
7717
-24
-2327
-1934
1950
5075
-5585
699
-3109
-701
-7479
-4564
-2023
-9579
5349
-437
-2559
145
4319
5697
2039
-7497
-5814
-1583
-2963
-3203
-5969
1327
-4545
-7651
-3394
-4239
4279
-9170
-3364
-4622
-5662
-1271
-2053
-3532
8010
-3143
-140
-2205
8320
-8763
9850
8247
3128
-6848
-3284
9572
372
-7307
2744
6520
-7454
-9770
5708
-9589
-1861
6354
-8075
8757
-4993
-3903
9353
529
8181
581
2585
-511
-2240
7948
9967
-2575
-8405
2405
-2360
485
8963
9264
-7189
-4246
-522
8585
-4589
1361
1464
4406
-6076
-2689
-7854
8022
-3514
-3668
8840
1565
-8695
4282
-3406
-296
-5453
5355
-5235
732
6924
4489
-1400
7033
281
2293
3602
-9900
-87
8421
-7770
-654
9257
7379
-8981
8135
3562
6045
-3847
7591
1568
8455
-1799
-8828
6985
-8475
-25
5536
-4481
7722
-4200
-8954
-3202
-4313
-8632
-6784
-4492
-7857
4911
-2648
-1573
-7465
-7795
-2254
-9336
2515
657
9937
1793
383
536
-3254
3258
1432
4631
-3924
-6833
9189
-5858
548
423
-2796
5023
-2269
6160
-9609
1097
-2823
-3845
8108
9115
1269
-2846
5174
-7272
-9092
-9714
-7213
965
3362
719
1630
1712
2132
-9520
3698
3160
1388
170
4005
4706
2508
-4839
3360
-5677
5399
3762
5269
9437
5273
2171
929
-7334
-378
-5276
8046
-6961
-3887
-7714
2745
7858
-5641
8306
-3311
-483
8452
-4457
5595
1057
-9288
-3068
-2529
-5691
-7817
6470
-4385
-2134
3487
-2521
2169
-6407
-7634
7782
3857
-4614
8933
-1465
2046
-7310
-8921
-5718
-2046
4927
-9295
-4722
1435
-7994
4219
1089
5660
5126
-8969
3054
9403
-5107
-901
-119
102
6770
-9960
7935
8303
-1845
3709
-5472
9294
-1460
-6221
-8817
-1873
6545
1089
-6291
-3039
6061
6249
9029
-1891
-4647
2391
-9609
2082
3084
7280
-8923
-9824
764
5509
8024
-3585
9272
6893
-7425
2428
-147
7027
-1019
-2205
7870
343
-5597
2729
-1270
-9444
-9815
4472
-2599
-4442
8369
341
3820
2550
-8131
6656
3843
-1320
3052
7565
-8831
8513
-3736
-8834
52
-7868
5779
-209
-232
2768
8185
-329
9870
-9199
9498
4585
9558
-5252
4608
4239
2998
-6938
9659
-4612
8094
9079
-5943
-1239
-298
5665
6217
5487
-3187
-6207
-8500
-5350
6147
3334
-3089
2858
8018
-2186
8224
-6879
-8542
3979
8707
8950
-6553
-4534
9556
219
-4981
3539
3777
-9589
7965
-1833
9262
-6704
-4607
-2113
4903
8563
-7262
-3104
126
-5218
9633
-8473
5190
8278
-1389
-9533
1877
5752
-1564
5146
5464
-8136
2559
3120
-9237
3599
-204
-4895
2250
4604
3073
-9317
-9479
4396
5973
-1914
-1126
-9390
-8385
-3236
4368
-2688
8533
3556
-6600
-4707
7668
1483
-3878
9230
7239
921
-2133
7031
3640
-4194
-1553
-4710
1408
9115
-6446
3334
5917
4355
3921
-87
930
508
4738
6210
-4630
3954
-8804
-6251
-222
6809
-5960
6859
-3586
9054
-9953
-8188
1027
-8274
9764
7360
4716
8347
7851
-1351
2079
-880
-9264
6191
8078
-2267
9092
430
6126
-4764
-8249
-3425
-4159
2224
9207
3225
7337
9769
-3973
-4566
7754
-2035
6326
4798
-4583
-6406
9153
-4458
5156
-6121
5551
-9625
8607
-3053
-9320
5214
-8939
-1540
6434
1917
-3604
-2713
-4138
-4617
-7072
-3427
8429
6829
-6187
5152
3842
-3922
-5632
5908
-1719
-7733
7285
2736
4415
6532
6873
3062
3278
7265
-4947
-789
7641
1463
6906
-7007
-573
2329
8587
-5784
-4668
-8064
9747
2661
7772
-5767
-7658
-7208
-4213
926
-7003
-1271
1851
9873
-271
-1391
9041
-6436
-4925
7268
8482
-9465
9769
-8150
-6850
-4911
-3129
5515
74
-4697
9761
3546
-4200
-4759
-1694
8535
-867
6307
623
-4586
4611
7622
-5939
-5766
6446
8511
-2970
4186
4466
-5931
-607
9433
7571
-7213
6124
-7212
-2860
-6834
-7722
4101
694
3751
2058
936
4010
-8926
4890
-9469
54
6862
7849
5695
3381
-744
3277
-8495
8729
-8057
2138
-4116
-1133
2458
7044
5405
-8533
8116
3600
9682
9057
-4709
-8486
668
-1128
-4882
1937
8001
-9600
1038
-5635
2496
-5252
-5068
-4408
6565
-8126
2859
-1585
-6953
7432
-5243
3387
1340
2057
8403
7293
1227
6066
9733
2978
1003
-2999
9602
2125
7156
-1269
5591
5173
2134
-513
-3336
8891
4558
-5345
7364
8581
-1206
8652
6006
2635
6444
1294
-6828
-5221
1668
8890
2865
4934
687
9205
5405
-3392
-6969
-5594
6063
7972
5217
-2953
-9446
-7133
-2808
-2650
-7844
-5130
6305
2051
1076
5271
4472
2397
7842
-7374
2010
6063
-9804
5569
7546
485
5923
-7168
5371
1446
2586
-1989
-2835
2800
4517
-4204
-4388
3215
2538
-5566
-8814
3083
6889
9680
-8392
6301
-8992
-1906
-7425
2381
-285
-8393
-2854
3999
4101
-817
-1544
-3960
-5405
411
-7208
3378
-3672
6083
4931
-9807
-6158
6571
-2766
-42
2436
5880
7996
-7367
-6118
4570
-285
-7121
6446
6851
5188
7640
-652
4901
-9260
5876
7789
-7343
-2339
-8264
6156
8391
3520
-7804
-9327
7816
4768
-7730
341
-9606
181
-619
9642
-8930
-9489
9361
-13
-2876
1550
-3001
897
-316
7316
-6166
-5308
191
2022
5482
-4790
5550
-3207
-239
-1803
2743
-4570
-7373
-4323
-1317
5655
2800
4472
356
3871
2089
-1545
-1298
-8454
-3533
9913
-5566
-5659
-5778
-4006
7762
648
346
5802
1614
4365
6624
5075
6396
-3005
-3187
-9024
6107
-3613
4703
-5859
2358
1808
8047
6407
-4595
6653
-4796
-8876
-8079
-3316
9783
-4528
-848
-6287
7011
6220
-5811
-4678
4905
-7517
-3050
6368
2625
-7375
-431
-9657
-7935
4316
7717
-9443
5012
-4399
-511
9960
-7496
-9338
-5550
7602
-8046
4666
-8162
-5497
-755
2959
-6011
6110
-6857
-3853
654
-9407
-7341
-803
9877
-1892
8334
-4382
-9330
6145
-6394
-3263
1507
1443
1242
-7000
-3812
-3473
-2855
-9190
5117
-5218
8352
5696
2013
1657
1647
214
1778
8102
5448
-8660
-8957
5712
-866
4631
-6440
7999
-4618
458
9923
-8990
7630
-2301
6698
7130
1686
-3138
-5914
-8951
2702
4509
-7585
3105
190
6458
-1961
-8426
-2532
-5225
9144
-9339
-6772
-9924
1273
8202
-9848
-2725
6029
-6877
-5374
1836
731
9240
6426
-2989
897
2210
-117
-3044
5744
5350
4176
-8859
5858
-8145
9249
-5606
-4979
-9642
3167
1369
-8727
7294
-5042
9031
7949
-582
7744
-2210
-3339
267
-7021
-9329
999
-5959
4344
-8774
5692
-3124
8411
8532
-9669
5589
-7166
5715
-171
1166
8184
-4910
7966
-6089
313
-9481
2611
8635
3582
-6553
7532
3514
7549
4756
-9451
6383
512
-3532
-2228
-2208
3294
-4259
-4750
2094
1681
6327
-6145
-664
1003
5849
-9315
125
4867
-717
5533
-7731
-7544
-3374
-8693
-528
6197
1827
7677
-4977
-4726
215
-9295
-9337
-5827
2529
2210
3537
1595
6973
-4410
4676
-5895
-3898
2881
-6253
-3646
-7232
-4354
-5771
3138
7901
-286
-8448
-7565
-7858
-7527
-4432
-1053
-5035
-8561
-3131
-2651
2771
1626
-1065
-8981
-2098
-1558
-8968
-2540
-1635
-6779
-9807
8011
7785
6494
1836
-3372
7418
4849
-9830
6062
6317
-5605
-3276
-7024
-9254
-1673
2398
7053
-1784
8784
-1675
551
-9574
1492
5747
-1524
8412
2743
4482
-5462
6924
5330
-2355
-8599
4432
4671
2298
-2968
8441
7578
-5670
1675
-9761
-933
8138
-3830
8415
7539
-5871
2717
188
-3782
-7710
-3944
-1890
-5204
6735
2541
3253
1625
-9006
-9297
-4745
-2994
8166
-6968
3516
-824
-2047
-6417
-4209
7754
-1479
-1237
7422
9556
-2085
-6962
6242
-9731
-6987
7554
445
-6731
2102
-7578
-8739
7809
-5971
-3158
-1707
1487
2898
8649
-1998
-2759
1613
8798
-3777
1248
1620
8089
391
2750
5939
9988
7839
-8887
2030
8789
-1700
7892
-2369
5941
6918
-1962
-2340
868
3042
3060
5918
3539
-2375
9566
8934
-2355
-4845
764
-5646
6259
-1348
4781
-6800
-4434
6817
-8316
6398
396
-5352
3248
9985
9882
2340
6055
-9431
3501
-2718
-860
-7900
5840
257
-5885
3980
2394
78
-6091
5796
4547
-5478
1896
4341
646
-585
4963
-221
-8164
2362
7303
9544
7910
9061
-9156
2795
6327
-7310
4484
-5173
-5982
-6778
281
-8104
7570
9527
7360
9423
-8976
-1060
5812
4054
8221
1385
7883
7949
7501
7397
-4689
5484
-4948
-2347
879
-4581
9212
4280
-3101
4379
-9544
