-2475
194
9108
1835
2069
5763
-5863
-2393
-2125
6264
-3680
-6901
6071
8672
7756
-401
9602
-6768
9387
-6214
-9707
-9589
-2250
1393
9345
-890
-5788
-3795
3254
-495
3487
-3064
9522
8591
-378
8881
-86
-8296
7183
9801
-3472
-169
8187
5191
-4773
-4710
-6142
888
1119
5355
-286
-6483
5684
5009
-2905
8395
-9692
3698
5784
8302
9792
-3617
-353
-876
-7673
-503
4372
-8296
9888
-7075
3592
-1523
-8436
-5077
8996
-9979
-6883
7381
-8931
-1887
2522
-539
-730
7328
2408
1211
-8285
-4819
-9979
6954
-406
100
-9392
3029
9810
-2754
6737
2047
-4085
-2237
-830
-2595
-8096
-9973
1435
-6257
1935
-8269
9424
-9883
9750
-9975
-1675
-1389
-2583
5065
-3295
-2901
2661
1590
-1125
-4620
-7518
-8842
-5467
6448
9800
9972
1421
2113
-2605
9800
-7313
-2282
-853
1101
-5332
-9010
6293
9270
-8653
3741
7513
922
-101
-5045
-6576
6756
9715
-295
758
2762
2440
-7547
1288
-6761
-2640
-62
924
-9155
9095
-6084
-8788
7768
2731
774
3904
6706
9453
5515
8625
8268
2142
-2218
-9283
-5127
-9116
-6689
-4230
7216
1203
5648
-8745
-4081
-5898
6575
-2229
8792
5076
-8185
-5548
3961
2185
-2058
-5427
3863
5933
-2704
-8413
-9247
109
4171
-9045
3008
3357
-6221
5632
5559
8477
-2014
2282
-8514
8160
-2292
7716
4051
2899
-8128
9759
5206
-7312
-5420
9413
9280
3063
9568
-9931
2500
174
-7985
-4403
9165
3608
1448
31
2565
-8737
2712
8500
-8196
-7522
-2198
-9606
1975
-7059
6168
-9681
-7500
-3538
-2306
7238
-6731
-7585
-1312
-5752
-7914
1444
803
7498
3039
-4571
9592
2992
4690
-1774
-6230
7718
-8728
7278
-5611
-1563
-4966
8814
-1371
6640
2680
8150
9856
-6049
1640
-8375
3487
9526
-2181
3666
7511
-1898
-9774
4275
-4328
-6786
535
-8060
3847
1128
4158
9967
6660
-5700
9868
-2607
-9210
-3089
9183
-4281
6589
-7308
6471
-5667
9113
-8618
4637
2700
3417
-3028
-8583
1186
7428
-8393
3565
8128
1305
8090
-8991
5847
3198
-8828
-828
-7600
9486
-1329
7325
7566
-4078
-1300
3490
-3865
-301
3442
-9451
-530
1902
3057
-6669
3300
-6808
8241
-3806
-4470
8391
-605
-976
-4095
-4215
4012
7108
8369
1507
8913
-192
-1153
-1907
-4513
-4278
-1294
5470
2235
297
-6654
-5324
1711
-9984
-5552
-9929
4896
3497
7729
9434
4808
1684
-9862
6307
2835
-3373
5177
8077
-2641
-6544
2742
-1831
-9241
9794
9694
-5922
9013
-7123
-8802
-4234
-109
-4720
-4537
2310
3039
3203
3145
2671
-8011
-2525
6074
-8727
9060
9645
1561
2820
-4927
-983
6180
-4169
-3220
2655
-6721
6704
7452
1542
-2898
5169
6246
9353
3056
222
178
-22
-8335
-9719
-4533
8007
5521
-3916
-5608
-1367
5225
6869
-4072
8838
-9947
4966
1387
4587
-6106
-6250
-4324
-7756
-5156
922
8193
-6519
-1558
-4276
-1581
-7930
-9556
8194
4095
5549
6451
6287
3905
-6564
-7402
791
3714
-8909
5637
-6395
-2207
6762
-2411
-7334
-2985
-9709
3044
9280
-4533
6869
8941
6828
-2864
-2307
-612
706
-3136
-2168
-3420
-6231
-7777
-7174
6012
6002
-6397
-6312
-1223
5297
-7160
-8877
-605
8281
-167
-2388
-6688
6721
873
3305
1567
638
5607
5977
-6475
-2090
1849
2790
4651
9099
3083
-5104
8957
-6641
-1763
-234
6508
5569
4202
4464
-4835
8342
8066
-5896
8024
2546
-6539
3790
-6685
-9296
-3191
2953
2618
-3849
-8155
2771
-7617
-9989
-9254
-477
5943
8123
1441
-7381
-1753
9365
-4075
4969
-5936
-4383
-8391
-5006
-1714
6274
6834
4061
4664
1341
1849
-8270
-810
253
4185
8540
5911
4796
-9814
9910
-134
2198
-144
-1314
-4950
-9816
-2376
-3618
-3248
-7889
-5581
4464
-9445
-7000
-3337
-8205
3663
-9914
5626
-7997
2931
-4553
1105
-4987
2806
-5971
5811
-6456
-4815
-450
5923
-765
8666
-4070
277
1996
-3341
-1434
-3002
1293
7818
-7650
7857
-5083
-476
-8108
-3635
-2603
-6019
-6093
4355
-6424
-139
-7893
8850
81
5077
8671
1852
-6279
-3751
85
-2691
-7677
6174
2419
8343
9785
-9516
9793
4679
-2117
2353
-6944
3544
-9417
-4404
9996
3530
-9523
5357
-1676
-9171
8222
277
-3495
6710
4303
-4520
3576
-4526
9967
8088
8999
-2879
-2704
-7898
-5801
-698
4821
6617
8120
6809
-5912
-8339
336
9215
-1714
-4685
2528
8838
75
9695
-107
-3447
997
8273
3014
-3441
-3140
-855
8570
-3599
-3548
6526
-4735
3966
877
7811
-7300
-8603
-4940
-3053
-5396
3139
6985
6438
4566
733
-5826
-1492
5609
-1373
4649
-1200
432
1265
2143
-6766
3216
7479
9441
7454
6354
-7997
-1305
-5998
5805
8828
-5951
7574
9810
7957
2987
-5511
8199
-558
3012
3566
6960
1112
5644
2863
-4160
5867
4924
-1392
-8839
3401
2407
-5371
4081
-1989
8549
-4673
-9102
-9914
2473
9058
-2907
-8911
-8655
-7992
3820
1537
6627
-4475
-5054
-395
6407
2476
-6334
-881
8040
-8342
5585
-9395
-8369
-8850
-2687
-5814
1956
2449
9391
-2415
5920
5680
-5627
1426
420
3774
2645
9902
-7445
2971
7694
-3730
-667
2248
-3278
2219
8202
3833
-6407
-941
-8304
-5119
9746
3302
5242
-9417
-7043
-632
8937
-9371
-9832
6527
7258
-4787
1030
3603
-4345
6122
-3753
9906
1757
5966
458
-7775
-1862
3463
8323
-138
-4427
803
-1706
-7932
8086
-6678
-1429
-7621
-8094
8903
3710
9636
-544
-7289
8586
-6969
1136
-8279
-8865
-8118
-3458
-4876
-5816
119
7758
-8944
7079
-5492
6238
8106
-5626
-1596
4982
-6123
5975
-2090
5835
-3933
5320
-8004
3770
8294
-2766
-248
-6584
6402
9427
6310
-4127
7744
5794
1360
3678
-9003
-485
-8001
6597
3836
6251
9527
8898
7030
4948
8674
5017
1689
3083
7609
9735
8876
3469
-5139
-7912
1455
6593
4017
5538
7721
-7319
4593
-8426
-5903
8746
-1044
-6819
7555
-5205
-2951
-5161
-6491
-678
8079
-6342
9976
7229
1888
8809
-630
433
5504
-3150
-718
-5268
-6678
-1963
-5332
6413
7606
3129
-7344
-1511
-9382
1985
-4940
4574
5325
-2277
-2061
9430
-4480
-9321
3131
9858
-2146
1281
-6086
3924
-6488
6136
1893
4870
8970
2559
-4528
-9915
1658
2662
2663
1318
-6278
-3383
-3215
-1129
8311
1130
-7334
-2217
-4405
1224
1419
-3347
2884
-9688
9310
5363
-5252
9948
6925
-8857
1255
1158
-7321
-1089
-1246
7997
-2383
1391
-7430
4053
7180
9807
-9881
-2196
4398
3278
4135
5698
-9187
-7353
4649
-3296
9292
-9096
-2419
9863
1364
-8625
-5691
-1917
-1996
-2561
-9804
3792
-1232
-2542
-5974
-5997
-7003
-5925
-9075
1986
-1313
3817
1335
3396
-2839
3632
-2277
6654
-6053
9560
-5192
5778
-3995
-4489
-6978
-7193
367
1218
1258
2413
6759
-9125
4377
3587
-2501
4848
62
5023
-7898
-1969
-1335
-1114
6397
-5254
-7621
-7311
7640
-9532
-876
-6227
-1273
-1976
7055
5302
893
-9235
8256
6015
8592
7642
6488
-7132
3146
5543
2149
-6105
-9138
1701
9044
-3418
-9
-2665
-3033
4399
5376
-5033
3263
1831
1821
5584
-3338
531
6797
-3452
-4750
2028
7289
-3655
-6433
-3418
8456
-606
2391
9550
2583
-3554
-4019
-1795
-5371
-3276
-4942
9834
-4851
821
3997
-5116
-8008
4603
6317
-5972
1591
-1750
-3383
4694
6525
3216
-399
-6339
9821
-9906
-3344
7485
-3985
8810
8692
738
1503
-3994
-5916
7372
1224
7143
-6628
6180
-4157
6373
4486
1348
8571
-9986
6856
5941
-8113
-3948
-2596
486
-2124
-8028
-339
-8028
-4351
5702
-8152
-8054
4761
-7232
8561
-1682
9367
3636
2593
9690
-4595
-1666
-2683
-3058
6017
6368
-7112
-2997
6070
8309
-7960
3704
1773
-7145
474
6442
-1372
1837
4237
7989
-8359
-533
-5522
-9961
-2383
-9904
-5854
8091
9180
-4539
-3927
-2125
-5843
1919
-6761
-7699
-3523
7421
-1263
1276
6935
6834
9195
8043
-8949
-953
6975
495
8975
7943
-6700
2403
5835
-4389
6298
-8800
-9419
-5203
4847
7714
507
-5893
-3718
-3447
-4861
8092
-5450
-4408
5914
-697
30
-720
-234
4497
2606
-8127
1277
7727
7567
-5098
9907
-3652
1385
9433
-4674
-8975
673
9171
862
-3630
2476
-155
-4995
8366
991
9198
657
-6398
-8631
-7502
-2212
9376
-9627
3682
-5375
5935
1203
9574
-7416
3156
776
-4852
5236
7436
7612
-8408
6566
-1437
-3864
5432
-8084
-8094
3068
9187
-4387
-947
3788
-5571
3439
2481
-2342
-6746
-7371
-8624
-1318
-7337
-2309
-8024
-9940
3016
7321
-9366
8239
6636
-451
8590
9478
1517
-9387
-580
4287
4951
5293
-6695
5581
-7566
-1039
-291
-5473
-5786
-9192
-7328
-4137
-5299
916
8065
-5840
-3186
4239
8909
9213
-5161
-9006
508
7247
-2228
-6300
-9391
-7462
7994
2097
-5591
-4230
-3859
-8487
-8007
3340
4346
941
-2571
3528
8964
6754
-5670
950
144
-8087
6753
324
-9053
-2821
9539
834
-2363
-7815
858
5796
3439
2113
9757
-2540
812
-2126
-7256
-3026
-5301
6908
-8863
6271
4694
-9232
-7816
852
1509
-7404
-6899
-9454
5039
-3481
637
7723
3591
-5873
-7701
6528
-6679
8187
5411
138
9734
1633
-4402
-2798
-5869
-5275
-1683
2728
190
-7001
4636
5641
-2201
-8217
6763
-9561
982
-6936
-8469
-8923
-5946
-7196
-2541
8734
3284
7577
-4551
-8913
4441
-7925
2980
-4827
8362
-1352
-2497
2540
-3678
-8097
-6525
-6282
453
8862
-2022
1291
3703
-7889
196
7285
-2476
242
-1808
-6594
-8976
3470
-4625
6222
1947
1187
3647
4987
7315
-4962
-1787
-5271
6984
1333
9830
3900
3559
-2802
-9696
8202
4793
-5200
-4326
-1373
6589
-8941
-800
-5969
-7499
-8392
-725
5529
830
-1827
-3361
2143
-2726
4230
-2484
2117
5867
6631
-7562
2775
8796
8544
3459
-956
-325
4641
-594
7743
6930
2791
-9242
4589
8619
8285
-7498
-3170
-5344
-8211
2318
-4972
1731
-719
7005
-6969
-2607
6216
-6529
-6522
5629
1430
4136
2097
-159
2691
8873
-6339
-3473
1801
-3822
-4574
6362
6428
-9140
-4925
-237
-7073
2305
5856
6972
4364
383
-3217
873
-3668
-5564
1611
9411
8838
-5747
4262
-5661
-3293
-6540
-1492
-726
-4541
9652
343
-8875
-7798
5410
-6955
1610
5381
-3844
-8885
9386
-1211
-9667
6706
-1384
-3932
-1322
-2964
-4352
-7908
3267
-1842
-1299
-8681
-3644
-4724
9619
-8353
-6598
5262
-6066
-6759
9622
2538
2965
-6371
1531
-2406
5975
-2352
5920
5234
-8823
4378
-8310
-2909
-4501
3494
-2551
9183
5611
-5528
3539
5226
8774
-2427
-8792
-6605
9314
4213
1025
-8806
-2797
-7233
-7515
5885
9429
8871
-9727
-884
5787
4927
8456
7226
-5932
-3543
5585
-7460
-540
-8706
3407
-9472
8379
7116
6469
-532
-9182
-4556
8865
6404
-781
-1712
-2020
-6167
6205
4908
4128
-3338
-8395
4157
2627
-458
1159
9534
-5348
-7348
-5040
6983
-4314
-2962
-5891
-6382
8559
-6925
2105
-7901
-8781
-9669
-3714
7556
7176
-9404
2844
-9196
364
-82
-377
-8113
1977
6967
-8122
987
-4168
5479
9236
-7895
4079
4552
2232
4800
-2135
-7925
5495
9075
-3913
-5487
9906
-6392
-6304
-2101
-6910
4625
1702
3159
-8175
-9278
-1014
-4531
-827
-5393
-7460
9558
9192
-2910
-8315
-7256
9951
-5986
1008
-3991
-2661
-1940
-3350
-5560
-1718
2154
-5023
-7816
-8998
5525
8947
-1777
8656
4877
6626
3482
-6864
8114
1200
9784
9618
8838
-5515
-8733
-1194
5660
-285
7232
4273
5486
-9148
9259
-369
-3709
-3266
5084
-5732
3388
7998
5648
-3643
-6306
8162
6549
8694
-1048
6365
2930
-2481
7166
-1021
-9954
2998
-9913
6774
-3556
-1918
-7047
-263
-2652
4963
-7738
-8453
-7123
595
-3790
5045
5516
1388
-5022
2910
2655
-583
3950
6923
-102
-3614
-9699
-2103
-1789
641
7469
-6540
-3041
1519
7790
7224
3649
-9045
9352
9625
4744
9821
199
-8597
4761
4596
-4765
9050
-1975
-1595
8361
-9702
-9809
-6981
6524
2190
6372
-6366
3923
827
-1565
70
6402
5376
3482
-2666
176
-367
-798
-4330
-4217
-9661
9387
7441
5399
-4262
-9500
-6956
1126
-4685
4481
-7199
846
-6596
-3241
861
-6093
-9885
-6475
-8254
8550
-6858
-965
-6163
6953
4809
7203
5986
-6643
1875
3067
301
-38
2791
287
-5466
-2391
-2918
-1050
5403
-4798
4749
-9250
8355
5638
1004
-4601
4048
-2360
-2359
8128
-3443
7849
-5887
-4386
7059
-9487
-2366
-9164
714
-4460
6748
1411
9441
-1861
-6289
4652
-1332
715
5106
-6243
3122
-3153
2274
-2499
8408
-3696
2932
3924
-7607
8808
8363
-7571
-5956
-5737
-1502
2901
2195
6013
8922
3409
5899
6920
8977
-8785
5879
-3769
-8502
1364
5527
-6842
7225
-6265
-3571
9530
9876
6738
-268
-8357
891
4988
-9780
-1345
-5521
-3997
9182
-8484
-4230
-7745
3378
-6954
4295
-5618
3033
4175
3696
-1756
-9582
-3778
7574
1653
-7340
-3138
-6809
6395
7796
-6251
1599
9575
5289
2417
-304
3177
6431
-9444
-5299
-6469
-7875
9915
-3063
6303
8346
-412
-5340
8149
1173
-6560
-1843
-4612
3043
1229
2660
-2273
3114
-9315
-317
8245
-4243
141
-7259
5010
-4643
7711
4416
-5841
-3978
9788
477
-3347
-2654
9116
9493
-593
6832
3936
6546
7594
-4576
-429
-7320
-5980
-469
6682
-7656
1173
-6996
6386
3412
-4487
-1075
-542
-9292
-7237
3198
-7190
-7699
5155
-4839
-2409
-5117
4212
-7007
-641
4050
8255
-9130
-8792
3134
-4823
2818
-6478
6649
-7929
-9473
4305
7410
-5671
-4192
3122
-3743
6100
-983
-9833
-2099
-6939
5897
9508
-1763
3488
-5370
-9336
-7035
4291
6795
-7216
-5327
-6037
-7160
-6727
-6646
-7535
-3427
585
-1129
-7587
5261
6770
-6450
-3132
6715
-5005
-6232
2098
-8505
6445
-3892
-94
-6634
-6095
-3763
1255
-6300
5732
2776
1376
2249
-4944
1519
-5780
8030
-9238
3049
-5307
7004
7129
1498
-1251
7323
-2643
-201
-4134
-1642
-5684
857
1770
9837
-385
1039
9264
-9627
739
7308
-7286
5678
-3540
5077
5255
-2476
1010
4455
-2906
-103
9340
-3323
7141
-4858
4828
5087
997
8623
-6280
8708
8151
-1861
-930
-2930
-9417
5148
-1245
-4909
-7403
-3302
-1671
-5867
-1682
-4304
7625
-2842
-9628
-2460
3884
-6130
7403
-1559
-5836
-6564
-1514
9123
-5068
5482
-3792
7287
-215
2853
1720
9326
-5092
-5888
1586
-3397
8726
1221
-4150
-6664
-6136
-8681
-1180
3676
4416
-3615
-6537
-2564
-6032
-7739
7312
1462
-78
5574
-8927
-5395
-2727
4680
-3107
792
-57
3081
-9118
808
51
6569
-6809
-9643
5652
-1884
-4631
-8177
-7482
9167
7011
-6425
3048
-8545
3288
529
-9113
1212
4713
-3323
5241
-4959
6956
7851
-9514
-7747
3025
2657
1880
615
5533
6147
6675
2999
7837
4865
-3489
9350
755
7140
4734
5831
-5264
9255
9007
9861
-1872
5981
1693
3244
4212
1163
8088
1725
-7794
-6880
9794
9977
-4856
1633
2115
-1181
2743
9005
8773
4677
-6376
8269
-364
3453
-5015
7564
-4678
-5670
9746
8385
-269
842
-894
7431
9442
1828
-3926
8082
3237
8372
-8308
9210
-8917
-6550
-6246
3391
-9945
1228
-7285
114
9555
5352
326
2112
-1578
759
6788
4549
-6438
-86
-7346
7486
-5946
8285
-9992
1774
-7843
5294
8972
-7318
-9930
8492
-2582
533
4050
-4692
-2787
-4710
2196
-6647
1129
-3035
581
-8311
3516
9008
-2629
6409
-1128
3161
-8558
-3291
-5889
8119
7426
-7479
6764
-6294
-7398
3833
-7450
-5816
-1299
-4863
-6970
633
7510
-8328
-2134
-170
730
-3993
-4856
2402
-3217
-4164
7940
-1746
4728
8468
-73
9811
-8581
3218
-4508
2679
2018
-9676
-6190
-3167
1330
3540
8930
288
-6135
-47
-7641
-1013
-2587
5248
609
1340
2338
4204
-3327
4680
-2597
1121
8492
-5604
2812
-4767
-6438
-6125
5131
4923
-6497
9830
9092
-2058
2557
-6459
-5791
-2939
5441
-5783
-3155
-9481
-629
5024
1882
-6756
2317
8467
-1130
-8825
-3860
-1415
4067
-7780
-206
-3166
-6069
2250
115
5331
2490
6502
-4673
2449
8724
210
-3882
1633
-2565
-2021
4956
-6747
-7769
7078
4385
-485
8130
9838
758
4663
-3431
-8726
-6904
4984
2150
8408
-7988
1632
-950
-8822
6873
-1129
-7680
7491
-9244
8060
2836
3092
8836
7545
-4275
3777
7374
-587
1350
-3319
-4821
-4821
7535
1811
-2934
-2601
-5173
-5323
9207
-6850
1994
726
-8857
2635
-6690
-7691
-9655
9068
45
9781
-8162
-1778
-8841
508
-6169
952
2086
8227
3015
3740
-2998
5852
2863
-2678
-5598
7488
-5964
3698
-1787
4299
9501
-8313
3332
-6189
-6677
-4554
3321
-4215
-2381
427
3325
-1022
9990
1746
-5785
3076
-6632
-3509
5911
8959
3598
-234
3810
-2584
-4495
6059
-5447
8833
-6194
-9808
592
-1826
6663
3759
6935
2775
-9394
-7332
2196
-5250
-6241
8589
-244
-530
9260
-7076
-2988
-4701
-7402
-1274
7117
-2159
-5732
2753
3646
7279
3315
6947
-8669
-7121
808
7410
5695
-3284
400
-6419
-3566
-261
-8778
-9786
-9002
-994
-8497
-7919
9583
7702
4337
8286
-1188
7543
9005
6708
-3727
-8144
6902
6201
-400
-7654
5575
2432
8636
-7592
1941
-4298
-5378
4482
4415
-6611
5438
8012
2649
9423
-9278
-9330
-3782
-5140
5765
-2915
-7777
244
6185
-9489
4741
3181
8131
-5395
-3953
3768
1762
-5972
-7738
-2340
6341
-6616
-3289
-8771
-1991
5379
-2083
2503
164
5261
-9623
4757
6435
-2676
-7900
3210
-933
941
-9193
7601
-4978
-4127
2607
-1967
-7283
7092
4078
-5494
-9490
2142
6521
9358
-8721
1345
9220
1320
-4347
-6305
4630
3355
7219
3893
6344
119
-2269
-7330
-4119
-7701
9529
-6855
-612
-2738
4416
3209
9720
-1752
5415
-149
8306
9330
6177
-9311
1448
-1659
-9495
1875
6384
-8821
2613
6681
-1798
5276
-6891
3729
7220
-2975
-9986
5312
1979
5672
5377
-4438
-4337
-6197
-2334
1630
-9244
-633
9234
-6739
-7483
4710
-4517
-1961
-9894
-8035
2487
-5902
7830
1222
-5702
-6241
5024
-9479
-1734
-308
6659
-3738
-9711
-8716
8581
7053
1261
7090
-3312
-9629
-1196
4892
9809
-621
5633
8336
764
8608
-9074
-6505
-4640
5519
7459
-5881
-9611
-734
1168
8751
-3115
-3025
-528
5172
3809
-8086
6512
6548
2395
8512
-1004
-1237
-3979
1227
-4242
9080
-7440
4644
-1891
-2246
-6598
4105
-547
4382
-3917
-9512
8443
8685
9898
-3518
-7596
-8230
-418
2080
4731
8646
9790
-1772
-914
-4079
-9551
-9840
4052
2238
-1641
-3668
-4127
-3329
9975
-6046
-8383
-636
-6212
1456
2542
-7655
-3955
-6414
-4567
7763
592
3877
9496
-7671
-7496
7668
-7434
-5125
7433
-7941
1919
4685
-2643
-2826
2550
-2796
-8323
4554
-4062
4796
-3996
591
3782
2073
-9598
-1650
836
-7102
-4036
-8745
-3388
7797
1433
-945
-4694
-265
4303
-3920
-4820
-853
3515
-6944
2521
4198
2026
2632
-925
3861
3135
-9347
1463
6132
4247
-965
-2765
-5552
-4002
-2479
-5146
-2817
4038
2779
6723
1860
-6614
-7875
-4226
3114
-5855
8826
-111
4213
3495
-8652
7726
7746
9614
1670
-7964
8044
5130
6814
-4086
5450
5559
3777
-6218
7033
-4907
7099
3396
7301
-4487
8663
8975
-1077
3891
-3530
-4733
-3460
405
7489
33
8501
8752
7273
5069
9104
-5181
5983
1395
5523
8670
6961
8675
8797
7276
-9062
3942
8474
-9521
-5095
-8484
1062
9104
-3051
7966
-6779
-6194
6671
-3347
7399
117
-7878
-3762
-7216
-6321
-8663
-7630
2535
5159
4117
4967
2450
-1281
-1478
-2102
-5127
176
-2282
9855
9362
-2764
6046
-7554
707
-9855
-4228
8268
-5167
-5739
-2649
-5090
1108
4241
-9074
4385
-1842
1127
140
-9554
-7141
-3934
-8501
-8030
-1859
-4021
6673
-5011
3768
-5898
-8828
-9701
745
-5753
-5592
3755
-9541
4498
-9734
-7029
4463
-639
2592
-2763
-4560
4786
2028
-2855
2129
-724
-2802
4065
-3703
7649
-9322
-7616
7078
-4337
8915
-7959
4393
8864
1024
-1253
1772
-6787
3993
517
-660
6635
6499
-2309
4573
4016
5094
9339
7747
-4690
-2810
4441
8879
-2531
6342
3989
4030
502
903
-3018
7632
-1428
-2573
-58
9494
-700
-7625
7018
8719
4837
7198
-8314
2548
-8258
3460
-3904
-9247
5612
-407
-2858
9403
-8501
-8364
-7688
9226
3567
6355
-4766
2805
-3541
582
2869
-7656
4105
453
-123
9351
7167
-5824
9442
-6525
-5530
407
-3933
7172
-4799
-6696
-6680
-730
-5897
-7129
3817
-8220
-5547
-4756
-5871
4423
-2688
-4163
-9971
1929
-5969
-84
-4724
6799
1154
6743
-307
-9500
-7578
-5748
-8617
-2826
-9636
4138
2241
-579
-2679
-7050
-6401
6927
-2688
1394
-5063
-6573
5608
7926
950
-121
-5324
-9119
-9331
-7368
8938
9402
-7141
3634
-4197
2445
2248
708
6724
-7467
-2484
-4486
4052
-2789
-455
5991
9356
258
-8063
-1059
-253
8560
4186
6738
7092
6944
-22
-9157
-713
3431
9241
-8498
1849
-3173
4258
-1569
-3053
-3320
-5712
-1441
-9300
-487
9537
-6633
-5294
-5702
-4903
-9399
5874
9578
6717
-3819
925
7400
-8411
9614
7711
9760
-4281
-6833
-1641
9470
5785
9952
1152
9554
2875
7250
-3597
325
-9732
2837
6826
-5763
4033
4190
-5477
730
-300
-7662
1914
-912
-805
8035
-9215
6791
-1992
-5942
-7650
1454
-472
-8701
-6676
-9585
248
5962
-1644
-1601
2033
1472
-8126
2555
6255
-6172
7072
190
-3691
5909
804
300
1511
9100
3338
-437
-7990
-5822
8420
-4903
-6104
30
-5245
-4989
4840
845
4904
8422
-7140
-7210
-266
-1144
-5097
2589
-8218
-2679
-6282
-2837
-5981
-3613
9901
-904
2553
9978
7819
-6591
-2243
4728
3481
-8247
-9736
-890
1234
-5969
-5153
-4466
-9596
2668
3166
-7733
4710
-170
-2407
-5163
-4330
2417
-91
4881
-8510
-6804
-2096
-8324
-429
7684
-563
9531
-9690
3167
-9508
3393
-869
7481
-3872
9077
2075
6354
9030
-871
1862
2170
5795
3694
7961
8954
698
-4668
-7981
4647
-2469
5300
-477
-9598
-3478
-1067
-4619
5687
9220
6497
8048
-108
9840
-4188
5453
1461
5156
5651
4919
-3508
-8701
-330
5131
-3735
-6851
6717
4176
-9660
6311
6075
9859
5753
6939
-4969
2202
7770
7136
-7539
-1102
-9313
-5943
-2244
6035
7539
9327
656
73
1047
-8150
-7851
-7550
-3201
-1839
4861
-3222
-8412
-4858
3767
-925
-7215
-2762
5081
1416
8397
-814
5254
-2329
2864
-946
-9392
-7999
-4457
-2170
535
3282
7527
-5486
2245
-3436
9681
-6760
-5656
1633
-870
131
5625
6734
6699
-41
-3175
-6591
-4721
-2204
3043
6324
-7338
-2498
5795
-6769
3889
8079
3733
-5624
-7542
6846
-8596
-2677
-9673
-9808
6939
-952
5545
-5849
-5976
-7611
-340
9960
8677
2000
-3827
-4062
-1952
3384
5305
4231
-5855
-7560
-7844
9339
-4944
-9845
2291
3920
5129
-1695
7051
2409
-678
-9631
9210
2813
-6385
8059
-6216
5345
-9338
-2095
-5044
5572
3221
2547
-7541
-2254
-5603
2858
-6458
-7174
5323
-6982
-6595
-7999
-2703
-7930
-9423
5497
108
-9033
-7564
-3273
4122
-3846
-7602
1594
-3518
6055
-5830
-6855
-9082
7757
-1748
4755
2358
-3042
-8387
8362
-446
-3930
6884
1901
3044
7410
5094
-7309
6169
-5593
-6515
3401
4159
5771
-6286
6819
-7922
3583
5631
-9867
2692
427
4736
2778
-3043
-5724
-6764
-7010
-6343
5758
2491
1774
8420
3397
-5848
-8114
6783
-7208
5577
3635
-7465
4242
-7146
6211
-1238
-8056
-2086
6879
-3792
-2431
-9003
-521
-2301
1684
-1655
7910
-7745
-469
4679
-4226
-8332
9521
-6845
-7261
-4403
-8955
-5017
3150
-9346
7361
-9415
8735
4187
-3262
2212
7419
5765
5256
7024
9724
9728
-8570
6436
667
9910
8685
8340
-3562
5092
-7202
-9570
3853
-2635
1168
7088
-7214
6026
4713
2810
-3280
-9965
-1057
-8030
124
2341
3664
-7401
-4853
7130
-7667
390
-2545
6075
6544
-258
-9183
9882
-4467
6731
4168
-1550
1769
-8725
4577
-5472
-9501
7792
6376
-5987
-9215
-1239
-7504
-8165
5767
6297
3934
-1782
4223
-3160
-2598
-6692
-6714
-5233
-4448
4088
1525
-9506
6768
-3504
4579
-8615
6398
-9845
-3035
-8867
-4491
-8218
1745
-5243
-9082
-6868
5954
5262
3857
-149
-7826
-8456
-273
4151
122
7168
-5426
-7285
-7658
-7397
-9931
-7002
6082
-5514
8489
1612
-7910
7787
-766
3147
-7787
-4874
-1774
-3163
-2500
-2724
-8994
8444
6392
-4619
8199
7672
-9510
6518
-1092
-3319
4094
9303
-5715
-5214
4800
-7051
-4880
3588
-9449
-19
-8827
-9722
20
4701
-5747
-1763
-8116
995
7859
1757
5196
8301
1339
-7502
-5475
-8186
5520
-9417
-8618
-1173
-539
-8326
-67
9119
2872
-4763
9191
2727
-5046
4227
-9291
-5748
9232
5655
-8968
-3637
-4380
-2322
-1319
4579
3110
5366
-6050
-5103
-7642
-155
-9655
818
-3739
-4872
553
5202
-7828
-8815
9303
5812
-5262
-5193
8828
7848
-7037
9468
-5973
-9518
-8163
9662
3644
-2352
-3390
-9469
2286
-2286
4998
8520
521
4106
-2966
-6655
7402
2693
9998
-710
-2901
-9379
2592
2978
-9042
-690
-4628
244
1368
-9763
1804
1094
9327
7829
3647
7054
4601
4242
-4790
53
8394
-8816
8768
-4673
2264
9418
-5645
-8708
2226
-1158
-9466
-9661
2511
886
2753
-7992
-3646
2147
-3014
141
-9327
1285
626
5687
7918
-4963
-8319
3328
-7380
2999
-9997
9814
6899
8126
-621
-4444
4584
6059
-9522
-9287
-8192
-5077
-6635
1895
5075
-4216
4877
-2960
-8241
-3133
2193
6091
-7790
-4715
-3594
692
-817
3578
-6976
1793
8343
-9770
6442
2576
-4831
-7150
3381
6378
4393
250
-8688
-4951
-7939
-1677
-9117
-8894
7209
-4583
-7038
4349
-4858
1123
5587
-7287
-4612
8383
603
-2983
1860
7804
6625
3698
3004
-2812
-6682
-1934
-1384
-2022
-4674
-194
-8666
-2187
-4711
655
3197
-5889
-3950
-9829
-1031
3830
4179
-3930
1075
-589
2690
-410
3123
5677
4834
-9925
-6425
8837
-9029
858
6857
-9657
10
-5445
2808
-6793
-7596
2536
-3393
1334
-6381
-7064
-7804
2198
6389
-441
-1244
-8838
5971
9218
-1164
-7970
-5998
1633
7338
-6580
8742
2939
-691
3037
5761
-782
8709
-1763
-6569
1318
9805
-4659
-3895
5227
5036
-4199
1940
-372
3226
-8989
1207
-4415
4715
2434
7180
-6411
9729
-9142
-427
-1118
-9656
1698
2541
3568
3412
-2523
5747
4301
-6505
1676
-3961
-7600
-7418
-1671
9636
6022
-4484
4620
3821
-4613
6570
5389
6498
7257
2553
6798
522
-5829
-7852
-9392
-5236
-23
-1069
8797
-5192
-2041
181
8268
5319
5691
-5663
2689
-6357
3868
-7426
2967
3383
1856
3509
-6550
5884
-6475
1108
615
9969
2671
4692
-9372
-2028
-9855
1732
-5886
8458
1
-3866
1836
-7889
8335
200
-5696
-763
-5303
-9904
-995
6113
5420
3236
-1483
-6864
4601
-3718
-9337
3153
-2617
9287
5822
7746
1438
-6968
1269
8905
-3372
-3831
2639
-3817
-5202
-6837
-2499
43
-5744
5545
-2778
3367
4691
-4576
352
-7877
-9961
-7274
9182
8154
9311
-8010
-5509
4051
-9483
8253
8445
-5667
2789
703
-8180
-9896
-6705
6513
7987
152
6776
2980
-4227
-7772
6939
2934
-623
6970
-4234
2493
-9237
-5203
6795
881
-767
-7343
4983
-4533
1055
-5135
-5613
7867
9044
-3083
-8287
4783
3782
-8142
1060
-8191
4559
-3347
9876
-9705
8755
-4886
2534
-7997
-6581
8009
3271
2257
506
9659
8512
6700
9907
4710
7800
3135
-8212
-8337
-6461
-1218
-655
9158
-8199
236
5648
-6544
6459
-1965
-1744
748
3158
-1538
-5143
6370
-2153
2042
-9833
8074
-2719
-9094
3550
2444
5182
3576
-7958
1400
-6891
-4322
746
-696
-1710
7649
630
-1666
-376
7315
-3654
-5624
2189
-6770
-666
8091
-782
-5330
1307
-4377
-7990
1322
-9491
8949
205
-8180
-8955
8493
1039
-3941
5178
-2596
-2575
-714
-1735
-6597
5084
8266
4986
-8291
-1630
5079
-887
-3884
9731
-1012
-1652
8922
-6918
7955
-8057
6707
876
-8803
-5189
167
7695
473
5662
-3092
3672
3712
-4455
3190
-7120
997
-3851
-2505
6662
-3961
5252
424
1609
3470
7052
-672
8206
8716
-4204
6526
-2743
6525
5625
7798
8844
-8432
182
-9054
-1615
-1045
-619
-990
-5719
-4682
-7521
-5963
-7991
6377
-2146
-4203
7696
5928
7807
9466
-9175
-7892
-4384
-1539
2313
-8165
9467
-8346
-5947
1084
2704
-2214
8193
1904
6941
-3281
-5481
9907
947
-8007
-9049
9413
3680
2253
3603
9542
9335
-6527
-7921
8680
5738
5621
1281
-6298
-6052
-6103
-2766
3046
-5205
2912
2733
-9823
-7976
624
-7049
7931
-5249
5913
-5029
5343
-8593
5148
-1459
-8624
1021
-5134
-1572
6110
-3577
-5605
-5375
-5569
-3173
9200
4350
-8762
7070
-8410
9238
-6089
3265
-9257
-2320
-6777
-4147
8295
1437
-4006
-2797
-2956
-5835
-9739
-7489
5213
-5855
-1092
144
5085
-9469
8588
-8758
-3591
8706
6799
2137
4416
-8146
9564
7704
-9791
5797
-5211
-9554
-8849
3943
2037
4482
6077
-3837
-676
-8276
3406
3449
7915
3211
1909
1951
-6039
379
8166
-8069
2824
7279
-5899
-1995
9948
1891
5686
2159
1769
9381
-4233
-8845
-2162
6505
10
-6357
4450
1834
-3887
4255
8304
-6980
1800
-6017
7949
5140
1463
-450
-8023
8507
-6692
7108
6965
-5332
947
-2064
2984
781
-6429
4475
-4305
-3096
-6229
7561
3660
8051
-4842
9838
6826
-183
6698
-3783
-6342
8893
-3261
-9411
4517
-1113
6729
9740
4336
-9979
-2407
-3528
2911
690
2384
8291
9782
-582
-360
-3158
-1546
-322
-1147
6837
5041
7093
-8650
686
-3644
-8664
-3023
666
-5092
9292
1051
4854
-4711
-4588
-3804
-5078
4892
2639
-2158
2235
270
2985
-3833
4929
8142
3345
5299
121
5393
-6415
-8089
-2720
-6399
-5474
-1864
-8223
1253
8103
-5903
-8866
9981
1839
6617
-9049
6381
4298
-1135
-283
4624
2945
6067
-9348
-2813
-6494
-6126
-5915
-307
-742
9459
-7511
-9848
6525
5253
-348
1225
6446
4467
4303
585
49
-6393
-9126
8324
4178
-2141
-6801
8956
-6414
1133
1925
-8371
4687
8206
-7950
7429
-5422
7038
-2189
5980
5912
253
6580
8100
4005
7792
4393
7555
-9643
-2915
5304
-2352
-8309
-9547
2535
-8590
-6029
5589
-6153
-6779
9196
4286
6013
8275
-210
-9772
6344
5580
-1685
-3524
-1506
7841
7807
5586
9063
-2104
-1317
8178
-2001
1610
8550
-9564
6639
4754
-2978
2908
-6592
2176
-9786
-8260
6003
-4936
-159
-5765
7186
-3672
4134
4759
-8801
7257
-5192
-6458
-748
-9567
-8036
-7661
-1055
4659
-3440
-9062
-8226
3940
-477
4590
-9751
3685
-6974
7489
3769
7667
3612
4831
-6238
7585
5724
4542
401
3484
-9574
-8134
8813
7435
6629
7867
745
-6347
213
-9271
9390
-3990
3779
-8637
-3974
-8063
9025
-416
1620
-5439
-5074
-1264
-2580
-7610
7032
-5913
358
-8786
3383
-4994
-5124
-1113
6862
-6506
-4847
5026
2744
-668
-3585
7900
-1801
-2603
-516
826
2575
8495
-6444
1612
9062
8635
-6761
-1912
-5441
5151
-1140
7778
9034
3093
602
5835
-6352
1022
2019
-1832
4767
1307
-8593
-4335
-4127
-902
-2427
-3994
8460
535
1872
-7984
7810
-3994
-2063
-9974
4189
-9433
-1729
8309
-3663
-1502
3232
-8937
-8659
-6488
-5579
5088
731
2654
-2136
2680
-4216
4460
-5721
9018
-5495
0
-3820
-2463
-889
432
-5767
2444
-8617
-7116
-1926
2436
-6713
3515
2120
3347
9284
5083
-6873
-1116
8103
4790
390
295
-5164
-5166
-8602
-4852
-4515
-6556
-9127
8534
-8477
-4390
-2513
9723
-4174
-452
-5752
9932
1188
-1828
-9739
825
117
-6526
-2070
-1965
-4834
-6570
5376
-375
-8305
-7817
-9259
3429
2993
-683
-811
8591
-2066
7524
-4691
-7099
-6892
487
-8774
-3792
9636
-8335
-5503
2002
7182
-1946
2256
651
4033
-5975
-6264
-523
-7370
-8524
-915
-8069
-7049
-1560
656
8017
-6920
2300
1111
-586
1595
9812
9525
5144
4537
-1675
-8200
