1556
-2298
-8615
8033
1410
9918
1873
-2284
9804
-6848
1351
-3913
-4445
-9380
6567
-7043
4236
-6977
-8682
3484
4837
5564
-5373
-537
-9433
-6831
-7812
5395
5642
4434
7537
-8488
3179
-8126
-7552
9058
-5441
1175
-5056
-6355
8352
4713
-2921
8911
-1429
-5083
-3183
2543
-9341
-6674
8654
4982
7020
3303
-8081
1289
7755
-5705
-6189
-9631
1659
1430
2424
1360
1383
-6055
-1223
2868
-3028
-1473
-2283
9209
2827
7773
-1380
1116
-4353
194
1106
7693
6776
-1515
6081
6809
-1996
-3330
9117
-4019
-7350
6680
-3177
-8704
1046
-3703
-8952
3023
-9470
-7125
9423
-5294
-9076
-3729
-857
4433
-693
-1218
4350
-6206
788
5333
3260
-5243
-2455
5490
-9623
8952
8727
-2773
-7049
-825
2183
3638
8436
-939
7761
6391
4364
-922
-194
-5147
2035
-9103
3529
7791
-5231
9149
7859
272
2920
2061
7540
9447
-7856
7132
-5946
-662
6809
2146
4131
-4269
900
6930
-4612
-7355
7930
7240
6976
3105
-8556
-7852
8971
-425
4711
-4750
-5331
718
-1745
-6326
-6700
-7035
5439
2639
-2726
-3222
-1253
-9934
-6613
-7135
-5956
-4878
-3289
-2496
1134
-9254
9657
8590
3971
-1216
3401
5580
-3190
3646
6274
5980
7042
3628
8876
9566
5859
9598
-6573
-9828
3820
4355
-359
4987
-3319
-2787
2260
-5523
-598
2890
-2149
-3208
-3142
7474
-1765
-3690
7771
-1808
2121
-5840
3306
9364
2522
6267
-3235
-3826
-2966
6670
1894
576
-6831
5044
2336
4959
7427
-9124
5295
7844
270
1927
-6408
-1176
-2731
4767
3232
-7586
-4079
2678
-4490
8416
1920
854
-1433
-3980
5476
8395
-5283
8373
2267
-7427
5263
-8661
-2348
1487
-8920
-4910
-3469
-6976
150
-3201
1255
-5399
-618
-8491
-832
-2176
-7110
-7978
205
-9852
783
-8526
1116
9693
-4199
-3577
131
5853
-8641
5998
1259
578
7213
3363
1529
7222
8963
1252
2662
-256
5451
-8347
-5190
-7915
-3949
-4347
6232
-3612
-870
-7984
-8478
6881
4851
7839
5886
-3188
-1446
3031
-1106
-4724
-401
4374
697
-997
-2056
9112
-6834
8920
1614
-3995
-8394
-6957
-8715
2097
61
6848
5032
-8520
5399
-9462
-4479
8957
-8735
8398
-8990
2892
1102
-6092
-7838
-206
-7539
-2411
9964
5877
-6563
-4965
-6910
2572
-7790
-3702
8577
4991
-350
9753
-5279
3030
3007
-9935
7331
-3048
-6693
3852
-7763
7828
1575
-100
4638
-6194
3656
1733
6970
2636
478
8855
2213
-5833
-1521
-7962
-3932
-2459
6513
3488
-5411
9309
-4089
-6916
8655
-2437
-3960
-2751
8569
6733
8072
8683
8894
-3175
-134
-9339
9925
-3843
8292
-9175
-7988
6722
-2777
257
-3189
-3273
-8874
-4944
-5056
1851
5723
-1838
5329
-9111
-3124
-5718
3395
-9750
-1790
-8677
2648
2146
-7295
163
5376
-3781
-4346
8222
-9721
-5662
-5938
-2877
4690
9417
-1483
5295
-8265
4182
9016
-3130
9228
-3006
9261
3303
-5496
-34
-3501
8344
-450
-489
2947
-1373
-4077
-5128
-4632
7842
7533
-9706
7714
9202
8187
-7820
-4533
4850
7146
2416
2734
3853
-2816
7256
-8391
7282
-2145
4674
5111
5266
5830
-62
-885
-295
5033
-6699
2604
-9747
-4895
6788
-8063
-6141
-4492
-5847
6580
-3181
3821
-7961
-2357
-9314
-5802
8847
9148
-8231
-5399
2146
943
7491
-8486
1915
913
2290
297
-906
132
1299
-6981
9888
-8298
-5426
4092
8012
987
8392
2672
8002
-1887
-96
-7008
-2829
-3864
9858
-8099
2460
9717
-6876
-3421
-219
-2077
-9460
-6655
-8409
1980
2965
-713
1877
-7376
-8722
3612
6468
-6074
-2727
-9537
-6458
-2427
-3365
6769
1436
3450
-2023
70
8400
-8010
9099
7576
-9314
2199
-594
-1316
7804
5110
7285
6014
1271
1820
-9251
3042
6269
4602
-3470
-5091
-5695
9126
-1129
2398
6063
9732
-4302
3244
1947
6724
8769
9812
2504
9085
-836
-5488
-1971
-8012
1277
-1219
1944
226
-8740
6618
8371
-5151
8324
6195
-231
6734
8403
-2290
-106
8943
240
-4068
9042
3787
454
6306
-9426
2068
5967
2574
-9954
38
4715
4914
-6180
-9624
-3120
6137
-8651
-5935
3061
1453
-8141
3419
6925
-3328
-4146
1208
9237
7148
8464
8948
7273
-5588
391
-6713
-1112
6402
-3927
-6517
5674
1778
171
8315
-3379
-7370
-73
-449
6344
5625
3657
3021
-1225
-1172
1893
-2813
-8201
5640
-6508
59
7961
-5535
-1188
-641
7011
-9573
4889
2076
2139
1201
4226
8048
9465
7978
-7314
-4181
2134
-1918
5847
-7235
3415
3962
-5664
-1007
-8738
1334
-8637
4789
1054
-8676
-296
4493
-8737
-2610
8303
-2244
-4284
-4631
6601
7588
5004
9083
-8889
2347
4031
-1407
2906
0
-1103
6780
-3959
-4963
-7764
820
-2097
-7099
918
2134
2386
9079
-1985
1120
-1857
-1975
6311
685
9871
-9842
8932
2292
877
-318
-8315
-5120
-9836
2075
9270
-7027
959
1343
9882
-3448
-9815
-4232
-5012
-4441
7359
-7650
-674
-645
1981
9218
-9442
-6100
2276
-5803
-6922
-9585
-8936
1024
3283
-6429
8856
-4390
1856
9570
-8404
-8639
8889
2078
-5603
7256
4705
3295
-2956
1159
-6686
-7310
3578
2111
8792
5554
3398
-551
-662
-4980
-1260
7192
-1711
9509
-6960
1029
-2121
-5182
4469
-1195
-3112
8855
-3913
-6459
3494
-6126
-1213
-4156
8097
6688
-8750
-9764
6442
-4329
-3860
-9486
6720
4392
4566
762
-1020
-3666
3509
-9851
2626
6392
-1765
1387
5152
-5383
-3939
2089
-6312
-9055
4729
9732
6189
3614
5034
-8872
1032
-4596
2582
-6870
8785
-3490
-8046
7289
-1847
3281
-2681
2881
-5873
-1398
7595
-7067
-833
-9768
-7972
-1059
1985
9479
7784
-3607
-3953
-1888
1831
1704
671
-8907
-2311
3540
-7594
-2705
6542
-9490
-289
9050
956
-2996
5289
-9160
-4019
-810
-4907
-2055
-7340
1280
-7624
-3127
9936
-83
9592
-4956
5317
5158
-840
3200
-4873
-6435
1826
3845
-3912
-1428
-2134
8028
-8614
4723
3320
7205
3148
8003
2172
4528
6251
7336
8982
7949
5692
6169
-7824
-6782
7194
5718
2287
-6262
-1652
-9237
-617
-3951
747
-3068
8823
-7788
6458
5268
8928
-8015
-4369
2145
2255
4262
-4166
-4081
-4415
4677
-3261
4647
9475
6127
1102
1227
-5698
-3225
2396
-1080
4190
9232
-7201
-4128
4798
3700
4652
2593
-712
169
-4950
-8084
4335
2167
-1150
-8702
-2203
7316
-8293
-2329
6013
7430
-2453
7356
132
-7167
-6402
-8842
3364
-4991
-1750
-6292
-4202
8012
9680
-9110
-4302
6592
3656
7123
-4518
5537
7894
6526
1457
6144
-4762
-6102
-225
7419
-2801
4629
-819
5376
4573
-8012
-1407
6481
179
3880
1696
-5020
7960
2121
-3477
4482
8609
2159
-3490
-9846
-2760
1650
5838
-1114
-4929
6695
7292
8379
8666
708
9057
5259
-8709
7606
-2829
608
-6019
5123
7312
8108
656
5763
-3735
9516
-5662
-6124
5386
-180
2315
158
6689
4738
-3463
-8322
1935
-6834
6956
2477
2401
-9189
-5663
5931
3326
9330
-4028
9075
-8965
-1959
-3657
-3667
4763
1019
-2067
3049
596
3309
9369
1289
7995
726
7432
1598
7236
88
-4826
3208
-7337
7902
-8759
-6372
-3056
2384
2086
7122
-8277
-6609
-9515
-7003
4359
-4734
2136
8117
-5420
7911
-3532
-511
9878
7720
3909
7178
-9031
-2745
905
-1783
9002
-8251
7039
5561
-1927
9835
-4139
2824
-5908
-9382
-4489
-8965
-989
5727
6928
-961
-131
-2956
-3699
7954
-42
-6509
-436
8720
6570
-915
-7360
-3571
3356
-3292
4490
-540
432
-3597
7479
-9593
-1545
-6013
-3538
-4049
5138
-5818
8839
-5369
-4098
2643
-9774
-6080
3682
4090
-503
-5684
5322
-3363
-8309
-6123
6459
-775
-6496
-6604
-2935
1776
1760
-2417
1072
-3500
9284
8737
-1080
-7730
-4163
-8370
-2117
-654
-2199
1861
-2017
-8821
-6565
-9504
1465
6291
-9429
-7359
3244
-148
9195
-3623
2042
-250
-4721
7418
9307
-4384
-7602
9394
-608
-1826
-2409
2417
-66
-6742
-2619
-1041
7567
7795
6924
479
-9655
-1901
-6564
9349
-4281
8132
9399
5593
2917
-2460
538
-1661
-929
5224
2511
-3295
8559
-1001
-221
6085
-397
4916
-7194
-5316
780
313
30
7583
-6216
195
7348
7163
-3640
8872
-8043
6153
5050
-844
1188
-5078
-4932
1120
6552
9793
-6756
4875
355
-1308
8792
4639
-5642
-7445
-7499
74
-429
-9139
-8833
-8767
9669
9610
3958
6472
-8972
1650
6041
-1749
9032
-6838
9105
3052
-9741
-604
-8199
-5968
-2101
8774
2589
-4537
4191
-4455
-94
-3359
-4713
8972
-1211
6556
3918
-6890
6273
5537
-7087
3160
7509
-17
-157
9864
-585
5744
571
-1156
6967
8011
-8986
-7575
-9297
-2165
9077
-5132
-6836
1063
3347
-310
-7012
4695
2605
9414
2100
-9050
5541
9629
-7172
-9711
2735
9525
6569
-607
-6310
8812
-1379
-9942
2464
-654
-9632
-3342
-9149
5027
4318
8990
-5273
-8257
1652
-683
982
-2159
3520
2575
-815
5977
-3537
3669
-2823
-5746
5728
1082
-7094
8583
-8477
-8517
-6573
3971
4131
473
1527
-120
-6354
3270
-6568
-1145
3215
1138
5765
9972
-3848
-9366
7022
2645
-490
-6748
1669
2024
5731
6433
-8995
-2727
-6859
7699
8303
4625
5370
-1127
3018
9186
9874
6187
2343
-1544
-4929
-3356
-6008
1284
6645
2522
6785
-6619
8301
-5685
-3603
9913
5668
4710
-5321
7285
-2259
4256
1559
-1423
-9299
5913
-2281
-4688
-3840
2039
2330
9061
1179
-6828
515
-572
-4475
7739
5474
8480
5317
2569
-2100
3636
3862
-6172
-3008
6249
6135
6120
-9258
559
9102
8433
3352
-2813
-1192
2927
-5362
9383
7097
2685
-10000
-3850
883
3705
-8414
5459
718
-8870
-3529
-6475
1835
5021
-1888
2640
-1760
3185
-8107
9224
3286
9732
300
-4921
-6177
-629
6115
-7277
-8189
1846
-9412
-6225
9620
6438
7013
6851
-3307
-2871
-3434
8527
3776
-9745
9103
5228
-5046
-9232
4114
1004
6516
-5268
-5299
5336
298
2816
9103
-5428
1371
-1360
6549
-6360
4045
-9223
9467
-5466
-4322
5226
-9038
-4299
7976
-792
8744
-115
8438
-8647
3814
-8937
6884
3967
-8411
3938
-9349
10
-9948
6154
-2100
-3078
7159
9320
7074
982
-4888
7042
-3711
5110
3849
-8422
2203
8641
8120
-7758
-5840
2524
6538
-5043
6951
6379
6776
6555
-1719
-3702
-2453
-9071
-4080
9407
-4321
6958
-7843
-3090
-6304
8728
-9210
3179
-5957
8505
8934
-5606
6802
-8302
-4512
-5551
6862
9011
7995
-2384
3787
1557
-4303
6001
1917
4809
-8199
7421
832
3529
-5549
-7727
-8035
7887
-5875
7210
709
-5882
-8776
946
2742
-1397
6350
-7907
3612
-3543
7402
-8210
5125
-7458
6906
7126
-494
2791
6004
-5065
-7794
3713
3596
9919
-6436
3514
-514
-1866
-989
7573
-1205
-1007
-1395
808
5867
-5078
-2449
9605
8081
-7853
8239
3635
-9091
8873
9207
-4
-122
-1616
444
-720
-8371
-354
-9907
-4592
654
5594
-4329
-6389
-1067
-4212
8804
-9291
5479
3185
3224
1542
-6216
5154
5072
4520
-4828
-9977
-3443
7455
-9519
-8904
-3540
3454
-6502
7002
-4454
-2613
1311
-5118
5509
-595
-6934
4752
-8122
-5251
534
8009
770
9600
-9450
-6
-4406
6827
-226
-3026
4458
1805
-1472
57
3407
-4096
-2506
387
4877
-9404
-4935
-1391
-6129
-9992
3602
-8806
-929
-9715
6658
-2403
-8854
-6018
-1893
5211
275
9481
7946
-2215
8502
1326
-4498
-8803
-1866
-660
-5164
161
-8869
-6192
-410
-241
-8979
-1634
-5557
3020
109
-84
-682
9308
1378
-304
-5056
-9560
-6367
7005
-8674
-6852
-7751
7988
-7343
-4461
-8924
-3320
-5872
-9340
-2040
-5595
5925
6196
4746
5758
-1286
-6827
-9809
6003
3477
-5934
-2827
9778
4924
-7689
3269
-9093
-5213
-7039
3186
1004
8369
-5901
6113
8380
5536
-7225
5935
-4918
7955
-9219
-1766
692
-9738
7959
-264
-2511
-8543
9063
1217
-2837
-4993
-8156
-5755
2078
8425
5424
-9030
1710
-7411
-1755
892
-9866
8346
-2625
8696
6775
-4408
-1242
6155
4760
155
-4244
-941
-6377
-4147
1686
1578
-4705
3104
8033
1134
1825
-6314
-2361
-1160
-5060
8290
-4137
4416
-5694
978
-5525
9001
-1580
-4247
-2451
9696
3282
4801
-4424
4561
-3221
-9215
-7417
6134
-8684
6352
5099
-6909
2459
-8063
1097
-8256
-9412
-4785
-9055
-354
-3327
4409
-7835
8327
-6017
-8634
6363
-6341
-9854
-906
6330
7109
5652
-3988
1283
-8990
120
-3246
7434
6653
-1025
-3802
4955
4163
3589
5844
8507
-1240
8687
2600
-2240
-4449
1962
9746
7646
5122
-3098
3334
-2282
-4929
-6194
5752
3591
8173
-5414
-5644
4860
-7137
-4919
8262
9663
3109
8457
7294
-7096
1061
-1936
7856
-2516
387
1783
-3030
7596
7601
2985
3121
9053
-9429
3322
7615
-7590
-6347
4483
4717
7310
-7302
6524
2313
1140
-6063
-9435
7208
-9638
8481
-4449
6569
8995
7765
8197
6658
8985
1835
-4762
-9138
3150
-2774
-4309
-4492
-1633
-3466
-2060
-5442
1690
-620
-8065
-646
-2167
6530
6502
384
-5986
4193
-3039
-1500
-9038
1677
-151
8402
-4811
2007
-3256
-609
-1503
-4250
-5012
-5004
2453
9981
1193
2738
1292
6852
-9182
6555
-380
-7592
9319
4205
4809
-8449
76
7558
-4554
5818
365
5052
4180
3604
-6157
-7206
2931
6714
4010
-1033
7990
-8009
1139
9443
249
7041
195
5943
-5003
8920
-7077
-3310
9650
804
1748
7289
6709
-1648
-5327
-2819
3222
8099
1515
-814
-7001
-5727
-6781
8121
6022
-134
-1707
-1873
-9814
6898
-5358
2226
656
-2832
-5635
-4179
-8039
-3534
-1171
-31
-1983
3871
4548
-8930
-9531
8654
2329
-8906
4014
567
4760
-9803
-8545
1138
-6817
-2613
3581
-8466
2768
1850
3400
2295
8389
-2804
-7833
3039
-8540
-4792
-3711
-6404
-2944
-4851
5149
9356
-9697
-3704
-2988
-6370
-4294
-7283
1519
7127
1751
2634
-4949
-8117
-808
6570
6980
986
-2120
-9125
4341
-9862
6845
1522
9157
-8411
-8108
-178
5606
-4898
5446
4060
-3511
153
1532
-2642
-5207
9015
1211
-5612
2321
557
5218
-3559
-5934
-6198
-4817
896
7018
7671
-9029
-8451
4010
-8734
-3128
-3348
-898
-5508
5655
8074
2322
-357
1319
8950
-1817
3356
8829
-6636
-5586
-3561
5991
7718
-6918
9512
9180
6995
5783
-4734
-693
-4606
3971
-9330
5426
835
8672
3210
7819
4086
6390
9956
1079
4336
4702
2910
-3309
-5160
-1505
-6644
-9380
-2348
157
7679
-3110
-6066
4149
8028
1648
-6559
-6835
-3959
-2835
425
136
-229
-6737
-5695
-1092
6937
-4574
-9101
-6706
-2197
-1805
-8227
5575
8790
-7288
4524
-9497
7153
-7081
-617
-9451
171
-9751
6728
8115
7517
-9831
-6602
5467
-8558
-7466
-2881
4884
-3217
-5219
-5520
-4654
9609
-7513
-4541
3833
-5744
-4250
-193
-1988
-147
7769
-9412
9499
-2853
-1503
7370
-8851
3914
9446
6854
7606
-1279
-7839
6241
581
-3724
-4394
8901
2207
7356
5781
-3026
-9961
-6146
-1115
-1052
-6344
-7929
-7770
-2154
-9946
-7360
-5924
-9582
-5801
6428
9979
-7027
1464
-1297
8218
4644
8022
1493
-6889
5891
4593
3726
-1285
909
-768
8045
4321
-816
-3958
8392
-2610
-5
7573
-3159
-1120
-283
1645
3856
103
1522
-9575
-1648
2179
8412
3471
2164
3225
-1819
5799
8729
8012
-6304
6913
2978
-428
2417
6449
-9648
8555
3534
1534
-9298
-6870
-2213
6288
-8663
-1408
-289
-5211
3421
8851
295
-7676
2254
-7196
-3159
2000
-4248
-3904
-8590
-5332
-3942
7256
-94
9941
-9593
-8001
-6125
7399
621
1344
2532
9639
9617
3805
9153
-9866
2750
-5548
5202
6933
18
-6424
3887
3935
-3324
3118
6621
-5476
-6115
5610
-1129
8398
-2980
3392
-5776
7543
1458
5843
4518
1585
-1140
-6527
-3017
3894
7087
8250
6684
-9965
-5557
-4219
5655
-6005
96
807
-51
-2965
-5161
9117
1278
-6491
-2603
5759
-1540
6080
3582
8119
4297
6045
4791
5717
2953
6838
-3225
-7250
-3719
7701
-8128
-2366
1275
700
2299
-8315
2667
-1755
7409
-4235
5653
-6455
-9662
-21
-2646
-7162
2758
-2475
-331
3192
4879
-8767
-8069
7716
5212
6081
5267
-3405
3370
-6796
9042
-3854
2026
523
8715
-9315
9027
7905
-2927
-3388
-331
-6206
8520
-1971
9199
3399
-7686
-6989
-278
5726
-1384
-5203
-9404
3505
2506
6753
-1300
1354
1862
-8996
7669
-1916
3728
8655
-7623
6700
5344
9359
-876
-3685
6579
-2218
-1665
-9000
1781
4254
-7994
-9142
5708
3225
6448
-972
-9424
7659
7581
-9046
-49
7773
662
-3682
308
6333
9442
8657
-11
-8518
2509
-4373
1766
6357
2816
935
-7500
-6407
965
-5699
-718
-9019
5998
1538
-1783
3727
-5585
5307
-9991
8108
4741
849
-6708
6791
8500
7210
-8433
3198
-9363
-696
-7277
-9087
-4711
8911
-9075
-5986
2908
-5971
6088
8200
9342
-701
2108
9253
5264
3856
2653
2325
-2972
-6096
-1912
523
611
5829
1091
4713
-8668
-4846
-9924
-4983
8087
163
4222
-6843
6878
2466
-7574
4747
8051
5104
-4544
-3659
-6788
-2740
6069
4017
8830
-5425
-5133
6680
5299
2126
2269
-2229
1326
-7556
5937
3321
-7243
-7528
2418
9741
-1377
981
3508
3217
2977
-1367
-7992
-3141
2239
6093
4653
-4904
-1980
402
408
-9739
2091
1215
7023
-8648
-3604
7241
3871
-3321
3926
-3966
2149
-3757
-8587
5995
-8103
-5729
7729
-4687
8928
-1202
-7477
6011
-5211
-1342
-7308
-2101
-8071
4849
-4605
144
-7464
4019
-6677
-3914
519
-7135
-8714
-6490
5227
-8593
3358
-7561
5329
-7511
-3910
5051
-6807
1462
8502
8768
-5055
4463
-7044
-3259
4483
-7369
-6192
8147
9105
4432
165
-6812
3457
1925
-6831
-8514
-8114
3466
-9177
-4768
-3013
-1960
-1980
-8119
4812
-9908
2338
337
1601
-8260
-543
-7486
9406
-8947
-4725
1323
-150
7762
8673
65
9997
2359
-7298
-6655
330
-4790
8286
9384
-1014
9243
-1710
7955
-7043
-3382
1560
-7893
5193
6092
4475
7593
6887
-5296
1314
5213
-7100
7000
-6638
-7165
-6868
-758
9633
5959
8709
7335
-7590
-2846
-97
1516
9641
-9854
40
6705
-4136
-6564
7743
-8286
-7783
9324
370
9516
-8466
-4429
-9001
7147
-6520
-2260
-8015
-3971
-1167
6384
3326
-1957
-9807
-153
9203
-2806
-7890
-3501
-1687
-2366
-6238
-4296
9040
-1590
-818
-1880
-6119
9494
-7246
-5238
-68
2923
-8566
-4592
-9305
3841
235
3203
6444
-7329
-645
-5612
8463
2505
-9032
9654
4228
-4187
-5122
2192
292
-5269
-6539
2701
-794
8499
-606
4607
-6228
1641
6965
-1556
-8877
-1838
6200
-4735
9781
-3406
-7529
7720
3259
-8271
-5548
-7407
-197
9762
2004
3100
599
-8607
3605
966
9211
-4616
-1005
-7763
5426
-8755
7274
-6002
-149
-8106
-6378
-2500
7785
-550
-3531
3682
1131
-6920
-9596
-3913
-562
-5835
-1179
7641
-6637
-477
6525
-2218
6985
-7138
-4860
5866
-4197
-2558
-3470
4454
-1311
-763
2456
1527
5455
429
-1842
8291
-8211
602
9521
-4196
3369
-6057
1379
4145
-8850
-3510
-6866
5398
-9809
6464
-4259
5780
-4187
-9539
9931
4943
-301
2806
5018
-2109
-8481
2874
-1090
-6986
-5180
-239
-3637
-5364
8536
1775
-8498
-7248
8921
-3141
-1700
-3367
6669
-8349
7641
-5364
1877
2773
3980
6057
-7924
-1484
-4197
-8781
-1218
-6932
363
-9001
4534
-8746
9355
7170
-295
3675
5471
9065
3139
-5572
-1219
-8785
-8214
-3689
5884
9948
2773
2579
8440
-2719
-3859
8366
7328
-7773
-4119
4305
4686
-3505
1135
3163
-6724
9429
-3044
-5203
-5111
-6997
-4673
8315
-6478
-8861
-3929
1210
8437
-8994
-7778
-1464
-886
-9007
-783
-7713
-783
532
-6853
9288
-7056
-9562
-6676
7224
9888
6306
-9074
7684
5201
3287
4470
-2599
-840
-5158
2565
-2593
5720
6042
4377
-4103
-6960
4073
-840
-6023
2922
-8239
-6344
-1160
-1971
9650
5754
-4344
-7787
7922
-7767
-2092
-2074
3459
-5738
8433
-4653
8156
9558
7678
-9082
-256
8568
-7727
-9193
3927
-6053
6848
8223
-500
-418
2762
-7589
6249
6784
5341
6770
1095
5477
3272
-9265
-3671
616
-625
-2107
-832
-2860
1406
-8076
3874
-5258
-8935
377
9453
-93
-2142
9325
571
7655
2713
9346
-1794
-4917
5472
-2498
3382
3273
9291
1605
-952
9676
7416
-2103
-900
4779
4138
6756
6915
5043
9448
-1478
9621
3124
-4480
-3706
-9608
2342
-8394
-6979
-3966
-6544
-1621
6701
7790
6226
1380
-2401
5051
5481
2781
1244
7765
1966
-2899
6039
-8431
-3931
-5785
-8512
-8330
4111
-3558
5257
3502
-228
2395
-9424
921
-5775
-2593
-5955
-9752
-2777
8638
1977
-6402
315
-8705
6811
-7566
8733
-2923
-7993
-2428
9644
-6299
-687
-3769
-6145
-5292
-7903
7849
-5951
-6685
8079
-4618
2567
-3599
4709
-3079
6080
-6328
-9995
-1415
5642
-4960
-745
7892
-327
6702
138
6469
-3672
-3282
3383
578
-9907
2821
-8787
9562
-6679
6195
-8307
4915
-9861
27
3251
7655
-968
-7206
-1492
3892
-6644
1090
-2277
2999
-2686
-1398
-3518
1637
-2175
-8212
4309
-7359
8413
5488
2358
-7487
-8577
6974
1962
-2548
-3258
5576
3267
8658
-395
-1831
7603
9960
-9500
-8391
6903
-443
-3527
-5197
7427
4305
1257
4364
9321
5398
-2640
4712
-3900
9225
3205
-3348
-9967
-5456
1317
5740
-8963
5018
-3855
6299
6305
3412
1709
8690
-2862
-1123
6380
-8745
-6207
2724
2928
-3214
6012
-8599
2526
-4359
-1753
-7087
-9963
-3861
-3759
-276
7587
-9457
-553
3707
-7356
-4250
-6426
8767
6977
-1749
3237
6731
4405
9344
9529
-5052
7383
-9145
8246
9782
-1159
-7884
1549
2820
-8030
6957
-7552
9033
-6946
9554
9135
6270
46
4309
9440
773
5706
3961
-2122
-1550
4447
-3062
-6988
-9912
4879
-978
-3258
-4560
-1748
5104
3376
8363
7114
4543
-3
-279
8701
6295
-7658
4751
-6541
4465
8304
1342
-175
7907
7126
-9395
3886
3323
-711
-6037
-6689
-8869
4906
1006
-7167
-8018
3731
-8441
589
-4644
3908
4050
7240
-8051
1789
5868
6398
-1055
779
8209
9950
-5099
-7697
1339
3334
3878
5970
-3911
-9140
-961
-1990
-1269
507
-7526
8574
-342
7286
3436
-6034
-1053
7798
-8649
-7047
-4910
-3010
2214
6276
-3764
7943
-2952
9454
5599
-7221
-9342
-9528
9648
-7805
-6079
-9383
-152
-2159
-1342
-1648
-6610
-9373
1856
6131
8536
87
2542
4537
4391
3462
-3729
330
-7633
-889
-1704
-8787
7634
-1652
7723
-8621
9597
-341
-6506
1916
5524
-4451
-7715
3515
7830
-3303
2951
4519
8207
-6206
6378
-7077
-7020
-8594
-9288
9268
-2679
-9762
7584
9570
6179
-4809
-6490
-102
3342
6370
-8608
6677
6138
8834
-9880
1517
-4922
-8875
2945
1447
-5435
1318
8967
-330
7940
-8660
-7052
-9596
-1049
5853
-5064
4794
9437
-9386
6860
9289
2915
1137
-8753
8460
-4150
-3003
-2343
-9044
3679
-7857
1780
8652
3828
-6077
-993
-9881
7625
-4560
-435
-1956
-4881
-6902
3509
-367
5224
-9280
-9997
1593
-7071
6436
7514
-5664
-2263
6149
2318
-4059
-8428
-8552
7638
-4234
-4971
-8791
-1096
4926
4086
-7616
2765
-8326
-5118
-4716
-1938
-6171
-9247
3899
-3789
6877
1510
-7499
6753
-9933
8948
9840
7677
1960
6838
-5996
4573
-6063
9853
-2645
6172
-2414
-1322
-2345
-3342
3364
1731
-1260
9954
-790
7089
3021
9774
-6901
-8855
8199
-1578
2238
-9751
-9698
6831
6250
3979
-9251
-3008
-6475
6095
9179
894
2096
121
6571
-6073
-6471
-9364
4144
3202
1034
-7819
3155
6655
9970
-6057
-8982
2630
973
-8079
-9216
-5944
-2499
688
7466
9365
-2025
3696
-3467
4565
2976
-7466
-1516
-1570
254
-4148
4814
7908
-5571
-329
2827
9585
4172
1754
-2473
3476
-3939
-5281
1598
4752
-6371
-9303
5010
-3574
-6465
-1479
-9142
-2421
-5158
1834
-1328
-9159
3640
-8
-3617
-1225
3595
-7774
9085
3167
-1231
-1804
-647
-3167
-5813
-7121
-8577
-4147
-5338
8650
3081
-1622
-2985
-6876
-2577
3508
-8004
-3713
6663
6799
3849
-6411
-5132
2217
-4494
544
-851
742
7154
7972
-4854
-5251
5880
-2010
-6559
6442
5915
16
-678
4634
3063
3080
5075
-8132
-5864
3570
-622
-4379
870
3931
4905
2328
2971
4307
6541
-3148
-3352
2304
5817
1689
7433
-5550
387
-2958
-3922
-6562
-1824
-6274
-3987
-9876
9990
-4751
6457
-3401
7379
9256
-967
9530
-4853
4146
-6011
6641
-3534
-6666
-2952
-8346
4988
-3195
-257
-6067
-3318
3240
-4411
357
8276
6466
5302
-7741
-8096
8943
-4217
2805
4390
2265
1997
-9754
9165
-3225
-3418
-3736
-5756
-2331
-1385
-9838
1345
-6601
1146
6875
8585
-5807
419
3808
7828
-1602
6043
-8989
9474
-5826
-1572
6260
-8026
-7693
-3096
7412
-5580
-9517
2485
-7482
-2702
7201
-8254
7950
-8882
4757
-4277
-3019
3116
1846
5713
-5843
-7535
9491
9654
-4836
-3464
1935
-5262
4991
9826
1944
4453
5528
8352
2782
9549
-3132
8738
-2526
8739
-9520
-9574
-5448
-3678
3178
7629
783
-6110
-7701
-8946
-1343
1999
3383
34
-3181
-2327
-4438
-6458
2777
-9481
1566
-9104
65
6899
8427
5497
-4032
7558
-1065
-4683
-2602
-3778
-1295
9402
12
6814
8621
-8527
3042
9764
-441
6104
2056
1405
6890
-685
-4094
1785
5024
125
2973
2596
-6779
2541
5765
-6666
-6567
-3665
5877
1292
7299
-4528
459
9514
-8108
-1064
3889
-1955
-3133
9019
9672
-9382
8351
3378
274
2772
-2604
1403
-8092
3304
9765
2337
1089
9485
1259
-4861
-3434
-2369
-2066
-5435
-4909
-2732
-8744
6842
-2826
-5945
5035
-6417
-6699
1316
9172
-7745
-9061
-2696
-7117
-7914
5407
-6255
7687
-4824
-2546
-9522
8739
-5491
-7345
-3014
-8409
6816
-7263
2054
-1809
4859
9933
1798
1459
-7305
-1555
-2836
-9319
6517
2866
8289
9259
-7326
7075
5831
-1515
4566
6289
-9697
-4805
213
1697
-8383
-7572
-8979
8034
-3536
-7108
-4216
4730
-4259
4217
-3055
4509
8979
-1487
870
5238
3917
5256
-337
-2284
3189
-4932
9645
-6799
627
-8432
7742
9971
-7510
-9208
1874
-4512
-3573
8582
4164
-2447
-895
6914
-9464
2586
-1576
-8520
-6305
-2006
-454
8179
6417
3314
-3567
-1594
-5993
3496
1512
8199
-3634
774
-4448
2378
-5747
3025
2052
8308
-54
-5055
-7462
4421
1844
2296
-8926
5776
5590
-5342
-6720
6516
6650
-3147
-5726
-30
3913
-2680
-6006
-1424
-4460
-9365
4685
5497
-5553
5729
-2499
-3510
-7630
5340
-7500
3762
4355
5338
6542
-4217
2227
-3639
2458
231
2782
-6257
-1092
-6846
4984
-6062
7743
-3003
-4073
-6807
-6984
-4573
5797
-5250
3313
-4144
1776
-9821
-2642
8144
2532
6422
-6230
6051
-9643
689
9367
2215
7401
-1305
6815
-8116
-7419
821
5841
-1759
-6655
-8833
5528
1366
514
7346
-7969
-2492
-7863
-9679
-2941
1293
4072
2370
2707
-1776
-1528
4191
7695
1558
4451
-7611
-6994
-8925
-6303
-5813
9821
-3767
3608
2743
-5433
6377
9552
4545
-9307
1015
-4414
8243
-2839
5656
-7540
7522
2296
-5392
7392
-6096
-308
4598
1975
6284
-9799
2152
-1892
4146
5919
4759
-2190
-2803
6297
-5730
-7212
2436
3710
-465
4710
8833
8131
-5309
-1672
2347
-7069
3451
4456
5665
4045
-134
147
-1854
5160
9517
4356
-3849
-2774
7265
3065
-2730
-3518
6174
2614
-4952
-5068
6960
-2388
8008
-2459
-2702
9399
-9933
11
-3398
2566
525
9423
6569
7201
-1185
8044
915
6996
-5872
3887
2671
-1627
7845
-5562
-8472
-2966
-5561
5988
4321
-1886
6405
8461
7533
-616
8741
2475
7440
-2723
-1229
-4535
-1055
-3909
-3272
6140
-1900
-2051
2025
-7093
-3788
-4126
9487
7344
6447
-1064
7844
-4684
-6574
-8892
2459
8785
-6177
-6052
9693
4308
9843
-2237
1084
7124
-3981
-3713
-6304
8003
4003
-3710
4819
7627
-9924
-4189
161
5184
6919
-7037
1379
-427
-5000
-8605
-3327
5625
-1176
-1351
-1222
-9563
8198
360
5161
-452
-6315
481
-7134
-8409
-8336
-1927
-6487
-1052
-3747
8329
-9750
-7646
4606
1422
7287
8257
-4541
-824
2312
-4388
-2269
5699
7483
-6703
2766
7471
-495
3616
-2455
9233
-2890
-1741
9603
-8003
5628
5536
-7500
-542
902
8780
5904
-2139
2111
-5005
5784
406
-2978
-7447
3408
-2960
2363
1649
2494
-8650
-3507
-5454
-7298
-6908
5127
1812
-5278
8741
-7120
-9538
5303
5916
-5424
5974
-6215
1951
-9016
-3376
1034
-9681
-7017
7747
4066
5365
5369
-4842
-1753
8582
669
3118
-3236
465
3402
-7502
3268
-254
4031
1041
-8401
-1566
3177
3717
-7149
-5325
-1489
-9022
6239
-5859
-5691
-9245
-7968
324
4772
9838
-8221
9312
-4331
1730
743
-8270
-7651
-8004
-892
5195
9275
7941
1299
-9944
-550
-7145
2600
-4479
6892
7168
-4726
1357
3388
-1877
8113
-9876
8729
-639
9638
5423
-7473
-359
5071
-7767
-7140
9354
8430
8334
-9761
6130
8714
4786
7137
-5209
6218
3667
5314
364
3841
-8309
6530
-2799
3669
-9700
-6267
-8190
5430
-2620
-8925
1777
1409
7975
8123
-5194
1884
-4983
6653
2162
-6209
-3595
-6711
-2744
-7327
8420
-3201
7467
1635
271
-1604
-3273
-1918
-411
-7209
-3037
8373
-5630
-4339
-9139
-1601
9301
2610
-9477
-1910
-4783
2246
1218
1266
-2662
-1982
3559
-7775
-2668
1215
-5843
7746
4367
2682
-1471
-7027
-8173
3212
-1221
-1598
-9640
7828
-1829
7195
5546
6874
-6988
-9123
-9830
-6706
8284
6360
-1105
-1992
-2991
8556
-1177
-1668
-4160
-575
-5746
-1219
5976
-6892
-4323
-1095
3959
7315
-6266
-4803
-5275
-6264
3818
-489
9146
160
-1007
6683
1155
1347
-9403
6272
-8093
-2401
-7823
2756
-1943
1716
-3296
9354
2544
9763
-4885
4644
-8568
-5613
260
8053
-5516
-4945
7331
4775
7650
-4055
-9710
-2420
7986
9167
-5260
1103
-6773
6745
-1605
-4551
4277
-8428
-1090
-2281
-8063
-3724
-396
-1960
8501
4657
-6784
-6616
-8728
-9198
3773
3569
6959
4467
-3939
-623
9659
6510
5490
399
-3870
691
-2276
-5486
-5756
-5680
4002
-5522
315
-4417
-4500
2276
-4095
-7465
-1190
-354
-8787
7694
8068
-9209
-8568
396
-7922
-6850
-8214
9617
-6865
6796
2146
-9712
-5713
-7680
6851
-992
-8284
-9184
-367
9668
-6235
8948
-2920
-5259
-3734
-2525
-2218
3131
-2945
2530
5375
-5881
-3076
3676
7014
4936
1582
7600
9685
-2897
-5991
5064
-8425
-7930
-8788
-3415
6012
3818
-5800
4036
9274
-3151
620
-7924
9663
6585
3729
-7497
3243
8102
5202
9279
6209
-4757
4138
5185
-2122
9541
6282
9818
6143
-7652
3719
-7375
9726
-9758
6945
-4578
6470
-610
166
-5351
6124
7764
5241
-8925
9103
-3101
8329
-5459
8300
9348
6000
-2365
8453
4844
-4364
-62
-5891
2446
-5560
8095
3091
2654
877
1218
-3126
-6763
-8708
-388
-8875
-3208
8578
5401
-600
9099
-9548
-4359
3412
-9415
2446
87
3027
-8319
-591
5194
-4245
599
-2922
-5519
-1583
6419
6801
-6414
5649
-9180
5127
7483
1994
4624
-3866
9236
1414
9054
-1624
-9401
1991
-5975
-2448
-7609
-3500
-3368
-6719
4577
4258
-8333
-2666
-5994
8948
1877
-2824
-1896
3528
-4272
5584
9449
9929
592
-1872
-824
-8930
-6776
-943
8104
4315
-8901
7311
3999
5251
-2206
2905
-590
6648
1863
4670
8255
9217
4477
8075
-3486
-1902
7879
1210
-7395
-9446
-6888
-2532
6363
6911
-4419
7668
2520
1202
552
7166
-4493
-6845
7013
-7607
-8259
9569
869
3036
-3790
-6630
-9198
-2365
5693
-7201
5992
1043
5057
-9678
-3610
-2129
5315
5260
-3730
2654
-7110
-8818
6933
6129
-5836
-8686
5826
-942
-846
-6812
-3876
-7463
-7152
-9430
-1069
-3703
-8823
-6340
7892
-567
8315
3778
1169
2898
7434
1825
-8835
1823
-3794
2409
-5861
7190
1229
-7998
235
6335
3882
4310
-6155
-6824
-1470
2573
-1396
-6358
-7538
-8179
7208
-2612
3480
-2922
2019
9401
-8510
-7466
4743
-3286
9860
-9128
9532
6511
8039
-7662
