1449
8752
-298
1070
-3614
4453
-6336
-724
-6282
-9865
6397
-4024
3448
6997
-6241
-3694
-7744
5385
-589
-9184
8070
9755
-7384
-8852
-9742
-3708
4133
-8745
767
-288
-4164
312
-8885
-493
7087
359
2534
-5065
-915
6616
9061
-3219
-2903
-1388
5171
4354
-2419
-3936
-7858
-5281
1934
-9472
8887
-5960
1551
8964
-2270
-1380
8427
-9272
-2104
-5823
4886
7613
7660
-8455
8074
7784
3671
5987
9586
-8165
-6389
-8933
-5681
-3106
-168
-2935
7374
-9997
5096
5535
5039
-4035
-3501
-1815
-3938
1522
2036
-9413
5558
377
-6487
4543
4565
3468
8455
5865
2737
6363
6617
-2322
9339
-6146
417
-4387
2041
-2044
696
-5547
-3717
-1817
-60
-2324
8252
45
-5562
-6635
-2799
-5810
-7694
-3878
4875
7572
2564
-3776
127
-2511
-8711
-8722
-650
-6050
-6004
6107
-4316
-4866
-1742
-6991
2758
3268
-8248
3324
9347
8522
-7004
9899
8790
-5425
-6677
5246
6846
-4240
6288
7736
-2029
8950
190
9318
-1158
4725
8533
-9518
-7150
-4488
-5463
-6587
-541
4485
7427
-1034
5872
7926
5631
9140
-309
-3872
9980
-550
4657
-5850
6612
4512
-6230
-919
7526
3936
-9021
-5306
8767
5092
9006
-7130
-3081
-3460
-1518
257
-4077
-3007
3165
5823
1514
7024
2981
9620
-1543
3510
6161
4195
-1479
7081
-9074
-4248
-6003
-2375
6030
2711
543
1011
-6748
2768
8065
5311
-8400
7972
-7462
-7191
-7646
-8634
5334
9888
6195
7677
-8047
-3540
-8046
-3285
-7659
-3004
7829
-8829
3574
7779
7401
-2802
1559
-9385
-2240
-2802
-3169
-1172
59
7925
1556
-9130
1555
-3415
-4124
-9
-7216
9836
-8588
-4816
4731
6638
-6585
1576
8688
6569
8208
-1155
-7971
-3060
-1561
-3883
-6560
-7454
-3764
2732
-254
-6763
3697
-905
-5297
5451
-2244
-7808
-4789
-6729
-2749
7589
-5371
9777
-3006
-8719
9708
-9402
-222
-1382
-9984
3705
2053
1862
3840
-3562
-105
9557
-6957
-4905
7085
2780
5855
1119
5151
4066
350
8232
997
-4363
7628
-9976
-2643
8202
-8889
-3321
4031
-8658
5127
-7586
6104
-1819
772
1889
-7270
5303
-2642
6338
1879
-4362
-6912
-2116
2677
-2105
8695
4410
-2054
7475
-7200
9995
7372
5736
-4425
8208
-7634
1438
-6859
-29
2332
-3102
7791
-5043
8447
2194
2443
161
-8231
-6344
-9401
7157
-8709
8222
9576
-8313
-3589
-7018
-8289
-754
-9694
-9017
-6975
435
-2949
7443
8464
6148
-3456
9426
-3852
-2416
5262
-9718
-9546
-7675
-4053
6614
244
-776
5183
5441
-7317
4494
5215
8900
-2358
9487
2464
-1610
2497
5916
5892
8232
7491
-2839
7160
735
-8576
7383
-7649
-554
-5596
6700
810
-5650
-2013
5749
331
-828
-7074
3085
-6325
2055
628
-4972
-4954
-1964
8850
-5396
1752
-4276
8510
-5867
-5272
9413
3306
4215
5619
2258
-8249
-6054
-1950
5688
7151
6053
4058
303
3825
-8710
-5809
-1573
9788
9913
2393
-558
9975
1295
-9064
-3262
3248
9067
6407
6752
-6339
7856
-6024
7203
8268
7921
954
-6210
7238
1043
-7184
-6900
3582
6358
-6136
-629
367
2495
-3158
8421
7989
-6430
-3738
8638
-256
2698
7405
3888
-7277
-8798
-9099
-5649
-4799
-3964
-9176
4689
562
8789
6131
9001
5679
2666
-655
8677
3130
-4456
5678
-8906
-6006
9352
-4705
-8122
5332
1535
9904
8213
996
-7875
2201
7658
-9616
2662
7914
-6484
9997
7179
360
3997
-262
750
294
-6405
-698
-1860
6043
1652
-2892
8899
2776
-3023
-8834
147
453
-1452
3320
1728
1712
-8833
-9201
-426
4185
-1077
-7820
5505
6562
215
6315
-9954
4079
9389
-9376
-6968
7085
-3227
-5523
1873
5795
8821
6989
3204
-5433
9264
7899
9185
8595
2561
-7605
7488
-5835
-3594
4724
-6796
-1240
5809
-2746
8451
-7080
-2274
-9902
5273
473
-2861
4398
-2459
-5480
5456
-1097
2453
6015
-4262
-7242
-1602
-8522
-7592
-2943
-1522
-8537
-811
6784
2154
1883
7542
8124
6708
-9541
3653
5474
902
-5039
4097
4655
215
4590
2233
-1355
-9224
3119
4921
185
-6537
-3859
-4358
6347
-7293
-5238
-9427
-6642
2777
-6413
-5130
-3702
-3294
1983
-8582
-1028
-6111
-7197
4006
-6733
-5043
7249
-7162
708
2021
-8154
1750
-3357
3873
-2132
6457
3992
9444
7428
1517
-3547
3195
-1057
-7938
9335
1452
3100
854
-9246
-6590
2854
-890
-8993
-2615
399
3842
8824
2839
1963
-9520
5419
6655
-3828
5174
-644
-7752
7474
7554
-1266
-559
-8159
393
2807
-5198
-185
-816
6268
3741
4740
9071
8646
2211
391
814
6865
-3429
-2054
175
44
5543
1582
-4829
6854
-9872
1984
1383
3137
-9570
-7751
-524
9917
7527
-5718
-6605
-3487
7917
4518
5566
-7325
848
5754
8471
276
-3689
-6746
5289
6643
-5805
2936
5035
-1609
-5692
-7859
3885
9774
-776
-9973
2463
5486
527
-8554
7152
-1126
2940
-5395
-7961
3517
-2938
-5096
7286
9265
8799
-4363
-9688
6950
-9298
-9905
-2741
7841
-9974
-5320
2936
7081
-1614
-9609
-8656
4121
-7895
-3890
-4309
-4618
-1942
-8285
5857
-5951
3527
7990
8175
-5069
9580
6058
-8949
-463
758
-601
-2148
-9721
5931
5770
6499
345
4585
-9134
850
4287
-4427
-2909
-8818
-6009
7735
-2839
9713
-9788
5377
-6491
-1351
4448
1845
2214
-3090
-2732
-8135
1094
4189
-8138
-1842
-6838
3413
4180
-5476
2738
-698
-9779
-4648
-593
671
-9747
-7541
3803
785
1202
-5850
-5708
3969
5124
-5263
-4690
6798
7273
465
-9577
9400
-4187
5632
-2406
-2585
8099
-6434
794
1027
9257
3692
-8783
-8693
5361
-1970
-3348
4195
-5594
8661
-3512
-9243
1107
-405
428
-2959
4681
4033
-9705
8469
-9801
-8665
1779
5866
3378
-4078
2159
7439
-6972
-7998
-1056
-6863
-8518
-1590
-1033
3961
-272
-8095
-2125
582
9003
-4288
6135
1184
1257
8242
5748
-3758
9984
-9743
9492
2902
8730
-1617
606
7042
6187
1219
-6435
6065
-6945
1393
5098
-3969
3961
9305
7854
3515
-4510
9748
-8867
6333
-4108
-6723
-8852
-2439
-2301
3442
-5497
7721
82
6202
-1470
6560
1199
-2079
322
-9491
8611
-3787
1693
-2569
-2996
-7688
9798
5911
2322
2475
-3427
3810
256
-6765
1381
-7755
-6434
-3567
-4636
6710
3483
8390
-5356
6087
-4095
5598
3350
7990
6396
4580
2561
-511
7431
3250
-3719
-3134
-2636
1478
-4455
-8621
3866
-1120
-4827
-9149
-9732
-2542
-4476
-5938
-9812
9723
7453
7105
-8639
-7343
-2121
8069
-6261
-3625
6470
2481
9669
2115
-3717
-9349
3386
4072
-9084
-3800
8142
694
6307
-4740
-3692
1014
1609
-2593
-5565
6970
3607
-4222
5810
1898
9968
-170
4671
-2488
-5474
0
-3487
-7109
-1619
-9219
9139
5331
4842
929
6852
-4455
9098
751
1294
-8923
-8547
-469
5528
7568
7880
9373
3646
1874
1018
-8166
5655
5606
3749
-2421
2546
2511
2251
5680
-5397
-4137
-7370
952
-4808
4216
4034
-2067
6012
-9599
-6265
-3097
612
217
842
4910
8031
-2203
6886
2790
8496
8955
-4384
-8024
-4652
-4669
1975
9382
771
3663
-3207
-7476
6882
-6683
-910
-6142
-177
-2293
1331
194
-7528
-7450
3240
8156
-1091
-6413
-2353
-1913
-3587
-1226
-8090
-2630
-1119
225
7957
-3710
-9116
3219
-4639
7111
-1387
3319
2283
-8908
-3146
5735
1371
-3624
6349
-3301
6105
4578
-9720
6952
-4281
-9237
6437
-6942
7247
-4421
9607
7212
-6748
-6070
9372
953
6200
-2274
5788
202
-6254
6241
8452
6045
8379
-8003
-7258
8921
5657
-9767
8647
395
6952
-40
-8234
-8800
-9206
5926
-3807
1149
-2719
-1317
2329
2875
5995
-1086
-821
5098
9941
7868
-3765
-6375
-6057
8506
9028
2166
-9614
-1839
-199
-637
6777
-8132
-5721
7827
4088
3182
-4222
-8693
9847
-6868
1041
3101
9508
6771
-3115
-7449
1423
-2360
-8104
3253
5006
4219
8921
3815
714
-5780
-6669
8824
102
-2137
-3412
-4674
4675
1626
-1163
5138
4237
1100
-5010
3082
9007
-5047
-6400
8909
-4914
2081
-7249
-5564
-8158
9692
-6793
3082
3367
9600
-829
-7913
9528
-1606
-7402
3548
9210
-3359
3849
9345
-9558
7166
7615
-3850
8027
-2611
7277
7426
1913
-5573
-803
6534
-8319
-24
5240
8623
445
-8903
-5754
-2260
6780
-4301
-2190
-1882
-2139
5231
8221
-314
-3335
-3308
-1521
-5111
7726
2833
3382
-6652
9883
1970
2724
6943
-172
5965
2561
-8110
-9199
-1699
-6616
8676
3726
5248
-9
-3913
2935
598
750
3758
8735
8141
8066
8114
165
-6215
-9549
4708
-9907
-7530
-1543
9091
-416
5091
6250
-9861
8226
-8933
4619
-4751
-7646
5871
6223
4804
9218
9322
6097
-4558
-4091
-5223
-3730
-5899
2752
-3091
1315
2016
-5448
8342
-6707
-5777
-2079
-3146
-1562
-3762
-1319
8270
-6629
3170
-2307
-7659
-4284
3872
-7382
-821
-3029
-1986
996
-5468
9935
4538
8222
-4340
-4748
6990
-6080
5638
-3768
6732
2263
-6074
-2479
-5985
8808
9205
-3401
6996
2758
9403
9678
875
1893
-3587
5467
8998
-1283
8689
-1417
-2487
5572
2684
7181
-970
-2660
1008
3240
-6544
6773
-8179
1132
2680
2782
6517
-4598
658
-9073
-33
4129
8051
3267
-1707
3934
4746
-3660
-6697
-3420
-2080
-9388
-2319
4987
9725
3975
-8035
6095
3176
-236
5159
-6388
1902
-9246
-6478
9
-4549
2544
592
9104
2905
4598
-4411
7035
799
-2135
-9944
8827
-7572
-7942
8297
1967
-8313
-9422
4607
-2855
4656
6332
2558
2896
-626
-7922
6064
-3540
-7739
6987
-8704
-1382
2367
-7216
8630
-2888
-6245
682
-7733
3238
-7920
4305
9138
-5357
-8914
-7682
-6301
-3247
3445
-9814
345
8448
4644
8945
9672
9631
-3380
-7979
-7304
-3137
8063
7759
6963
6603
5058
1865
-8470
-8741
9734
-9527
6669
-5800
7586
7762
-5797
-9262
-3353
-9888
3011
9944
3597
-5212
-568
-808
4843
3876
-6085
4530
-5021
-1592
4243
2136
-717
1305
1327
5874
-6514
2723
-6054
2904
-5592
6072
6317
-6334
-2654
-3428
1632
6696
1243
9588
5407
-27
-7570
-4499
-9399
8388
-2072
1023
5200
-4869
-8102
5017
3998
-7931
4381
9553
-6374
-9241
-4154
-1459
8522
5117
9332
-6320
-9865
-4120
-2355
7555
-9783
-2402
1968
6288
7923
-3989
1668
1318
-3392
5352
-1193
2701
-3031
2334
-2079
8223
-7908
-2781
-8077
-9323
218
-74
9992
1941
9808
1167
-2382
8169
-751
-7715
-6481
-6613
3533
386
9686
2924
-7733
-4575
-7008
7082
-3384
-371
-3986
-724
6601
878
-3754
-6033
6508
-733
-3166
7529
-6039
1055
4201
9505
8734
-7936
7219
-4743
-7314
9060
-2080
-4691
-7532
7090
1588
-7315
2535
9026
-9332
6492
-8836
7927
-527
-5983
-4858
7086
214
1770
6994
7042
7854
-8888
-6124
-2668
1174
-2726
-9610
-952
-4990
221
9960
-97
2637
3380
1519
7065
-8645
-6123
835
-3813
1327
-5562
4678
2107
3065
-526
2079
3033
-4270
3395
3202
-100
-4192
6121
-8391
-4179
-8094
-7682
-5326
4437
-5639
8165
817
1877
9772
-4173
6541
1147
-8863
1308
-4725
-1871
7436
-2128
658
-2903
-2401
-2140
3781
-1650
2396
2154
8069
5856
-7577
2661
-5431
7127
5993
-4723
-2949
3855
541
-2356
-5891
6173
7425
-3353
-3672
7131
3033
-9076
5173
-2338
-1174
-8870
3187
5013
6761
1428
5127
4580
-5170
3718
8612
4742
-8758
-7857
-6033
1310
-3321
-7738
1818
-961
-7618
-117
9729
-9591
-8546
-9388
5238
-2943
2984
1344
-9802
-2793
-4940
8828
9681
9138
3175
-1394
-1835
2543
-211
-1824
-3396
1097
8334
-4677
-9224
3268
2006
5923
-4141
-1350
-8977
-8149
2572
-179
-4283
-2825
8533
-2313
2335
9686
3175
-3987
-2335
3420
-5414
-5780
1354
9518
3586
-8195
-7620
4424
2501
-5088
3755
-9918
-798
-7273
6024
8048
-8090
-4509
1030
-857
-19
6542
-5676
8676
2045
-2953
9747
1796
9575
7082
2972
-2962
2854
1544
-67
2337
9933
1492
7922
-2319
9999
-7137
8830
6908
2351
8815
2458
9227
3395
-6358
7120
1182
5178
9453
-7842
-1319
-4169
-7226
4674
436
-8294
3391
-9796
-9680
-3518
-7932
6018
-2530
-8707
7549
-2498
-308
-8919
4843
5722
-710
-2813
584
-5065
-181
9444
4307
2656
-3932
3332
5958
-6665
-1886
4438
-5323
-5616
4897
-1411
-6607
-8895
3234
2312
-2647
-5222
8489
6929
7002
-6534
-828
-8722
-2408
9456
-5828
2485
962
340
9010
5874
4802
-2730
1609
-9091
5999
-7989
8154
7234
-937
-870
4949
-4077
-7545
-1812
-8731
-4380
-3389
-6884
6409
-4216
8870
4453
97
5269
-2557
4915
6414
-9565
5007
6084
-5457
5669
-3371
2252
2743
6053
-1512
-9303
-6942
-8013
9433
-1783
7301
7299
1377
-367
-7243
4445
-4153
-9773
-4862
-8686
-5916
7858
6757
3294
966
6346
-8971
9188
-7939
-2459
7681
756
-7177
8571
2716
-8963
8051
-3933
9001
-2029
-8526
8504
4552
3223
-7368
-3962
8828
8661
4031
1101
1877
5374
-2506
5970
-3016
1372
3183
-9364
-7559
-4956
1126
5565
-1516
100
-64
6607
-7101
-8370
8888
7731
-6405
-5547
1454
8234
-6648
2915
-1111
9405
-8043
-8954
8507
7901
-4523
7132
4975
8569
8290
9390
4053
5445
-1499
-2971
570
3494
-2247
-301
-107
6472
-7484
-7783
1633
-8264
-2450
9571
-2651
5981
4836
6647
9265
-3216
-1966
-9869
3260
901
988
8043
4484
1431
5348
8522
9642
8939
-5579
-8371
7897
-4899
8874
8685
9661
3605
9798
3333
-7340
6502
-4037
6059
-5919
7808
-8123
6679
6792
6448
709
7916
458
-902
-5158
9325
-2385
-4271
-8950
-3694
1658
-6565
-2759
4359
3839
59
878
-8908
-7910
1391
5152
5931
2123
1014
6572
6649
5107
6591
2223
-2542
6690
-1996
441
-3417
-7560
7657
3697
-7744
-8079
1179
6996
8558
4382
-9413
9377
3740
4220
-4442
-7490
9043
-5914
-6293
3162
-5921
1261
-4647
-1358
3874
-7279
-263
1022
8823
2234
4417
-8899
-4849
8617
1245
5630
-6516
-9378
-3561
-4162
2961
4082
-7451
-2851
-2951
8447
4770
-9462
-2182
4159
5476
7780
-247
5816
-3725
5483
4889
8391
-2572
-524
-5444
-1709
-2239
-3412
-5690
-8065
5950
4419
8722
5370
-5578
-8049
-2918
-946
-6521
1887
8598
-493
-7582
3328
-9529
2609
6937
-5625
2102
-1739
-9732
4216
-7686
-1466
-6333
-5313
-450
5646
-2780
-1414
-3769
7028
-6637
2546
3211
1773
2087
-7818
-3081
3498
-7845
-9184
6485
2383
-303
-8176
-5995
-3249
-2128
-6812
-3093
1484
-3507
5900
9818
7265
9175
-7503
5290
6560
9459
-3464
-3105
2116
7630
-8592
-3011
8806
-9078
-5340
-1708
5529
-25
-6638
-3151
-182
4801
4915
8296
5136
1088
8282
-7895
-8121
-1927
9344
-9619
7461
1798
8197
-2599
-1188
1612
-8763
-8258
6722
4085
6818
-6234
-1540
6616
-8834
8138
5515
3545
3046
-9899
2480
3458
8043
5547
1951
64
9634
1412
-1942
7103
-3713
-9924
315
-8723
-1441
-6484
-5220
6809
3171
-1172
-4824
-5875
9243
9489
-2768
4278
9012
-2759
8545
7776
-4313
9334
1378
7733
-9911
-2358
2043
-1644
-1454
8433
-9577
8064
-925
4291
-8849
-1542
-675
-5304
541
5662
9724
-522
7283
-3958
-225
3787
-8360
9093
-7719
9477
-741
-472
6159
4393
5978
9224
-7497
4430
-983
7378
-6143
5793
5606
-4950
-539
5720
-1518
4674
7695
-6958
-4963
-9146
1656
3560
638
-9261
-3543
2950
-5131
5984
-9079
693
6185
9776
9317
9879
8362
3234
-1666
6651
-6606
2911
1252
-7028
6665
5699
-7153
7875
5386
3613
4104
-6662
4465
8410
7909
-458
-8411
-4051
-1975
4518
1194
704
3134
4765
-6342
-8725
7248
-6493
2088
-4836
8945
-3691
-6567
-5606
5307
9535
8061
-5241
-290
-8805
-1800
-5685
5266
7236
7927
-7092
-1157
1157
-4901
5817
-9378
3159
8827
-5278
-1989
5986
1984
2243
-6335
7372
-3168
7437
-5783
3097
8386
-4670
6140
-4229
-2885
-7179
6798
7163
-4562
3293
-6764
1888
4364
-6133
-8322
-4712
1484
-3645
-5270
6576
-9835
-5939
8454
-7051
-7612
-6653
-8598
-7114
3558
-3842
5328
892
-1996
-3786
-1723
7704
3619
7989
5734
929
-603
-9675
-3355
9495
2670
-1093
-3589
-1135
5415
-7093
-1906
-3917
3408
-3574
-7186
4029
8381
-1670
-6895
-3319
7143
-9819
-6684
9666
4794
-6233
-3493
-6889
6251
3700
-5764
8628
3159
-7153
-422
2386
3845
1965
-3926
5745
-1120
7571
3865
6681
6483
6655
8332
3832
9525
4910
-2623
619
8226
-164
-6686
9176
-9191
-2521
-2187
6204
6884
9090
-5054
-3053
-7444
7885
7932
-6627
-5739
5488
-7102
6010
4004
2218
122
2126
6606
6685
3672
-4188
8280
-8887
-5931
-7209
-2512
7264
4166
9439
-2655
-511
-6167
7223
-848
9372
3659
7485
-8821
-7119
-6889
-4803
284
-9964
-2202
-893
6741
275
-8633
-9180
-7295
-6135
5261
6111
-8308
-521
8420
-3884
-594
2162
6719
6328
-268
-8044
2252
830
-4312
4383
8418
-4413
3479
8942
-8291
-1303
3231
-2568
2649
2703
-8077
-1966
3416
-6847
-5898
-8885
6571
8872
-6618
3130
-8349
5572
3940
8122
9972
-9668
-9767
-8072
9052
-1876
8396
-5279
-347
6756
-1608
-4535
-4586
-100
-6387
-9168
-1716
-1432
-4131
-9874
-4128
-5115
3958
3158
6135
-7467
2995
-943
8340
5364
-3381
6693
-9350
-3835
9100
-6278
-2792
-6339
5778
3716
-4533
-1583
-3066
-2923
-3622
-5036
-2352
-6637
-548
-1609
-2190
-2817
8144
-8366
69
6968
-3690
2592
1921
6095
5583
1048
-94
-6274
-4346
844
-6466
-1208
-5644
-980
9811
-3546
-2522
-6331
-5563
-4225
5108
-2606
-1753
7664
-8677
1638
7007
2225
5144
1282
-5245
6053
-8816
3110
-6997
8131
4544
4146
-9090
-3177
-5287
-5952
-2875
-6897
-6561
5504
6132
-5003
7215
7533
-5326
5413
-9564
-7240
2984
-8077
-7040
5652
-9605
-1019
-4183
-7255
-772
-4317
-2083
1023
-7870
6007
-2163
-1443
5203
5193
-2600
5751
-7188
7994
4602
-7218
-6772
-1396
-260
-2031
-277
-8554
-9782
-9088
-4436
6647
-3499
-7850
8572
4985
3281
-9294
-8579
6768
8691
-8946
-9656
2594
-5568
9023
1572
7657
8585
-8764
3667
-7392
4763
8186
-6769
8294
-1945
700
5707
1572
-4774
4299
-9243
7410
-856
-9352
-3859
6653
-1497
3434
4092
4958
4613
70
-4864
-1678
-2274
8797
-628
2009
-1675
8539
-2029
6353
6310
4891
-3278
5218
-3590
4669
2446
-1493
-6233
-7808
-2508
4481
-7370
7535
-3083
1672
-3508
-4645
1598
-4926
-5238
641
7817
-7463
2889
-7546
-7583
-6864
-3210
-9247
9989
-7134
-3606
-390
-7184
9830
2438
4042
7544
-197
7485
8620
1046
9362
-9777
7887
321
-7691
-6696
5236
-2107
7631
-6514
4925
-1579
-6573
-6321
8443
-6414
-1570
6702
3777
8313
-8117
-9443
-8974
7212
4623
-9050
9116
7437
2677
-4946
7589
5619
-765
-8806
8347
-7414
-5730
-721
-5770
-3713
-1896
8587
-2682
-7381
-2553
7481
5095
-8352
-2277
-9602
-4331
8362
-1432
871
-3326
6541
6111
-7198
4104
-3625
7782
2074
-7706
-5671
6921
7198
6155
-7759
-4063
-9604
-8466
4454
-9846
-1952
-9135
6537
-2871
-7489
-8070
-2863
502
-7568
5521
2148
3088
7528
-4181
1908
-6515
6255
3358
848
1474
-5827
6877
-6565
395
-221
-7192
-2614
4590
-6309
-3111
-7676
4848
-6084
7441
-4876
-8422
6380
-3936
1141
4188
1234
9963
-4876
-5597
2470
-2480
5231
7956
-6089
84
-7753
2580
-5618
3210
-9320
-5402
-8690
7834
9896
-1718
-9818
5466
9889
1950
591
-3662
-9660
-5526
8308
-6787
2089
1276
5476
-6375
9996
3104
-5504
-4031
7707
-9144
4455
-7566
74
1043
4768
-2799
-2846
-7623
-4483
-9289
-5476
3733
-4717
8176
-1136
-819
-8850
-4235
-9013
-436
9250
-2285
-808
-5762
1179
169
-6751
-9009
9012
-6666
-6436
-4566
-6889
2888
-6304
8672
4462
3
8681
-6513
-8562
4449
6981
-6684
-3270
4177
7848
-1185
4154
5945
-3841
-6333
7214
4184
-9583
6268
-9507
6552
-226
-6100
-6288
-9903
-3523
6176
-9100
3151
5867
-2397
206
-233
8228
-124
1484
7233
-93
-753
-6
2604
-8209
-775
8349
8391
-2254
-2833
-4942
3372
1369
-7101
8668
-6117
-3899
9175
-2363
7098
7694
7585
-1860
4198
9794
-21
-779
5234
2491
2412
6424
-4433
-7345
-9136
8792
-7201
-13
-5756
2983
-8962
-6498
-7987
5113
9396
5776
-1821
3183
2941
4686
-170
-7338
108
8405
751
-8401
1831
3898
8467
9690
866
-4310
3057
-4693
59
-9424
-9418
2418
7226
-1032
-3673
-2945
-306
2369
-2783
-8054
-4502
7560
9305
5656
5180
492
5790
2211
-6446
2456
-5167
4304
5534
4443
-4539
-9131
-7391
-3100
9772
-3751
2187
8965
7451
4675
863
-1872
-8889
2607
-297
1144
-8147
1940
163
-7602
-2310
1034
8164
-260
7629
-7210
8942
-3099
9550
-9895
4692
-6322
-8164
6437
-2255
-2082
3124
7727
2301
-6856
-3733
-4937
1127
1334
525
4469
4512
4002
-4449
-5500
-6117
6401
-8539
-3383
9995
6518
-4804
-2623
-7899
1653
6033
-5132
-7315
3731
-8150
3036
-5369
8028
3843
-440
-7144
1029
2279
5236
4275
-4281
-2896
-299
-1196
8946
-3500
-3225
-1896
-58
4202
5152
9641
430
-9077
2127
5754
-1612
-6852
-7004
-1252
3339
-438
5904
-6894
-3489
-2639
-910
3058
7766
-2005
-9850
-712
1993
8456
-4778
8737
232
-3055
3069
860
-8760
-88
-8939
-7531
-9344
-2484
-8617
4233
-5258
-3537
9420
7920
9966
-8851
-1524
7526
-1536
2516
-1380
2834
-5494
-599
-7377
8398
-5031
3234
1641
5634
-288
-3819
6656
-6735
7769
120
1760
8653
6842
-7461
-2538
-4010
-2773
8600
-5601
-8520
-4755
8348
-2340
-1274
-2995
3585
7834
-5055
1085
-901
5315
-8763
-8599
4774
-2320
2969
-4139
-8944
-1985
-2638
909
2426
-1819
-8148
5285
9473
-2714
6866
3847
9727
-2976
2757
5845
-775
-5708
-749
-6182
383
-3010
5943
-8654
-9782
-7147
-5105
404
2574
-7086
9376
6333
6033
-8637
2617
6549
-2902
-7773
-9405
-866
2137
9680
349
1794
-6463
-570
63
-1547
-3117
5356
-4944
-9143
-1680
-1924
-3704
-859
-9515
-1916
-3507
-1019
-1026
8694
8515
361
-1641
-5475
5680
-6094
-1276
497
-4659
1158
4854
1509
-4927
161
9407
8901
3316
6016
8252
-5337
-9517
4385
-2801
-9882
5376
-2698
1659
6308
-6240
6741
-4857
-8521
9040
-585
-8280
855
2333
-4965
9671
-7358
8086
5160
-2932
-2143
3651
-1838
1898
2369
-5064
-7426
8200
-6485
-9577
-6119
435
3001
6172
7811
-3428
9231
-7674
-4957
7064
-5215
-7069
6659
3917
-5327
-3606
6093
3672
8978
1396
5851
-216
-2227
-4313
671
4203
4151
6240
-8641
-9875
-5367
4963
-9989
9955
-1224
1324
7274
6576
8896
-2686
2001
-9359
5831
1158
-453
-3979
-6842
-2595
-5898
5889
8502
1934
-5232
4209
2432
4100
5574
212
3593
-7389
394
3341
-5743
8030
5314
-5224
-3841
-434
-904
8769
-2394
-7564
3519
-5104
-9476
9769
-5480
5851
8455
8486
2781
-2023
-3366
3269
1881
3710
-9290
6756
-7138
-6622
6102
2384
6957
2559
2518
3932
-9822
918
7502
-4318
-1052
7463
-7781
-3423
7326
4755
-3455
1242
-8815
5884
8533
3095
-8107
9427
-9567
-8296
-1000
-8927
-3525
2240
6746
-4627
5538
4647
-4315
-8642
8196
3407
-6887
-7338
6740
-4347
-8906
6281
-8654
-2105
-8772
-3795
-1909
6263
-5522
-8892
3459
9900
9691
-8174
8425
4828
6961
4117
-879
8883
8179
4113
-9108
5874
-842
-5605
1837
8053
5265
-7719
6984
4299
-3286
-3892
1233
4594
8600
-3179
-6959
2840
5576
154
-2836
5571
7787
-4620
-5859
-3694
-8359
-2704
5444
-8046
-1732
340
-4759
-7251
-472
-8619
-515
-8121
-1329
8053
78
-4702
-1948
5383
3941
-1918
-3309
2272
-2349
3770
3289
9920
-7191
4007
-3575
7468
4144
9331
5558
4909
5494
1280
824
-3135
-1068
-3177
8374
-4762
-3265
2792
3807
-9397
2300
-9678
5377
-6142
-9483
-8564
-8016
4288
9589
6608
9233
-409
8186
-2866
141
-6335
6187
2884
740
-7879
-1810
-9981
-1108
8584
9638
-7484
9127
-6271
7547
2960
1020
2692
-4878
6293
-3091
8230
-9428
8379
1813
4229
-6596
-6142
4662
5313
-1316
2601
5970
-2813
2293
7799
457
8310
-8517
7551
-2084
3216
-9986
2158
7394
6291
-8194
6519
-613
-6072
-7007
6398
2435
9260
1285
2985
5635
-9325
8838
-9363
-8439
1798
1116
7992
-931
4034
-9429
-7921
675
7578
6408
4058
-1209
696
6941
8559
1092
7135
8872
6143
-1797
4685
1370
-978
9884
-3776
-8090
2682
2615
-1973
-2977
2931
-6456
-5006
8871
-2178
4760
8738
-2994
-8085
-4327
-9361
-8777
3387
510
1014
533
-1144
-7071
-1026
-6032
9571
-83
-3002
-2150
6996
4841
7125
480
-9858
950
5178
3008
-3151
-3561
-5057
-2813
3193
8049
5832
-1088
7219
-1358
9770
-9750
2907
-5693
-2174
8387
3683
-9284
-3356
-5367
2389
-4516
-9635
-5554
6740
5932
-1839
1274
-4899
-9260
491
-8908
8443
-7983
-6552
-833
2997
-5734
-5459
-1276
3932
1277
-9978
5111
-5621
7757
4384
-613
7986
-9462
-8436
765
3314
-7417
-4648
-2825
9667
9810
6509
2556
-4595
-4450
-8448
7772
4309
8250
-575
-5683
9008
-3077
2562
-9861
4616
8205
1338
-5637
4833
7103
-6744
7203
5118
289
-7746
-5767
1976
6612
9376
-5763
-6751
2451
7163
-5252
3048
-2069
-1511
-7460
-808
2619
9191
2680
8140
4155
-2944
-3644
-4038
8423
3020
-2926
-1297
146
6436
7920
-9124
1075
-689
7521
-9202
-175
-8734
-4742
-7326
-2954
1141
-1213
-5081
9177
-9506
2737
-2525
-995
2453
-9914
-3331
-2846
-1837
4199
8436
422
2132
-7724
-2882
8428
417
4692
-3245
-5928
-7844
3233
9802
3662
6039
9224
-8435
-9839
-3476
-7791
2149
9701
-7564
-3918
-1041
9359
-7904
951
2580
-6317
-4968
4636
1117
7451
6349
-761
-6727
-226
-9601
-6506
8645
-4432
-6714
9129
-7846
9844
-314
-785
-6671
9846
-5767
-4925
-740
-2297
6560
-8006
9904
6690
-2572
-38
476
-1006
-2116
-8869
-550
-2566
9040
-6077
-3901
4668
-5557
-6796
-5625
-4817
9983
1906
4453
-949
6114
-8622
-2528
-9233
7558
4713
-3290
-714
-6051
2342
2102
-4388
7481
9810
-2237
1112
-3184
3387
963
6177
-6893
-6853
6559
8339
9690
3341
-7349
-9632
6264
2687
-8071
-3394
-5831
-7578
-7243
-7577
-216
3501
-1590
-6653
-9716
-741
28
8198
4648
1492
-238
-9580
-6759
-1517
5439
-6102
-44
-3740
7602
-4396
-4940
-653
-6063
3926
3351
-3477
7261
-5024
4512
-8658
-2144
4071
3303
-6456
2691
5130
-3297
-2137
-7958
2635
-6585
-7609
-3047
1589
1180
195
1511
110
-4705
5693
2834
4179
-9961
-4874
1812
-5912
3975
-6118
5980
-4846
7178
2046
492
6324
3459
-4650
7315
-2336
-5037
-1725
7018
7909
-8301
7184
-6957
533
8098
-9231
-9259
974
8288
-3297
5622
-1320
5819
-1164
-3668
-149
4052
3745
-1366
5268
-8628
-2621
-1833
-1659
-5776
4638
-763
-5997
-8621
4605
-2652
9344
1807
3451
19
-6517
-8543
3079
-1902
4016
-7033
4597
-4052
8357
-5177
3598
3445
-3211
-3435
4739
4019
6832
-5765
7977
8837
-912
-7676
540
6321
-8241
-8612
-1923
4599
-9306
-3114
-4052
8578
-7332
1491
-5102
8900
-7159
6136
3431
589
5843
-3985
7555
1921
-1862
9170
9182
783
-5453
2401
8940
6649
4730
5284
-8620
-1171
952
8396
9516
9357
-1628
1737
3750
-6302
1950
-4924
4343
-1542
-3477
2374
260
4234
3961
5671
-4613
-7560
-3730
-1241
7816
35
2157
6579
2584
-4730
-2372
2311
-4365
-4799
-3635
-614
9051
-5160
8528
-2697
9628
5717
6507
9394
4789
1049
-6239
9236
-5493
-5183
-6630
-7828
-9938
-7730
-483
831
-3494
9460
-5310
381
7753
-1207
-3006
-1429
2067
9899
3778
109
1668
9444
-38
1022
8797
-2242
2787
4094
7140
-9166
-6460
-4543
-5324
-1985
8122
1407
-2184
2429
-3498
-1064
5135
6342
5363
2247
3071
-9717
-9509
-8145
-6903
-5789
-9714
9362
-4128
-8819
-5927
-8749
-8600
-720
9215
5414
3079
-1256
-2953
-584
58
1199
2169
2404
-5876
499
2041
-266
-4183
342
2084
1787
-7467
-8751
-4764
7180
-9513
4312
-5977
6429
7448
-1542
123
4427
-9318
-4451
4337
8013
-2034
-1901
-4872
6733
-4941
-9554
-3575
-6047
-6309
-8351
3934
-7710
-3558
8783
4293
-7097
-3189
-3502
461
1348
-3082
8245
1170
-5387
-8048
-2484
7638
5119
9376
-6728
2806
-8378
-450
2993
-6767
-4585
3491
-8606
-2330
-3491
6940
1186
8733
1873
-9112
4434
-2102
-4573
-1322
210
8395
-2928
-2919
-2214
8323
9265
-1394
604
-3992
903
3043
4865
-3876
891
-3558
4330
6128
-5576
-3329
-1898
219
-1005
9278
-6711
3404
1184
3587
5792
1648
-1224
-9806
-3008
4263
7547
-8539
-6092
-7752
5492
-8137
-8915
7136
-1873
-644
-6737
-2378
-6394
9637
6716
-3436
-1115
-4508
-4616
-9933
1659
-5280
-1367
-490
-7279
-3066
9864
-2333
9488
3953
3267
-3968
-553
8241
917
-2427
-3829
2761
6963
1877
-7644
1261
-9808
2216
3249
6785
-7550
4711
-5208
-343
-5747
6683
-9518
2238
9043
8792
-751
-5930
7455
-6556
4547
9464
1442
2410
5891
-6188
7292
-5827
6814
-4718
-5787
6802
-9351
7938
2666
-2346
910
2187
-8930
-6562
9586
-740
2740
2308
6327
-179
2301
-6537
9404
-4314
-945
1952
-4139
-7950
1418
4792
7483
1989
6299
2304
2700
2080
5400
-3698
4152
5388
9054
-5266
-5981
3882
8240
3734
1331
8030
-8661
1887
-703
1753
-6094
7057
-9002
8059
4575
-6129
-877
4945
7355
416
3105
-2776
2905
9944
-891
7673
4753
9482
2232
-196
-4410
8001
783
5029
1251
9159
3005
-5295
-1854
-2855
-9826
-4623
3988
-6957
-6523
-1171
7234
3901
-7057
-425
3034
8981
-761
7789
1870
-5929
-9886
-7725
4208
-620
6301
-3526
-4891
5591
-4418
678
7717
6504
-5274
7199
8098
-6605
-3624
-6366
-6884
6796
5910
773
7734
7029
-1978
1829
3704
9382
-7562
-5450
-6155
-4398
-7716
3005
-507
-53
-3598
6326
8912
-7074
6335
-7034
-9468
-5219
-2039
-3320
5263
2610
-1466
1857
-4236
-4253
-6325
8563
2601
-6452
-1753
-9571
-426
1011
-1103
2948
7830
6805
-4886
2468
4246
-6620
-395
7030
1180
-3977
2392
-3225
1007
-8086
8058
3976
473
5027
-1349
-3166
7772
-9808
2899
4765
-6354
7029
1626
5061
6918
-7554
-3339
-8317
-1486
-4787
-9809
-9399
9844
-6982
8994
1767
9221
1298
3421
5574
-2605
-1268
-9077
8562
-9759
1809
1591
-1951
-7719
-4910
9984
-4588
4288
4771
786
-1225
8904
-3289
-6963
5016
-136
5521
6753
-50
-8011
-48
-7235
-7064
2422
-994
6294
4360
-5898
-6860
4455
-6371
-221
6320
-5017
4347
1516
2655
-6904
-7178
7760
6579
9678
-5515
-5957
1887
4283
-9009
3630
9583
-6273
-4788
-725
-3894
492
-5052
3555
-7970
7487
3091
1983
7933
2292
-9934
4686
1443
-5649
-8362
-5043
-958
6211
7077
-1970
-2478
-9822
5433
5845
-7710
-8596
8346
-9561
1316
8156
-1736
8695
-5191
-6179
-1170
-2817
8559
9141
-268
2011
6089
-7054
840
-8863
6194
7898
3769
6335
-8227
-4432
-8173
6244
360
6127
-6547
1377
-9609
8070
-5242
6670
1686
-6858
-2914
1339
1127
-752
4371
-4361
-1515
-7634
3655
285
1503
-9704
8075
-1004
4829
-8250
4497
-1807
1536
5324
-159
-6819
-3211
1701
3009
-9748
7224
-2117
660
-758
-3645
-9444
2883
9249
3833
-9207
-9827
-5329
1495
-4636
-7043
-9856
-5479
323
-8847
4062
8462
-9458
3525
-4973
7301
-5626
7488
2126
8855
-5171
-570
-4389
9781
271
1384
3096
9993
6026
-9889
-9165
-7301
-7087
-4133
-7384
-5048
-682
-9525
-617
5493
3243
-1915
349
-9169
7230
-273
7666
4452
3308
824
-570
2188
-493
