7408
-6928
3883
2143
3319
-9341
-9644
-3760
-8977
-653
-1531
-9148
-2455
-3831
5995
-4154
7967
-3100
-6656
-9190
-4865
-5437
-510
6488
-988
585
-8736
6459
-4643
444
-9891
-5484
9849
8915
-9837
-8450
-8004
7517
5809
9392
-9303
-442
-1707
-2722
8884
5099
7925
5691
5966
662
1785
-9962
-9037
7644
-4031
6487
6527
-6102
-2693
-3230
351
-8723
8160
-9703
9204
7754
2285
5773
-9550
1482
9969
4736
4881
-6826
-3822
2291
8005
9486
-1216
-3678
-6881
-2045
-8336
1033
-1827
3438
-7663
1758
-808
296
3767
6613
-9951
-1791
7210
-3124
-8421
-4837
-7935
5918
400
5756
7593
607
-1964
-7849
4913
-2007
7429
1714
9459
-590
-7913
-6591
6882
3365
-4734
-6549
3139
-6624
-1586
-4903
-6034
8410
-2439
3888
-9944
-7922
6544
4325
3584
-7629
8038
-1786
1296
1354
-5251
1585
-5481
-8228
3998
-4832
1526
8095
9921
1714
6867
-8669
-7217
6214
-2645
8538
5008
-8548
-9871
3001
8026
-7725
1923
1616
5277
6877
1799
-7338
8947
8234
-5583
7172
5905
2986
-3291
3388
5872
3626
4442
-2491
3556
2869
8521
6409
6894
-3715
-9810
-6643
9883
-9845
-2004
7471
6463
-4140
-474
8767
1383
5862
-9084
-2415
-5059
3758
-4078
8922
2071
3226
9669
-2381
7100
-527
-8739
-2645
-7912
6023
-7293
-3303
-2254
1406
-3190
-2843
-4447
-2989
-8061
-4239
-7872
4259
6299
-5160
1569
6087
6560
-6924
2717
2294
-9265
-5440
1894
-1547
-8304
-1430
-4710
-4019
6320
433
-1663
2627
768
-5323
-7856
4250
-2255
5363
5632
-5857
-7613
6181
-6077
-4151
7594
-4497
-9887
-5015
3135
9872
4124
839
-4723
3356
9035
-9607
6541
-9472
8281
9547
-821
-3682
-6706
7085
8095
2200
-2035
3852
5877
4814
832
597
-1731
4260
-4433
-1989
-6649
-7587
-7619
6485
1178
-5963
1301
-9739
-9862
9405
-688
-8321
-9185
2028
2028
-2926
469
-1605
4308
-6726
-1908
4423
-7112
4992
-3312
-2760
-2173
6730
3030
7651
-4160
-7706
-8970
4034
5674
-6931
4695
8849
2541
5467
7158
-5243
-8103
-7211
-4800
7585
9379
6247
-3450
2743
-3744
4273
-2751
2743
-2091
-4657
-7692
2779
3279
-6742
8220
6372
-5166
-5156
-4885
-6425
9478
4109
-10000
6881
1365
-5907
1893
-4762
-9596
6252
-4504
6470
57
-6290
-5762
-5404
3441
-2815
-6003
175
7873
-3575
-2007
-4029
-8541
-4179
-3153
6404
-9383
-6769
-3656
7024
6370
8310
8890
-1361
7976
8139
4388
3903
6072
-214
3269
-2230
9660
-5426
1581
603
-4621
3278
1300
6499
4955
-248
7593
-7313
-4881
-4247
-372
7325
6595
711
89
6957
-5492
6087
-4322
-7298
-3216
-8722
-4741
-2972
9039
-5508
-3723
-5503
1740
5030
6125
-7500
7442
4396
4459
5262
3635
7487
-5120
-3643
6023
-6903
9162
2433
-2767
542
3648
7904
-180
-6471
-8582
-6653
-5019
-6474
63
-1454
-1129
-9538
2446
402
-2384
-1387
1007
1341
-9644
5179
-1904
-3280
6721
1443
-8073
5304
-9261
2453
-8099
-1374
878
-7374
-67
6287
2861
9695
3959
4098
7367
-7762
-4213
-5325
9113
2537
8768
3388
-7294
-4100
-2106
-3898
7689
-9888
7586
2640
4733
-3138
-8745
9419
-4723
-9648
92
-5267
4247
4529
-5457
-9960
-2442
-8413
5924
-5262
1744
-4278
36
-6870
-9420
1921
-6071
4648
-1366
-7001
9920
6405
402
-5499
2411
5205
-3610
2506
-6718
-4014
-7143
-6279
-9944
4336
-2368
-4699
2920
7399
4205
1422
-8798
7487
1093
-3325
4101
6996
6154
9131
-5584
-1972
772
1554
2434
-5001
5118
1684
6161
-9608
4912
4917
9853
6581
125
-2273
-4388
8030
-9236
9600
1663
-9391
2195
9881
3929
3078
-6271
-601
3931
-47
-1612
8978
-2685
7128
7538
-2768
-476
-8669
6320
3271
1917
-764
8529
218
-7773
5143
2911
-5287
-4645
7658
4178
-2135
8602
3223
4121
-6032
366
5057
-5001
5481
-7747
1117
-9299
1491
5699
4742
6625
-7605
-5582
9672
6786
-5221
2989
-1863
7884
-4259
7854
1818
-9652
-8808
-1468
-1507
-5184
-1049
-2481
-9373
-8740
4423
-8030
5411
3330
-8804
6698
-5865
9451
-6261
-7196
-3675
5510
5883
-356
6499
1227
-98
-2330
8879
7637
-2933
3705
8887
1171
2743
-2694
2477
-4739
-8090
-481
-696
-5754
5625
-3392
5848
-9585
-3148
-9604
-2832
7048
-9287
7790
-894
-6265
3691
-1331
9297
-2434
-8037
-4468
-7568
-3893
8704
-6161
-7352
-9234
-6520
-3289
8204
-8146
7662
-7327
-4118
8202
2456
7643
1048
824
5621
184
8250
2331
-2323
-2439
7859
137
-9293
4330
7816
9917
9218
9928
-2969
-6904
9643
6764
-8006
-3314
4679
-7903
3685
4365
8991
6905
4822
-7351
-8700
-7369
4413
1795
3141
6799
-3363
-3826
-4721
-9242
9391
4628
-1537
-2330
-1845
1050
-8835
2152
-1411
6277
-961
3752
-4995
9865
-4972
5909
-6410
9337
776
-6372
-2940
91
-328
7726
6320
6388
220
-4686
-4236
3852
7781
-740
5053
3077
764
5818
-4155
4712
-4566
-6927
5010
8676
9041
545
1883
4081
-8957
-8964
-3986
1817
8351
-2764
2741
8827
9220
-8114
4875
1595
-9245
696
4072
-6547
-1592
7713
3027
-6737
2215
-5659
5935
-7430
6546
-4309
-8671
8030
7973
6731
-218
4170
5090
-1046
4264
-1702
3341
-2112
-4318
-3870
-9381
349
-9162
3958
3265
-525
8028
-8382
4380
5478
6490
9357
-1942
8453
4734
-2022
9834
3042
9596
8236
8583
1552
-590
8119
-4329
1013
7965
863
-5825
1051
7784
-8331
-5670
-9336
4996
-8529
-1272
-8457
524
1178
-4354
2692
-2491
-4262
5210
4395
4896
-8741
9390
-7488
9277
-8365
9974
9891
6206
2964
-8222
7644
3811
-6474
8987
929
-9954
5512
-5012
6248
3176
-325
5983
-9597
-5064
-7623
4051
2646
-3329
-3932
7415
7642
-507
-8912
-7538
-7046
8006
-367
3550
-759
-8945
6553
9504
-7192
6147
6842
6279
4424
-3541
8801
-124
-4193
234
-8281
4126
4606
6547
-9295
-7181
7067
427
2084
-7481
-9169
-828
-1083
-3942
8080
1872
9277
9557
8279
7928
1817
-5199
3433
-5070
9738
1079
4649
8839
-4063
-5735
-6393
1692
-1706
9220
-6943
6081
7172
7976
-2416
-715
-8250
3777
2133
8236
-9661
-8075
8337
2265
5916
6110
-5174
-580
3539
-2206
-211
-9058
3226
8848
6771
7920
-4532
7306
6857
7810
-9238
6862
2592
8298
-4654
-3031
8686
-5498
4859
-2520
-9733
-8666
-6055
-4190
3879
-7876
2103
732
-8754
-6194
7616
5403
6493
94
8993
1789
2112
-1316
-8207
2248
-3552
1836
-299
-2508
2308
-1170
-3081
5653
700
-1844
6814
-8688
-5573
4547
-2324
8791
-8499
9203
-8353
-4382
9401
-1998
2833
-8238
3912
-1292
8180
-6002
-4770
-7213
7740
-3649
4078
765
-9051
-1755
6348
-8322
-9747
-2705
-1915
6449
-3577
-9422
-6520
245
7312
601
-5648
-5548
4088
7992
1555
1719
5126
5827
6819
7031
9713
1148
726
3138
2829
6490
-3845
-8585
-851
-3126
-1707
-3846
8423
3953
-713
2024
3744
-9939
8071
9997
5298
-3039
2862
4522
338
-1498
-7203
-6643
-4351
-546
4830
5571
1131
-2604
-9455
153
5117
6364
-6743
-2031
1204
3353
-1858
9617
2368
-3912
9208
6167
-2129
-1940
-2207
8358
7132
-9182
8679
4048
4947
-5374
1860
-9187
-3553
-133
7876
4190
-1915
6119
-8038
-9538
-5574
705
-8316
8835
7219
-5162
-8983
5107
9854
-6190
-4536
2740
-9341
4515
7762
-3132
-3881
9244
-2069
6858
279
4665
3061
-8956
731
-8279
3754
6805
9323
-4977
-7774
-1985
4400
-2498
-1440
8483
1567
7551
8716
9697
2175
332
-2663
-5747
3865
7553
-3279
820
2974
-541
4354
-7500
3423
5521
1346
1312
3108
-7724
8170
-4102
6714
-9651
3289
-9284
3411
-6508
4491
-5461
-8931
8578
-7372
7496
4173
-1174
4676
5711
-6646
7652
-2371
-4553
-6838
-9966
3635
1839
8897
-4229
3743
8438
-3897
5853
7295
6160
4385
-9964
4153
-8518
-933
-7996
2023
5011
-4965
-642
-1691
-4652
7249
676
-5588
-8551
8161
6525
1588
4534
-4046
8954
-1712
9056
3856
-8745
9758
-2900
-1569
2795
2806
-7582
-2892
9746
-8983
8746
-9196
-3942
7940
-1380
7749
-8268
1067
9167
4887
2281
5632
6958
8006
1907
772
977
2958
-960
3511
-6153
5791
-2733
-9860
3716
1621
2013
9442
5116
-8890
-3992
2061
197
4226
6766
1171
-8575
-1740
8389
2289
3212
664
7751
-4063
4273
-6975
968
-5921
-9548
7864
1423
9007
4955
-2740
2091
6467
4915
843
-3406
-5049
-7790
3455
-8520
-2443
-5956
-8236
-545
3842
3613
4232
-3127
6776
-7943
-8773
6515
-5456
864
-1637
6216
-4551
-9301
-7624
-240
-7646
1608
5992
-3987
-7433
6605
-4085
8898
3130
-9532
2920
-2131
5570
-6159
4521
9741
-1951
-2274
4309
5081
-313
810
7040
-7518
8502
-3001
1418
-3908
3556
-3121
-6815
-6739
5272
-8588
5290
-8395
2033
-8536
-3526
538
7892
4298
2201
-1266
7380
4674
4848
412
8543
-7351
4301
5105
-5289
-5379
-2439
3565
-7313
4237
-8181
-4957
9571
661
-9369
7143
-3550
-9194
6537
2124
9452
-6166
442
1097
1797
3705
628
-7163
918
8300
9352
-3941
9382
-9403
3734
2598
5429
-3642
-9113
8163
-5215
9279
-8309
8342
-1830
-3784
4719
-4548
1885
-4560
-2002
5353
-9769
-9224
-9471
7159
5612
-7149
276
5518
5450
8447
-8925
3252
-1125
-10
5795
-8279
3037
-830
-8889
4873
1049
-372
7277
-7014
-7532
-4499
-6440
-1388
1855
3147
3022
665
-7443
-2774
-5384
4719
-953
-4439
6797
8638
8072
5333
110
-1535
1997
7520
-6277
9476
-8727
2732
4296
9151
-7971
-6170
-6742
6305
-9698
-5404
-3393
-4410
4126
-2754
-5213
4578
-7302
-781
2347
7282
5339
-920
-2745
-108
-7821
4671
-2494
3460
4964
5302
5041
7907
-3660
-5506
4083
-2695
4749
-3115
4115
-4837
7536
-2622
-3365
-2141
-7881
-5011
-6169
1581
3026
2177
5697
-6452
9736
5101
3409
-1940
-2289
6856
8602
8904
3406
2503
-9967
-9964
4282
7995
1238
292
-9562
9316
4646
-7929
9298
-1244
9214
4863
2742
-2389
-5671
-665
8137
-9418
6201
5034
-8612
-8783
-5145
4236
6732
8658
-6285
9170
-9292
7293
-3412
9495
-9561
6541
3502
9163
-6300
923
6003
-3507
7646
-3267
7509
7078
-3194
-7698
-8388
-4357
9480
9559
6830
2624
2479
9686
-6202
-7347
5681
-7409
3617
-5704
-3856
2620
1161
-3090
-720
2298
6390
805
3362
-1006
5351
-510
7511
8031
9677
-2484
5509
6089
-9089
254
-3216
7811
-2022
-3712
-2948
-6573
-56
6528
-7057
7694
-6287
-1323
764
4464
3889
-7861
-3476
1050
8707
-5345
-4956
929
-8931
9798
6453
5161
-5641
-1444
-7171
9556
-339
5053
3303
-3606
-9453
8269
271
6881
1235
-9099
8776
540
-7488
-3929
1796
2584
-1107
-1725
-2776
-5521
-566
-8377
4894
-4232
4145
7564
-7525
8
-9964
955
8797
3939
-2713
-1090
2486
9166
-4303
4851
-3398
-6844
3657
4099
7867
5104
-314
2731
-5014
-3777
-7626
6192
-33
194
-3906
-314
2897
3004
-4129
-1238
-4633
1586
493
7121
-8563
8426
-7494
5366
-5779
563
-6023
-6187
2519
4124
1450
4452
2079
-2866
-2651
6970
-5440
-7621
-2506
1641
2861
-8623
5508
8229
3388
-6758
4840
7897
398
-3010
9501
121
-9129
-7553
-1883
-1087
-6457
-1284
-7604
-7281
4116
2935
2292
1616
3995
-4314
4569
7133
-8225
4737
513
-5111
-7315
-3246
2513
-204
-6795
-3816
-4633
-5173
6516
4440
-7327
1685
-7057
-5707
6702
1694
4537
8299
7343
6006
-8510
-1671
3233
-2748
-7639
8136
-8213
-8681
4326
-7530
-6074
577
2622
-7702
-442
2175
-3347
-5177
6337
-4662
6619
8515
8524
-5056
4744
4131
6596
7393
-7767
-621
3113
6197
-9915
-3032
-9032
359
7593
-2911
201
-8264
-8683
3451
-9734
-1739
-8423
-1645
-3712
-7276
-9374
-899
1845
-7829
-1641
8299
494
7471
-4837
420
2746
4197
5113
372
-9128
3248
-8977
6654
-2980
-4474
-606
1294
6509
2443
884
-744
7107
7301
-4505
-8058
-8650
-7687
6107
-8975
9183
4422
7672
-7713
4639
5123
-7162
-527
8066
5448
-2743
-6349
-5211
-2211
7834
4231
237
-7288
9702
-6710
-9872
8912
-8348
-6697
-335
8756
3039
-3068
-9018
-8980
-974
-6709
-2098
-3374
6326
-4481
-9996
-637
-8147
-3265
4913
5861
2516
86
-8563
-8388
-7657
7147
3657
325
797
-2541
9669
220
1992
8397
-2040
670
-3316
8258
-4023
6959
1402
4596
2135
-6216
7597
5566
9386
-3039
-2745
7308
-5289
-8049
-2964
4422
8031
-427
8701
6599
2119
-4099
-1806
3814
4320
9987
4410
5980
-1783
-3464
8985
5485
8842
-7015
1112
2692
3218
-2982
5225
-5109
8052
224
-8857
692
-3550
1561
2785
4561
-872
5918
-2856
-6226
-1361
267
-4258
1396
6178
1628
-544
-8382
-5013
8696
-7787
-4192
7631
5965
-8923
-9501
8727
-619
-4553
-4871
4803
3934
4258
2818
-1606
4412
-6824
-1638
2025
-9491
-8692
-7236
7304
6292
-7402
-8676
8919
-9576
857
1596
-4529
6849
-3792
-1225
-9052
-6397
-46
-3343
-1084
3894
-2893
7170
-5658
-7220
6020
8955
6631
-7119
-4559
-8785
5875
-3408
-9010
6033
-1887
2598
4826
762
7438
2995
7009
9417
4430
7608
-2135
3145
4281
-3523
9885
-6235
-3826
-8803
-2383
323
9985
4418
-2434
7240
1264
-9234
1093
9697
-522
-663
-894
4341
1394
-2231
3559
6163
240
2011
30
-6698
6573
2647
-6255
1041
7535
-4516
336
-268
-6193
-8480
5349
6582
-9149
3620
7437
8180
-6316
8374
633
9689
4550
-572
8252
-1837
7287
-3014
-5691
985
-4333
-6424
995
5104
9524
911
-7627
-7849
-9081
-361
8586
6483
-199
-1603
-2171
-2576
-7648
-1641
7535
-6657
-5977
-1758
2482
9270
-6293
6875
6871
-1272
9532
2207
-2480
-5616
-2620
-6931
4194
-1356
21
6400
8002
-8164
761
-200
8409
6249
-222
-3304
-1636
2252
-6763
1493
1223
6425
-5517
237
-9523
-199
-5603
8327
-1966
6100
2433
-3666
961
3918
-3790
8852
-2812
-7994
-6920
-8452
4141
555
4003
-8175
3970
5139
-5074
8576
-3809
-2309
-693
2354
915
7118
-1493
-4831
9204
-4057
8115
1796
8224
608
2960
7499
-3065
-4916
4716
8342
7095
-6619
7655
4525
-5052
-2377
-344
-2779
-6119
-9306
2590
8184
5387
143
5204
2039
7363
-3744
4456
-5758
-7027
3305
-2019
7856
2358
2536
-1579
2227
-7221
-6985
5341
-1119
5033
3650
-7193
5482
1728
-7089
-4444
-8695
1191
4364
-6703
-7068
7561
-4283
8766
-1974
-6583
8697
4153
3971
2535
-4851
-7327
8889
8153
-8212
5586
-9440
-2474
4544
6075
3680
5525
8576
9488
3372
9381
-4067
-9605
-1147
-2309
6759
-7023
5257
6382
-7334
-6201
4659
9279
-6248
-7232
5188
7792
-6118
7637
-9673
4014
-172
-4928
955
5096
7241
-7686
-7025
-4058
4707
1437
-1717
-2178
918
-5789
-2744
3175
-7651
-922
-1272
5618
-1410
4822
-3646
2764
-9558
-7453
-6428
8379
-3602
4402
-482
3019
7294
-544
8476
-7693
1644
-3692
2876
881
-2424
9333
8289
480
8294
-136
-2824
-4376
9289
8110
-8038
-2118
6081
3076
-6007
5389
-169
-8382
-5040
6872
-3940
-3701
2682
5463
7418
-5187
5751
-818
-5434
5256
-2397
1676
-4936
7823
402
577
7209
9977
-9303
2180
3887
7717
-1291
3669
-8808
1688
-7305
-3463
-16
8609
-243
-8831
-7474
-5502
6823
3911
2475
-6759
-3230
7086
4087
8574
7416
-734
-6526
-1361
2684
6922
8852
8359
-3017
9834
-5003
7873
486
9365
7884
7302
9063
676
-5921
9442
-7152
-1289
4318
-5432
-3241
-741
-6119
4136
5225
7782
71
-4775
-4145
6626
3308
-8163
-7372
-6873
6898
-2056
4573
-1363
-1414
7786
-2204
2459
7872
8624
-8738
-26
6600
-5119
-3316
3735
-2916
9043
5147
-8201
-3846
5504
-9565
1971
-4530
-2304
-9403
-383
6474
-6664
7087
-7924
-2329
-2092
-3687
-7872
3495
-2326
6064
5731
-7545
-5066
-2189
-8242
2163
-5511
7750
1603
1114
-8583
4227
952
5627
-9186
9758
-8114
-1477
1822
9332
6162
8052
4471
118
7441
743
-6753
-1038
6339
2093
9099
-3126
9349
-328
-7886
-8649
2705
-6115
1325
2467
-2253
-9717
-2258
8737
1116
-1033
6970
-9645
-8173
4482
-3598
623
4426
-9153
9820
8211
4904
-2173
7110
2606
921
-9909
-8036
-6803
-1227
-7233
-3834
-8194
-877
-9862
-1812
-6512
3466
8561
6006
-4095
-5830
6859
-9945
-563
-4229
5861
7396
-4232
-7614
723
5529
-6844
-6638
3396
5033
-6525
6745
5368
3464
-6269
-9888
-2302
-1290
1717
2218
9707
4972
2495
-4422
-5072
7760
5984
-7290
7257
-6823
-999
7588
-8366
4875
1604
8317
-6801
-5454
8018
3052
2753
3709
2423
6214
-9002
-8690
2365
9824
-545
8911
3395
-2618
-6357
258
5626
9191
-5332
-4215
5941
5304
6359
-4778
8751
-396
9375
4475
-3393
9950
-261
3445
-5534
8374
-7460
661
3271
-7801
2324
-3084
6008
9363
-8379
6771
5663
-1312
6921
-3779
-5245
-2718
7645
-100
-9456
2335
3402
-2768
-5584
-9749
7579
8814
-681
9929
1074
-4799
2780
-2887
-3422
3264
-9726
7351
9205
-1653
-9102
-1021
-6570
-4
-6682
313
9417
6010
-8858
9310
-8597
-9944
-6566
-1057
-361
-7370
4389
-4303
-2177
-4579
8700
5340
7054
-218
-3013
7667
-7551
6765
-6980
-1876
9753
-7127
7941
-4371
-5669
4949
310
-6327
-9768
1993
-8667
-3622
1627
-2338
-4953
4399
2071
1111
8843
-3387
-4558
-4919
-3055
-1118
-7109
-2262
-2141
-1819
2578
4797
4104
-5858
-6687
-4533
-9123
1402
3953
7788
8577
5184
1308
4043
609
-4140
8088
-6713
5538
-8094
-8854
3292
5564
-8613
-2496
4336
-8439
-718
7000
-4304
-4008
2211
-4366
-2400
5891
-45
-4217
8281
7953
-4378
7864
-5692
6648
-8756
6783
6955
5882
-9175
-807
-2597
-575
-5730
1651
-3324
-8774
7990
6838
-6081
9860
-9288
-7584
1984
8177
-5715
-1727
-1537
-7208
-2752
-9418
1742
-9354
-6204
-4950
462
-300
-4387
-2853
5707
-4983
-5342
160
1391
4252
6298
9642
-6556
-7449
-2532
-693
2041
-6357
-9344
5572
7168
-214
-3937
8737
-9110
9836
3657
-6108
9324
-1276
3283
9304
-4673
5890
-6811
-7092
5664
4240
8550
-2626
631
5782
-4239
378
-2605
-4988
-5371
-1120
-5139
-7223
-8946
6780
-4401
4466
459
-9548
-7481
-1818
103
-1228
-1060
601
-877
9501
316
-2829
2578
-7495
5288
-4846
7486
1858
757
-4999
-1995
2406
6185
-1361
3369
3322
4220
-724
2367
-1879
-9860
-9352
572
-5702
7488
9305
-5894
3712
-9679
1555
-975
-9041
-9939
8545
6980
4473
-1337
4388
-9606
2243
4383
456
-5059
395
-440
7774
-1227
-7330
1446
5324
-3272
4648
2812
5141
3515
5951
3961
-901
-2596
-5873
-196
6613
2646
9285
-293
-5964
-3473
5361
-6574
887
9614
4972
-8062
-20
9520
2768
-2771
3824
-8099
7196
2191
-3400
-387
-2727
-9566
4237
-7208
8563
-3742
4508
-3335
-7271
-1983
9909
4905
-4898
8470
-3471
-5598
-1416
9971
9327
-455
6599
-6553
3966
2114
-1819
-3169
-7159
6702
-2682
7428
7466
5677
867
9934
3961
-5490
-6145
6201
6674
-9094
-1097
3353
3143
2073
-1785
551
-7388
-1410
7322
-9415
688
6799
-107
-9592
-574
-2774
-6353
5040
-5634
-4927
-3447
8628
8893
5018
6684
6178
-1835
-7858
2949
6255
4437
7517
3045
8643
3991
-1639
-7534
-2742
6941
-399
-3189
-6910
-3479
1026
-8476
1155
4227
9675
6800
8543
1973
-9950
-5739
-5148
-9130
-1369
-8908
-4472
-3366
1697
4694
-9883
-9670
-4202
-2693
-7788
7012
-4621
-4351
5025
-1732
-2914
-9058
-6286
7775
1713
-741
-1231
-6002
6789
2852
-6413
-921
4847
1586
-4124
-3423
-450
8140
-8852
2329
7024
878
-2149
5928
6502
7377
8406
7055
8427
4504
-7290
-1708
-2088
-1899
-3401
-1746
4621
-562
-84
-6767
-3927
3584
-2294
8909
7699
-481
2867
7039
-8911
97
7676
3547
3716
-9587
-7710
7795
-9825
8569
374
-5170
-2217
8260
-7989
-9634
-8259
5117
8849
692
6182
7287
5025
2782
9292
85
1568
6208
-3208
-3573
-3752
3984
5012
-1372
2573
-8179
1254
4820
-3846
-2727
6432
752
2914
7015
-4764
-4325
-5270
-6062
-5897
552
3162
8576
9484
-9515
9676
3786
4528
579
4689
1589
6808
359
-1611
8225
-1789
-7678
9905
1501
-956
-6294
-5965
-5398
-6735
-2803
-4166
3763
4814
-2783
-622
-6805
3026
-2982
4518
2056
2758
-1160
-5741
3600
-2266
-8059
-3005
9479
1276
-7872
3628
0
-2734
4606
4717
-3189
-711
-1762
5632
4547
3097
-1862
-3273
-5510
3949
536
5021
2900
3150
-7122
-8942
-7021
362
20
-7271
-3218
-6174
411
7098
9622
-5839
2367
1728
9085
-9967
-872
7194
-101
2220
1830
-1077
-2324
6131
9715
4959
-7187
-1950
9243
7566
-3089
9674
7130
3017
7621
-6271
-8835
-7431
-6407
3510
-3039
-7606
9236
-7793
-3516
7473
9427
4911
-4076
-1613
1564
730
-7267
220
-6135
3497
1668
6611
6964
4653
5761
6629
8780
-2828
8606
-9084
7804
63
-8857
7773
-7797
162
-3994
8557
7671
6609
-1096
9453
4450
-1460
8946
7806
-7152
7267
-8822
-6182
2986
-1204
-7924
7855
-7160
4316
5080
3491
-1526
-9094
-3096
2948
5344
-5402
-5911
-9997
3483
8206
-1601
-3198
3567
-545
-4174
3178
3734
1662
-8094
-5106
6974
3381
-9537
5309
6332
-7404
7460
2642
-7650
-2477
5770
-8489
2990
-3127
-5092
-4086
-8379
1026
-8961
-220
4116
-5949
4587
2326
-4512
-5759
2802
-3471
6643
-3886
5267
-8807
4456
8372
9564
-7685
5420
-8696
4408
-3822
-1776
-5315
7913
-9657
-7417
-2178
1536
-8348
-4441
-4236
1175
5748
501
-480
-4703
-5117
-9203
-7919
-2204
9363
-1047
-3497
1103
9119
1621
9036
-3477
-151
7137
8921
6925
229
-4753
-1516
-3546
-3868
-6607
-3021
-3820
-3166
-1994
-6877
-3485
-4337
1691
-2718
1857
2457
-2098
-6315
9466
1479
4541
6034
-1374
-2619
6877
-1892
87
-1824
-353
465
8575
-6258
-4576
-2628
-9601
-477
7382
-1375
2288
5256
-4458
3831
-660
5968
5587
-4963
-1740
2769
583
471
-2725
-1940
8169
2877
7747
-6214
5295
-7926
-4757
-2111
2769
8052
2204
-3947
-5430
5925
-3343
-7464
1561
3828
3241
825
6753
3996
-9862
7106
-2026
940
-5947
-350
4623
-9252
2858
-6748
2642
9427
-1031
-3588
-1398
-9823
-4216
1231
-261
5047
-6317
7554
-3601
9769
-309
77
8427
-2260
8435
-8273
4325
-3778
-1715
7476
-8384
8354
4611
6194
8920
-2482
-7673
-680
-7057
5776
6931
4160
-4440
1707
3874
3229
8728
2256
-3957
-642
-5877
-1473
4749
-1973
9698
770
7086
-3404
4682
-3076
3868
9325
7669
3933
1529
-1323
7579
-5052
8598
-4684
-123
-9882
4298
4542
6191
1372
-7636
1495
8435
9219
-4078
5655
464
-7658
-2566
8863
7001
-5094
368
7125
1425
3765
7060
-9189
9116
983
1783
-2624
-1257
3529
-9868
5769
3876
-3244
-5883
2489
1217
-5022
-215
-6783
-861
8016
5425
-5999
387
-7116
-6752
-4650
1840
-4536
8422
5654
784
-687
3685
2168
-1282
-9431
-1875
-1169
6827
-5271
219
-9396
9905
-9073
1587
3358
-9670
4508
-1951
-7726
8042
-9560
2912
623
-9404
6174
5331
79
-8067
-6385
9849
3225
650
5135
8853
-8684
-7645
-8375
2349
-3053
-9534
-37
7074
4375
-8068
-2970
4216
-9062
-2565
7062
-6119
-3854
4420
2400
-6494
-1099
413
6551
1798
-3871
-6851
2844
3720
7293
-2109
839
-3961
3755
4698
1139
2917
-2719
7653
4099
3232
-253
7715
6096
7728
9523
-9564
-7534
-8750
1115
-1186
-4015
-2549
1200
6357
-5724
-8056
6373
-4155
451
-4071
-6237
3472
2455
2751
8760
-2541
-2811
92
8793
-9648
6852
-6060
7209
1409
846
7991
6630
-9262
-3130
-939
-9886
-3128
4619
7754
-8985
-3635
-9783
-9858
5695
-697
-2004
6913
9570
-6813
-6546
9877
-5707
7985
301
-7307
2408
-3831
9926
-9182
8447
1148
-9026
-6031
694
-1969
645
-3667
5497
7975
-3455
5459
-1373
8010
-8801
4744
-6357
4430
984
-9724
638
6998
5074
-1972
-4002
-139
-4887
7549
8040
517
-8796
6666
5087
-7079
2525
3783
9399
4992
6202
-5108
1246
8241
-7596
4566
1225
3017
4686
-2484
428
-5508
-8481
-3462
-1830
3221
1383
-1206
9713
-8511
7262
8481
-6834
6688
6898
9718
3558
8729
6488
-2348
-9264
-420
-7489
-446
3916
-5577
-3244
907
6929
869
1549
8015
1171
3756
-2613
-7056
2279
-3036
8687
1358
-7343
-3602
-5085
-72
2435
3144
2233
-5865
-5493
8716
4989
2738
-9590
5405
-8492
4194
-1793
7609
-9526
-1120
4472
-5871
8564
-6880
-9184
-8643
-456
4416
8072
-8889
-1055
-6375
4091
3
-3027
4723
-9321
4166
6486
-651
-117
-8977
-9209
-9134
-8922
-4947
-6734
5002
5184
7290
4797
9025
2026
321
5327
3170
-1044
-1752
2462
3932
-4949
-7156
6898
-1439
6625
-1988
-5326
9893
3627
-9674
-6630
-1823
-9143
-9485
8107
-4636
-4000
-7178
3011
-2973
-9435
-4740
-5435
4501
7026
2923
9720
9958
449
-1751
-9389
476
3515
9669
4956
6531
-349
1612
-827
-3226
-6483
9884
9044
6019
4165
9468
-1591
-9514
-1217
1141
-3628
-9481
447
-1597
7145
-4867
-5750
-9694
-8268
2248
1859
-1862
-1719
9903
6938
7755
2781
2494
1165
9306
540
181
9836
2464
6121
7962
-6545
1136
-6199
1959
-571
7078
-5134
9481
-2694
7860
-8750
-8751
-5400
-7371
-9008
2403
-6642
9833
-1585
-6056
-1160
-8767
-7730
9599
-9750
-6973
-7680
4155
4786
2199
5377
-2146
-9816
5895
3266
1340
-2121
9212
-1561
6327
9743
-1234
-8497
-2475
-8681
-9322
-6842
-8094
1713
-411
-7193
-265
-7597
-5117
443
8611
-8314
3583
224
-9112
-2414
-3140
-1067
7026
-4563
-3071
9601
-3949
4944
-1029
4157
-9084
-7268
8979
2852
8928
881
-3950
-1405
2733
678
-306
-9749
-3349
-8350
-5810
838
-4350
9875
3270
5953
4709
7110
3270
-8295
-1709
-5824
1130
-661
-1258
8588
-3059
3628
2343
8569
2252
7802
-8943
9452
5605
-7421
-8419
-7480
5671
2879
-120
3904
476
6588
-1756
21
5926
-7
3924
2408
-1659
9623
5140
-2978
1401
6223
669
-7029
-3167
4865
-8537
-2592
-2953
-2649
5174
-6090
7991
-7569
-1368
-2533
2064
4556
-6384
3336
-5905
4117
-4457
1181
298
4927
-3183
9311
8122
4185
7796
2141
4293
8561
8768
5122
9326
-4192
-2752
-4442
3074
-6312
-8475
-1314
75
7840
9862
1374
6925
1522
-8442
-7022
-5078
-2077
5829
-9393
9582
3210
4986
-7125
-5377
-9296
-5872
1054
-8015
-3115
-7071
-7562
4909
9091
47
8405
-6542
6128
6773
-1547
-4491
5402
-4684
-5801
-4542
-6210
5094
1838
8704
7343
-2564
3570
-9523
2355
3033
-6785
-3705
4565
-7972
-6480
-9804
-1671
285
-334
6467
-447
5261
-3460
-3566
-9146
6450
8697
8455
8959
2055
7514
-3525
-6174
2137
8868
9247
-3493
-730
-7265
9004
-2412
9855
-6690
-8106
-8507
4298
4094
9637
-8028
7053
-4672
4013
7279
5335
-1305
7479
5927
6215
2235
-7168
1613
-9081
4261
-6776
6006
9373
3607
-7466
1797
4342
-2944
3148
6030
-6936
-1029
-7960
-7653
-8340
878
-6457
6179
-3208
3509
3807
3979
4122
-6867
-4091
6847
3486
3776
9724
6225
1683
8480
-3958
1764
-106
8667
-1443
4702
6421
-8752
-8911
-1009
-7343
613
9181
-8160
1065
11
6891
-977
7526
-438
-3638
47
9702
-1321
-3528
890
3260
4159
-7525
3279
-5045
-8440
6468
-7894
3144
-8986
-8118
-1821
-2559
-7776
-3175
5343
-852
-6205
8878
-9925
7605
-8262
-6472
-1317
-9975
-1164
608
2329
4198
-7611
4580
6951
9499
-3028
5179
-1238
6546
-1883
-4908
-6654
-7307
9524
-7325
-8415
-6987
9819
3350
4777
1576
4349
-2516
-3196
6449
5884
-3361
-5803
2471
-7458
1413
9751
6087
8466
1548
-7634
8999
-911
3916
-9411
1208
-2171
9050
40
8419
-5477
-8320
6385
1136
5664
464
-2849
8090
-5701
3567
-7682
-1132
-9005
4565
926
2128
3615
-5127
556
-5019
6915
3587
5548
7770
-3799
7494
-3309
9625
6922
-316
-4207
8820
-4977
8818
-7753
4701
-3842
-4762
-3439
6060
5859
-5675
-4163
-4423
4522
-4660
1735
7009
5407
8490
2043
-9129
-9306
-6554
-2109
-9915
-229
-606
2512
-8413
-9159
6740
-6392
-9361
-4299
6524
-650
9210
-9900
3800
-5824
-3368
8694
7310
-8607
-5015
7493
-7008
5015
-4379
1538
3683
-2799
-4853
828
7355
-8840
-9003
-862
-9789
-1025
3141
-948
446
4343
3907
-5567
-3169
7806
-4084
-8169
-3041
-2221
-7740
2178
8928
8773
6716
-1029
-7483
4956
1456
-7600
8617
7439
-9237
-3521
784
-1164
-1948
-565
-6833
-144
-3776
9543
7612
8236
6345
-6955
1040
7529
5203
6030
8951
-7836
-6874
6714
2629
-3332
135
-8687
689
1328
8667
-2529
-9715
-3840
-4760
-6799
8878
4710
5389
2987
-4688
-3812
2619
6028
-945
-5107
76
-5397
2016
7198
-5970
683
-4597
-3417
1064
-5969
-4315
-3468
-6875
9363
8679
-159
5392
7556
-7193
-2878
-6642
-465
-2756
4105
-4559
7644
-5872
-6486
-4747
6460
-4653
5767
25
1789
9098
-9246
876
8414
-7737
-299
-8331
203
-8349
-6998
6222
4684
2179
-6902
8224
-7669
-2847
665
-2662
230
6966
-4279
4670
-9495
-3381
3494
-951
-5508
1909
-4231
7140
-8695
445
-9649
-1565
6364
-1421
7955
2046
2096
-4711
-4979
4332
8900
4306
-2116
1717
-5561
334
3285
-5469
-5731
-6332
-4260
4786
1025
4096
-3900
3174
2602
-4829
-9642
-5394
-553
5906
8908
-5397
6795
7084
4042
-1061
5082
-8659
-821
5922
1280
-6792
9633
1637
8088
7952
4030
7400
1046
5301
3473
4201
-6825
4690
5861
-2456
-570
-6938
-693
-1286
-6377
6055
-5538
6514
3856
-144
6954
-2329
4177
2885
-1894
8461
-998
8698
7238
-718
-5225
3932
-3136
7792
7714
9785
-541
1314
669
-39
4493
-9366
-6785
-8145
2551
5844
-4966
-3721
2056
9402
-2854
-8094
-867
6042
-9310
2175
3647
-8856
-4533
7645
-9836
-6910
1522
4211
20
2798
252
-1508
-4581
-5010
-5097
4128
-2227
-6947
-6802
2208
6282
-9130
-2608
8022
3464
4960
-2020
-1102
3290
-3245
-1152
-565
-6213
-2644
-5557
3526
5134
4133
-55
-2723
-8016
-7702
4172
4853
-9007
-8533
-3495
-3459
1677
6153
-508
6710
775
-7235
3281
902
-8237
9058
6778
5103
5113
-5975
9448
1002
-3524
5681
7327
4728
-1809
5527
-8883
-4178
1612
1729
-6499
6209
-7822
5865
-4673
-2963
-995
-3789
-756
5527
-7162
-1787
1366
-6159
-1809
-3607
6508
-7398
-3157
9880
3844
7499
-4919
8331
7582
-6858
182
-9207
6
-9346
6185
5366
-8788
-5811
-4426
-602
-9947
4403
1735
2951
-4515
-3798
-5749
1950
-6844
-980
-2560
122
-3819
4746
5220
9348
7220
9797
9258
2157
-5932
3958
5395
6513
-814
-2840
-239
-171
-2644
-2093
2905
-7331
2719
7283
9215
5964
-6510
-5399
5431
8926
-3005
-9977
301
5785
-6315
3964
7630
5135
1520
-520
1533
-9107
3749
2229
3082
2761
8050
-3403
-139
1091
-7734
8526
-1838
5509
555
2261
-5380
-9824
-5362
-2909
-5625
2961
-6655
1717
7262
-2010
861
-5018
-5289
4491
-6079
4833
-1977
3208
-6565
-6248
-7544
-498
-4258
6684
7351
1274
-2313
-2972
590
5838
-9768
7053
-4156
-4133
2234
-87
685
2840
817
7754
1577
5509
350
-6624
-4228
-3789
8456
2603
7680
-4749
8960
7693
2424
-5250
6740
528
-8174
-9386
-6234
-9523
8116
-9140
-2497
-4840
-9320
1545
-1973
6836
6835
-7895
-9937
-4168
3271
-1853
2976
4337
-6648
-3647
-7765
3056
6694
-6980
-1957
-6563
3877
-3779
-9014
-2755
-5980
9423
