3481
-7968
7123
3897
-4117
-721
-622
-6910
-6706
5990
1321
-3016
-4946
-1814
-5454
-1846
977
-4873
8607
-4268
-431
9314
-3019
4489
4374
9118
4481
6256
4886
-4833
-6628
5495
8892
5761
-6956
2685
3425
-2916
1986
-8348
5639
-6429
-8648
-4121
2548
3430
5205
-58
8760
-8942
-7784
-6053
-5251
-2800
7956
1556
-8643
-197
2700
3142
-8330
2116
568
3890
-8377
-4602
6883
2032
-2094
-2588
-6417
8877
-9892
4828
-4148
7618
5167
1394
-3403
-5327
8725
-4115
-6005
-140
-9587
3396
851
4483
-8869
-1903
-5794
2999
3888
-6752
-2646
805
-1641
-7055
6656
-3667
4364
2926
9931
6731
-5015
-5403
-2905
2584
-7209
-4101
9183
-2550
-2373
-905
6890
7414
-6736
-3503
3983
-5015
-2106
2144
-5887
-2551
-7355
6656
1314
-837
-2022
8454
-6120
-6254
9515
4052
-5693
3682
-5004
-2399
3469
-297
2315
8270
6967
5818
-4857
7897
2929
-9509
7953
-1031
-85
8026
-3797
5718
-1402
1101
-5735
8208
7678
3928
-5524
-628
889
6148
5827
-3299
8751
-7347
319
-6940
-1651
8113
-5439
2362
9324
3850
-1127
1720
7400
5809
-2653
5933
3333
-83
-2049
-7409
7112
656
-5579
-5920
-4613
-7059
-3203
-8119
-515
-640
-7030
7994
3277
6009
-8401
6372
-6824
5848
-7429
-2477
2334
7935
-4572
9513
8797
2955
-1121
9234
2830
510
-4393
-7585
6691
8555
3804
-4588
-8368
8439
-6068
-6907
-9165
-3717
-1263
-748
2304
-5925
-6693
-6109
721
4648
2110
-772
-3448
-2372
-8163
3897
-7754
-6840
-9713
4572
8593
4955
7058
-295
-7759
2596
1032
3955
2684
4191
2463
-5625
8792
-4308
2526
-7230
9955
-1147
8151
-3979
-8738
-8370
-5856
6364
1847
-7408
8095
448
-6466
-7117
-8563
-2221
-40
1450
6737
-3859
-9433
8666
-7416
5865
5401
7546
-7970
9284
4814
7038
-4636
6456
6187
-5833
9269
-7072
-3726
-7458
-9680
8740
1307
4678
-9932
-7668
-614
4198
1785
5634
6975
8981
-4852
3969
-2374
861
-970
-3922
7570
529
-7793
5492
4283
-5481
7684
3571
4026
9060
592
-1082
2294
-5321
-3807
3663
-5558
5147
-7245
9451
3788
-8755
184
-469
3076
8548
-4324
9283
-1340
-4120
8401
5653
-5066
-8150
1657
-3174
6560
-7910
6988
5132
9297
2142
-9732
-2152
-3607
7207
4758
1585
-6147
-9542
2758
-58
4416
-3724
6456
6127
1880
6731
-8839
9521
228
9346
8437
7160
-2697
-5095
-1196
3795
6491
-5549
4548
-6891
-2871
8442
6891
1226
686
1584
-4926
-8547
2798
-1302
1989
-1589
-5178
-8809
2894
-9782
5272
-1755
4617
6057
-9631
-1040
-7658
-280
818
4910
-9849
-5078
76
-3328
-3001
4077
5392
5688
2875
889
4205
-4015
4660
9599
6272
2009
-9396
-3946
4941
-7477
-1594
2916
4465
2053
-4680
-5023
-6879
7421
-8828
2245
-4439
-1699
-5250
7228
-2650
-3132
-2080
-4184
4516
785
9613
-4713
8790
3533
-6845
4695
3733
-9330
-7013
7314
-3173
-6467
7160
351
-3493
7334
-5618
-2896
-8593
-3057
-1722
-7839
-4839
-4305
4122
-1649
-9549
-9552
-7562
-2246
4651
-7134
3173
-9106
-1818
-1521
3979
-7111
-6603
7458
5598
-7124
-6874
7788
-1911
-1783
5196
2141
-6856
-4598
5733
-3989
-6456
4057
-3678
3003
-9669
-2167
-9291
8142
2730
8629
-9189
4440
9280
-7655
4718
-3088
-7756
-4351
931
-50
-8276
-1526
9995
3222
3580
-5816
9703
-1922
2424
4094
1145
5362
-9320
-7261
9606
-8693
1469
-8750
-9243
6163
2323
-9307
-5243
1033
1335
-7972
6767
-945
1143
-1551
246
5668
6677
1361
-5366
-1329
-5526
6494
5421
1591
-5224
7480
9612
1550
-1107
-2840
7373
4582
7867
-3729
3801
-5844
8994
-8652
887
-8677
-932
-1040
-1389
-1783
-2963
-7392
-923
-5714
9582
2631
-9117
-6941
-9435
2334
2522
6593
-3794
-8588
-400
8779
7939
7368
9445
380
865
519
-5059
127
2263
4710
-4886
9889
-874
-3060
4956
-5150
4977
-2507
-47
4875
4064
1469
-7600
-3174
527
-7858
8925
-6468
1583
-7074
-2309
-262
-4606
3263
112
8985
-3519
4839
5988
923
-9976
6990
-8937
-7751
692
9796
-8085
4827
-1455
-387
-5766
4061
-9133
1609
6818
-5920
5259
-7632
8790
919
8710
-9018
-1224
3819
387
5944
-2102
-5677
9827
8432
-6102
-9861
-2254
6745
2405
8224
-4663
-3418
9436
-2706
-1269
-792
-162
-5842
1876
4360
4346
-860
1533
-2791
-3496
8370
-6238
21
157
2007
-7383
-3488
-5686
-9801
7126
5288
-9641
-1542
-7954
9752
9559
4963
2326
1852
2015
-5166
-2460
-5658
-4604
2389
6099
1073
3755
-2953
-1397
79
5133
-7035
-2938
-793
-1804
-4747
-1351
-8792
-299
8964
979
-363
6238
9290
3620
1603
9305
6633
1503
-623
-1968
-1951
-9330
7505
-7616
-5913
-3474
-8113
1534
-8451
6256
3378
-2485
8483
-4558
5260
3587
4451
-5029
4227
-8642
5719
2574
800
4097
3405
4940
5480
7428
6722
-3811
7200
-9881
-7547
-2012
346
5232
-1607
7177
4331
-6518
-9390
4570
7742
-9521
-3700
5592
-1149
-5208
-3645
3969
-8798
-3300
6756
-8611
-9649
-5662
1915
-700
-2443
1324
-5854
-2685
-7846
-4582
5055
8557
-3094
-3864
-3082
8031
-1033
-1807
599
-2065
5934
-6373
1653
-3543
-3091
8693
-5104
4864
7804
-5850
-4591
-3699
-2090
-5797
3824
9241
-4214
7237
6608
3890
-6958
-9436
-2577
-9511
-5472
5658
-307
3151
-4451
-9195
9201
-4435
7452
-2832
358
-5697
8213
946
-4472
6382
-4993
8474
1759
5245
4152
-2455
-4870
7412
8454
9998
826
-8547
8918
-1146
-2082
4995
6419
-6357
51
7087
-716
-6090
6611
-2549
70
-4328
-441
8384
4236
-8794
5390
2495
7223
-8068
7496
849
-3932
-9855
-5774
2027
6554
-5258
9434
8640
2433
-1049
791
4288
-5000
-5664
8819
-5462
3324
-4937
3041
-153
3865
417
1204
8750
69
6536
-7127
-8306
-1618
2854
-6937
-8196
-5320
-4152
2991
-3816
3913
4227
-4753
-5044
-7388
8921
5050
-7902
-3813
-102
-8296
-1119
-3112
-5147
4502
4077
-7753
-5771
9190
9024
-8904
5995
-4701
-8382
5228
1496
2799
-7447
4216
-1615
-1963
3887
-2723
-908
-5312
-8032
-4183
-9267
-6709
2166
4898
-8374
3281
2763
723
-7515
2307
6942
8524
3658
9245
-3285
-3816
-9063
-1512
-7585
-7184
4704
9574
-6134
7251
9299
-2871
2673
7252
-1834
3165
-304
5588
129
-1997
6307
8145
9225
2129
6100
-1583
-1149
-5069
-2362
2370
1937
-8085
-6726
5851
-2752
4464
-4399
-3361
9349
217
6551
-3011
8219
8889
-1396
-1627
8307
3708
2494
1080
4377
-2902
-2024
2201
-1808
9693
-7485
-3368
2888
-3207
-2650
8923
-1535
360
-7430
4632
6742
1596
6762
-3533
-5075
-5336
5648
5755
-9021
6930
6012
-118
1129
7985
1196
-3696
3513
1044
5576
-7882
-8535
-2758
60
5972
9233
5946
9024
7787
-7439
7217
-630
1444
-3432
2204
397
1033
-3411
-4880
-7421
-1634
-163
-905
-3675
-9920
7843
7512
9474
9372
3968
4054
2356
4076
451
7985
2399
-3986
763
-817
4311
-7569
2183
-7365
-5478
4837
484
9474
-9638
4906
-9377
-2333
-7807
7417
-8581
-7470
1688
-6437
-2469
-1585
-9888
-8794
-5901
-4452
3974
6155
5084
2351
-9651
1661
9065
5666
-8152
-7416
1830
643
-4317
-8721
5878
-5605
765
4577
-5602
1395
-2075
1705
2867
-4282
-8956
1066
7736
7097
-3
-1744
-4497
-1023
-7837
6881
6814
-6081
7180
-380
-6155
-3148
-4708
1044
4462
-4078
-4442
2957
5455
-9435
-7832
7000
8932
-5182
-4722
8657
8941
746
9948
1477
9824
853
-412
-3938
-3767
2692
-9228
9816
-9731
-8099
6709
8632
-6404
-7731
2865
3276
-1164
-454
2374
6458
2970
6571
-995
-6321
-9541
-7906
1860
-4210
-8229
1270
-1143
-4401
-5596
-4382
5254
6384
2846
4904
5885
5229
2996
3956
-4965
4482
957
5202
8938
-9069
9512
-9376
621
-2782
2639
2017
-7347
-6033
2543
9070
-6113
4798
8331
1019
9992
-908
2338
1255
5227
-7214
4792
-8500
-5085
8505
-8705
-6279
-4816
537
4662
-4665
-1877
5054
-9558
-832
6952
-8228
4187
5294
-4243
3640
-2104
156
-4007
-8571
-6197
4161
-6371
-4195
9991
6894
-3110
-6043
7888
1093
-3222
1051
2246
7703
-8920
1423
-5493
3043
972
-3563
-2320
-1260
-6160
2432
-400
8075
-5133
7807
8053
-3815
5864
9122
3803
4626
-6536
9866
5891
895
1779
-803
-9433
-946
-7883
3709
5165
-6314
5863
-3752
6470
2083
-6058
-9168
-761
2112
4333
-1464
7171
4308
7891
8025
4992
-5554
8195
-1700
-6322
9352
9577
8716
2004
-1832
4723
7098
-2050
-3348
-2437
-2658
525
-3591
8803
8593
87
-7855
-220
7710
-3282
918
5618
3420
-6049
-2844
-5646
-6767
3908
-7930
8592
-1937
2801
-4041
-6374
-2016
4662
-4581
9065
43
2478
-9493
3105
7828
-766
4839
-6612
-6445
-5235
-2753
4997
7832
9705
4851
1490
-6523
9288
-2561
110
-4145
6288
-7234
3119
7065
9329
1407
1054
9292
6800
-127
1076
-8614
-2874
7852
8549
3804
-8071
-2134
-7521
4703
-6625
-1
8091
5017
9763
-6789
2523
-9713
-7399
-9996
7413
-5070
723
-2685
-6207
9638
-4718
1933
-4942
8613
2692
-7884
4195
-2493
-4612
8058
-1946
-3235
7220
-9759
-5259
7634
-6710
652
-3565
8115
-4081
3884
2650
-5746
9192
9469
-6425
-8908
-2025
8117
3045
3752
-8672
-7119
-3018
9372
5187
507
-9547
1410
-4580
7276
5570
-2746
959
-2147
-7698
8847
-114
3093
-4557
-8381
-7664
8621
5940
6792
4333
5710
9593
1640
2838
-6170
4474
-3768
-2463
-5235
2876
-7568
5446
-1206
-8957
6994
3980
-9081
-7874
1340
-7857
4317
7995
6257
550
-5040
-8476
1006
-5888
-2389
5857
2524
-8386
-8986
6271
-522
-7745
-4977
-4377
5530
-2103
9574
6171
-3590
5177
3559
472
-7114
9627
4839
3067
1311
-2667
4814
8234
-9566
-248
8049
-4715
9149
2980
1539
-7033
-721
-366
2727
-8544
-1238
-9886
-7356
9575
85
4019
9203
-2580
2504
1373
3833
-6375
-2730
7747
-7579
3195
-1650
-9189
1151
5571
225
1876
4511
-4851
-474
-3008
-5951
-9533
-357
2786
-3658
-9564
-7562
62
-2498
2218
-9908
3229
2213
6258
-6829
3549
5790
3706
-7234
-278
-8374
-2722
-3954
5632
7745
872
3910
-2968
-7158
5350
6180
-3365
100
5624
7203
-4206
-4419
4377
-3516
-8354
158
-4675
-7619
-4010
1475
4788
1826
-3475
-8008
-7276
-8296
3664
5215
5611
834
2472
6360
9859
-5491
-2842
1062
-2778
-2535
758
-6620
-9041
-1918
-4282
-8695
3256
-8027
-8226
-7343
6933
-7204
3079
-2892
639
-3279
7415
3692
-5187
2214
-161
4390
-4900
6824
2819
9044
6753
6502
-2028
-8141
1498
4909
9692
-2366
-6758
647
-1316
-8845
-7527
2088
-3144
-7500
-6481
7738
5260
-6144
5121
-7778
-862
2988
-6849
-755
-1628
-4358
-4787
-1787
-5271
3567
-415
-5112
4190
4156
-3879
4308
3459
-6980
3251
8116
2302
-6026
-7903
-8409
-5683
2210
711
9602
1663
7948
4841
5503
-5776
7800
-3496
-501
5832
2130
5206
6824
9281
-1366
2987
-8596
552
-8215
-3004
-6408
-7620
-3957
-7268
-3227
5478
2821
-5310
3586
-9138
5374
-1805
3209
-357
7807
-656
5508
320
-9104
1208
-4700
5244
2144
8911
-2686
-3017
7979
1039
8307
6819
4778
7869
3084
-5997
4205
1097
-7157
-5372
-8366
-4223
-2749
1639
-9902
-4129
218
9539
-6261
9129
3501
-1093
-6761
-6423
-7605
8338
7640
1051
-676
-3721
-5985
-9209
7144
2602
-8155
1093
-6449
9153
2116
-2332
3949
-355
-5977
-8490
6728
-2758
-6904
4127
7261
-3214
5639
-6484
2130
7870
1832
-3958
1323
3390
4542
-1256
-6061
-574
-448
-6344
-9525
3343
9507
9119
-5384
-5384
-4126
-8142
-3609
2683
-3275
-9663
-1704
-2624
7380
2712
-2161
-9368
-3314
-5062
3766
-839
-1391
-7526
-5160
-4778
-7828
-8213
3979
55
-6852
4145
-3857
-4737
6354
-4923
4569
4202
-9778
-2038
-7707
-1054
-4819
-7834
-1374
3530
-6408
-160
2650
636
-7450
2276
5786
334
5845
2753
7470
1777
-414
6746
-7850
3802
-1542
8310
-7505
-9658
-4570
3218
6023
2323
-5290
3141
7463
5649
-7224
-4958
-1606
4051
-9835
-3498
7595
-7484
-5258
2062
8355
-9072
-8741
2696
9993
9866
4526
-7399
-279
8975
4661
2173
4267
-7578
2890
-8156
3129
-2151
-9620
-7949
-4352
5687
6797
685
7595
5647
-3463
-6406
-715
-3877
3747
8841
-4710
6893
-9085
5861
-4709
4515
-5578
-8514
6467
-1116
5595
2853
4339
-6499
-9910
3538
-7173
-2767
3027
4604
-3193
-9471
9655
694
-3528
1781
-4743
-1599
6803
5454
2974
-3970
-3944
7991
6155
6719
3178
7494
-8553
-810
-122
9511
-908
-9887
-6790
-7368
-3587
5515
6377
3414
-8137
-9661
-7750
-6936
-4361
7516
-4733
9528
-6962
5726
-447
205
-1799
4696
-6288
-654
-6818
8726
-8389
-5669
6872
-4466
1861
-5050
4781
6384
-4531
-1007
3245
-7795
-7426
9485
-3509
-7356
-8824
-4700
-7044
-3872
2344
-3685
-5934
6762
7249
1639
-6134
5613
895
-9498
-5340
-9838
9104
2297
-3779
8700
124
591
-1956
2657
1788
-7535
-4074
-9348
-9512
1005
-9695
-1371
4849
3612
-9029
8496
-459
-3386
-9185
-3899
7549
-4464
-9698
2618
-6123
208
-5703
-530
6705
-829
-6213
-3846
4580
-3820
3169
-2374
4068
8291
-4132
4610
-855
3623
-7811
9103
4990
8801
-6964
4470
-5794
1208
7648
-9937
-2641
2756
-7266
9364
2317
-6767
6420
-4314
4537
1208
-1187
5941
2033
2611
3097
-1194
633
-257
3851
6189
7746
-2094
596
8432
4735
2222
5446
-51
9845
4786
-9851
6181
-3497
-638
-422
-6216
-7095
1198
7849
756
-9758
8668
-4664
3796
-4834
2888
-790
-7915
9472
-2986
-8032
73
-6075
6267
5980
-6990
-3997
-7710
-2148
-2004
3543
-926
8603
-9832
1990
5446
5812
-1706
3129
5799
-2005
993
-7681
5030
-2933
-8585
1786
-8988
2615
8111
-4768
8022
352
3326
-5366
-9572
-3144
3923
-7701
-8525
5447
-1429
-4417
2211
189
3876
4607
3411
-5897
-6489
-8428
-7877
-4879
-5752
-8621
-2505
-6491
-5919
-1555
6520
7695
281
-6872
-823
366
4306
-5310
-4
-1090
4167
8888
7403
4550
-2093
6246
-6116
-6054
-9481
-8678
7828
2199
9795
9123
6988
1250
-5864
-7241
9991
-6413
-428
-8576
7729
5847
-4486
-4770
-5190
3006
-5357
-4798
3612
-9701
5208
4305
-9103
2121
-1260
-1224
6620
6997
-890
1091
9731
1060
8388
4747
4671
-1996
-5288
-4396
-1870
3232
-2840
1463
9353
-8022
-3494
-1058
-185
-586
-8025
3453
-485
3309
-6352
-2504
5456
9408
3020
4610
-8314
-9857
2807
-9517
-1069
1890
8020
6022
6684
-3918
6623
-1484
9310
-8319
9566
3915
-2991
9246
-6424
-9410
-9558
-7299
755
-5667
-3236
6757
-496
-4436
-2916
-3872
4120
-1896
3015
-6705
-298
-6126
-374
-7921
-7383
-5142
7744
-2042
-9127
-7284
4062
-7755
-4773
-8126
7956
4057
4885
-4551
-3672
-6228
9102
-7128
-7991
3962
-8391
-6547
2607
9309
-2293
8457
-8877
6532
-1178
3812
942
-9458
-4568
8552
-8756
4444
-9236
7307
4760
-8710
4968
694
-6645
4445
1622
4722
3921
-8838
-8432
3860
-7873
-8985
-5410
-6373
2869
8482
7092
1712
2001
9438
-907
4912
1503
9628
6018
-2234
6557
-9559
3579
5639
-5716
8321
6078
1024
-2392
-294
1655
-6660
9663
6984
-9128
3752
8989
9589
-820
639
4316
-8246
-3212
-5784
548
-3323
-9978
-2424
-9393
2639
7984
9493
6150
-5996
4501
9291
8227
-5067
3029
-2245
-9836
2317
-5926
3059
7635
7411
-4298
-592
-8920
3310
9544
-5850
7373
-7174
-6330
8656
1350
-3076
3815
3735
-6232
-4525
480
1234
-5436
-4856
-8071
-5039
-4364
-2647
-1828
-4610
7779
-7501
7438
-2548
3881
-8757
-9976
-600
-7701
6013
-6431
1390
2333
-5686
1427
-1830
-9018
2264
-5162
-6833
6096
-6401
-3737
-8751
2457
4539
4611
-8772
3277
-6358
4138
-1408
4548
-7041
-9900
2158
-8177
1054
7828
1463
1312
2967
3026
-5117
-1905
8674
-3622
2484
-7560
7321
-8977
-9033
-6191
217
7160
-9006
-5127
8069
-1703
7341
9994
1971
-4367
-7372
-5856
6782
8867
-2294
952
-7728
-361
3866
-7662
2398
6833
1458
6258
630
-1501
8133
-4487
4238
-9824
8197
24
-7004
780
-2415
-3473
-2896
-9715
2898
6716
-7105
-9238
9588
5165
-159
5385
4203
-2713
108
8621
5525
-5076
1565
3085
2005
576
3273
2949
-3784
7424
7754
1766
6454
3083
7633
-9212
3130
4365
-3223
9815
-9748
6619
5109
-9877
900
-6544
3636
-2132
9951
-5969
-4417
2406
-7724
3283
5315
9011
-8611
-5101
5675
3477
-1598
-3227
-3043
-757
6421
1005
6062
-8111
1822
8760
4810
-4485
3692
-152
1436
6390
5822
34
4644
2061
4887
-9655
-1286
-2964
-4344
-6900
7152
-606
-8985
-7689
-6890
7053
3042
-9586
9904
-9535
-9923
-253
-5089
-3122
964
1433
-2296
546
-3871
3835
2522
-4940
-8942
-9508
-2024
-9543
-2616
6054
-7745
-8203
-3395
1418
-2801
-1895
-4790
8850
1079
9434
-3555
-9145
-9451
-5014
-9214
-1288
4605
-1341
-2617
-3213
9008
-4671
7117
-1559
7160
-7333
5837
3029
-8961
-4010
2473
225
-1733
393
-1057
1692
-6272
6702
-2234
-9304
5136
-3993
-9699
-6106
-3304
8179
699
-4246
2347
-5264
8709
5725
-9280
-1402
4791
-8385
-379
3095
-6473
5718
8429
6096
9487
1922
-9096
6374
8204
2921
8425
-2918
-5170
26
8820
53
8824
5347
-5274
6476
-1153
-7106
-7145
-9249
3821
8618
-3264
-3669
-2137
6839
9821
4052
1118
5110
-1127
6281
6859
-21
-3090
258
9444
-4141
-8033
-9267
-692
-4798
-7374
-3714
1220
-4025
5558
8703
6442
6370
4681
-8466
-468
-9310
4246
-5811
-120
-5719
4615
-1408
-8750
-9017
5920
-6032
928
9442
-6382
8636
4646
-4209
-5349
-4577
-7227
-5253
-6660
-1182
-4778
5696
7423
2407
2746
233
5735
352
6885
5216
8460
9084
9779
1384
6761
-5332
7965
-5889
2777
-1448
-8641
574
5554
-8283
2981
286
8166
9544
5133
-8430
782
4604
-2149
6922
-6401
-3774
275
-4260
-6939
8571
7308
8492
-7402
9691
-9066
1561
-4998
7030
382
-7676
-8212
9400
7528
-1198
8104
-6362
9447
-8828
388
-1001
9795
-6817
-2211
-394
-402
6382
-1973
-22
9495
9555
4031
9463
4760
-3266
-2648
9289
-2197
-1638
-1187
-3330
6559
5189
-3223
-6177
8171
-914
1945
3131
3910
-9071
3089
-8687
7220
903
-4416
62
-3180
-6482
1763
4294
-9844
-3440
7604
-1002
6329
5377
-3161
8012
1494
-3468
-9188
-3760
4390
5961
3730
-8623
9171
-8057
7413
7145
2629
9015
8078
-4511
2132
4226
-6990
3549
-5361
-7474
8225
3049
956
-2626
1359
-4252
956
-4608
5115
-9988
1732
-6663
-6231
130
-24
-4610
3519
7786
-4624
9132
-1764
-2964
-2296
3913
-3968
-4322
-8570
924
-3275
5053
-213
-4056
7832
5956
6382
8886
2858
-7321
9717
9428
-4199
-1356
-6988
-2394
-6802
8609
1265
5698
-9675
-5055
-4088
-726
-6177
-1357
6567
-7256
-4734
-2178
-2981
5779
489
1361
-9056
-4492
-2768
-8288
-9806
-7231
6774
-1815
8606
4223
443
-783
9979
9695
9011
4309
3488
-9091
-525
-807
-5058
3942
5257
-2006
-5093
4260
783
7111
9818
6771
2357
-2679
-3418
-2222
-5114
5811
-3773
6585
-643
-1795
3816
-9036
-5521
-2481
3915
-4253
-3476
-8361
8038
7827
-6078
5546
7930
1316
-9036
-8715
-5058
-7853
2514
-2395
-9634
122
-4233
-5960
-9693
-9967
-3540
2178
-901
-2954
-3120
5230
-9526
1799
-2573
1729
-6843
-9714
-4695
-7498
3147
8470
-964
3550
3479
-6244
7477
7109
-5207
-7158
6386
7314
9678
7851
730
736
-6299
-6350
2496
-8825
-7611
5105
-4725
-7954
-8182
3076
-8518
-2885
-8489
-1478
4927
-6135
-7336
3975
9872
9008
-2823
-4905
7473
4844
-2381
-8485
0
-1429
-6991
-7815
-5844
7448
-3339
4999
3896
-7356
-340
-2734
1100
-121
3280
3291
-8868
-9905
9607
-3001
-565
947
5328
-9048
-5490
4666
9900
685
-2350
-4309
552
8811
-567
1349
-4004
6265
-5586
-8277
-4756
6164
1312
4445
-4267
-7147
8756
5160
4652
2473
5039
9364
3827
-4589
1016
-7951
6450
8009
8947
2970
-6434
1101
-3871
7835
-2356
-1771
3665
9992
-6629
2891
-3103
470
2991
-825
-6663
-9221
4529
-4429
-3331
-1226
6243
-2484
-4172
-5969
1994
4703
-76
-2084
5548
5152
2748
9707
9408
-7224
6733
-5395
3122
6142
4114
8359
4857
-8371
6310
-2176
6146
7304
-9402
-3165
-9947
-1118
-336
-5162
6403
-1762
-1442
579
-9019
3751
-9809
-9288
6391
7605
6217
-148
1033
5605
5576
4813
7412
6832
-7130
-9798
5856
-4421
-8014
771
7635
-378
8209
2497
-9242
2381
-8411
-8949
-661
2555
-4877
724
3225
393
-6922
1082
7582
696
3435
7691
1220
2694
-4478
-4467
8047
8360
-2878
-6772
9563
6343
8540
-3692
8348
2889
-5175
3079
9757
2687
5076
-8665
-7015
-655
-2667
3618
8188
338
1643
-1649
961
-5809
3681
5002
2553
-1769
8962
-8494
-7647
852
29
-129
6782
8076
-863
1761
1306
-9854
2500
-7794
-8682
8978
4980
5934
3713
7638
-2983
-1682
7086
7638
-9096
7415
2519
-747
4368
-7662
7754
-2360
495
4499
-2658
8518
1832
864
-9778
-9740
-8229
5025
-8822
5078
1672
6452
-6767
6349
659
-1888
-9535
-5598
-6290
-556
9548
8496
3183
-9125
5806
-2596
6485
303
-9658
-2166
3492
-3754
-9889
-644
4672
4394
5374
7690
-4285
1076
-2157
267
-5167
8172
4548
-6214
5783
-3618
-6579
4384
161
9622
991
-7555
2954
-6427
7833
3083
2538
-5256
3683
1488
4815
3907
-5547
-5077
-9139
7320
-548
-7061
-5707
5888
-3677
-6635
-629
6281
-1067
-6988
908
3130
-5539
-1336
-6592
-5019
4474
6705
1489
4952
7486
-6438
-6986
-3690
2799
-146
5779
4185
6763
-4210
3588
-6697
525
6820
7323
7142
-1515
9019
-7566
5703
5093
-7254
1730
-8800
-3495
-3522
1816
-5158
-5039
6377
7275
-5892
-6435
-9757
9183
-9259
5003
-6905
6650
3102
-5632
3470
-208
-1799
9376
-7311
-9746
60
6727
2489
6538
-2853
8839
1440
9839
9329
-4191
2476
8618
8746
-6559
9343
-8079
8080
-2535
-5862
8814
4240
3283
-1401
-3651
-8661
-5746
-2303
3583
8391
3111
-310
-9493
-5735
2949
-1458
843
8032
4189
7994
5964
199
821
1428
1148
5297
-1083
-7015
7329
-2574
5744
-8662
-3839
8176
-8094
-8560
-8460
1061
1222
7663
1761
5494
-5279
1567
1621
1957
-8558
1298
-711
-313
-1412
-54
-5732
2627
1311
5048
2239
8154
680
-8244
-2988
-9732
6522
1016
931
-9021
2328
5528
213
-7901
8238
9994
-9810
-4651
-5057
-5857
-4845
6547
-1328
2443
-9991
4941
389
-8626
7917
5020
-6103
-1679
-3217
-4
1787
620
-8933
8794
-6747
5090
-8413
6784
-8783
1088
-9
1885
9071
1718
-5894
-1698
7854
4532
-9172
-3186
5589
7011
5342
3222
4327
8256
-5191
-6931
-8435
-8072
-6218
896
-2056
4267
-8831
-9965
-3116
-5227
1701
9665
134
-7591
-7908
1028
8620
-8226
9825
-1027
8400
5567
-6024
-9746
-1886
-7905
7921
-4915
5988
-5201
-7377
5514
-7131
-6623
-9002
8761
9695
8147
2517
-8990
-3059
3297
-1239
2704
1405
5373
2435
-1362
3450
1355
4139
-2361
-6342
6107
867
9116
-9135
-431
-7571
-3124
6401
-8109
-7203
4479
-1876
5112
-2268
-2427
5317
8853
-4869
4238
3145
-6568
-2944
-8922
-4939
-9683
2581
2137
-3316
5385
7652
13
4346
7521
8336
-2539
-9284
-6408
-9515
-1695
-6088
1188
-8550
5544
1007
8936
9467
7136
-6286
1914
7187
-6279
9989
-8063
1142
-2959
-7867
107
-2306
3532
5203
5515
-1529
4659
-8686
-2946
-9865
-5434
-4468
778
-3541
5104
8785
-9880
7206
-2395
-1789
5846
9118
2565
-3560
-5590
1069
-9968
3663
9420
-4006
-7225
-2082
-2489
7540
-6853
9856
-8859
-7847
7605
2341
7339
3810
-5735
6671
717
5696
851
-7660
-9039
4119
7140
3205
3187
-9621
3339
-1041
7170
4786
9020
3601
6257
-1500
-536
6708
3358
5687
-7245
-813
-7923
657
7552
-595
-23
8078
4711
9881
7249
2469
-4353
-4033
-3599
1148
9262
-1232
-7627
6574
2054
-7415
1775
-2164
-3097
7010
-6032
5816
9257
3071
-6849
-7622
8893
5940
-6599
-9555
-9867
9126
9739
5256
-307
-4750
-9354
-7487
-6337
-8603
1751
9312
-7072
-6632
7401
-2584
-4789
505
-3653
-3956
-7379
9775
-8400
-4310
949
-2167
-4129
-2199
2728
-1463
-8647
-5741
8347
4609
2192
234
-2963
-5752
-582
701
-2731
-5160
619
9549
-1673
-5229
7042
9583
-9127
4108
-9978
1721
-4653
9873
8083
4950
-506
4638
5319
3250
-6633
-8501
-8684
-582
-9491
7804
-102
333
3954
-838
8163
-75
7058
6812
-4430
5961
-3404
695
4620
3643
4673
-7349
-7152
4202
-9887
-3273
223
4246
8802
-3238
3920
-9086
-8145
2099
-5667
-6684
9262
9159
-5751
-7937
6214
3601
4620
5778
-5328
-4704
5187
-1568
803
-9833
1479
-2291
6068
-6521
9601
-6200
7312
-2352
-8249
-7697
3833
-7807
3735
-4500
-9666
2763
-8883
1448
-2361
6900
6034
-5610
-7667
-7928
-1877
6872
3431
9237
-5849
6562
2059
359
4468
-4322
-8510
-9434
1074
-9955
-5
-6799
-4235
2724
4354
-2740
8293
5272
-6161
-492
-6432
3140
3989
7630
-5
-3734
-7058
5160
-7872
499
7028
-3791
5999
9059
-8967
-1186
685
-2113
5772
-2257
8444
9017
-1962
-7021
-1762
4115
6032
6956
-2774
-5163
5369
1309
-6216
9453
-4116
-9425
-8928
626
-2285
-3752
-5671
3577
-3946
-946
18
8346
3383
-5210
4708
-6440
-716
8869
-8003
4631
-2687
60
-1281
1962
-77
-6373
-8433
-5427
-503
6300
9424
-8574
-4252
-7425
-8825
5173
-1223
-1428
5075
6981
9068
1198
-7762
-638
-6182
-4587
-8334
-3789
8314
-2700
4265
4606
4264
7990
7973
-2100
4393
-8875
9520
6804
5460
-3141
6518
2743
6710
1937
-5526
1955
5062
9845
-6734
2241
-1730
-4187
7737
7331
8708
-8521
2813
-6173
1162
1079
-1263
4698
-943
-8833
-2109
9048
7219
-1785
-2710
-4029
-2522
-134
5721
4325
6377
9024
-2216
8870
-4132
-1741
-8757
724
-5606
2412
2765
-5747
6733
-3546
3585
-3447
7503
-2079
6346
-2483
1215
-9965
-1914
-1445
3267
-1834
-9021
-2829
-2564
2740
4002
4367
4977
-3606
-9483
7267
-6232
606
-5824
5329
-1110
-7454
-8167
2392
6910
6311
-7518
-8121
-1740
3864
6480
-3736
2398
4024
8927
-9994
-2370
7632
8242
9427
7758
2614
562
-3669
7846
5051
7873
4567
-7465
-2828
800
-4673
-280
8695
-2430
8709
-5731
8857
2645
2672
-7453
6533
-7049
-1307
7711
-7317
-5862
7901
623
-4641
-5855
2544
-6777
-9134
-2820
6342
3192
5274
2929
9394
5564
-2361
-8838
-9781
-4176
4543
388
9323
-977
6409
-394
-9364
-2922
6464
3148
-6500
-5858
731
6971
3809
-4024
-2643
-2459
7901
-2501
3439
-4902
-5880
3867
9333
-2750
-9198
5723
7876
-4002
-3277
-2769
-6147
8885
2799
5679
-7651
333
2559
-9139
3166
-3387
2945
-3107
3139
902
7244
-4616
5710
5694
5220
-2223
-4957
-8624
-3718
-1634
-8520
-8031
386
8930
-2425
8367
-1074
-7339
-3621
-4962
-4893
-4568
7516
7401
3531
327
-8619
-6187
2981
7871
7309
6064
-6551
9135
4679
4663
7728
-353
-443
-6982
-297
-3933
-5963
4618
-947
2792
-5594
-3640
6559
-5360
4766
6519
4302
-3033
2464
-1644
-7782
-6961
9120
8580
-6529
-7786
8311
8486
-9334
146
-2118
6861
4156
3623
-5510
135
-8633
3149
-4718
8555
5580
4868
-8165
-5263
7287
7900
-6286
-5498
-917
8575
-8268
455
4857
-1280
9632
-7507
-2472
9291
4428
-2180
-5396
9690
-9798
-7593
-3242
-8792
8663
3890
-378
8382
-8365
-3630
-3319
8499
9273
-9032
4169
-9508
7513
3549
6576
-4764
297
3306
-657
-5310
627
3618
2527
9712
-561
-2000
-2178
5422
-8668
1899
-735
2852
7829
-696
-4385
-9712
-4104
1430
7660
1140
6063
201
-3162
608
-6627
210
8313
-7690
-6298
8990
2251
1376
-7432
7571
7627
-1837
4139
9005
2700
9261
1319
8983
-8896
-5732
9395
-3121
-7772
4966
8353
3882
9191
-5184
5850
-5099
-9456
-2396
-9374
3578
4114
4923
-1680
5349
-5198
-5126
2078
-8829
6796
1000
-3528
8321
-5996
-8525
-6957
-9130
-8498
-5505
9740
9844
9488
-8988
4839
-8309
-717
1298
777
5239
-4167
4225
-291
3483
-1166
-6963
-7298
1520
3353
-1043
-7640
-6959
8526
4660
8936
9501
-59
9577
-8878
3132
-3329
-6090
9265
-4140
6375
-5406
5198
-4974
4885
4253
4971
-3930
-3523
-3503
6421
7163
-6610
1199
-9735
-2663
-1188
464
-5086
5434
4653
-4478
-5825
9386
7276
-3968
4432
4215
7195
7459
8929
4865
-1736
899
2067
7133
4315
1248
-4205
5385
-558
8084
-3541
-7436
-792
8365
-4084
-7203
8601
-2101
-2623
7927
-6735
901
818
7469
2372
7079
-7499
-2459
3421
8343
9283
-9946
6395
1963
4683
-3578
4224
2747
8052
6339
9294
-1162
4876
-3375
3016
-1488
9235
6562
-8234
-5053
7543
7114
-4930
-243
104
-3751
2845
9263
3456
-1723
-6854
-1434
2000
-2362
2267
-4181
-6979
3693
7553
-5807
4547
155
-1440
8660
2324
-3481
-9797
-7353
5655
7399
5288
4330
565
5972
-9372
-4259
350
9108
-1908
-9487
-6651
-9070
8363
-1093
-3911
-8634
8415
-3990
8176
-4995
-2597
-9904
-7341
3436
-5574
9125
-174
1359
-5610
-449
5672
6346
-9835
8863
2687
-1575
-4045
2232
-2110
8151
-3926
1477
-370
6688
-1843
3555
3538
-9812
9623
-2949
5880
3191
-3127
-5269
5365
-5138
-8835
-6122
1328
3889
6144
-9430
-6258
7240
-1633
2028
-4526
-1395
-3165
-5548
5729
4584
2360
2359
9311
6318
-3715
-9632
-124
-4958
7454
-4506
-1681
4719
1021
3716
4983
8180
-1113
3124
6022
1900
-4053
6068
-4313
-865
-7441
4661
8166
2101
-54
-4779
9755
9069
201
3801
4554
-6174
-4931
9920
5172
-7135
-3816
-3263
-9245
1805
1390
1970
4653
3557
-1737
-905
-3046
3349
7210
-6710
4449
7184
834
-576
-1503
-859
-8519
9262
1844
9585
-2915
5657
1029
369
-5471
2501
-6472
1892
7028
6748
4911
2
204
7500
-2082
-6949
8667
-7434
-3466
8986
9457
-6227
-9269
-79
4517
-4581
-5093
-9128
6724
-9179
-2171
4291
-3878
-2109
7491
-837
1349
3153
4638
8250
386
-9682
786
-8249
4420
-6846
-3889
-7834
180
-266
6842
535
3855
-4477
-2157
-4585
5138
-2999
-1495
8960
-3574
-137
9338
-6887
2315
-308
8988
-1760
-4117
8052
-2142
2192
-3220
742
343
1412
-4607
-6452
7759
-1099
9063
1436
9951
1365
-8442
-5255
-2553
-6625
-606
6682
7118
1798
7588
-250
8779
4475
3745
1521
1830
-6487
2858
-8976
-4842
-2644
-4467
1834
6513
-5338
-76
-5995
7105
1151
-9299
4851
8009
-9664
-4479
7750
3745
-5250
-9900
6530
6565
9779
8274
9716
-3672
-7920
-2916
4767
1066
-6964
-8700
-1014
6022
-9964
-8731
9859
-2284
4400
-6505
-4215
8223
8527
5259
-6180
8385
-4115
7205
501
3144
-7372
-5389
1509
9482
-9526
10
-2898
8345
4711
-9243
-2966
448
-5651
-1806
-2766
2920
-6928
-4849
978
-3795
1548
6066
7245
-9949
-9010
-3390
-5252
6833
-2063
-9088
7848
-5074
-5004
-7644
9170
-9900
8453
8421
-2906
4187
-4324
-4753
-1577
-4904
9953
-886
-9053
-5764
2217
-6953
-7382
-5932
859
53
-9441
5824
-5234
6407
-944
6200
-200
-5576
8891
-6049
4992
-2752
8663
8085
3561
9251
-8676
-8051
6081
4519
-9744
-5510
9136
-5192
-6119
-9303
6403
8039
-6561
-425
-2582
4008
6711
-8744
800
9978
8575
7656
7727
3353
-8944
2564
-1255
-2131
