7878
-8506
-1905
5724
-9942
8743
3773
-2299
-2691
1142
-7236
-7904
-6955
7161
1516
-1429
807
-6137
-4731
3301
-6093
3112
4545
321
7486
7671
5934
-2101
2667
4666
-3833
-1432
-8275
-7887
5016
-1898
4774
-2004
-6615
6098
3577
6453
8369
6951
-1393
7309
1902
-2737
71
9658
3116
3747
4987
-3503
3128
4742
1424
-795
9099
2750
-6317
-9850
8754
4181
2248
-6103
1437
8711
-1643
4918
-4155
9941
-1731
3010
-3188
-4437
5037
9918
-597
-1459
5918
-9940
-224
-5384
-975
7927
-9637
1661
47
9455
-2866
-4975
4922
6998
-3763
5242
-4926
8961
-1349
3009
2093
7669
-6585
931
3759
5769
-4704
-2055
7099
7875
-8414
8862
-8402
-5741
-5108
9214
9660
-778
5532
6689
6461
-7297
2286
-3118
4082
3513
-3993
-578
-3203
5036
5028
-8573
2711
7368
-1251
9705
-4710
-9719
-9396
3701
6025
-2391
-1455
-5401
1231
-3887
5684
-6987
-4599
1957
2726
8568
2165
4863
8713
-4099
-609
-5270
7231
1500
-6637
9401
8517
6875
9079
-8341
-7381
2749
-6101
6726
1006
-9350
1572
6418
3970
6164
7910
9248
663
8205
-7516
-3409
4573
7732
1318
-2680
9850
7541
855
-6272
3029
6355
9841
-9839
-1796
-325
2234
4909
-3328
7212
-6426
-4878
-6837
1431
9395
-551
-3719
-8808
382
7205
3968
9626
-997
8153
9356
-7372
-7510
-6857
-2301
8401
-1543
-808
-4317
-4719
7376
5571
-9464
8025
7618
6673
-6302
-8219
4183
-331
-6551
3711
8121
-1436
9830
-3997
-174
8624
-1662
7261
3704
-1817
-6272
-7002
3022
7185
6614
-2095
3101
-8111
1516
4083
-1142
-8475
3903
-4022
6536
6295
4607
-8690
-3383
1657
-3474
2662
8931
-2685
-3167
8347
2036
7322
1369
879
8076
6669
-3919
-8525
602
7726
4836
-2125
-5484
-9520
9145
-9045
274
6802
961
8058
111
9784
-2381
-1648
1575
-6686
8386
-1346
-7641
8274
9183
-9859
-84
41
-4200
-1010
-531
-8153
1281
-4790
-7726
9916
560
-206
6512
-8130
-4935
-2997
-3534
1402
8119
-8824
-5737
9277
-6827
-5038
356
1853
-5826
5789
-9282
-8462
3290
5865
6446
-8920
-9176
-8443
4180
-3920
1215
667
3371
-8153
1471
-8893
-2697
-959
-1441
2316
-4198
4444
-5168
-9710
-6038
-8322
-7952
-9043
-8397
-4048
-2890
3857
5178
8189
8713
3461
2400
6462
153
-6231
-4022
5362
-6439
6601
-7277
-7900
4397
-6708
-2571
3603
-149
3055
-7458
-633
-7383
-7059
317
9663
805
-5891
-6952
4953
-527
6634
2528
7993
6855
2452
-2020
3006
5243
4195
4655
1646
8014
-4686
1720
6274
2860
-5768
2521
7390
-8096
-129
-305
937
-1196
916
-8518
-5523
211
2177
7883
-7896
-7341
-2301
6487
-7411
159
786
-8315
6701
-8740
5919
-481
6246
-6337
-7222
5775
-5148
-7120
1909
5113
9045
6970
9007
3929
-8801
-2368
8284
-7677
387
-8005
3676
-4173
-7192
-5888
2507
-4742
893
7467
2499
1878
-5970
-5543
-8260
8408
5976
4621
-7784
-2087
-6742
-6729
7316
9926
2845
4732
-9899
-8607
-8871
-6669
8872
-877
-6281
2774
-2652
2943
-9991
1476
-1254
-4597
6207
1883
8151
2020
4488
8082
-3345
-3059
2526
4883
-4783
6136
1721
5575
5648
-6884
5274
9719
-4450
-1099
-8217
3042
3349
8704
564
-2091
7681
976
-621
3461
6266
2550
5346
-1131
7765
-420
8648
5737
3071
-4472
6490
6434
7534
-8008
9789
9435
-9667
-2079
-2189
-7261
4924
-4537
47
9288
-4096
-3202
-6203
7249
-5958
2725
7438
9051
-2873
6374
-7942
424
6271
7262
7532
-6768
-6116
8312
-3905
-6860
-4818
-6656
2788
-6019
1363
6109
8471
-8790
5897
820
-9936
229
-8458
-4330
-4559
500
8115
840
2166
9600
-383
9697
7166
7816
1438
-9884
-5384
-2734
7430
8568
5279
5511
5948
-6678
-289
-7525
4582
4903
185
-3449
-8445
-5505
-4541
-8393
4493
-8913
673
4789
5537
9178
1750
-9410
-961
-9081
-8143
2070
-4322
3913
-6579
-5418
245
-2764
-7129
9490
4331
7572
7693
5684
151
3052
-9243
-2210
-6835
-5203
-2822
7175
9231
-2099
1046
-5995
171
8325
2693
7026
-1004
-3606
-8857
-3016
2197
6912
3095
-6252
-572
-9665
6010
2133
3535
5516
-6821
9307
-3509
9642
554
4478
-7712
7467
-9765
-6524
-9416
1316
-3920
-7660
-6846
-3613
-7910
9039
5023
-6944
-3561
4413
-4002
-4524
4481
8241
4206
9474
-5052
-4000
-5854
-7625
9014
4338
4830
6580
-1688
7206
-1791
-3188
-2602
-1108
-4769
-2724
-2069
8234
8086
5637
-6067
6385
2013
-1944
-8682
-9312
-8274
9111
-331
-384
-6227
-6546
2988
6360
-3368
-8727
-728
6403
-1652
-9425
-5034
6508
-8043
1484
9532
-988
3729
173
8074
-802
-1421
3270
3433
3139
4336
-7710
-1232
-7914
-3593
-898
5253
4603
3001
-4590
-5695
7178
-1514
-623
-1629
5853
-4003
720
-2456
-1765
-390
-7097
938
4799
-1715
-6656
-2111
5329
9206
9187
-8218
-7817
9093
9181
-9717
-7936
1518
1614
6339
5159
-6683
-4371
-219
9600
5144
3862
5186
5319
-2029
5823
-2451
2241
6889
283
-3115
5415
-1869
-8263
-2232
3390
935
7875
7428
7176
2006
9214
7543
-7468
2027
641
-3138
-585
-2220
3919
-1313
2942
-7093
2002
-1774
9758
6119
-1231
9810
6193
-1423
9205
4484
-8129
8316
640
7148
5410
8051
6158
-6203
-2512
3791
-3157
8922
-335
-1457
-3646
-125
-8102
-6849
1234
-469
-6171
9244
-8383
4260
9002
-9536
-5417
-7773
2481
7894
-4825
-4315
1324
1909
-7940
1517
399
-1265
6206
-9664
-8455
-9036
-5939
7288
3961
-2944
3733
-1671
-549
2104
9487
7453
3898
6090
-5390
-6109
-2809
3538
-2157
2690
4684
-6905
8297
3949
9648
8487
4282
-3718
-8188
-370
1062
7264
-4276
7578
1640
6198
-9729
-9361
-5081
9516
-5801
8315
4731
-4333
-4858
-800
6225
1970
-8408
-5011
-6359
-1178
-7702
-4959
861
516
-9688
-9621
7701
-6145
-4166
6553
-2654
9627
7677
-8380
5579
-2741
-5840
8758
9089
-2737
8698
1610
-6101
2020
2904
3785
-9171
-780
-551
6591
-2395
-9778
6878
-6140
-6234
3160
-8140
-5872
-6609
7981
6517
-7211
2310
-7898
1094
-5911
8890
-3449
2677
2302
3013
222
-5465
-3418
-8522
-9292
483
-3757
4359
-1353
4060
9294
-4932
7114
-9602
-6307
5500
1755
2490
2537
-8745
-486
5952
3267
3785
5587
499
-9016
5602
-2706
-667
4716
1117
5637
639
-2470
-7912
-4337
4633
1300
-3042
-481
-8876
7642
2258
-8554
-9426
9782
-4510
-8128
4182
-7907
-2634
-4780
-7953
8981
8767
-2915
-6691
-2300
-2222
-3650
-638
7219
-8309
4901
6490
-9302
-8889
8778
5462
4931
9353
-3525
7610
-7290
-2116
-3362
2674
-8541
3767
9779
4293
-4013
1539
-2125
-7503
4266
-4905
-3658
9102
10000
-9812
1589
-6688
2965
-6286
-6152
-4947
3256
4976
-4210
7136
-9664
-4581
-7516
5589
5153
32
-4364
7551
-3899
823
6103
-1709
-9883
9916
6708
6324
-9505
6318
-4498
2093
2365
8570
9904
1536
-4982
2178
-2220
-2020
-1981
-1305
1234
1369
-8077
3934
-6744
3406
-2032
148
100
-5761
707
-5169
7109
3796
7290
-2374
-926
-2615
2861
6619
-6862
3752
4532
-4911
-8458
4393
6611
-9686
5599
-4726
-3439
-9821
987
3403
-3873
-5808
-861
1970
7745
8547
9483
6610
-4034
-5630
-4643
-9576
9008
-5123
3166
3286
94
4430
-1272
-7194
-7902
-1045
4507
-1317
4449
2731
5916
-510
-402
6989
9180
499
7949
-3554
-5471
-52
-8746
9086
8961
-3624
8361
256
-6105
-5401
-9558
9936
-8092
8695
-6876
-1399
4190
4360
4019
7061
-6103
-8079
3783
-1591
9901
-9171
-7458
-4002
-2625
-2924
6954
-9746
-5229
-4337
8261
1729
-2172
3658
9269
-8714
674
3123
8469
597
-9426
-9886
-3604
-2717
-7362
-2315
944
-5503
-8009
-5519
6533
-1545
-3860
7287
508
9478
-8273
-7432
4361
-2948
-9436
1969
-8909
3372
2103
8505
-7627
7182
-8026
773
-6019
1862
-5231
-8324
2715
139
-9666
2046
2136
-8451
100
7411
1693
4019
-8644
-5134
-8774
-4672
4748
3257
4025
-6984
131
-5606
7829
1174
5746
-9010
6286
-5743
-9554
-5731
-1496
-911
5697
-8131
-8501
-7497
-1456
9765
-7824
-7103
8279
-826
-8265
-223
7121
6115
9298
-1178
-6373
592
6253
2702
-2695
960
4312
-8390
-1263
-1682
9261
-8272
2092
403
3945
-1305
3419
821
9421
8722
-1409
703
8890
3853
-7876
-8989
704
7298
4144
8680
3941
-1137
-9712
-1584
6362
-2243
8938
-6856
-9923
-2700
7634
7803
-3430
-4835
-4132
392
-5424
9439
-6184
2541
2919
-8360
5869
5410
3238
-6873
-9565
6640
-6853
-6958
9025
755
-8892
9938
2598
-3812
-5751
5809
-2700
-7772
1128
-7036
-6825
5041
-2713
6579
4548
5173
6748
-3498
-2256
3802
-2737
4585
695
-8556
-4680
7189
7766
7902
-8387
-6629
505
6658
6662
1426
5668
-6279
5457
932
-7944
-8892
4425
-2916
8441
-1560
-4772
-3122
-3814
1266
5753
-4912
-8153
1718
-8729
4726
-5604
-228
-4306
8268
1558
-6635
3747
3097
-4222
-6530
593
-5604
-6395
7895
2229
-4237
9353
3656
3967
-6273
-6884
2632
191
-2450
-7726
7912
-8036
-2312
-8936
-4744
-9175
3275
-1020
9729
4364
8091
-8083
9301
3585
-8645
2685
8255
1855
-8844
-5623
8467
7084
5715
-5427
3805
-1692
-5784
-1012
-9750
4172
3307
3624
5245
-215
7983
990
-9907
5596
-2411
-7416
1877
-4636
3737
8455
324
8700
-9700
7742
-1885
8951
6586
-6598
2179
6375
-5488
-4075
-1933
9945
-3700
6300
-2235
-722
-88
9109
-4967
-5677
-6823
-7306
2550
70
5016
7162
-5804
-1316
-8464
6171
-9952
-478
7974
-5555
-6564
-9715
8545
-6502
-3587
-5357
-3074
716
6534
-6612
-9178
-9494
-1352
9341
232
3267
3519
2833
7791
-5267
8559
5044
-189
8871
6254
8386
-1286
8018
-4620
3832
4107
-4066
-9951
5819
-6418
490
-6096
-4249
9161
-8867
9554
2740
4109
-5772
-6919
-4214
-4113
-390
-7759
5865
-7872
-6929
-9108
-5649
-1271
-4244
-7383
1493
-9053
7478
9807
-2643
-3806
2968
145
-9774
-4087
8215
-2956
-6799
9869
3247
-6435
-2671
1450
-8399
6418
5900
7437
6192
3133
7985
-8521
1803
-7890
4517
6353
7415
9058
-4326
-1034
-640
-5401
-7693
-6494
-6180
108
4426
323
-2869
738
-1348
-3519
-5369
8666
-6662
6051
890
-6609
5521
6128
-6537
-4349
7179
4628
-2144
855
-9091
-1302
-6797
-5655
-7493
5996
-4609
3558
-7115
6449
-6813
-4587
4966
3995
2711
5330
-4398
-9901
1633
8834
-6016
-7990
-1664
7636
1450
-3725
8652
8553
-4465
5967
-728
8448
-1444
5276
-9429
-7357
-9901
-1783
8409
-9067
9323
-6445
4643
-9544
3429
1772
-5106
-417
-6670
2043
-3927
-8169
-708
8398
-1205
-9644
-8503
1275
-4855
999
4643
1153
-1136
342
591
8738
-7821
3954
-2625
-7397
6396
2207
8455
3897
-6082
-4073
-5692
8329
3050
-8468
-1675
476
-2719
6596
9513
-7792
1718
-1888
9627
9723
-8770
3227
-9548
-4096
-541
2675
7301
-3979
-9298
-1143
-5293
-7577
4164
4110
-2315
9503
6648
4825
-983
-9052
-4212
-4227
6773
2
2654
5282
-2631
-6903
9287
4344
90
4806
4051
-3733
3798
2959
-4988
-7789
1417
-8131
7849
9323
4961
9880
6954
-4624
2807
-8388
5935
-2936
3876
-5242
2459
693
6742
8965
650
-1686
-6815
11
-8538
1820
4170
-4445
-5599
-1148
-3051
-1610
-7178
-6465
1669
8688
8469
-4899
-7486
4262
-564
2670
8879
3743
5085
-3447
8799
1821
1897
-7610
-9839
1013
6492
7107
2998
767
9791
568
4344
-8638
-3289
-9905
4753
3576
-6752
-2657
7983
-1521
-4008
4078
-1408
5157
4751
9110
-1962
-2971
-6758
7230
-7032
-7540
3397
2454
-6366
9371
5930
6731
-6419
531
8721
-7397
2979
1853
-8185
8418
1394
-8505
-3073
732
6302
1399
4514
9164
-4323
-6056
9147
2101
-3906
-6327
-7602
-5409
-6210
7679
3634
-3917
9736
3603
6273
-2186
9253
-9197
-8515
-1280
6520
7920
1263
9754
6256
-1112
509
-5204
5899
5002
9082
7366
-1765
6588
1662
-4961
-7423
-8065
3226
-6286
-2326
-9253
6616
7892
34
-8885
4487
-6584
5734
-8525
4535
-7471
-2181
7422
-4631
4807
-1667
-2640
-6217
-2970
9189
-6441
-197
2089
8576
2101
9395
-6531
9025
-73
-5668
4767
-4231
-8722
-7721
5966
-84
-7770
-7786
2072
-9784
-7971
-1468
4110
-7132
-7593
5250
7972
9752
4814
428
8049
4045
-5277
-578
6735
2789
5743
2039
4031
4465
8022
3368
4280
-638
-2189
-227
-6398
-4012
-4454
6734
-9882
5139
-3016
2991
-1340
191
4703
1156
-5318
-5686
6295
9226
8815
8613
-7037
-2529
-1004
-2001
-3038
-7793
-8428
-6672
-9
3638
1203
-9621
8111
-4345
-7611
-8312
-1549
835
-2881
7978
-6000
-3927
2915
6013
8956
-179
5265
3447
1635
9835
-7736
8625
-6230
-9781
9689
-2253
-8968
-1767
2292
6196
7693
-7629
-1788
-623
-2500
8757
-4177
5409
-9343
6632
-615
-2048
9444
-4901
-313
-1776
-1880
1162
-1752
-4063
2733
-8399
-3609
7216
-1867
1839
3979
9405
7557
6894
-159
-4145
9945
-7810
-1583
-8949
6632
-4642
-5302
-9724
-7573
8303
-6863
-6291
-1890
-9503
9346
-6376
-6223
-7689
-9915
6370
-2790
-269
6295
7234
5479
825
-5254
-3014
-3943
-7334
1396
-7625
-8985
-7930
-7356
-2777
-7246
-2217
5814
-6239
9692
753
9683
-4971
6223
-3942
9271
-2113
8340
4295
4262
261
2765
-2782
3960
6060
1631
828
1387
-2709
8968
-4383
5556
-7676
-9028
-5494
1521
-2653
9258
9762
9648
-1560
-9634
5215
3962
-304
506
9205
-4405
-8881
-3090
5195
-9343
2438
327
549
-2805
2919
-944
-9747
5541
-7070
-6248
-4885
243
-9718
-7426
6732
9059
3497
-955
5161
5832
7485
1085
7342
6463
7579
1308
5716
-8230
-858
1229
5502
-2926
4663
-1313
3232
9309
8694
-5611
-3637
-7467
5006
1761
2135
1474
6485
8309
-4069
6943
-9103
1712
9930
-6975
7062
-9248
7803
-3376
2791
9533
495
-11
-5695
9298
4949
1671
4513
3681
5834
-4957
8242
-7411
3557
7306
9628
5922
-9291
-6537
3466
8730
6100
-6063
9143
-2186
-5751
254
3159
5111
5379
367
2764
-8754
-6816
-3903
-6204
-2019
-4105
-9303
-8630
-3968
-1477
-3486
5209
8234
4910
1885
-4628
-8167
5280
-9357
-6846
7305
-52
5648
8665
-7030
-3507
-897
-9529
-2215
-2560
-5124
7778
-6038
-6362
562
-4551
-7189
-3102
-7285
-8471
6242
-6687
-615
-9342
3090
-9297
3517
3160
4030
-3209
-8353
-3944
-5356
6763
-190
-102
92
-4815
8172
-4368
-5923
3641
-2408
-6700
-5281
-3887
1262
8943
3069
-2851
7995
8565
3559
-9180
-6281
-6306
-5633
-8853
1298
9209
-4724
-1268
-6801
6151
557
-8150
8869
-7764
-2124
6057
-3871
-6387
-5185
5314
1602
-4606
-3035
-4372
-4498
-2818
8278
8767
397
7259
-1915
-8138
-9379
-9997
-6177
3102
4910
-1473
-9221
6145
-5696
-4374
3071
7179
7476
4850
-983
4915
-3300
-3372
6806
-9767
-6760
2912
6837
-2687
-5104
6534
4186
6984
8215
-9976
-6708
7001
4997
-7358
-2213
8297
915
-9740
8834
8927
9113
-6970
4199
-336
-2838
2943
4342
-9405
8763
3249
-2215
-281
-9154
1996
6044
5742
-5861
-1558
9807
3082
607
4962
-1684
8744
-4150
5690
-1424
9267
1558
3765
4294
-3515
-2066
-189
-7515
2596
9740
-4015
-4888
9407
5547
-7650
-6733
9320
-2323
-6331
-5158
7152
-1609
7157
9190
3302
5343
-1540
-399
-3662
6020
-2471
-7208
3764
-6062
-4643
5332
-7528
875
1113
2516
-4898
-349
-4929
8032
703
-410
-7977
1338
9132
-9626
2107
9658
4392
5859
-9588
1313
-8272
-4469
861
-172
-9653
2689
-7666
6691
-9305
4430
8692
-2759
-5711
-6021
-3094
-759
4113
-6141
-4439
-2115
1503
2569
3963
6935
-4844
-4285
-7361
-4330
-8457
-9904
3785
2475
-9222
-2493
-9159
-8539
-5003
6378
-8545
-1249
-2524
-3741
-3824
3044
-5846
7510
3696
4508
5513
-2318
2694
1108
1488
-7183
4742
-1121
56
-1936
4603
-4099
6017
-4431
7549
-1189
6710
7049
-3500
-2208
-3666
9181
6997
-9519
-1012
-6953
-8427
5398
-7159
-2736
5130
7874
7745
-4742
-3240
9819
-3335
1340
2411
7455
4937
5681
-5942
-7357
-4079
3628
8238
-5572
-1841
2075
33
-8516
-3052
5303
-9342
-2924
7664
-4195
-2739
1350
-1226
6840
-7199
455
301
9347
7518
-1604
6751
2546
8092
-7227
6821
3631
-713
1790
7143
-1803
1958
-3243
-9985
-3488
-4745
9384
-4302
5797
8648
-3684
-7528
6575
2726
6831
5384
-5570
-2734
-3485
3486
4073
-1874
8561
5013
9709
502
3720
3303
8961
-5607
-2715
6860
-2490
-5251
3711
7000
7354
6711
-7769
5082
5797
9543
-5339
-7146
-2471
-6458
6749
8640
-648
-5534
-8473
-892
3285
-7051
4245
-3993
-6626
-7012
8982
-7834
2452
-7293
-3907
-4192
-60
-9282
-3268
-7955
-567
3848
-6623
4857
4259
5533
5763
6402
6332
-2987
-2075
74
-7625
805
-8343
4368
4696
200
8868
-3696
-7967
-7213
-3094
-7820
-7547
-7551
925
-4068
-3835
6534
-2384
-8346
-4018
1163
344
-2679
-6192
8813
-2684
-2869
9979
3724
-9418
9755
-6245
8102
1083
1488
8793
-9376
-7006
2292
-7766
-8983
-5934
5211
-7895
-891
-6948
2544
4698
9992
5596
7820
8270
-1510
8735
-7467
-7398
2582
-1699
8651
-6402
-6315
-3109
2140
-3309
6764
-5880
-5527
761
541
-7802
-2647
404
7049
-1448
9602
7402
-4690
-1103
6460
-4206
4836
3906
6393
-1735
-8837
3458
797
1709
5861
6793
9734
6059
-1019
9778
1991
8030
-3857
-1770
-7925
-4906
7070
-7673
-1362
4096
-4052
-4415
-3829
-2776
-1808
9295
-5599
6196
-2629
9668
-3176
1342
-3943
6988
2174
-720
-803
3358
7826
-5675
-9584
5436
-2778
9901
4615
-8774
-3264
-1576
1746
5515
-298
6877
-4109
9718
2062
-8584
5725
7535
-7346
904
-8007
3983
-7588
-5719
2724
-4066
6827
6029
-2509
-3707
4707
-9540
6624
5054
-7588
9052
5373
-1546
6734
6591
-1269
-409
-618
5090
-8885
4107
400
-4791
8160
-7775
-3842
1570
-7866
6591
3083
857
6931
-5661
5983
-3969
1342
-5096
-9072
3311
3497
-4643
2533
9111
9012
5513
4108
3163
3252
1820
9314
4369
-6148
-470
9971
-6817
9203
-6231
-1649
-3554
3057
-8265
-3369
-8292
-7418
5418
-9657
-2848
7745
-237
5879
-305
4683
-5837
-2663
2571
2898
-5516
-4207
-6318
-5729
-2312
8240
3130
-839
4600
-2524
8081
-9940
4221
3902
-5944
2571
5702
-1126
5774
-9896
8615
1930
-2684
-9549
-319
-8191
-305
-6655
-2969
-364
8644
9319
-6955
3877
-9825
-9150
-2746
-5651
-8553
-8636
-4461
8525
-5049
-7581
-1490
4971
5667
227
8917
-9231
445
3182
3622
-8736
-7442
1794
525
-1528
-852
9264
-2651
-6277
-3626
8425
9433
-5455
-5614
-889
9984
-230
5070
2018
-1958
7755
4789
3084
2040
-7617
-4104
-3867
1134
4475
-4508
-9956
-5850
-8141
9770
9039
-8048
706
-1049
-9611
5860
-2700
3759
-3671
-2894
6742
-5706
2243
-7102
-7625
-5353
8828
7202
2404
5014
1286
-2462
-2652
-6198
7041
1178
-3787
-3403
7
-4211
-3132
8232
176
2609
9186
-7856
-8424
-2510
-9497
592
-9751
6268
-3474
-6631
7933
-6087
-9481
3797
3339
5280
-2667
-6632
3529
-2768
-1095
2066
3199
8372
2951
6484
5991
-69
-6894
7052
5751
-9477
920
4892
-8938
8538
2509
-8838
3040
8617
-4290
-6356
-8110
3045
4970
-2510
-9818
5521
4838
-8796
-2783
9715
-8833
1114
2378
9924
-7830
-185
-1678
-8700
-600
-8342
7770
-4984
-4697
-3733
-8269
-5482
-4457
-6744
-4536
2769
8207
-3706
2853
5907
-4832
-9794
-8591
3264
-1910
-6454
1278
2640
-3777
-8640
393
823
-8086
-3704
2705
-3242
-3686
-6845
2018
4542
984
7708
-1291
-2561
-8356
-8943
-5294
1471
4586
290
9171
4634
-7901
1139
4607
-4124
-6665
393
629
-1789
5521
4954
527
-6229
-3399
-7168
-9832
-1153
-6641
7165
2874
3164
1281
8202
7016
-1256
3419
-1822
4371
-6024
5606
4924
-510
3921
-140
2701
8502
765
7277
-9793
-4463
9146
-7501
-6986
7719
6370
2188
2312
-4687
3165
-6289
-3510
-623
-8477
-9955
3452
-7468
2386
3467
1380
9262
7426
1233
554
-8747
-8401
6176
-7296
-164
2161
5398
7274
-3545
1765
1650
2394
5254
3930
-2835
-5649
8025
4742
3568
-1923
1272
6245
8597
9847
-9061
-5696
7839
-3590
-8839
21
-6693
3682
-8698
353
-3333
-2881
-4798
5365
-6765
-6445
3406
-7599
5561
-6181
3953
3944
7401
-4149
-475
-28
-3818
5021
-8863
8381
2859
-5727
-6474
-1929
-4795
7261
-8795
-7634
-2439
-6286
-5120
9905
-8162
3541
1488
9782
4285
1950
4470
3828
2141
-9803
3864
-6188
-7850
-3407
5794
8311
-9563
-9231
-292
3469
1805
7681
9032
7412
-7429
-9400
9576
-2217
-6625
-248
-2209
-7741
-5480
2977
4266
-3929
-3638
-2023
4681
-7693
-1773
-2781
8444
-77
-4769
8321
-6617
-2972
-5792
4525
2616
-9779
-9755
-9346
-9581
-1131
-2075
3070
6829
4992
75
-4276
-5604
303
-9895
-494
5671
4707
1370
-3529
4630
9823
6970
6813
1261
2052
-8587
6265
-2714
-2940
7745
-6660
2872
784
629
2705
5862
-4317
-9217
-7755
4334
94
-3755
-3327
6889
-7499
-9847
9483
-2819
9168
-5489
-9520
5179
67
9537
-2384
-5170
5473
-3297
-2762
-1735
-6653
1194
1907
394
3182
4797
-1890
4393
2519
6894
-2220
9449
-709
-8742
533
-597
-2906
4139
8408
5961
-8783
-8560
9280
7595
5824
-226
0
-4013
-3017
-2679
-9658
-2468
-8505
-5229
4298
-1621
-7408
8419
9476
-6843
-192
-6612
9872
-1044
7724
8696
1622
3707
6477
-967
4296
9554
6208
-3303
-875
-6169
2872
896
1190
6803
1564
-9016
-5794
-586
7807
-7537
-5350
-7417
656
-5296
-5280
8909
-7769
1748
-6621
-9948
862
4830
-1846
-7651
9745
-9457
8720
5822
-4551
-685
6200
-3348
8696
-9173
-3837
4415
-9594
4319
185
-6904
-241
-2190
6313
2881
2392
1212
-7663
1694
-1248
8464
1241
1879
-2332
-3381
5398
2813
-3526
3695
-6287
-820
-9142
-519
-8531
-7360
-8323
-5604
-7567
8775
-7076
4044
-7689
-8127
-1812
-9924
2898
9666
-2376
783
-7327
5582
4267
9109
-8236
-2893
-2964
5580
7344
-5531
8130
9264
5622
3001
-1802
4558
2570
2341
2651
-3318
-3475
-4548
7865
-3315
7183
-103
-5306
926
-2518
790
1179
6799
-3615
-6619
2687
8130
-3192
7315
858
126
8040
7602
-6059
-2275
-2859
-4277
-7604
-2092
6999
-964
9274
-184
3610
3333
-4591
-5646
-2235
3575
-9245
113
4020
7951
3196
-2073
3306
-5385
-1673
482
650
8186
2523
-8152
61
8280
-7218
898
7621
-3586
-4148
-8043
9524
9561
-5819
-3467
5088
346
6052
4158
4280
2434
-9341
4918
9927
-1344
-2171
3783
-1921
-8374
5268
-2533
4456
-195
6520
-697
-7621
-8779
6616
-9401
-1511
-2956
3322
3558
4425
5758
5771
6991
6705
-3611
-7108
-5302
-8293
4469
2452
-5575
1170
-1971
-9208
-322
-7512
-1871
8482
-5475
-629
-5126
-9606
-8680
8500
9277
4571
-4676
-9099
-6071
5577
9111
2605
-8592
-6805
792
8045
5653
-1073
5081
-964
4622
-3036
-7896
4325
6461
-3291
-641
6972
8328
-1866
1227
-2724
-9790
-5375
5366
8463
8417
9421
-5280
1402
-9330
6686
-93
4142
-1148
-1618
-3279
-1093
7684
-4607
-7766
-1367
-736
-2107
8562
-1352
-4378
4304
-6097
-4824
-5239
-8591
853
-9685
-6472
-5401
-1340
8190
-5306
-2720
2960
1879
5417
-7019
-4910
3333
-5678
-1255
5892
4348
-6292
5110
7123
-4141
1811
-8690
2899
-1827
-8042
-8543
-4793
4526
6522
4034
5458
6215
5863
-2882
1976
2695
4023
6951
6694
-4909
9366
-3307
5578
-6245
1231
942
258
-9431
-2634
612
-128
5159
8751
-3774
-5167
7682
4838
6739
-8433
2268
6392
-7854
-9607
-5634
-2506
-8780
7410
3254
613
5727
9218
-6785
-7119
2909
821
765
-3782
8414
7853
-199
4123
2169
-3191
-9702
7622
6772
1338
439
2034
-4573
1658
3268
5738
8571
7227
5237
-2731
467
-5006
-1824
2598
-6496
-6064
9195
-6596
583
-1661
9145
8856
-4749
2157
4354
-8615
8752
-877
3136
-5399
-4471
-4384
948
4094
-5695
3898
577
1002
651
-16
4162
-5096
-2862
-4334
7969
971
-5748
7088
-5208
-1259
7749
-9522
3055
-6655
7694
3315
7557
1105
-4642
-7125
4082
-8220
2488
2058
-1623
2493
-7239
3716
-6373
-5555
4079
-8352
3746
3327
-2081
4631
-8288
4702
-6719
-509
-7766
6175
-4259
-6819
-1132
-9687
7495
-5292
-37
-2911
-9323
-8967
-92
2138
-9229
7176
1177
8030
7842
-5654
-5760
3573
6447
-4703
388
-1756
1573
-4782
8330
-7741
-9596
9439
664
6579
2667
55
9024
2892
5230
-5533
5705
3364
9872
2755
-5822
-6373
-2340
403
1859
-5646
8164
-9578
3068
-6416
-7527
-9532
-911
-3262
767
5784
-7026
8516
4222
-915
2039
8944
-4991
-5419
1943
6268
3639
-7122
3762
-4000
5854
2874
-3707
9063
7662
5532
9193
1732
3901
2523
655
-1503
6356
-9707
424
-9710
-6211
5717
3609
1937
-5301
7434
358
4538
-1986
-6881
9714
10000
-450
3437
2811
-5248
6712
2969
-7135
-5518
-689
-7274
-4208
-3952
-1307
3040
-198
3688
-813
-9409
-2679
-4890
-5219
-7219
7038
-3900
106
987
2900
-5495
-4908
6786
4320
-2083
4215
-5314
-7473
5618
1664
9661
-6117
-8968
521
1534
-8181
-3550
5207
-8042
-6501
9143
-9703
3538
-2939
9957
-2009
7452
-7922
-8286
8678
9592
6748
-3374
9781
8950
9955
8455
2633
-698
-7491
-3394
-2090
-8772
5466
-3820
-6319
8198
9871
-169
9520
2150
-3784
1727
7330
-3627
-3333
-1368
-6347
-576
-2945
-6464
6536
-6325
-2270
-229
4171
-4258
-5572
5617
3386
6807
-9346
821
6430
-4042
-5467
1405
6261
6415
-5253
9162
-270
9536
4493
-1868
-586
6243
-722
-1327
-4693
2716
-1789
-9293
9882
853
9108
2169
6445
-8757
-9928
5768
-7469
4787
368
-793
-7572
-8351
-5055
8236
-8998
2383
-9757
1410
1111
-8270
-587
7937
8524
-3901
-7057
719
-3839
9438
6556
1623
3302
-3473
-4664
5425
7543
-4254
9139
4424
5014
6872
-5346
-6045
-2747
-7441
-7482
6753
7605
-9626
3004
-5635
1338
7170
-7349
-129
4440
-8468
-2244
4552
-7052
5716
-3695
9299
9977
-1637
5087
-4911
-5248
1410
-6725
-549
-3628
-6041
-5641
-844
5921
6135
8499
-8580
6040
1786
-6042
-3212
6409
5139
9673
6836
457
-7074
-9499
9895
-2721
-8402
8425
8662
4381
8991
-8757
5294
-946
-5335
6157
-9182
-9217
-8177
794
-5173
2689
7059
7023
-274
-8100
7897
-1080
5488
-961
3019
-871
3524
4599
-520
3218
-6321
5493
-1199
-1658
-8549
-7494
-6907
-2274
-4554
-8903
3687
5912
-6564
-9319
-6723
-2641
1425
-7664
1861
8316
1580
8871
-174
-3730
3594
4326
-7932
3970
4115
374
-4183
-9330
8840
9922
2131
9421
4799
4500
-8515
8943
-49
8024
7265
-7016
7763
8933
9846
1924
-3592
4374
4932
9654
-6180
8688
4295
7738
757
-8552
-128
5508
4856
-8856
-1429
8166
-3347
6607
3514
-4785
7252
4996
-5236
9761
-7083
6127
-3105
3095
-6803
8851
-87
-7398
8952
-7652
9631
-8506
-4946
-9586
2185
-2222
7121
8917
2328
1837
-704
3260
9518
-9812
-4552
838
4425
-2283
9250
5698
5817
-6901
-9965
6706
76
2925
-9291
6484
6525
-7450
2262
-8527
-6997
3203
-1692
4261
-7295
-1408
-7053
6949
1573
-7918
4197
-6029
8013
-1978
6427
3733
-5676
-4838
9642
-5642
-7863
9703
5577
8203
-6976
-5478
7541
-9198
9436
4202
2442
-1621
6980
6114
1428
-7518
-2392
6870
8966
-5944
3567
-8621
6833
8406
-9689
-355
5143
5889
7280
-3186
7284
-3891
-1870
-3155
-9439
5770
3128
-7473
-8204
137
-7445
129
1771
-5038
2152
9322
-1107
-230
9836
2259
-7628
8981
-9525
2528
2949
2522
-3938
1477
4507
-3517
8427
7797
8042
9743
7760
8884
-4271
-5543
1475
-3426
-2396
-6560
7190
-7165
-7572
-2758
3936
2793
-2883
-5793
-4367
-546
-8976
-9440
5517
8225
-6095
5970
2682
8084
3906
-7089
-9951
-3304
-4294
5432
-3910
8638
-1057
-1404
-4174
8194
8321
-667
5478
-8319
-6405
9530
1320
5054
-9856
-9080
-8385
-3755
-7435
4024
-4313
3104
-7910
8887
-8780
6980
-8742
-2478
-9301
-5421
-6929
1333
-8692
276
-2614
4251
697
2030
6400
-2929
-3944
-1783
-750
8263
-2083
-6365
4333
7899
-9739
-5201
-5728
-8271
-9733
4663
9505
3538
-6931
-9398
-3375
4601
8013
371
9854
3672
4498
-6252
9652
3768
-8420
-8127
-6899
7920
-6208
-7545
8204
9919
6511
-4393
8570
-6942
-2001
-4225
7193
-4572
-3487
4305
-5332
6389
7090
3859
-6560
-3565
1682
-6810
-6991
4726
4281
-4603
9340
-2686
5725
2670
54
-2645
-7534
6501
3167
5907
-3622
2386
8031
4246
-7260
3430
597
-2694
4523
3631
-9568
2691
371
-1535
9388
3305
-2427
246
1784
-5529
-583
2435
-6371
-3557
7590
-7381
-8699
7373
-6988
2062
1031
-2975
9885
-9847
-7138
145
1396
8420
7448
2791
876
3249
4986
3562
-7456
-4108
-5724
2728
3870
-9969
9195
-1079
-7069
1906
-6524
8020
3689
4572
3393
8964
2097
4272
-4868
601
437
-5706
-7521
8727
1868
33
-1815
926
-4008
4063
-4338
5564
9505
4133
-5149
-9358
8599
8470
211
-8041
2564
8719
-2732
-8566
-8986
4693
-48
6701
-6005
-6413
-4626
-887
2812
3998
-8774
-1788
-7997
-9079
-2635
7087
-5657
1078
4226
-2782
-1563
-7900
-8395
5473
-8144
-3370
8844
4955
-7579
-3101
-3645
2808
-6830
-6377
-51
619
-7134
4123
-8811
953
3153
2033
-1703
-5285
3747
-3576
8536
5703
-7184
-9696
-1483
1408
8467
793
-5290
6756
5445
1837
1633
-4937
-3353
3294
-4693
-249
4553
-8995
2899
2336
-1341
-6998
8679
-7826
-4939
1071
-4080
-8295
-3011
8488
-5143
8666
1413
4516
2048
-6819
-3258
5154
5194
-3428
-9822
-7515
-9645
-888
3378
1542
1652
-1545
1561
7700
-1320
8381
-6575
-2715
4928
-5835
-202
9495
-8893
-4468
7391
7958
-4898
844
6986
-633
-2344
-3156
-8084
642
-9937
-3898
-4450
9946
2980
-3196
-7438
2573
-6709
281
9938
-978
8899
-6029
36
-3632
6883
-6503
-3249
-8487
5102
5982
-6485
46
9374
8100
-5198
7435
-3154
-5406
7612
7096
9263
-903
6325
-6496
-7769
9943
8139
-4589
-7024
-7229
7532
694
213
-1624
7835
-5907
4190
941
6884
-201
887
10000
-666
-3967
4085
-7811
9350
4904
5999
-3982
4935
9895
8766
150
8736
6775
5678
9608
-9944
-2750
5797
7125
-3557
-4646
-3446
1415
-7151
1107
-1002
-4738
-1125
8436
9402
-7620
-6369
9825
-5807
1884
-6595
2414
2015
-1800
-9982
-7821
330
1457
6238
9562
-5911
6276
704
-5163
5832
7927
-6688
-1609
5528
4885
-886
318
-2670
5354
4429
1809
-7024
5337
-3873
850
-2388
-2275
2278
31
3328
-3864
-421
3417
5072
2401
-2120
2233
-9710
7339
5696
-1366
-5599
2590
-5655
-8887
9753
576
4830
-758
-4932
2016
-7411
9431
-4109
-8993
7581
-8134
-5064
-9003
6787
-2307
6934
-9342
5074
5854
8773
4456
8376
2678
7358
3703
4149
3315
-7803
3331
2339
2361
5911
-4428
7312
4889
-5602
8105
9063
9080
8244
234
-8809
-7869
-3271
674
4895
4587
1072
-6149
-9820
6286
-9828
1635
8178
3730
7680
2493
-8283
8871
443
8397
7368
9034
2912
600
1363
2024
-8762
-6055
5477
-7874
9995
5464
-1065
1082
1964
7492
7609
-1800
-4106
-8024
6005
-5716
9677
-1637
-843
-87
47
2258
4840
7784
-381
-1329
-8213
-2087
3915
-4807
9372
-2445
1447
4738
1064
5448
1160
-7303
-7834
5869
-1429
