-857
801
911
-1054
-9665
4152
-7745
1736
-2361
9861
2918
-419
-2012
-5637
-1666
1367
416
-6250
1980
-6436
-8884
-5107
-9021
-3662
-1048
6834
-6623
7446
-6790
-1757
-3702
-2671
1942
-3316
9876
-6069
-6904
-3765
7740
-8193
7516
1800
-8862
-8471
3157
-8188
6814
3992
-337
1885
-3312
9917
4838
-9695
-2905
-5677
-1837
7050
7552
-6526
-1407
-6175
4892
4406
-6264
594
-3055
5578
-9704
-1691
447
-5034
-4322
-3879
-1115
-9285
-6249
9829
-5005
-9840
5443
-6144
-7710
-9381
9846
2914
-6168
-1466
130
7632
-5143
-2445
2160
-5121
4343
-1199
-6329
312
-7507
8303
-6482
9987
2936
1236
-6258
2930
-9565
6430
7376
-5320
3927
2051
2661
-9658
-1102
-7705
-6386
1031
7144
8517
-5909
4104
-1325
-1417
-1521
-7876
4061
889
5907
2924
-382
9899
-702
7642
-9425
9312
5250
-5816
7567
5677
1858
7750
6557
-2958
-2576
1131
8280
8515
-4892
5823
4622
7445
-7548
-8880
-4326
2238
3179
2189
8707
-6659
1430
-5375
4597
3712
4819
855
6019
-7621
9689
6277
5735
8874
6329
-1944
-4020
9521
5567
-7307
-4829
3188
-3960
1111
8831
559
-6082
4364
-8725
-6407
-359
3938
-4710
8734
4387
-7325
-7009
-4028
6747
-5823
-7945
-5189
4945
4278
8248
-329
3316
-372
-950
1272
452
-5443
-1547
356
3053
-1788
-4928
2927
-1973
-8540
7998
755
-6661
-9286
1876
8563
-6213
-9870
-9089
-1824
-8801
4022
-9287
-9016
6389
7849
-1645
-5680
8323
-1557
-3352
-752
-5633
-8277
1372
-7906
-7708
-5357
-8986
-5938
-4380
3073
-9571
2573
9386
9344
-7498
-5513
-5685
6760
-97
3022
-9162
9989
5226
-3895
-4910
-7437
6124
-3277
9407
-982
-8963
6451
-2735
1503
8803
-7481
7237
-5962
-6478
3367
-2924
3902
2366
-7238
5367
7321
-2971
6056
-8811
8125
-2754
9239
5828
-1607
-6774
4726
-4929
2746
9342
-8055
-9257
-4503
113
8245
-2749
3738
-1827
-1486
-4936
-920
3262
-9941
1958
-4335
6849
-8341
9296
8192
2902
5460
1227
-6688
-1417
1042
-3069
-2888
-8009
-1329
-4920
-2089
2713
-7916
-9780
-4249
-9087
-5341
4678
8996
-6340
2585
788
9758
-9071
2402
7332
-647
7581
311
-4562
848
-6720
-1977
-3088
-6493
2752
3694
-381
9256
-5814
5760
428
-4227
208
2601
-9174
7039
5986
-6711
6675
1654
3071
5708
-6669
5744
3497
3074
-5662
175
8265
3546
6571
-2759
2787
-3534
6457
-4122
-8909
5414
3946
-5331
2111
-2125
-9583
2720
-9649
-5069
-1515
-5283
9088
4033
-9689
-3928
-7008
-2549
4052
-9919
-4478
-5923
6099
1913
-9298
-2036
8585
7129
-5014
-6921
-5202
2414
-3193
8123
-580
5209
-8601
8892
1121
-2770
6518
5374
8830
-396
-7711
7132
3605
5840
9321
-8568
4213
-7632
-9283
-5125
-4592
-9606
-7816
-3494
45
-2558
-1965
-9483
7387
-6692
8244
697
4195
5249
3995
3710
4899
567
-244
7043
-5684
8701
-7572
-1917
-5889
7689
1783
-2495
936
7573
-8002
6129
-663
7351
-244
1978
7406
-5198
8474
-3306
-166
3477
-6703
-4721
-4749
-9356
-3755
721
-4916
-5136
3009
5952
-6254
9841
-8649
825
-2728
-5025
3699
8334
5718
3305
9528
-9223
-6665
-7688
-7346
3025
-7465
3408
-9756
1907
7171
1712
-4392
-2739
9703
6760
-2327
-373
4827
-2680
-1047
-1700
3914
-7685
5543
-5753
2677
6115
1326
9857
-5473
7299
44
-5595
9559
2195
-1773
-1269
-3191
4920
-8013
9427
8411
-6483
5982
-9008
-7976
-2305
-7880
1738
5963
-3430
8440
1491
-3311
-3738
-340
3506
-2794
-1917
-9795
7616
2739
-7466
4014
5902
5176
-4590
-8113
577
-2056
-6490
1553
-2316
2659
-5238
3175
2745
6401
-9228
-9541
-7323
7846
986
3416
6508
-4949
3049
7971
3729
7291
8550
-7543
8437
-8382
6189
7661
-1332
4985
6319
-5437
-6668
-6864
6058
6396
-3527
-2349
-6508
5370
3887
8680
4442
7131
-386
-1210
4165
7151
-792
2265
2616
-4072
-9350
8672
2265
3228
-7426
6802
1860
-4964
-7167
5362
4656
2349
2246
9082
-7410
387
-9200
-965
-1130
2841
-1335
-6834
6325
-3402
-4751
3515
1349
-5068
-2616
1213
2298
5349
-9522
-1375
6912
5156
2470
-3635
-2909
6133
8850
-9358
3299
4538
4625
4669
7331
-9806
-7856
-2936
-5964
2409
3712
-5168
-4995
-8773
-7122
6969
7325
-632
8364
-2342
-8223
2436
-5056
7916
-3918
-3207
1238
5963
-4341
-8603
-550
-965
-5465
-4824
-5852
2409
5267
-8482
2083
-6027
118
-5616
-2610
-6716
-5099
8567
-1896
-9040
2636
1653
8907
-5374
-8694
-5258
-6366
7532
-4750
3255
-686
5015
-6766
-520
6222
1883
9482
-5703
5342
-4735
-5481
9402
-2730
-6231
3664
9401
-8347
-2203
1093
2746
8480
5479
-5423
-9081
8481
6288
2598
893
3906
-7325
5892
-4097
-9054
1373
-7932
-6722
3177
791
-6893
-4405
-4997
-1065
1711
8824
-5593
-5167
-8863
9273
8213
1496
-5029
8149
-1104
-5833
-5776
-8308
-6064
-6900
-315
-3932
-1109
5899
-6311
6870
372
-2679
-6763
7232
8143
-5111
3042
-435
-6838
-3632
-4330
-2887
602
-9964
3882
4980
-7229
7561
-6833
3226
1135
1466
2571
2966
9251
-6940
-7126
9339
-9830
9508
-7431
-6981
1463
-3838
9886
8237
-5830
5278
177
-5626
-3130
-5809
-4
-6722
-3518
5660
-9019
-8692
-1391
2920
7093
5278
1894
-6075
-2825
1224
633
8632
9119
7816
8280
698
5602
8527
1439
9724
-669
5584
9996
-1505
-3044
-6684
-9009
-2943
3848
6066
-115
93
-5418
-5665
-3431
8599
-2339
189
5964
-8708
-3535
4590
-6674
3779
1603
-3660
-1470
9445
7069
-1220
3708
-384
751
755
7009
3054
-6978
241
-7610
5685
4088
1368
-2875
-1292
6295
7423
1059
5593
2829
-4664
5015
-9281
6028
-9208
-9086
3338
-7
-5130
4148
-6805
-5448
9812
476
8745
4077
9363
-1913
-10000
-8508
403
7693
-5818
9213
-4409
-172
7371
656
7427
7725
8813
-2828
-969
2108
6596
2803
9655
-8708
9501
-3299
-7302
-6239
-1050
-1691
-6016
-9745
-817
-3431
2134
-6993
-7501
-8442
-8795
-3769
4590
-7642
-7404
7967
-8922
-9519
-9249
-5861
3544
-3396
-4161
6516
8859
6879
-5243
1881
277
-9885
-7434
786
6313
6560
2935
-4819
-8400
-9469
-8391
2837
-2566
7471
7114
-8730
3541
-9873
4618
3994
-3906
4633
7251
-2642
4401
7668
1829
-1036
-6697
3643
-8818
9328
-6572
6023
2828
4386
-3732
5599
-1978
-6305
4289
2251
-2046
1905
-3318
4261
-2179
-8972
7836
3148
-6478
-4449
-5046
-9700
9749
8233
6784
8638
6327
-1803
8675
-5189
8056
7526
-1766
-6726
-1187
-132
-5089
-6598
2292
6614
9975
-5276
-83
-4587
770
-6049
3473
2025
2092
-8609
6183
3183
-9723
-4096
4698
-6540
830
9444
9514
606
9316
-7171
-9261
-2590
3796
-9178
3483
3055
-8959
9571
2680
6961
-5856
2014
-3543
7773
3083
-1740
-3200
6679
8710
953
-8815
-3388
-2362
-9090
7857
8465
7873
-6148
-9988
-9702
-9615
8142
-3672
6643
-9737
8634
9312
-8056
9343
9225
-6028
-6873
3939
4942
-1013
-5916
-2341
-7500
-8826
5611
8707
597
-2950
-1788
-9330
-6567
3468
7658
9394
-3020
-2821
9129
59
-1407
6249
6696
-2876
-6833
4758
354
6821
9928
-6226
-6185
-3044
7071
4613
-4594
3814
4856
-8137
512
5042
8330
-4771
5328
6326
-246
7429
8766
8479
-325
1800
-6523
-6146
9362
6984
-6026
2302
-2904
-2756
8417
-2185
-3181
7596
-9544
6514
5987
-8478
-6577
7730
-1286
-6777
-9714
-8446
-2473
-4679
-363
8275
-9404
-2964
-8188
-3775
-4601
4157
9430
6397
-344
4693
8051
-4976
-6777
-5949
9410
-2591
-7590
-6812
3413
2412
377
-9749
393
3536
-3321
-8307
8315
-5758
-8540
-6402
4349
-1720
5095
-8802
-7324
5943
1445
7812
122
-2880
-7974
3314
2709
317
-5087
2055
-7128
192
1336
-7325
-5570
6234
-9068
-2056
-1387
-6673
2135
-6747
-810
-749
-1393
-8610
32
-9715
-8868
9850
8330
-6613
794
-1103
-2912
4224
3005
712
-5332
7281
9587
1723
-2438
3289
-7146
-6288
7110
-6110
2556
1506
-5291
7838
1646
1628
6214
-7453
9899
-9023
-2135
9215
-3993
361
2367
9840
-4714
-5028
-3966
1137
-7667
9973
-8025
3940
-8052
-8897
6219
9968
-9760
-3977
-6950
-509
7043
5171
-4284
-4755
9106
-5539
5692
-6001
4094
1024
6552
-972
-9178
-9617
-358
6059
-7674
-7976
3618
4424
2510
3201
-3544
9565
-7689
-3677
4799
-4244
-5908
-5721
-8827
-8446
966
2069
-5561
-6439
-8202
4179
-2683
946
-4836
-2770
-2031
1927
-4790
95
-6231
-8542
9338
-2970
1189
-5505
-5754
-7823
1670
-9200
-1046
7680
7898
4705
-6778
-6315
804
-2185
4033
-6657
2394
9969
4648
-8900
-5531
2098
-5963
8805
4372
-100
1579
8145
2682
2347
-9842
7394
-2293
9432
-5133
5384
8088
749
4420
1902
9064
-5654
2983
-6957
-7268
-2446
8756
4810
7697
9750
-4282
-1763
2607
-7847
8955
4167
-3108
-1987
1893
-7165
9417
-5781
-7581
-5239
8660
407
2240
-2845
-5764
-4552
-8762
7079
-8615
750
2039
-4661
-3436
-6108
-4484
2316
-92
-9283
3664
-3081
-9939
1003
90
-1004
700
-2448
3404
3268
3911
-4348
9491
-1834
-446
-9797
-9372
6385
8820
5466
-3090
-6548
9077
-9153
-8328
-4186
-2351
-6418
-3934
-5855
-2472
-5434
3167
-1471
1339
-7116
102
-7682
4225
-7100
5325
-3463
4655
-7210
3832
-1082
1046
6657
-8878
7695
-8915
-7446
394
-1608
-3124
-4164
-5576
-2460
4393
5690
-2229
6487
-3066
5199
-2576
6403
1029
5314
6340
-399
-9564
7216
7134
-6328
6913
6137
5469
-5198
-4414
-742
-5003
2785
-4116
-622
6046
9383
4017
4370
-1816
5501
-9270
514
8425
5642
9002
-4973
9183
-3245
8770
-1628
7424
7295
8092
7108
9791
5180
-969
6967
3661
6947
-4871
8029
8236
3272
-280
-885
-8707
3181
-8545
7285
-6866
7843
-531
-9463
-9552
3602
2374
2318
-8383
818
-7483
-4824
408
-5062
-5871
-4026
9463
3750
-2882
3557
-2339
-4375
-9423
8731
-2151
188
4930
1960
3734
5356
-2462
5494
-2296
4460
2559
-3293
-7138
489
-8807
-228
-6769
1438
3385
-4734
-432
-8058
-5333
-550
-3740
-4359
7737
4238
2889
8052
-2578
7816
-2759
274
-3631
9991
-9092
-2673
8427
5292
-3898
-5189
77
-7651
-6250
9752
-8516
-3900
7727
-3470
8608
3084
-2887
-9916
-9476
9479
-360
8591
5396
-776
9440
802
3653
-8025
347
4782
8864
619
-3760
4162
6446
7833
-6659
1654
151
-8280
7023
-4152
9877
9999
9535
-6377
-6330
-6826
-8065
7657
8547
-1229
-8426
-467
-8753
-9818
6643
-9945
-6597
-5391
-3828
-769
-1411
8564
-8638
-1486
6810
2766
-2231
-6689
6690
8725
8696
4249
-5488
-8427
5953
8262
8402
-3966
-8326
-8301
9238
3720
-2130
-2116
-4482
-6854
-9955
-2029
-2298
7253
7589
4901
-4223
9703
-9955
1801
5531
4381
-8899
-6263
-7447
-535
6140
-9389
732
6592
-9327
-5927
5473
1895
7749
7977
6371
4772
6971
1952
-6292
-2672
8424
-67
-3402
-2776
-829
-9749
-8804
5649
5183
-3112
-2287
-252
4057
3905
-3523
5971
-8898
1188
-4847
-6170
6175
-7413
-9618
8222
-4296
3536
-7088
-6998
8477
-5348
-677
-2307
9970
3277
1627
-5967
-9411
2588
4082
-835
1437
-2142
859
2377
9174
-7624
1370
3210
-2715
9523
4484
2379
5290
-7054
9465
-4100
4464
-6661
7542
-5193
-3427
-7808
5170
-6502
-9169
9313
-7576
1196
207
-6698
7792
-2092
6387
-4690
-2070
824
7266
9337
-7289
4049
-3569
-1012
-9777
-5743
-8333
3023
-7823
-55
-451
481
-2086
6232
3569
641
-9093
5661
-7536
9006
3052
1209
-7940
5159
-347
-728
1669
-8489
9224
9869
2868
6789
-4436
4113
4207
4
-2902
6361
-2928
-7383
1805
4322
9805
8677
-4962
-1456
-1842
-9135
-6809
6306
-6309
-3597
-5873
-7648
-4536
-7153
-1220
-7110
8788
-8574
-6047
-6644
4505
-7980
-2320
5557
-3180
2068
-9146
674
8260
-8636
5461
-3670
7590
7099
-4490
-1570
-1097
3234
3477
-26
1733
4474
-7186
4069
962
-6761
7818
7742
7530
-5137
-7127
2276
9660
8089
8809
-2272
-6370
9973
-471
-732
-3169
6768
-4900
-6734
-1041
-7875
9758
-4034
-5318
-705
-3298
4941
-2838
5412
1281
1460
-1578
-4266
6858
-4847
-6868
-3893
850
-5530
-2246
-8894
4630
-7592
1030
-2178
1573
5962
6746
803
5919
9845
-6721
-6021
-9812
2954
-3340
2819
-273
9650
-1731
7302
7907
6254
-981
-9942
-8249
8448
-8370
8939
-4842
8952
-2577
-699
-370
-4496
2313
-3819
-8456
-7437
1427
-8847
4130
5361
-182
8554
5344
-1477
-5074
2520
1453
-9688
-6370
-5394
-7084
854
3347
366
-1463
942
2111
-8115
3911
7511
9840
-6758
5979
-8315
-2306
-195
-9488
4641
-8593
641
-7586
-2493
8122
6103
2885
6681
225
-5102
-2688
6483
5855
9031
6419
-6645
4283
7206
4416
4189
5075
-867
-480
-9745
7064
197
2774
-1937
-1564
-2750
8968
4740
-6663
2608
-1909
-641
3042
-7022
-1487
-6971
-9513
1380
6885
8810
8205
3886
-922
-9513
5169
-8525
4843
9086
-2071
8607
7533
1396
8589
-3439
7936
3511
-3143
-7568
-3194
-4344
1687
-5401
7916
5219
405
3997
1923
-1967
8393
-3365
4752
6744
645
-6694
-5318
-7862
-2
-2580
4174
-7648
9132
7575
-4048
1563
41
127
-1517
6654
-9134
6350
-9021
3783
-447
-3953
1748
-5989
8295
-3161
-8366
-4902
-3279
-2440
-8058
8118
-2389
2495
8861
-3134
-4746
-4116
-3916
-7589
-9432
-4199
2944
-1333
-800
9551
-5939
-3155
9692
-9906
-4932
3864
-6051
-26
7492
7887
9576
-5704
2585
7508
-259
30
-5380
-7477
-9920
4368
-2650
2825
9175
3172
4523
9403
-1688
2960
1513
4935
-8971
3566
7996
-8177
4576
4140
-4597
-5149
6025
-7257
2315
4359
6546
-1986
-634
7416
6322
-777
-355
-7533
-4777
5663
-9445
6001
1220
-6376
-6778
5941
-1070
-6749
-4365
-3372
-8855
6021
3358
-7968
-7177
8536
2942
9716
2915
8713
-4087
-3183
8100
-8144
2038
8043
-3073
8217
2436
3120
3838
-4744
5977
1319
-3813
742
-5668
4494
2612
9729
-8865
-574
919
-4679
-3571
-63
-1052
-7146
-4709
5428
7377
-6934
1505
-4808
9386
-5210
1485
986
-2960
2949
-137
-7648
-2100
-2221
-7768
-7540
-4234
-9973
-6760
1373
-7115
-2699
-3072
-2030
4267
-5645
5559
5987
-8960
2072
5525
2701
-3776
6482
6726
3175
-3963
-715
3016
916
7988
-3313
6794
2061
-7964
-687
-6439
6553
-5957
-3255
5082
8986
9562
-954
-6179
5939
-1613
287
-3629
6466
4392
9457
-5463
-3772
-8281
8995
-491
-9054
8460
2807
6713
-2970
943
8560
8807
6289
1020
6955
9531
8885
2994
6562
-6495
-5422
17
-4645
-1454
6848
6747
4660
3967
9124
5605
7970
-5108
-4467
-9460
-730
9751
5874
-9734
-6856
7888
-2641
-9116
-4530
6402
-3206
-2326
-6796
2814
-1726
6742
-6449
1573
6528
7043
1642
1678
1797
4511
1429
1646
8695
2157
-9790
4120
8466
1376
-2616
7797
-8047
-4528
-4572
8774
-8176
-515
1822
-6874
-5081
7196
-2172
-5106
-9440
-5331
-6354
-1977
491
-3603
-2895
7083
8961
3265
4296
-125
9726
-3937
4096
-2301
4074
9183
2800
-6883
1803
-1628
-5610
-2714
-5461
-2594
-6469
-345
2538
481
-973
5584
6587
5464
-5396
-9337
4918
5472
293
-5794
8789
-9861
-4921
-3250
1780
-2702
-3051
-3158
-3484
-7222
-1696
-3356
-8520
-6524
1685
-850
5422
3472
3115
8012
-6008
4350
-9256
-3599
-3439
-6767
-9673
-6625
-6415
-2144
7031
6768
7653
7111
-2346
-9760
7143
6107
289
9967
4552
9616
-9538
-5282
552
8566
-3184
1314
-3912
5649
683
2904
9682
8578
-5979
-993
-3998
-8634
-6064
-2031
-2667
241
-464
-5233
3985
-3761
-4922
-283
1030
4240
-1899
-4337
5055
3367
6423
2571
-9562
624
8275
-914
-4104
2232
-553
-3127
7974
-3324
-236
-6912
6513
9573
8523
5345
7019
9417
7475
626
-6925
-6960
-4728
6843
-4287
8654
9917
7278
-9468
3949
4862
-9610
7347
-1243
4517
-9326
1387
-5654
7237
-7622
4465
-4418
998
5117
6499
-9049
6881
-6828
-5557
775
-2332
7035
-7456
7229
-4497
-4862
-8598
3901
8306
2760
-8225
-3406
4832
-381
9175
-9305
2978
5784
752
8893
-1546
-4415
-3370
1144
-9344
3804
2251
-1835
8146
8595
6685
7765
7049
-6137
2055
-5934
-7042
7656
4193
-1566
-1447
3782
9488
-947
1319
-6096
-9608
1185
-4837
8270
6695
9196
6273
1367
-3481
-6520
-3202
-7916
2866
-4850
-297
-8484
3208
9600
4253
2637
-8829
5256
7176
3444
46
6799
5122
934
3418
-6044
4372
5320
837
-408
-505
5198
5597
-4295
-4360
-9428
-4632
85
-4581
3958
8758
-6514
-8588
-6443
6910
-7161
-2538
2211
-6161
-662
-6139
-4847
-6586
7346
3
3463
8937
4022
1649
6598
3511
-9812
-1227
-9610
627
-1135
9573
8389
-6650
-3179
-9312
-7308
4677
8585
4344
-3397
5637
-1404
4330
1939
-3852
-5876
8519
-889
901
-5089
-7637
-2835
-3000
-4160
-3468
3583
-66
-6202
3200
5864
9129
7085
9680
-5135
809
-6729
-9279
2037
5225
511
-6261
2633
-2872
4271
-6251
3251
-6763
347
1679
1500
-4440
72
-8931
8802
2361
-285
-351
-2663
-556
7507
4184
8819
-2517
-3669
2120
-4391
-3786
1532
-7160
3221
2874
-6272
4203
3672
-9822
-2097
-1973
-7361
957
9224
7677
-4518
-3224
7036
-5142
7968
-7841
-3867
3079
3087
-982
-2443
-2607
5531
-8666
-2778
2177
-1983
-4117
-1035
3660
1754
-8484
3727
-5503
8647
9992
-1517
7587
-3211
2346
-5823
-7695
5192
543
-4457
-1359
4846
1094
9616
-5238
-9592
-4123
-2669
9185
9437
6805
-5396
3659
-584
-1153
6620
7251
1663
-4323
6460
3762
1182
-6267
7876
9459
-7907
-7825
6601
8958
8181
-2169
6073
-2493
-5432
3877
3578
-8266
7531
2868
-7442
1027
-7049
4911
-2819
-2065
7965
-6511
5391
6405
9926
-9578
-8126
-145
-7766
494
-6136
-4595
9663
-8923
8623
4159
-2059
4056
-4918
-1761
3263
9816
-3726
9007
-500
-6040
-782
-8249
7138
-9598
-376
263
-7751
8033
450
-4330
-8781
8380
-9295
-7183
1632
-5560
-4287
3499
-3233
-7942
9536
-3384
-6316
2547
9861
-1674
-7982
8675
-3064
9753
-463
-6734
-1123
-3085
2429
-8515
3648
-6664
2673
6239
3686
-6209
-545
-317
-6800
-5069
9134
-9971
9248
5537
-7858
6598
-37
-8536
858
-7079
4633
-7520
6407
3120
5215
798
-382
-3141
-3476
1497
3789
5235
7192
-5893
315
-3285
1056
-8935
-4924
-3452
-5580
460
-8621
-4937
5285
-6797
-7700
7167
-8847
258
8012
-5387
9361
-3357
6090
-7991
2521
5486
9340
-1880
-4085
-7290
-6911
-6645
-5759
1967
-1371
-4413
367
-3349
8834
-9844
3028
7773
1819
-3945
-4913
-450
4787
6125
-178
7356
7026
1211
-4605
-490
1385
-2067
-6638
7757
-172
3830
7588
8718
-1513
-2845
-8015
-3963
-395
1910
1564
8972
8707
-3559
5836
-2985
-7704
4847
-2304
9613
-4445
292
-3706
8725
-1073
-4500
7886
8467
-2009
-2336
1630
-2200
9590
-2457
-6670
7599
3020
-9537
-2764
4197
9051
1562
-9505
1245
-5313
-1195
9340
-9932
8878
-4431
9197
2709
-3246
5474
7041
7770
-6748
4116
2725
-8557
4111
758
9568
6598
808
4646
4227
927
6757
2917
-7667
8897
1869
1611
9253
1266
1071
4896
-9368
-9107
-452
-5510
3308
-1328
9440
-7605
-699
9333
6078
-3041
-171
9743
3833
-3539
8620
6979
8675
4030
-8019
-4979
-4634
-7069
459
1375
-4495
-4204
-3854
-8022
9861
-7867
-6582
8962
-1417
-6497
-9234
-590
5898
-6392
5569
-9115
1016
6081
-2836
-7205
-3376
2890
-3654
-5166
7294
6822
-7834
-1932
-4344
3855
-2679
-7700
-4442
-9357
-4619
3131
-9346
2398
3327
9700
8522
3486
-1864
2005
-5551
1455
-2890
-5599
447
-71
1430
-3303
-9563
1305
-9329
8821
155
-142
-5139
-8969
-1043
-5314
-5880
4876
4344
1401
-3914
-8072
5778
-374
-2973
-9582
2653
-4831
2287
-8833
-9332
969
6714
4476
-9690
-6581
-3791
-1073
4907
8319
-5691
-3999
2760
-2849
-5246
-9895
-1545
-8545
359
1513
-7704
-7946
436
3928
1317
-6299
-1767
3719
-7710
-8230
-6199
3949
6609
2809
8884
-5568
2500
-7120
6422
202
1169
9783
6270
196
-7750
-8873
1963
9244
-1012
-3109
6370
998
-7151
1327
6999
-3617
-3845
-2811
-3173
-5376
1981
-299
4812
201
8132
8193
6499
2250
-5567
-841
-8521
5524
-5430
9626
8675
7894
2529
3040
-4758
8893
2139
-915
-7851
-7177
5191
2566
-818
6632
9281
8698
4718
9768
-2022
-8658
-8263
3273
-1465
7821
1888
3376
5521
-4748
8514
-7999
-8650
4126
-7691
-8613
9398
9406
-8413
7173
-6846
-8616
8640
2520
-7453
7824
6290
-6274
-6392
9420
-7341
-357
9032
6509
-1521
7047
-8932
-520
-5080
7705
8435
6399
3092
8203
-6733
8675
871
7462
-8176
2088
-5186
-481
470
2499
-1199
-8801
-8451
7358
-282
9390
4113
-120
-7236
-7657
7730
-9713
-2794
-1461
8054
-4387
8774
-817
-1823
9112
-8741
-2315
4097
-7051
-6636
8181
-1327
-8589
9465
-7389
8450
5882
-7832
-267
-9827
6973
-9908
-8612
1357
-1149
-200
-527
-7735
-6375
4441
-2873
4487
-431
-5810
4546
-9143
9669
5774
601
9729
3180
-4870
698
-1590
5634
4929
-5258
5519
-9000
-4409
9316
-1108
1980
2814
7087
9330
-6078
-8477
-9971
-7438
-8921
6377
-6925
7461
8716
9141
8898
6803
-8522
-4868
8402
-5757
-5408
13
1170
-2106
7496
4206
-9346
-7392
-1404
-6582
-4670
-2955
-3650
9965
5719
-6348
-2217
-102
-5440
-384
8678
-1982
-3897
7726
7001
4302
-6477
-3658
-2500
-6096
9618
-8514
3264
6659
4539
-9041
-6827
1031
-4424
-4958
6850
8510
-2045
2918
-8167
-925
2905
5148
3634
751
-3627
4145
2957
-6509
6575
-7980
-1886
-4380
9407
3014
-10
457
-2698
-2097
-6734
-7650
-9575
6717
7989
4904
-8882
966
-692
4079
7331
-3686
-8089
-1639
6765
2707
-6673
-8084
9768
-1698
-4629
7994
-608
-5822
2453
7489
-8760
7131
-8744
-3915
9123
-4438
8023
-4676
-6429
5238
2884
-8246
1345
-9217
-9776
621
2261
3838
-6296
-4719
-9888
2551
-7967
8590
1440
-5304
-4208
661
-7375
-9178
6409
-6734
6475
-4222
5886
3925
4394
-5862
-5825
1363
6679
-613
-9282
-6062
9783
6253
-4830
-5135
-2586
1098
-2449
2226
-6560
-9572
4962
-6935
-4860
-2882
4430
833
-9337
-4251
-8727
2688
-9784
-7958
-814
-8474
1519
159
-2088
-8876
-5881
7392
1656
8096
-3119
-5546
5358
-3008
-8749
-8084
1945
953
-2505
-7346
-8930
-7806
-3683
-6887
-7333
-5340
-7909
5956
2793
8359
8135
9468
-307
-7608
-6997
-8141
-1288
-4012
-8614
3782
4506
3489
5344
-4187
-7036
9238
9062
562
-7371
-209
7121
7940
486
-259
-303
-5690
3839
-2423
3814
0
4041
6663
-2619
-1842
6249
-7468
-9307
-3711
-2189
9795
6036
9282
8192
-7938
2130
-2077
1597
-2151
-5374
-8197
2461
-2100
-8212
4234
7612
4559
9650
7450
5830
5151
-9945
-2613
-6105
-392
7890
-7133
-5835
-6824
-9891
2426
2114
8572
-5925
-4806
7264
-3355
-9935
-3614
9231
-9623
-1249
-7804
8546
4316
9231
4729
-6167
1534
5490
-6492
-731
7318
6731
9910
9453
-4688
-6588
5857
4275
-6104
6643
2564
3714
7610
-5233
-5312
1295
-24
7620
-1885
-3473
7802
-2637
-9102
3515
5410
9011
866
-2908
4414
-9222
2188
8592
1861
9993
-6908
2534
-2009
6269
-8999
10000
8934
9896
-8681
4233
-7188
-5131
-4929
-8203
-1259
-558
5354
-8597
-2328
-1052
2966
-3270
-2586
4005
6839
1008
-3179
1178
330
-1662
-1763
1307
-6174
-5421
9605
8821
2510
-2368
-6164
-906
7687
7276
-1200
8562
4581
90
564
-7245
-7053
9509
2052
-9242
2175
5674
1976
-3018
-1908
8073
-1405
4422
7006
-6475
3462
869
-4125
-5951
-9486
2395
4313
-1865
2407
2840
-7398
7079
243
-288
-2117
-1568
-1288
-8413
-6268
-4139
5261
9362
-4670
-7014
-1430
-4449
-5217
-6658
5612
1051
4983
-8427
-2760
2849
8965
8370
893
5823
3802
2817
-5068
4259
-7611
-5273
7215
-9437
4936
587
8788
-8640
-2734
8334
-8392
-3654
-9301
-953
5794
6023
-3105
7288
-7102
988
2577
8859
-3230
-3260
1129
4475
5269
-5545
3848
8586
-5881
-5109
-3662
-154
5414
4553
-5117
-1770
-5083
462
3317
3249
-7259
7614
-4081
9985
-4695
7027
8920
3972
6315
-3285
-5033
4631
7127
313
6217
7254
3728
-5033
-5294
-9285
4937
5207
2492
-8449
9130
-1147
7043
2238
-6012
-982
1212
5244
772
5668
-6939
-9387
-2825
-3050
5338
-2224
-9667
9923
-8404
208
-8791
7284
436
-7033
-7027
-6714
-3965
-1976
-7224
-5222
-1213
9586
6743
1743
7528
-9945
896
-986
-7625
-8271
7156
9349
-8968
-3682
-2723
3217
9174
-9576
8898
2108
5922
2240
562
7870
-8540
114
-8041
-6391
-164
3376
-1654
168
8170
2460
6315
-8429
8445
4505
4694
6550
-5966
8768
-2671
7966
-182
-5587
59
-9925
-8695
8601
2920
9070
6883
6638
1182
4054
-4270
-9922
-6723
174
678
5065
-2600
5384
6510
4699
-3691
7903
1853
522
2660
3154
8539
3056
-2837
-1780
-7766
-7469
1416
-1080
3439
2426
2158
9364
-8017
8156
6707
6464
-3289
644
-7587
-3896
3276
-1190
3927
-5027
-238
4434
-3092
9024
-7624
-3420
-7502
2291
5731
7226
6151
-7680
6825
5305
4577
-4833
-6525
2753
5400
4666
7369
-2472
3914
7238
8627
-3375
9670
5041
-3714
-8667
5528
-3054
-2791
-4567
-208
2862
3570
7777
-9043
580
-7700
9535
-309
-7352
-3640
-5129
1301
-6818
-9472
375
9141
6073
674
-768
6208
-5381
-8619
-4755
-9007
-7169
5236
-9892
-2353
6706
8097
-9536
7800
-5243
-8069
8148
-6375
1379
8564
5295
-926
7958
-1420
-1996
-2613
-9885
9507
8192
-9430
-2905
234
-6810
2034
4627
-7342
8119
3598
6835
577
-7939
-5947
-2503
4139
4583
-3790
-1801
5192
-2402
-2519
-8890
-3094
-4271
-2758
-5305
8550
1429
-6585
-6340
-9386
-6732
-6212
-3998
6296
-6524
-5779
-3803
-7556
7133
-884
-3018
-6461
-4271
-8479
-4720
9024
7525
-1859
-5526
2330
-7549
1584
4779
-5900
-568
3421
9523
-9346
-3381
-8618
-2677
9707
2166
-177
-1507
-930
-85
-1187
-9689
6143
1941
7712
9041
-609
8942
-9278
6381
9541
3017
-4543
-6812
-325
8068
8423
-7281
-3123
5029
-9614
-3237
-7306
8685
4226
6820
-3719
6826
-2106
-7203
4402
6487
7262
2378
-2050
-7806
-2812
-6999
1237
3304
-3864
2742
2232
9324
-8828
6007
-6089
6742
-796
-2813
6622
121
-5836
-2238
864
-8011
4320
-7854
4645
-2223
4715
1274
4055
-631
6680
-3139
6721
-6250
1761
-4677
9056
-5210
-5484
-7278
6951
7583
4247
8461
7738
-7982
-4020
-85
-666
7335
5611
8664
-1639
3321
-2991
-8265
5489
4567
7002
-3618
-5684
2901
-6694
4778
-7045
-8703
4457
-4980
-1781
-6720
-9143
169
2933
-3577
-3473
-2077
2215
3664
8136
-6714
-1119
-7072
5207
6666
-5188
-1824
7790
8674
-1356
2778
-1089
7652
7412
-1243
2545
4498
788
2637
-5093
7851
-1125
4305
8138
9286
-7356
-1997
5418
-7354
-5419
1454
7561
-8332
-7136
1040
-9855
-587
4258
2433
2517
-5074
-4262
-9011
-1575
-6601
6070
5750
-3367
9264
4539
-218
-4619
4699
2308
1556
-3089
-3678
-6403
-3214
-825
9945
-4832
5639
3250
-198
5348
-7144
-2471
-5634
-4538
4715
2500
8567
451
-1669
-7375
2302
6072
-5737
-598
3658
-4142
9440
5723
-5323
-6051
4385
-3478
-9559
8833
2543
368
-5695
4644
458
-7351
1311
-6551
-6880
4878
1052
-2912
-353
-2378
-7600
-211
-922
-6069
6500
792
9326
8888
247
-7645
-7773
293
-7333
3088
8730
1675
8794
2039
-2012
-5245
8200
3381
5932
-367
-1019
-4899
5229
1526
5796
-8211
-7093
-6389
2700
183
-6723
745
4650
6440
-5519
9506
2440
729
8305
9394
-8075
1158
763
9476
9882
-616
4632
-272
8849
4032
-6194
-810
-8134
-9590
3044
5711
6710
-4460
5208
1146
3714
-8181
9330
-9349
2215
8440
8785
-6247
9851
4655
8381
5734
-9055
-4514
-9593
7135
-1448
-7425
-1159
-9484
-9376
-6677
-319
-7362
-2537
9057
1949
8296
-9194
-6637
6446
-925
-9540
-504
-2319
6527
3462
310
6139
3844
-6161
-6702
751
8638
2864
5922
-2471
-4898
-8226
-7157
-9368
-4226
6908
-3613
5653
3533
9298
-7658
-1728
-8934
-385
8922
-5487
-5449
-368
1751
8102
7972
2764
5032
-6717
-8874
-9476
-3104
-7206
1517
2600
1161
2497
-7033
9546
2397
-5816
3750
-1513
-6979
3646
4818
-5277
-4863
220
-9789
4822
5448
-3900
167
2414
-7134
5948
7271
8397
8937
-3862
-3165
-5194
-4492
4728
1840
3791
6030
8823
-8367
-317
-2188
-110
-8312
-6250
8889
8177
8355
-8247
6948
5707
1752
-2631
-3553
6598
-9040
-5157
7295
2496
5246
-8840
-8073
-9700
-9706
-1360
-3830
-4127
-3603
8824
5847
9359
3316
-4522
-3099
1677
-4765
9717
-4049
6390
5087
-8493
1179
-1812
-3166
-188
9533
-788
9826
-1074
5618
-4777
1806
1573
7091
-2224
1054
-6532
6859
1185
-2301
3862
-7449
5978
-7423
1194
2784
9031
-4660
1102
4895
-2020
4414
-2935
-2505
-4889
1046
3300
6895
-7435
1857
-7879
8046
-5729
289
4377
615
-4870
-245
140
5035
300
-2399
-8272
3700
-2219
1384
2909
6051
-1538
4833
7729
-9212
1225
-1357
-1729
-2746
3915
-4798
2875
7107
5207
6330
3258
-5392
2213
-4309
-9132
-7125
8599
4199
5349
966
-628
7299
6548
485
-3497
-7589
6772
-3425
-3685
511
5106
265
-916
-6212
7388
-2285
-2884
-2442
-3098
-2850
-6940
9083
-2103
8157
5536
7100
-8114
-5327
-6478
9627
4418
6354
-4724
1818
-2734
-6218
9805
9149
-7899
2210
1851
898
9479
-9423
-9584
-6709
6385
-4253
-5699
-9331
-2105
3770
8583
-5885
6253
-3844
-4462
-3364
2798
-3036
759
1445
6564
2433
9685
-7152
7350
3842
-916
-1433
-5408
59
3567
7278
-2876
1290
635
-2675
3269
-1222
3563
-9373
-5154
-4732
662
213
-6725
6768
735
-3614
-5153
-8549
-2457
3677
8320
2910
796
8350
6813
5331
4095
-6099
903
1032
-9293
-3608
-657
-1328
8218
-3185
-7274
4393
-4876
-8749
-303
-6570
-2231
-3539
-8457
376
-7094
1023
1443
-4526
3435
-2864
-6402
9402
7667
4281
-5362
8691
4297
-7628
9460
-4165
6676
-9611
1563
5985
-5552
6223
-1434
5287
-7621
-2137
6579
-9338
7325
-8113
7536
2059
7791
766
8525
-4361
980
3975
3062
9381
-2881
-113
9484
-7464
6879
-2358
3115
4533
7326
6377
268
-5323
-5762
-843
4191
9931
4264
-1433
-4656
-8066
3921
-2243
-943
-468
1606
-1871
-2647
1066
-4884
8813
3958
6604
-3132
-2272
-4832
2729
-2800
-16
-6850
-6815
6077
-4456
-2421
-8147
5204
1825
-3505
5552
-9140
-6967
-27
-1006
-5386
8083
-8781
-5325
-7371
-1558
-750
-8642
7026
6921
-8508
4061
-2871
5925
5657
7602
-6325
-7751
-7077
1356
2760
-4452
-2201
-9624
9298
6830
-3469
-9762
8350
1229
-8678
-391
4437
-1912
9019
-9741
1982
-2089
-4263
5959
-3449
-8997
2758
9412
-447
-4939
-6724
-4242
-5237
6671
2628
-2735
-6465
121
-2363
1421
-855
-6065
-3420
-2251
2152
-5086
5262
-5679
9597
6922
-4723
5028
-917
114
-5403
-3133
-8942
-2794
-4737
2924
6748
4361
-7742
3348
3536
-869
8238
-827
2314
3967
6788
-4322
-913
-4434
9547
8976
9852
6505
3772
9313
4145
-8493
-3795
8015
-1257
8515
5976
401
4120
-1534
-2323
-7914
-6348
-5385
-283
6166
6644
-8962
-534
4370
-725
5336
-5529
-3362
-2059
-6203
9006
-8846
7199
-1773
716
-4966
-7573
-1987
-1206
863
