8466
-6651
-9381
-4821
-904
-3242
-2938
-1753
-2536
956
3818
5344
-3419
-9354
4759
-9556
-4258
-7551
-7733
780
-7838
7972
-8041
-3606
-6521
-1131
5509
-8198
-863
-2292
-580
1601
-3999
-1075
-9626
-6291
-4954
-9339
-6905
-9337
-4195
-1002
252
4640
-6422
-9856
3788
8913
-8851
7872
-3755
-9270
8032
7047
2891
6619
4671
2369
4694
4401
3811
-2175
-1376
6639
-7267
4841
-8367
-2762
-6258
7527
-3785
-9197
4804
3541
3487
9354
-8653
-9750
1019
4284
-263
-4444
7047
-6047
7646
-9077
-4743
-4598
-3796
-4373
5955
6895
-3845
-2436
-8015
-3826
-9085
-1720
2506
-6549
579
-958
5489
8907
-186
1498
-3257
-6649
-3542
4890
8987
-7406
7767
-3991
-3380
-7582
-6501
-1425
-6772
-3623
6221
-8760
1066
5490
784
3448
7346
-9591
-5567
8260
9037
-6903
-8722
9713
1080
-9572
4611
-7831
2757
5888
3752
9459
5510
-9202
4290
-1311
-7391
1094
2374
-6962
-2612
-2904
2665
-4039
8097
2573
5657
-4055
8876
5714
5489
-7500
-721
-762
488
1088
1507
8147
8813
-2374
-2448
2516
3262
-9374
6559
5228
-2555
-9242
4506
1556
-1207
601
-7336
3343
-6506
-8706
-1472
3237
-9037
-1227
3877
-1012
2683
5193
-4258
-6006
1133
-2371
6841
-2248
506
1184
6352
-4431
1944
-8201
1609
3610
-3725
1133
5370
-1190
-9806
8330
-944
-8601
-551
6840
-4511
-7909
-1864
-2223
-6997
-5528
928
-8530
-965
7207
317
6131
6009
-7471
7406
-8386
-850
867
-2644
-5555
-1511
-5482
-8545
5818
2762
-1480
-1050
8745
4354
-8662
6301
-6200
-4483
-7471
8785
9245
-375
-7223
-1343
-7354
-9943
-3879
3564
-8001
9036
-7202
-2744
520
-5986
3766
762
8015
-8845
-7928
-983
5083
1027
7661
-1597
7083
-7881
-5894
5722
-8818
154
-896
3976
-6600
-250
-1163
-2284
7888
3758
1233
6216
-6957
-1778
4936
3285
-3384
9260
1659
6334
-2528
785
9418
4375
-3641
-7994
-5733
-2086
1757
-2229
3618
-5510
-4096
1833
5368
9473
353
6070
-1209
1727
-8950
-6611
-3430
-9886
8105
3157
9086
9848
-1385
1929
-6040
-8607
-2320
4459
7752
67
1598
-9404
1953
-9844
-3387
1973
-7171
-3859
4403
3925
-8909
-6008
-490
2110
4208
2172
-677
5011
9328
-1415
7963
-4898
-301
-321
-9378
7808
245
3125
5300
4812
496
-8555
9425
5829
4845
-4090
-6333
1549
7469
-9730
-3170
9979
-5510
6332
-5574
-1575
6679
-8026
5744
-951
738
4328
2243
-3770
1281
-5177
-7017
-4564
-825
-1306
4975
4967
-7921
3133
-5431
2102
-9695
-3640
2732
-3738
7072
-4615
-5483
233
2757
-1049
9905
3220
-4008
5500
-3087
-7583
3176
2786
-6136
6314
9089
-5497
5596
-7521
1431
-2524
-3852
9085
8447
-6030
-5733
-9234
5560
-7116
9026
-656
8750
-6809
1183
-1667
-1956
6945
-3175
-452
2132
5003
-4119
7388
-9111
8043
7096
6088
-9967
3481
7401
-5953
-9180
-8684
-9347
-7725
-6578
7055
6724
8845
4762
-5644
4998
7233
6546
-8177
460
-551
759
-7819
2629
-2951
-1730
6032
1456
2851
3722
-7401
119
3395
-6650
5472
-7548
1885
3544
1309
2199
-5711
-3341
4739
-46
-81
4898
-8065
-5305
7206
-9341
3416
-1946
7492
-8295
7811
7722
772
4916
4563
136
9637
-3146
-5665
5531
-7527
8181
-7469
8337
1396
-7714
1116
7370
-2488
9231
-9979
62
-9044
3336
-8638
-3513
-1605
-6918
1831
3316
4986
-2794
-7234
7278
965
-4422
-2948
-1336
-2264
-5234
9099
9269
1496
2225
3146
-6091
-8409
-2490
97
7458
-4984
9642
-2181
3822
-710
-4219
7244
-8624
9734
8527
-1595
-4379
7462
-1715
904
-9146
-6679
-5293
-2304
8600
-2274
2799
1879
-5662
-9272
-9883
4369
-503
999
-2649
6098
-8605
-2974
2817
-7897
-3540
-3358
-7968
2093
4118
-2664
-3949
6523
2676
3837
-4372
-8969
2363
8778
-9074
7410
6553
8912
-9369
-5049
2721
5520
-3006
-4216
6486
-184
-5822
-9900
-8905
6939
-276
-1975
-1558
-5489
-3283
-4927
9480
-9212
7061
5333
-1575
2559
-7063
239
-1806
9951
-500
4092
-2125
-2295
7440
7977
-9914
7837
-4014
-2491
-8513
-1231
3879
-4802
-9310
8427
9765
1198
-7824
-5255
-1645
-8728
-4232
-4437
1900
-3422
-867
-9160
693
8017
-5355
1322
-6686
9123
-8270
-9087
9228
2309
-8454
1484
-8201
-3745
-7467
-7449
-6797
8694
7041
2918
691
-425
9856
-2379
-4316
7920
4474
-616
-1227
-7123
9863
6302
907
8430
-3548
1564
-8814
-2612
-188
676
9920
-8424
4081
-6630
8562
7791
9983
-6491
9040
-8645
-1495
-5179
2059
-1239
-5215
-2579
1846
-1077
1909
-738
7592
482
-2985
-6328
-710
1256
1743
8508
-6326
-2898
-4048
3844
3426
4390
-2346
8078
-3095
2722
298
9151
8439
7977
2653
-7133
2919
-3082
-6480
4494
6069
-6124
-5380
4485
-6900
-4520
7869
6310
5600
3257
4773
-3254
-3611
-3940
-8202
3941
-631
-7418
-6394
-7512
4624
430
-4593
666
7565
5849
1988
-8213
5297
-6904
8710
-9107
4609
-8048
-4904
-6723
-4472
9004
-5953
-5597
-1190
-4009
-4103
-6786
9196
5213
-6912
-562
-149
-7819
-7245
8227
3111
4623
-7841
-4510
-7607
9334
-5875
8228
-9641
-1304
9424
1667
7882
-9096
8202
-8485
3612
6712
5580
5864
-3341
4228
-7493
9079
7432
-4099
-6568
-5719
1572
5457
6581
2366
468
-1341
3149
8697
-4750
-8001
1498
2723
-2757
1168
1064
-6115
-8594
-1487
-9735
-460
6672
-202
-7588
3664
-782
6605
-1152
713
-2689
-778
4411
4514
-1222
8703
2026
657
7876
-1976
-3611
-4579
-9051
997
-5256
841
8248
8819
-5972
-2008
3747
2611
2237
-8974
-8613
-1078
-3408
5471
240
-9136
4400
-6982
6040
5624
-9748
-8311
-406
5895
4930
4650
5595
8787
6645
8142
5816
6621
3675
-5682
9458
7656
3854
-3941
-9140
2739
746
4485
3074
1759
5659
5234
-4070
-948
-6820
4509
4457
-9094
-7681
418
6165
9287
-653
-1453
5282
2921
846
-3808
-9478
-4410
-6814
7166
4904
8293
1759
3472
6370
-5226
-9139
-2560
-933
9749
-1246
4424
378
-630
7923
354
-2491
-4125
5319
-4250
-4528
1510
1349
968
4802
4927
-5327
-733
-9972
9718
4175
7396
6223
7209
-6542
3544
2334
-9214
-9167
7369
-1372
4397
-6953
-4580
-5647
7069
9302
3625
6472
-1021
507
-4011
6261
-4522
1247
-5626
-5547
-7776
1566
1606
-1613
-792
3108
-8517
-8606
7884
9838
5414
-1233
4842
-1983
7666
-5443
-6174
-7540
2365
9868
2772
9294
-9594
1189
-4849
-3040
7864
5123
1065
4434
-2628
-2245
2378
7753
-3946
-4475
8358
-9723
3077
3742
-4446
5534
8071
9070
945
-2181
5278
2133
8433
-6337
7106
4166
9699
132
6303
-9086
-5333
-8387
-3604
8615
8621
-5141
8674
5280
5596
5634
3904
-8264
-7697
-2293
-6891
5251
-7811
9737
-161
657
5265
4324
6091
-6924
-1680
8343
850
924
7598
7610
3676
1950
-9242
3912
6837
1233
5868
525
-7206
-5501
773
-9859
-2559
8697
-3224
7170
4397
6632
4327
-3247
-4414
9113
7153
-1981
-3537
2862
-344
5818
-909
-6413
4826
3236
-5136
5098
-5287
7593
-1647
-219
1630
5951
-8141
1542
738
-9823
4717
6380
5575
-7185
6525
-1695
-6914
6526
4565
-7866
-2773
-9259
4576
4119
-2039
-6381
-4910
-5916
1687
-8893
1708
4069
1511
9244
-3775
-3816
-6338
2775
109
-9631
-3331
4019
213
8184
-1178
-2563
1053
-7504
-8711
7169
-4779
-5159
2810
4837
-8190
2061
9333
3607
-8343
-1360
-6257
3998
8636
3813
5183
-4234
-6291
2014
-5982
8630
5186
5908
-9420
6875
-7706
-1119
4341
4325
-5469
9816
-9216
9875
-1573
1046
-2672
-8496
-6363
-3807
4021
118
-4610
1437
-2717
-5157
-4494
-377
5189
-9711
7767
9808
8566
-206
-6135
-1239
3414
-8107
980
8718
-1825
-203
2332
-1020
-2926
8920
-8243
6900
-5199
-157
7568
3297
-3886
3184
7578
4236
2182
8325
-2793
-5103
-6927
3318
2952
2949
3065
8535
-6139
8530
6288
-4562
-7741
-9906
9931
3040
7137
577
-486
3123
1785
7410
-5864
1409
-2757
-4856
1968
2814
6619
2365
-6032
3465
-6098
-1307
-9695
-4420
-5945
-6191
-877
6776
1039
2542
-1092
4562
-920
383
4075
-1708
-8670
7960
-2325
3320
2321
5087
-480
9548
-3844
-9258
-8336
2356
-4168
-583
-1739
-1705
-2637
3475
6591
7817
5871
4049
9782
-492
4068
-2203
-976
4754
-2465
6497
870
-4506
-1876
-8091
4803
2334
5019
-7262
5405
-4105
4692
-2291
-4349
-1590
5765
5924
1201
4997
5410
-8953
-6897
9971
-5050
-4048
393
441
3091
-5425
9703
-9449
9648
1623
-2704
-5076
3217
9284
8851
-7445
-4522
-5590
-249
-5881
-4601
5821
-9428
-2324
2609
323
1571
8273
-3803
2131
979
7725
9678
-2474
5114
-7852
339
-6419
4669
-2476
3855
-5042
-4827
808
8530
-3679
1115
5362
-1870
-8053
3074
8483
4291
-1355
323
6490
-6602
5746
-8584
4107
-7700
-1137
7675
-9521
-2993
-2630
9596
2215
-4645
-5508
-2419
-1521
-1892
3311
-4920
3749
-3397
-189
7600
9694
3920
-3461
-8104
2352
4393
6110
2879
-6741
-7903
1815
2392
9870
-4091
7026
-4189
9124
954
5582
-6685
-1558
6182
1439
-6665
-4976
-9781
4148
-5185
-4008
5997
-9934
9808
-916
-5277
8453
5927
-1301
6430
-1571
6306
-9543
-4972
5937
-5891
-7391
-6188
-5468
8484
-1842
416
3418
2888
-5236
-3696
-6205
8806
1282
-9060
2803
6921
5672
-2473
4182
-3384
8848
2711
-6999
6203
1544
6307
4562
-9942
-777
7121
5926
5551
5111
5031
938
-4173
-3247
-9796
4994
7320
9208
4246
-2350
939
-780
-5578
939
7602
-5203
-4794
4786
-9259
-7618
2084
2405
-2867
-3235
-297
-805
-2527
-3827
-9565
5136
4747
-2746
-3603
3407
7915
-391
2257
4187
3159
-3826
-5442
-2791
1386
50
799
8007
-461
-2358
1110
-7130
-7290
-3136
-7774
1810
-1832
-4492
3526
988
3967
182
965
85
9590
-8441
-3442
-7527
-9302
5536
1375
650
-1609
-4114
-172
-3129
2703
8762
-5598
-5122
-6568
-3588
8622
-5561
2407
3067
4599
-3193
-1201
7942
959
-9327
9598
2529
3483
581
7254
-8433
3748
4326
-3258
-2366
9314
3062
-8344
2553
-3851
6462
2202
-9019
6560
1444
-9411
-7951
8934
-1334
-3248
-9297
-2240
-4870
-3963
-9743
-890
-4635
6963
348
5329
-2350
-6810
-9203
-2999
-5394
4927
4711
7501
4880
-2472
-4366
4147
-703
-4969
7203
4779
-3048
-1975
-5520
5924
3046
3311
-2905
2164
7501
-3207
-1124
924
3878
-5070
8011
5807
-2165
2553
-2140
-3059
9574
-7067
7770
-9800
-2590
-7987
5297
-3222
-8394
9380
-8321
7157
-4308
-6322
-8288
6097
-9583
4588
-1638
-7048
-8588
-9818
-2418
-6463
8249
6165
5371
2865
5470
-9833
696
5792
2151
9943
-1827
-8186
6461
7721
1897
2469
9018
-5116
-2852
-205
1771
5674
-3579
-1451
5551
-3714
-9875
-2707
9478
2692
9590
-1698
1727
9998
868
-3149
-6507
3385
-45
-2171
6540
3718
8476
-915
3795
-9804
-4308
9745
3813
3688
-6090
-6336
532
-8989
9958
4838
9221
-606
1103
2512
4867
-1432
-3277
-3089
2141
591
7113
4543
-946
-8162
-9242
3890
8477
-3349
9338
3205
4680
6618
-1543
-9111
3093
1446
9993
-2669
-3116
8042
-5633
7824
2969
9606
-2885
4316
-4799
1560
-316
5355
-4736
-5505
-8994
1225
-1009
2659
-5878
7476
-2710
-5975
-7286
-402
243
-6247
-9271
-3065
-6052
-5103
7524
-2328
849
-7007
-9370
1050
-6209
-3126
-4332
-9880
9171
2216
-7781
-9960
8240
7607
-4266
-1212
3096
-4747
3243
-902
2184
-814
162
3661
3399
6442
104
-7282
3089
9749
-9503
8237
-7740
4538
3897
-7094
-842
-7785
6071
6793
4729
-6368
9512
6096
3424
9341
-6646
6412
7918
6
9981
2693
-9736
1551
-6998
8112
-2105
-1064
6371
7846
-615
-9371
3946
9422
-6854
8344
-1813
-5834
9186
-3059
2721
-2899
4580
3516
-5153
-4174
4168
-9490
1413
5168
3115
-2547
2249
-3542
-2278
1236
6740
-3543
5114
-9051
5410
-991
8371
9869
7917
9808
9192
-2274
-3997
2307
-4423
2419
7859
3219
184
4895
-1681
1809
1026
2449
3499
7312
8392
8350
8376
421
7494
-9671
-9464
7566
220
5863
-7349
-5332
9240
-4572
-1868
9519
5066
-5894
517
-7071
3533
6974
1492
-9377
-5860
-1181
7442
2303
-7291
9989
-8091
-1710
3139
-1088
6018
-3190
3023
-3307
-100
1295
-5020
-7444
-5383
-6607
-1564
2260
6489
-8677
-7977
-6570
-4035
-9066
2736
-1612
-28
-1519
-5792
2699
8682
-5636
-7558
5526
3719
6313
-6562
-464
1822
3709
8150
7634
4653
7517
-156
6673
-8569
4909
3959
7677
2052
-3699
992
4045
5719
-977
-5433
-3649
8747
2744
-3522
-2122
-8583
1950
-8790
889
7856
-706
307
3033
3579
-7453
8000
2075
-8921
1371
-5074
-2321
-7097
-4424
2625
-4553
257
-6099
-5621
-7521
3647
7093
-2641
-3963
-6771
6021
-3959
-9682
8793
7534
-3880
5586
5014
1155
3590
-5538
-4883
7617
-220
-7376
-9718
-3514
6273
-507
82
5668
1165
1118
-8576
-3783
3191
-5239
-3721
3670
5937
-644
4536
3617
7881
873
-3463
-3314
-7718
-8572
-7340
8156
-823
737
-2292
-1732
4174
5504
-8592
5803
8056
-8651
5841
-222
-2898
8120
-7103
4850
8728
-6558
3070
-1792
-2895
5130
3761
9020
-8932
6655
-5776
5836
-5755
2519
7708
6488
-1738
5735
4983
775
-2632
-2033
8052
-9463
-5785
1928
-4683
-7969
-5672
-9344
-7893
-3893
-7331
6536
-5958
-2731
5026
-855
-9919
-1361
-3128
6159
-6982
-753
-5067
581
-5320
-7754
-4019
-2815
6914
-779
-5955
-1041
-279
-5763
-1631
2228
4185
6830
9180
4629
6815
792
-3049
3009
2198
-5811
-8216
4391
7209
-2341
857
1894
7933
8814
-7918
5661
3795
-5438
-8425
-2762
1476
6948
8790
2501
8356
-9190
2825
-9606
6980
-5001
-4775
5386
7893
-2018
257
-6175
-8055
-8766
5669
9085
-6026
5651
1383
-7452
-3114
4346
7826
2182
1774
-2448
-6419
701
-8660
-264
-9258
2175
-9982
3123
-2412
6240
-1037
5689
-7783
-2615
153
-4431
7538
666
-9655
-604
-3343
-1210
-2930
-8899
9844
7710
7177
-6244
8129
349
-6005
-1168
-294
4422
-4706
-6601
639
4003
3698
-8004
2503
-2884
-2450
4346
2318
-7423
6969
1575
4052
137
-8893
6969
-7892
8599
3120
8035
6761
-1539
-3972
-1455
-3046
-2924
-6948
-6005
-5800
-5213
-4266
8334
-5568
-5001
-7604
-2017
24
-7825
-712
-8412
-8596
-4039
7908
2483
-8419
4342
1845
7997
7102
-1795
-5403
-4268
31
-7005
8086
-965
1245
-4487
-6866
-8440
-7270
-1188
5065
8455
2721
-2647
579
4258
-4973
-8337
6506
9542
2751
-5337
-3077
2970
-96
-8711
-9671
-8685
-2835
-7689
9663
3497
-9436
-9080
8869
-8287
-1904
3207
-420
4575
5251
-3115
5052
7179
-6004
-4781
-6006
410
-1166
4638
-1987
8351
9148
849
9967
9436
-3249
-6436
2025
-1745
6465
5664
-6835
-8233
3643
-9840
6972
-444
-3277
-5109
7766
5180
6626
2754
-2063
-1057
6243
-1991
-7990
-914
-9493
-6342
3560
1643
-5197
7282
2800
5162
3134
3048
-2966
2971
-6819
-6239
-1373
2020
-9704
1174
-3380
-1458
3761
840
-154
-8248
7244
3678
-5980
-4591
5376
2509
78
-1650
-3670
1414
-7170
-2155
8670
1543
-4374
9112
-4975
-3498
-9362
-9098
615
2207
6223
6363
-5058
-9991
-941
-8337
5454
4939
-8018
4037
-7045
-4608
-3386
-4338
3138
-9604
-6480
7103
-8489
7630
6081
-785
-7512
6245
408
7227
-5337
1734
-1801
8162
-5404
2283
-292
-147
2039
5921
8406
-9556
-228
-7604
-1574
2623
-7688
-5243
-4725
5528
6254
1471
-5793
-6042
570
6527
1160
1336
2158
7734
-6391
6230
6004
2787
7997
2363
5007
7245
-8419
-1566
-4869
1521
6955
6052
8286
-8957
-3917
-3948
2680
4587
-3959
1174
126
-3630
7216
9689
1615
-9858
3661
-7746
347
6604
6923
-9918
359
-7344
-8700
-3427
7455
8574
3845
-2543
9165
4981
-9236
4701
9229
-5815
6616
367
9998
-1784
729
3679
3025
-3810
-9276
2400
-4158
8553
507
3829
-4435
712
7564
-7967
2258
8835
6105
-466
5431
9598
-3186
5657
3941
-5331
894
-4312
5624
957
-7809
-1699
7220
9443
-5009
8953
-2779
9350
1046
-4831
-9818
-4166
-2077
-5508
1213
-698
9180
-7227
-7408
-3009
4758
339
9205
-9138
3903
-3561
-6111
-141
-4609
4109
9061
4889
-2799
2776
-9150
-9471
4269
3021
5961
-7085
-5864
-9617
-51
2837
2481
-5555
-4215
-8003
4785
-5522
-7244
13
-4964
-515
-2076
-7644
-4269
-915
-7484
5732
-6623
-4717
8726
115
-7150
-3489
7949
-1404
3127
1136
-9581
5744
-7559
-9545
9400
1741
-2353
823
-8540
5384
-8891
7950
5303
-8977
8698
4433
-8312
5843
5845
8801
-4277
9876
-5777
1653
2458
-7901
2282
1341
5754
3233
-5515
9387
5275
838
-9167
-8225
-1251
-8049
4127
-1986
-8162
-9934
-9352
5680
6109
5088
-8010
9363
3589
-5880
-8449
1652
9105
7004
5046
1307
-318
-7546
-3568
-6492
-9812
4739
9332
-8817
5993
-2055
4153
-3267
6080
379
9824
-5772
-5744
-8600
1707
-7250
-6538
9175
5935
-6768
7929
-4960
-7625
-6673
-5495
5909
5568
9430
652
-8148
927
9310
-105
-3318
3600
-2025
-5190
3152
133
1955
-2208
2753
1332
-9703
-4956
-6198
-6031
2369
-9708
9788
9903
5168
1141
1490
-4613
5768
4878
9956
-3179
-2122
8655
2870
-1926
419
-9476
-2316
-8130
2288
8513
4348
-5093
9418
9055
-1049
3194
-9328
-5286
-5932
6278
-8214
-1345
7775
-7641
5494
761
-3723
8826
-9961
6095
-9778
-7446
-9318
7438
-5713
7366
-3248
6255
-1856
5673
5163
7995
-7216
6110
9305
2885
1963
-7887
7962
9355
2411
-2124
8229
8666
-3366
-5590
-8958
2488
-902
2812
6320
7400
-8492
-3202
770
-1588
-775
-9386
9079
-9390
2169
6582
2603
8741
-2077
-574
-6960
-5066
-4454
3605
-8920
-2734
7169
-3319
-3424
-1754
-5751
9805
7409
-3129
-6897
-9731
-7384
961
-9395
-4577
-4541
-3235
4026
2056
-4600
6070
9424
5968
9567
8115
-7889
-9908
-5095
2817
3710
-4547
256
-6255
-6679
6526
-6171
7436
-5160
9368
6194
6033
-6353
-3323
-3082
-9860
6174
-1531
-7983
-619
7574
-4472
-1947
1852
4059
3361
3134
7438
-4644
-5786
1965
-2459
-7595
-3695
1995
829
2873
4671
-6510
5659
7445
2294
9524
-9034
3333
-381
-5160
-7599
-5609
-8888
-1232
9149
-6430
-6350
1257
3293
-1608
-4865
-4111
6167
-8258
8859
-2039
5173
5605
8099
5876
4757
-6159
8788
939
8367
1158
-3942
-8330
4889
-2454
-5717
-4106
-98
-2780
-7872
3185
-4971
7777
-6127
5718
3069
6034
-7819
1143
8593
7964
-9972
9176
-5245
330
6661
-7580
-3546
937
-2364
3721
879
-7131
7920
628
4219
2536
-9638
8568
198
-8771
-134
9994
-1033
2738
1552
9114
-7610
-5561
-7952
7331
3026
6204
3886
2298
-823
-1398
-418
1474
-2223
3620
-8184
675
5765
557
9494
-4377
-943
2744
7913
7286
-4666
-872
-4291
-6049
5647
643
-2783
-5878
7219
997
-9044
9335
-3483
1024
5497
-3566
7167
1941
5324
-7844
153
-3148
-7679
-5483
-9221
5571
1499
2845
227
1228
4248
3509
-3693
-5291
4956
7464
3554
-5798
-7984
-3636
-8708
-6572
-5086
-8994
3884
-965
-8559
-9049
-2398
-7541
-7533
2629
8346
-4008
2768
-8480
-9951
2329
2741
2465
8915
6265
5249
1922
2896
-2354
4272
-8066
9492
6750
1419
8261
515
3263
4930
7428
4734
2452
-6903
1904
5757
7694
-1186
-9662
-9280
-1750
209
7961
540
6586
-8913
3201
-8473
9905
-7903
8069
7824
4210
5946
7876
4253
8058
4048
1418
340
-4625
9459
-1658
-2318
9694
8160
8044
-8350
-9755
8689
5403
-9207
-1007
-8439
-3974
1331
-1781
5998
1406
-424
-4111
-9539
279
-956
5037
1780
4101
3256
4556
-6624
614
5266
5123
1233
3711
387
7071
-9978
-4317
-6405
5402
-3501
-6176
2975
6009
6925
-4624
6804
3612
6178
-5185
-4295
9405
305
-4085
-1204
3750
707
-4619
7606
-8125
5286
1749
4388
960
-6658
2234
4349
-4029
-8747
-9176
7019
-9586
-5411
7908
-1338
3603
8005
-4865
-4452
7119
-6243
2257
8049
-6003
-8137
9153
5916
-9201
-323
3962
7659
6958
-9659
4159
-3941
3408
-636
-6607
7958
-2469
-816
5853
6415
-1988
8329
-8359
772
-8770
-1236
7807
6157
-6265
-8498
312
-1028
7468
6228
8702
-5377
7888
-920
-1806
9089
7328
-3446
-8172
-4924
-4639
-3728
3550
2503
6646
6214
8036
-692
-973
562
-1867
5789
-2644
-241
8506
-2069
-6012
4175
-9880
9391
-6843
3000
-1431
-9811
-4158
2018
-3956
-1450
7858
-7524
-5153
-3230
-6052
-1811
-6238
8500
-5556
4876
8040
-9075
47
7604
6577
3750
3025
2052
-271
-6980
-6904
-9335
-9685
-4056
-5299
-4576
5940
8883
2912
-1402
-5832
9240
6284
5541
52
-2272
-9107
-8235
5911
-9878
7831
5355
7482
9668
-6808
7411
4180
2184
7404
-8957
3458
9205
-2149
3282
-4508
-1136
-3278
-9750
-7655
3701
4812
-6650
-8456
-5470
-8726
2012
6456
8109
8652
8483
-5986
-670
9131
6051
-453
-7709
4407
8194
-2149
8596
8473
2847
-6769
-1954
-7194
-9468
-5554
-4882
4131
-7455
-8253
1319
3985
9171
6938
7722
-1454
2914
-4133
7073
-8755
-7328
8665
4202
2036
-8925
9196
6319
-5497
8692
-8479
-2788
-2146
-2058
-1054
7213
1808
-8900
3306
-3118
-266
-6737
-7583
-1738
-8226
735
-1462
-6717
-5158
8781
-9087
5899
1032
8492
4053
-4784
8440
-5726
-2274
9752
8694
965
8915
1669
8080
-720
5607
-2121
-4663
-6054
-2888
5187
1786
-9226
8094
7405
-1707
2508
-772
-7381
-1713
301
6102
-4346
5479
6802
1763
-1897
4443
-6706
5250
-9152
7526
-5668
6697
-6570
-2685
-603
-6964
7843
413
-7276
-1930
2382
-7635
4102
1754
5221
-179
-6584
-8162
-2407
3446
-6410
3792
331
-3803
-2852
-5029
6886
7742
-1843
3855
-801
1894
9841
4792
-3061
4647
-5460
-204
-950
-9274
1695
-927
893
-9239
-5572
9477
-1040
-8679
19
-9956
-8318
-4906
4889
-2152
-7550
-5250
159
-7321
-2145
7528
-4563
-9667
-6873
2022
7190
629
-3262
2946
-7874
2750
-7297
-9102
4630
6098
7243
-6648
-2836
-3047
-6667
-1733
1364
6500
4035
-7131
5462
2604
-5608
-4932
-4819
1450
-2810
-6872
7960
8280
-8685
4915
870
-3341
660
-7370
-8605
660
8397
-9979
3497
4751
6228
-7180
-2560
-9539
9369
6064
-9698
5643
1939
-4414
-5386
547
2646
-4667
-7672
1185
945
7623
-3515
-9983
-2450
-3313
-8768
3494
-7422
-1533
8435
-7435
299
-1285
-6219
-3142
1354
-6563
-3847
-8246
3868
5794
6161
-8730
1439
3573
7551
-405
-467
6297
8951
5361
-2237
-7799
-2318
-2929
7526
7148
1285
5330
4212
8399
2510
-5313
4966
1285
2133
-6839
-7783
2577
5705
-102
-6848
152
7989
9081
-5030
5717
1075
-3178
2163
-7528
-5448
-4492
-5179
-1478
-8789
-8812
7172
-7495
1623
-1497
2501
8288
7193
9066
-4152
-9207
5399
3579
-7764
1197
7022
-9604
-3954
-3675
5043
-2985
-6864
-513
-4399
-6489
-2242
-253
-168
-9881
-2763
1193
6900
-1040
1797
-3032
-8564
-291
-9385
9406
9404
-2305
-5776
-9819
-907
-8635
-8580
5236
9030
9237
9298
8917
-8848
-3179
-3810
-2954
-884
7133
9256
-1388
4488
-5232
-6671
-2823
-8890
-5406
-4715
8991
1756
5390
4899
853
0
6271
2803
513
-2687
2670
2982
5487
-284
6400
7458
1655
4122
4839
-9021
-2629
6903
-6126
926
6195
2818
-762
-3960
-2985
-6495
3269
393
-8616
-9495
-8089
1830
-8146
-453
-1143
-4619
884
-4815
-2107
2132
-4367
-4128
-2825
7978
-8588
-2810
-4065
-7999
-5488
2443
6254
1772
4121
-9754
9812
6256
8930
-4658
-7218
5205
7116
9010
2039
8033
1233
-5037
9826
-907
-4810
4824
-1982
1041
2057
8664
-6507
-2375
-7547
-616
8867
7154
-8108
-4194
-2122
-3235
7120
9741
-7956
-1439
-932
-7760
-9255
685
-8121
-9241
-482
1245
-5016
-4827
-4261
-8026
-5029
9609
1311
6506
5146
-9228
-6121
3639
-201
-6042
-2651
4876
4465
-1150
-2702
-6309
487
-9226
-4616
-7835
-7180
-8334
1464
9277
2637
-6130
-5985
6397
-2361
7224
-4216
-7886
225
-3837
-950
-7556
7774
3354
7953
-8230
-7258
-1913
-207
5096
5198
-2701
-6383
6667
6188
-1324
-7172
-908
1175
-8285
9185
2588
-502
397
2680
5434
9622
-8759
8586
9327
4604
855
-3955
-8385
5274
-8253
5315
589
-6173
9417
6193
3349
-9380
9232
8518
2284
8688
2968
7572
2444
-1618
2618
6688
-2139
4338
-7828
1001
9625
4656
-1941
9196
-1993
9975
-6101
-8444
3793
315
-776
-480
-134
-1350
-4632
-6126
5339
8782
5215
1477
-3568
3286
4572
-1444
2243
4807
-5651
-5350
2619
6009
-2055
4915
-4376
7339
-4606
7095
2714
330
3004
-2959
7130
1543
9888
-9096
760
6853
7566
-9859
8007
4640
-4807
-7190
5988
6937
2189
9709
2310
9523
9738
4322
-7636
-5578
-9843
1663
-6550
-2589
-1758
-1357
4376
-8923
1403
-4326
-727
4728
-1640
7113
2849
1604
3686
7579
-3091
6929
9948
2199
5195
-1590
-2166
-2689
3542
-4431
6494
-3712
-7966
2756
-8869
3996
4279
5875
9917
381
7305
7855
-8446
8018
8844
6399
6637
211
-7764
-7094
7950
8285
3193
-6123
-949
-5207
-4655
-15
-8307
-6723
-4920
7966
508
250
2310
-862
8008
-4908
9275
1244
3964
5687
-3138
-145
-2005
1015
-3104
-9995
10
5717
4854
-7583
1344
776
341
7466
9598
7127
5773
-4130
-1527
3272
5194
-726
5570
-5467
544
3276
-114
-4875
1651
1832
6488
8217
1205
-4320
-6578
-7165
435
4501
3889
7034
958
2810
9913
7140
7058
7741
-4746
-3630
-522
5836
2011
-538
7079
371
-3390
-6368
9467
-2394
-7306
1594
7227
2882
9631
-7132
-7401
-1489
1703
5049
3508
5594
-2367
562
2403
-3194
-6296
8738
-9921
4535
-412
-193
6566
346
3875
7568
-3937
9007
4817
-8604
-1060
1086
-8748
2211
7355
7268
-9432
1113
-5568
-4923
-2862
-8336
-3676
-9286
8978
5123
-9508
-7541
3754
-4691
5629
8007
6368
-9650
-4891
2012
-2322
871
-8973
-3084
3560
-2149
3232
-6645
937
8068
1223
3502
2677
2159
1369
2139
4893
-8649
6417
8062
6665
3884
-3587
-3249
-2711
2866
-9567
5157
-1246
-2239
-9931
2659
-3298
3525
-6922
5788
-2412
-9471
-3076
7251
479
1930
-678
6262
-6238
1885
8663
9477
7893
926
9270
9530
-250
8782
6449
-9014
-9781
-3362
6870
6593
8125
-8152
2192
-2411
5657
6791
-8235
1930
1968
6206
2619
916
9380
7726
-7533
9403
8926
321
-8387
9179
-5632
-1279
-2273
7557
-1403
-7448
2402
31
-9304
4499
-5985
5795
2631
2582
3385
3025
5810
4225
5776
-5345
-1843
4335
7073
-6946
-2823
2786
3389
1476
-5831
7212
-9931
8974
-6456
-7359
908
5914
6119
2630
2751
-5706
7379
1298
-4742
-891
3531
-3274
-4046
3721
4891
8284
4004
-8777
4400
-7853
5590
9895
9455
-2575
-1942
-3747
-5172
5816
5010
4153
-6701
-1211
-1537
-4420
-4680
-4114
2805
-9853
8396
-6477
-8911
8916
-5831
-575
3668
-9506
8411
-9446
666
-6278
963
947
-4510
-6018
4169
7930
3803
715
-7639
9202
-4051
2151
-6593
4644
9340
-7583
-4135
3155
-1376
-3407
-4071
3928
-3271
-2583
6369
9978
3326
2013
8420
-7814
-987
8098
-542
8667
3116
2227
3385
-4796
3810
3125
-8241
9051
5060
-9628
8666
7085
-8758
-5740
3261
9394
2782
-9622
4977
4707
-5172
9551
-1911
-7174
-804
-2825
8159
-7230
4357
-8076
-1055
101
1886
-7547
2839
6463
844
-3491
-653
6953
-5004
2048
-8663
-5944
6429
-8707
43
-284
1347
-1782
-4580
-5524
603
4195
-9748
5601
8222
9306
-9223
1886
3524
-3535
-3044
-4051
-3244
-7070
-7860
8305
-141
4113
-4056
-8206
3688
5759
8945
9474
6630
-1913
1637
3016
8406
-3401
-5769
-9723
2753
-1865
792
6494
-2164
2933
1220
5437
-6279
-7674
5899
7201
4809
-8412
6155
5009
8107
-7588
2491
-8115
131
-2573
4403
-2132
9216
-5049
6848
8940
1804
933
-9892
-771
-3075
5665
5171
-1429
-6302
124
3925
2610
9650
-4460
-6578
4797
-5154
-663
-3096
-319
9637
-9838
6696
794
1442
-6847
-863
-2443
-59
-3206
1093
490
7902
8973
8287
8245
-4855
5711
323
-7376
-6526
5570
1942
3315
-6587
6022
828
-3819
2051
-5849
9497
9267
-7921
5620
-8458
457
4200
-5063
5995
3358
-3987
523
3876
-607
-6073
-7964
6318
-6320
-9270
-904
1595
4249
-8572
8062
-1859
-9259
5156
2539
6904
-8650
3227
-2883
-1902
-2915
6767
6544
7457
5225
-8325
7907
-2721
5117
-224
6323
8762
4666
5710
-4402
-9904
-4751
-3959
-3196
5335
4949
8144
8827
-1909
3057
224
4641
-1793
-9259
9615
4019
-5367
-5584
-5409
1595
612
3420
-3464
4849
-5125
-610
328
3759
-5838
-4894
5723
3540
-4556
2360
4084
4357
4492
-7920
3545
2349
-4127
9840
-7653
-8293
-9931
1867
-1104
3811
8740
4596
5827
147
-3923
-2368
-7858
-1225
6857
3238
-8636
-959
6695
-7299
6545
4594
6910
3027
-5892
5244
6709
-2191
-802
9710
-9009
1368
-985
2193
4427
-2124
-4795
-565
2451
2508
-2555
7481
6823
-9691
-9728
-7815
-2047
7275
5194
4663
-1889
1092
4631
-8451
8757
-4172
2786
7568
4916
-4930
-1296
4409
2667
2645
634
7661
-781
782
-5748
-295
8788
-1849
5002
2803
-9018
7114
-1144
-2924
8707
-730
1206
-6371
-920
-611
9462
-7865
3579
7741
-3883
8160
-434
1491
1884
-701
-6493
-1024
-5576
1035
-3107
-1869
-240
-3179
4685
-2356
-2262
-9763
-9838
6757
-4409
6963
-4644
705
-6967
-983
4695
9744
3046
175
5582
-3697
-5083
5741
8561
7962
7530
-4423
-9311
-7824
-7536
8562
2851
3366
-1510
2511
7003
-711
431
9470
76
-9937
-929
9526
-5866
-1261
2306
7939
-506
8854
-1918
2497
-1228
5999
2631
-189
6675
-6215
6431
-6323
2039
2437
7681
-3789
-14
-374
8017
-6160
-313
-2776
2419
6010
-6342
-8469
2597
-8975
7492
-3777
-9522
-4867
9493
4202
-1646
9440
-3268
1096
9181
4303
4825
-1454
-7643
7893
-4848
-8941
-5804
-7459
-6872
-795
-4188
524
-7181
8331
-266
4466
7900
8460
-5666
4514
7157
-9808
-8828
-3722
6623
-9871
3832
3305
-7279
8909
2364
8078
-8830
-2265
1207
9698
6816
5214
2020
-9900
4197
3499
-3671
-6982
-950
8309
9958
-1434
6021
6609
7124
774
-923
-6455
6287
-9429
-3153
-2191
5609
6789
692
6316
5847
-5465
5873
3163
782
-2205
8090
4541
-951
-5920
-9978
-9005
5090
-853
1023
4531
8737
8039
5825
-9011
-3575
-4893
1686
4215
-4252
1028
-1607
6660
-1651
8195
-4326
-3143
-2903
-3644
2597
9643
8761
-9115
-4542
9726
8416
-2200
-639
-2649
292
2851
647
-1948
4921
-5455
627
-2449
-2616
6091
85
-7354
-4306
5312
3242
-7371
8668
9135
6427
646
2472
4787
5700
5726
3911
3189
4930
-9706
-623
7183
-4763
-261
-5101
-3035
7195
-3371
-214
-2922
-8782
8195
-6710
7756
7910
-6759
-2702
-2974
-8022
8934
-2411
-4734
-9193
-2500
-7726
330
5033
4013
1488
4586
553
8662
5855
3471
9312
6337
2571
-7271
-4952
6708
-4522
8263
3033
8310
9566
-2021
4007
5303
8301
-7247
7087
901
7175
6334
-7813
8285
7134
-7739
-9192
8225
-5872
1684
7409
7626
8660
2714
8347
4715
8737
6182
-394
-4707
-3268
902
2357
-4445
-5016
6845
-2694
5709
-3014
5047
7722
4689
-7799
6703
1998
-9470
8027
9774
3618
8263
-5691
4416
-858
-8599
6545
-3005
-4248
1746
-868
-6605
9974
7182
7207
