7308
8439
-2898
-5305
-8761
6674
-5086
1701
1835
-8357
6580
-9257
-6452
-4110
-8553
-1404
-6355
3249
4665
-9976
-8405
583
5089
-2776
-8737
-1742
-5127
-249
-7562
7885
-6221
3587
-7218
-854
3689
-7573
-6648
-4100
8605
1541
-5635
-3057
-908
916
3759
-992
-7039
-9982
2346
2873
-8191
3778
-2469
-246
-4612
-3281
8435
4761
7284
-3443
4140
6566
808
-8038
9174
6552
-321
-8783
2628
8141
-892
-8728
-5157
-5198
9997
1533
-4091
-7484
2385
-8931
-2072
-4076
-1938
8383
-7084
8150
-6971
1769
547
3631
3833
-3791
644
-5354
8626
-5690
-17
9581
8406
5897
-548
973
-1320
-4230
3060
-5479
-9791
420
6464
-5962
-2087
-883
-9145
-8859
-5387
9908
5158
-5681
7806
2719
9235
-2743
-7758
-8251
-7479
6146
-6487
8875
5195
-6760
-3650
-2815
9301
1700
-6413
2552
448
-4632
-9698
9087
9129
7132
8926
-7662
-825
-7290
6885
-5221
7554
9734
3209
3739
7052
3379
8341
-6362
-6261
9307
3858
-5269
2820
1401
7525
-1125
6773
-6640
-4579
4047
-4892
263
-6388
5128
1649
-3437
3830
-5721
-4173
7481
5572
-8943
-3299
-9244
714
4130
-9212
6809
-1215
363
8147
-3334
-1970
-9587
-6060
-9533
5441
-3353
6306
-2105
-3352
9731
942
-6203
94
8590
9481
-4964
-1239
-4086
4687
-8056
5801
-2948
2284
-4223
2785
5952
-360
9886
914
-7828
-4666
-7007
-5435
7772
-8030
8618
7426
-8720
5647
-9690
-9120
-8597
3149
4352
3411
855
-1059
-7853
6961
-4788
-7449
-3122
-4063
-8363
-477
-7291
-2797
-7585
3831
3140
5915
-6792
-1048
-4053
6350
-3683
-9187
-8774
-1294
-1389
-8405
-4048
9368
-7431
-1581
-9021
-2591
6014
-7368
5206
-8540
-5809
-761
-9739
-8414
-75
-7619
-7708
-3528
9798
3429
-1378
-6196
-3373
-2055
-300
-917
-8283
-7220
-6496
-8319
-1221
8008
-3180
-7412
-3124
-9840
3784
1345
-4746
-4029
492
-8109
-6520
2297
7891
-394
3732
7436
-7911
8142
4310
-7683
6776
3278
1903
312
-3338
-8544
-1334
-9443
877
1415
7022
-4155
1215
9636
7489
-5579
-820
7142
693
5877
-3462
7759
-5617
-7738
2958
9455
-5239
341
-2542
3676
-4855
-6626
-4476
2776
7554
-7133
-4677
-3468
5579
-7690
2326
-5801
-2301
1773
-3695
-5228
4573
-3521
2757
-6
-9339
4041
8548
-7394
1564
-1916
-687
-9879
-2767
-8638
-9987
-7027
-748
-1052
681
9449
-1466
5858
4403
-8854
-3437
5705
-3793
2182
-3517
2472
-5355
-8414
474
978
-7022
-3818
-9386
-5525
-5781
5099
5534
2461
-4659
211
-1254
-4232
-6404
-3436
-2948
4291
-3253
4747
-8372
-7676
-8338
3418
6192
9036
-4485
2420
833
-8500
410
3199
-5655
5864
-2685
-111
6630
5288
-4190
-9995
6842
-5938
6263
5173
9401
8827
-2259
7480
2624
-6475
4805
-6862
6726
-9959
-7700
528
5679
7426
-6091
7706
1368
9197
5336
-600
-9755
7218
9803
-4370
340
822
7717
7603
891
-6491
-7168
95
9183
6637
1359
6551
2216
-1301
8299
3273
-1331
7091
-1255
9825
8476
9709
1499
9237
-4949
9951
4155
8382
-8909
8217
-1267
-4832
-2132
9236
3621
7708
-9609
6988
4287
-7835
-7842
-9589
-2385
-6846
-9005
5305
-5144
5799
-8461
-3798
-9983
-1326
2594
1196
6021
1390
2362
3653
6214
3298
5556
-1695
7149
-3785
-7350
-6832
-3390
-4715
-4385
2663
7258
-8205
-2395
5027
2924
1856
-1171
9627
-5785
8146
3498
-981
-4231
-2039
-6666
3577
-1108
7392
-6105
4652
-6474
-5820
-761
-8164
-1546
1365
-8940
1189
-6145
513
1516
-7255
8404
-9892
-6635
5919
-6004
-3346
-6363
4277
-2807
5955
1047
4040
3372
-5077
-1634
7303
-576
7498
-3640
5210
8289
7380
-9023
-6325
1925
1857
3827
5737
-4551
9838
-139
-1654
-5212
4887
-631
-3560
-9128
-4848
2761
4904
-6522
9353
7571
-3709
-7965
-1264
-4941
6489
-9324
9662
-3144
4458
8691
104
5593
-6092
971
-2490
-1793
6847
-3226
8133
-2677
-5044
-5299
5401
-2730
2779
-5802
7641
-2639
-2065
3074
-8000
6516
-9384
-4411
-3249
-7222
-6298
4555
2712
-1762
9849
-6173
9049
-6286
-4105
-933
4742
6854
-3399
-9644
-1906
-7771
8543
3885
-3297
-4063
9643
9576
9242
8433
-2988
-5026
-8638
-5937
-4955
2115
-2118
-1489
2839
-9498
-2025
-6357
1115
-971
6938
-9799
1751
-465
8132
1136
8873
-7551
-1598
-5727
1347
-3761
-2009
-5540
-1662
-569
4392
-1303
5846
4461
5141
-8625
7134
3137
-6504
-4823
-5556
9626
-7698
6765
6721
-7849
1399
2521
-5678
-3977
6525
1252
-5921
2867
6938
6451
-9374
7763
966
7358
496
-4510
-8539
2198
-6520
-8578
-1062
4736
-6285
-4358
4200
-2564
-2123
-1380
-5223
-1544
-2822
-1381
-4698
5851
-817
3478
6927
7181
-3453
2096
-4807
9888
6402
3742
-2519
1001
7157
-4264
3828
5420
7868
-7783
-4684
-6914
9757
2134
-6266
4999
5838
-3386
8664
6229
-4714
3734
-5979
6011
-5894
-2924
-784
3642
-6212
3235
-9602
-8965
7718
-2031
-1360
-3742
9716
-3873
7584
4689
1491
-6290
6567
-7924
7710
-9456
3648
6554
5509
181
6326
4081
794
-4955
5998
-6360
1454
-5059
-7781
-3973
6858
-9182
-6092
5026
-6255
-5423
-6450
-5644
3508
-5080
3302
-1708
-2003
-5214
-9598
772
-1447
-5605
6281
7480
7855
-8427
-8930
-9340
9011
5746
-4359
-2212
-372
767
2145
-6508
-548
-3645
4783
-5778
1236
1633
5441
9062
3836
6370
-4131
7227
-3798
-8167
-1539
1336
-4246
8316
-4706
-8043
2393
5638
290
-2978
5824
-2755
9251
-8142
-877
912
1436
3451
2011
9545
9778
5721
9321
8275
1600
646
1178
4500
8859
4605
317
9353
-77
-3493
4687
-8429
4179
-5217
8832
-1395
-483
949
7655
-6357
9685
7812
-2064
-688
7853
2258
-5134
9934
-9139
9097
-8243
332
-3234
-5845
8890
-8532
-403
5879
-5815
-4165
-370
6745
2484
-7053
-1283
1869
6965
1074
-1525
4944
4846
935
231
6275
1915
6462
2028
9509
5041
1393
-7747
-5323
-2954
-123
5611
5902
-3411
6368
-6794
327
9631
-2281
5101
6346
6812
-5221
-3039
8452
9064
2057
5543
-5638
-8112
7666
-8249
-4797
-7815
-5121
9329
-7289
-2669
-9946
-2665
-6933
-4267
-9778
5387
-7365
6972
3779
4660
-5529
2950
3258
-7020
-5930
7143
6052
-8516
7191
-4769
-2462
-5452
-8449
-7497
-9801
3635
-8165
9572
5916
8655
2060
1854
-9469
-1000
-18
-10000
6205
-7528
-4081
2796
-5944
5218
935
8079
4630
-4001
2634
6571
9402
2947
-8776
8486
-2358
8126
1781
3831
-454
1046
-4509
4929
4811
-3736
6045
-8906
2593
260
7163
-8614
-8564
4733
-1704
2805
-1478
2755
3930
-208
2501
-6581
4732
7642
9032
4334
1549
9271
-7488
-71
7785
2680
2876
4647
-7609
7590
1326
-6934
1099
4692
4117
1221
-2889
-5364
8237
9362
4693
-7827
-8970
5618
-8395
1679
-4642
8019
-1756
689
2256
2564
3195
-3231
-5488
-5604
5606
808
-3249
5340
-1713
7729
-7882
-5539
5087
9214
6914
-3283
-1592
931
1296
-7854
5814
297
-6013
9700
5774
-8755
6088
6837
7125
-4655
2107
1019
-4930
-8413
4610
-7520
-7133
-5126
5961
502
-8854
-5014
1650
-568
763
8693
341
-2336
7980
-2574
-3476
7655
-8146
-9467
-735
-4423
-8640
-886
7231
-1874
3271
-431
1993
686
8190
2195
4941
-270
5258
-4150
-1392
6224
-8657
-4120
-8894
-8067
7146
5145
1144
1119
17
-7766
7647
-6641
9579
9107
5839
-1228
-6754
-2478
4419
-9830
-9269
-6678
2851
6770
-3824
1183
2125
-5636
4620
1956
6198
2044
663
2751
1818
2906
-3396
8460
-6869
2081
4357
-340
-3782
5041
-9816
7713
5130
4560
5634
7161
-3048
-5319
959
-8163
2812
7804
3780
3598
3582
900
4863
4635
6092
-8185
-9135
2152
7911
5080
-5193
-989
1769
2743
-4289
9132
-1428
-9860
9878
1207
-2551
5355
7620
4553
3160
-3417
3579
-6588
9356
-7263
5294
4173
7230
-9523
-6384
-9247
-1132
5291
-377
133
-1792
8506
-3611
4616
-5215
3559
-172
9121
4679
-1807
4103
8151
-3718
7024
-5434
-9532
7539
-4710
-6885
-3917
3967
7672
-7584
-1545
-2705
4315
-8587
-5276
-3496
6664
-2548
6581
9557
2325
-6499
344
2598
-8277
2375
-5072
9643
-4712
4650
-7443
-9946
3943
-8250
4000
2306
-2840
-2785
-8210
-9297
-7218
-1033
8145
-5083
-3110
636
8587
7774
-2999
-7975
1482
5627
-4697
2353
372
-8742
6804
6722
-7681
4418
7457
8498
-8528
4792
2436
-253
1155
14
4562
-5460
1950
-8822
8864
8885
-2593
-1097
-6942
-4703
-7881
-3746
9622
7970
-5434
-2086
9104
6697
-2675
-3814
-560
-2422
2215
1558
8396
-6952
-4100
-3081
4262
1707
2252
-5245
-2283
-3996
2875
-8999
-1956
1430
4590
7865
714
1724
3648
-1665
-6222
141
-2670
537
-3144
-959
8087
1726
346
2517
-9657
-3044
-2277
7641
-5308
-2442
-2605
2520
5878
2704
-9118
7506
0
-3923
-6339
2693
2310
-4102
-6379
9649
-9621
-44
9096
-8209
-6571
-6438
-9833
3845
9876
1047
-6703
-6817
346
-7757
-9671
-9024
9461
-7340
555
-8305
-9713
7818
6434
-2761
5985
2489
8965
-9628
-2293
3848
8605
4194
6737
5935
5876
-4321
-7684
-5955
-1405
5222
-5831
-8413
-2771
7339
-121
-1449
-8891
7387
235
-5610
2096
8946
-4803
-9827
3905
-4315
2389
8049
3005
3803
1837
-2682
-2957
2094
9586
-7715
-2770
3867
4243
-5304
5608
-2489
-2834
-4430
9657
6250
-8963
-9211
420
6352
-374
-7493
-5595
-9666
-2323
-7383
2053
7131
3576
-569
-9461
-5592
3893
6449
-6566
6853
5370
368
-4299
2790
5184
2598
-4502
9456
-3947
-2088
-4286
-6303
-2138
-446
-3831
8869
6900
-7162
9784
-4585
2848
6645
-7303
1713
-3506
1287
1278
864
-4453
2478
-1302
6998
5353
3268
5531
7405
5662
2191
-5763
-7723
7989
7664
-9773
-3779
3841
-6336
-7213
-1729
8812
6762
2252
2789
-8119
-1877
-9528
-1725
-8877
9873
9954
170
-2448
3301
-9454
-6831
8823
-464
-6818
6711
-5070
-1526
6475
-553
-1615
4134
8277
3925
3335
9820
-9094
2558
7297
2941
-425
-6894
-5311
8536
2102
4125
-7449
-4085
-4649
-436
-2137
-2877
-1898
-9678
9543
-3461
1033
7206
-7558
479
-9435
9255
3900
-7080
-6365
-8892
3598
-8057
2865
-9320
8433
-5882
5056
4110
-3800
8879
-4442
1788
-8877
1930
-3803
9151
-7998
-5310
-8770
-3644
-4705
-6503
-3308
-201
-5045
3206
1949
2052
3414
-3096
-2875
8177
2459
7401
-3706
-2324
-8392
-838
6211
-9802
-4432
-48
-7066
-8634
8044
6319
-9241
-1055
-2128
6070
-2646
-9864
6388
-4358
3264
-1636
2743
2488
7129
-5468
7806
-701
9273
1564
6250
871
-8005
8720
1148
-2163
1756
-3562
-1287
4673
-9134
7255
-885
2228
-2787
-7333
4125
-5717
4211
-3256
5513
2602
-9754
-4391
-7171
6577
-7696
-8196
5883
3741
-2519
4558
5940
-8119
5286
-9505
-8680
9847
-8339
-7765
5952
3964
-8500
9044
2722
-6353
5375
7297
-3491
6117
-434
5769
8294
-399
8099
-3106
6674
8540
-2275
-7482
2188
-7305
425
-6329
5782
7907
2632
-9022
-3678
-8551
-4884
8641
4285
3308
-4261
6817
-9093
-9274
-8662
2584
4516
-9166
-5241
-2142
5198
-5787
-9819
1490
-4439
-8109
4196
7997
-4084
-6125
9517
149
4455
-3070
-1608
-6964
-4750
-9134
-8570
-9833
5682
-366
1805
-9945
9078
-105
-9134
-3837
3677
8009
2691
-8148
2397
-3457
4873
-2138
-4015
-6020
-2794
-3216
1331
-5489
5398
-6333
8705
7993
-7684
2874
4123
-2694
3320
8467
-4848
-5664
360
-1977
1137
3660
4725
9902
9526
761
2649
-1351
5727
-5044
-6397
-8846
7329
866
-7203
9298
8167
4649
5608
-7678
9489
8577
-2161
3151
-7850
7096
-790
-3712
6061
5696
3045
772
-1433
-106
3921
-9513
-5086
6728
-8957
4358
-7135
-1902
-7937
-1423
5201
8438
-2660
-1455
-7888
-2728
4984
-7404
-618
-4714
6594
-546
8517
-6004
-3850
7847
-9940
-8512
9414
1119
4664
7124
-7377
-5483
2742
-5130
113
-568
3645
-393
3185
-3009
368
3572
-9303
-2836
9929
7129
3524
-9587
-9899
5254
9715
6170
-444
-421
-2576
9824
-2717
-1819
-510
9871
7395
4564
-2025
1390
1632
-6316
2440
-2426
8802
9664
-8221
-9886
-2996
4494
3464
5904
9442
-4441
6749
2109
2776
-5477
6858
-3991
7394
-2716
2732
-1336
-7999
3576
-6410
3567
3887
1609
-7686
-775
-7542
5491
5763
2175
6637
-1940
6241
3795
-8701
9668
1478
-6306
-9379
3852
8558
2087
-8476
7066
-1881
-7839
-2778
3159
-6759
-5375
1037
-5087
6276
-8559
4427
6427
-6182
8821
5300
-8930
1581
-5108
-8115
5295
4799
-6748
-9062
7139
-5973
9258
5068
3051
6598
3820
-8647
574
1594
906
-2355
-8954
-7258
7302
5496
-6599
-903
3645
6157
-8332
-2947
-6549
3663
-2707
-3742
5317
-94
-8947
5544
8346
-4646
-6379
4672
8418
-1298
-6642
-118
-9225
8505
-397
2676
-7751
-9443
5774
-2981
-8409
2720
5397
7769
-5188
-6405
-2443
-1138
7508
-2715
3909
-1616
3949
-6776
-1033
-6451
-5589
-517
-2636
-1694
-7263
1896
7049
335
-776
-476
-2242
1105
8797
2620
-1791
-7313
1985
-3501
-6401
-8582
-4747
-8517
6841
-8247
-6958
-3756
4358
5769
-9959
3669
8893
-6563
-5194
4260
3775
-1348
-2966
-1806
7924
3295
-6945
333
-3104
4080
-7338
-5934
-4214
-9263
1880
2346
5260
-9329
-9205
-182
2228
-5212
3567
-1699
6834
-6138
-3354
4034
1860
-3224
-8409
6497
9626
4438
2775
1672
-57
5230
-143
5848
-3728
4445
9038
-1602
8316
-6945
3565
-4244
3946
2826
3393
4268
4082
-8027
3597
-9956
-3795
-2702
955
7845
6534
-1815
8325
-3902
-3831
-7054
-2887
-4918
-9781
-426
-7154
7926
-3587
-7608
3935
-5219
-8971
3566
-7706
3936
8856
3767
5218
-2148
-7321
1856
-7592
-7837
8595
8661
-4641
3245
-4571
7993
9692
-4722
8187
-1880
9826
7324
-9886
1576
-2080
4253
8348
975
939
3461
-4689
5917
6219
7679
-1401
-6272
3292
-9533
3456
7643
-9571
-438
9207
-6102
2106
497
-2966
2426
1236
6792
-9495
1986
4323
-9112
-3022
-2652
1777
-5435
9847
-5863
4840
4293
4144
5353
839
7516
1104
3935
7056
-4799
252
-1223
-8713
1038
-4445
4181
108
-8442
6832
-8029
469
-8056
-8901
7126
7686
-9521
7607
-4255
3799
-3643
-8555
-1932
5803
9671
-5212
-1281
-4185
8043
-1198
2375
9409
-9818
-3887
4931
3551
-5985
2683
-9792
224
-3452
-4690
-9699
1006
9580
3746
-2545
686
3890
-6240
-1485
6829
3755
-8553
4103
-1377
-747
-6500
-7150
-3322
5677
6719
-4283
-1833
-3290
-3605
-1721
8659
-2098
-3074
-740
-7098
887
6244
-6556
-2378
1072
1910
-269
4925
3237
-6604
4298
3628
-6998
4997
-1987
-992
5579
-1383
8932
-5827
423
5102
6971
2022
6572
-8880
-1768
3843
6548
9273
-1421
-9195
-9051
-2672
6673
2349
-8900
8657
2909
6719
-6340
4879
369
-6468
-7092
-4098
1804
2961
-9329
-4537
6111
-8353
-141
9278
2423
-4009
2007
9074
1584
-5827
9262
-5660
987
-2055
5643
9404
4317
-1729
-6609
-5983
9956
3473
-4314
-1644
451
5075
-8890
-5581
810
-3985
-6973
-968
5172
7693
7315
-3267
-9840
790
3755
-5589
-5632
2447
7807
6054
-4027
4041
-6717
1407
9685
-1686
7939
4460
-6585
2559
7696
-293
-6241
7066
-9523
-7667
4221
1155
8504
7549
5581
-4348
8320
-279
692
-9454
1123
-6533
-431
9336
4788
-4939
3739
-4592
-8131
-970
1136
3565
2341
7580
4950
2689
6022
7936
-735
-889
-2041
-4535
-4632
6449
6638
7053
8276
-8584
-5188
-3302
6265
8809
4396
3873
-1171
-9117
7737
-1186
7601
-4980
-9510
-7982
-9933
-1199
-2997
8605
-7982
-7798
9907
8811
-1096
-1264
-1557
6299
-3949
-3740
7019
4685
6654
-9005
-9879
-8206
7714
9509
-3163
3095
825
3093
-1507
-4267
-5548
1553
-694
-2721
-7476
-5725
-7335
-9909
-5690
3415
-5626
192
-4009
-7122
3889
-1472
7806
8293
-924
-7115
53
-3610
1046
9332
8603
6680
7155
-5363
-1760
-5431
-3166
-2982
-646
1493
697
1135
-5040
2899
-50
4826
3962
-5547
2193
796
3547
2041
6701
-1945
2492
-8770
467
-4014
-9741
-3363
3303
-7592
-9963
-5050
-9567
2175
9844
-9858
9387
6678
-2262
-1070
9159
2622
6009
2908
-8618
-1994
5858
2047
-943
1694
1531
7192
3149
-450
-4372
-1733
-6305
2081
7405
8255
8992
-1063
7837
6571
-2892
-2523
1064
8846
-6342
-8966
1742
-6385
-307
-321
615
2687
1314
2202
5414
6499
7610
-9713
390
-6773
-8020
537
-1815
-8641
7843
1586
6130
5868
2453
8081
3327
550
7251
-2550
-633
5304
2096
-3950
-583
6633
9401
-3885
-3173
-731
7733
-7733
3937
-4590
6909
-3352
-8524
5949
6378
9038
9616
-5358
5942
5391
3894
-2440
6788
-2841
-5146
-6274
-1221
7711
4603
-6764
-1495
4937
1108
9846
-1699
-4774
-1817
-4414
1803
4217
-8808
2990
9613
-1185
-8165
1294
4701
1044
-5918
4149
8116
495
9548
6432
3132
3488
4665
-8140
5169
-7427
-3975
2077
-3563
-5667
-9636
1149
3904
-4031
-737
9798
7306
4965
4776
-727
-2139
-2770
5736
-3729
-4532
7373
-1638
-8187
6247
-2059
-1304
-4587
2419
2716
3463
3276
7078
2247
1313
-594
1394
4029
2163
3512
-8124
-2569
4915
-3950
5895
-7827
7761
-3063
8620
-2060
4717
-3963
-8613
4540
-2390
8553
-6782
-9942
-7723
499
9648
-863
-3376
-1674
-879
3502
9851
-3864
-4543
8282
2527
1003
-8325
-3954
-7362
9756
-7611
-4528
1152
7876
-5492
3307
1003
-427
9534
-7229
2908
-3736
3445
7737
-1200
5676
-655
-1507
-9043
8814
7282
-5467
-5108
-9815
-3918
5777
-3091
4534
-9285
9684
-8852
3238
3897
2519
4601
-4529
8569
9474
-764
-9723
872
-3263
-3973
-1639
-2434
-4298
-3949
3105
1376
-9558
-2959
-791
-7103
-20
8999
-9451
9175
4178
7908
123
8053
6981
-163
3363
3124
9324
-5331
-5255
-2629
3139
-810
-9552
-835
1076
1833
4078
-135
-7778
-6494
-3315
9616
1860
3019
1942
7096
3794
6445
-6037
8610
-5179
-8402
9634
7900
-9063
6809
-4363
-8600
-9378
1925
9029
3487
9908
1451
-4164
-8404
9680
129
3784
-3319
-2163
-8648
2943
9317
281
2572
-4974
8286
7843
4483
-6789
-1550
-731
-1538
4041
4776
-7938
-6277
-545
-9094
3381
633
7947
2581
4321
-1858
2291
-1975
-1141
-4319
-3907
-1854
-6299
3006
-5796
-7328
-7313
2967
3591
6794
9794
-3881
-7065
3247
-1757
496
-9170
-6265
9678
-7764
-3611
1850
141
4165
-6100
4048
-8258
-7922
-7589
-504
5546
-8599
-15
3905
5433
-928
-6421
2668
-4165
8602
-7619
-7168
8510
3248
7054
-2270
9374
-7846
-3958
-3041
-2210
4416
2466
8103
918
-2994
-957
4307
-1852
2621
1574
-7147
8475
-5331
-4599
3640
-5240
-1028
-6162
-8295
-1360
-4472
634
8216
-1243
5643
-962
398
8618
-1222
1199
2820
5592
8058
-5535
-1102
-6270
-9151
-7234
4138
-6892
-8874
9069
-5404
-970
6964
-4072
1439
-8360
154
-1730
-5376
1829
-6220
-90
-1336
-3298
7690
-8708
5011
4657
1494
-802
-6818
-4804
-6437
-5581
-6624
5401
2527
-3279
-3260
-2736
4911
-6135
-7759
2011
458
8275
6593
-3430
-6883
6265
52
6509
2685
9945
-1340
186
1185
108
-3986
-1520
-3444
5538
8704
5023
-2955
-7014
5991
8006
-9671
-9942
-7415
-4714
-2126
514
-6827
3477
-4210
-2474
-2514
-6616
7501
2902
2706
-2438
-949
5789
9793
2287
-7212
-1566
3086
3312
8938
9295
6059
9412
8904
5707
1590
8613
-5086
-1956
-7945
5043
5443
-4571
-8994
7628
-7476
-1864
4438
-5648
-4492
-834
-9733
3350
3888
2467
-835
2003
2751
5267
-5854
7935
2602
-7828
4325
-9403
8205
1315
4888
-3436
5033
-1815
-3875
-6227
6176
-730
-560
-7068
-2292
-8575
-9629
6353
-7523
3877
7804
-2770
222
-4211
-9518
-3420
9792
858
-6007
3312
-9993
-2013
3266
7474
4645
2081
-6952
-9712
3827
6145
6488
6974
7392
-9413
6380
7217
-7906
-1167
-86
-1686
6933
1533
-634
-9613
7058
7266
2631
4467
-6941
9646
2326
6106
-8275
3596
5918
2442
-1609
-2160
1466
7554
-2633
4589
6411
597
-1770
9483
-1009
1285
7692
-6635
7750
3268
9715
-2559
-8253
-6275
-4948
-5014
-2031
1569
3540
-1284
-6049
2940
9393
3449
48
7239
-4321
-1424
-246
4294
-770
1176
3191
5924
-1961
1179
2342
-7737
-8582
4914
2203
-5412
8006
1026
-8771
-9232
-5428
-5604
-476
-6811
6269
-2961
-766
-4116
-5745
2317
-2108
-9195
4578
-7784
1260
-1326
9509
8206
-7378
-710
3456
-1561
7762
-272
2984
-5876
877
1664
-71
-4887
-2645
2136
-1074
-2076
-9952
-7593
-8265
-1089
4810
9842
8355
-4075
-3688
-2826
-7986
2001
-9148
-3456
8367
-2618
5102
7540
9940
2444
2775
283
3211
8834
-1761
-3830
-3793
-7039
9448
1409
-8047
-4991
2504
8789
729
5496
6147
-8945
-7553
-1477
474
-5115
3696
-5001
8234
-746
-3912
4876
-5155
2241
-1156
-839
-2157
-1839
8398
4545
8603
-3513
2653
-8889
7136
-4338
-1144
7558
3565
-7405
-7037
6113
9775
99
6141
4408
3702
3293
6645
7688
-8046
-2860
1057
339
8571
4789
-3268
-1896
3597
9145
-3935
9711
-8613
-6146
4222
6419
3815
-9674
1347
-3257
7791
9737
-9355
2166
7609
5538
5072
635
-4111
5124
-2286
-3262
-1336
-5907
6862
-3141
-706
2714
-1720
-4338
3837
-6523
3381
-3980
-2675
7521
1146
-8750
-2011
724
-5869
5971
7382
-1031
-7747
3863
879
-7283
-1621
9064
8403
-1691
-3827
-2031
-4595
1793
-6832
-2569
-5817
-7016
-6599
-8405
7318
-873
-2895
-9451
-8046
2828
-4631
-9204
5433
950
704
-2607
-2923
7637
-1786
6584
5022
-5861
60
-5487
-8192
2673
1968
-8724
-1069
-58
3715
-1936
-4144
-564
-495
-6290
7320
-6652
-8156
-2671
-3564
8184
-430
-8873
8246
2061
5679
8232
-6704
-1674
-4670
-7570
-7070
-1523
4833
833
-1464
4134
7136
-2309
-6282
2230
-8802
9964
1487
9010
-8862
5080
-9602
3338
-3791
9141
-7349
4669
7327
2679
-6834
-4612
-1999
-3688
8556
-8180
9827
-5115
-5549
-7969
6228
-1925
-6531
8803
4223
8306
6047
8667
-5723
-4654
1292
-4197
-2883
2198
-8553
-5406
-5293
319
-7016
-4858
8131
-7942
4072
1100
-2296
-5732
-4181
4777
30
253
2867
-8566
8551
4729
-8482
-8856
9821
-3599
6989
-7900
-6751
-9667
9223
-65
-4825
-3337
5825
-4795
3449
3117
-2373
-1852
3152
-5441
-6089
-1556
3181
9650
5979
3825
-9010
-947
-209
-5068
800
-105
8144
1206
-1958
-3754
-9560
-8484
-1596
3203
-248
1060
5906
2902
-1483
5880
1263
-1905
627
-816
-6194
2982
-1538
1642
-289
-4395
-6381
7084
5561
-8782
-4928
-8839
9840
2061
3534
5278
2336
-2833
-3556
3341
8706
-9372
-8219
-3042
6654
-6953
-7643
-2945
-3378
-3017
-4093
3007
3041
1460
3364
3251
5830
207
3676
-2868
159
-8150
440
-4573
6076
8504
-3814
-3295
-1065
5706
6137
6606
9066
2075
-7947
6694
-9768
-8639
-4615
-148
8004
-1747
-395
-2313
2439
-3424
-3069
7598
8639
8743
346
-5705
4068
7942
-8611
-6513
1626
4492
5748
3064
-3902
2867
2342
-2972
2497
1383
9788
3431
5480
-6139
-9550
3998
1336
1854
-5173
-4280
-9589
-4144
-7485
814
6722
5703
-3890
8497
-953
5737
4658
-7175
-996
-7986
2653
3257
1985
-7750
8109
-9536
6451
-2406
-6719
3805
9417
-3105
-7575
-8321
4484
-7565
-7288
-7649
2127
-5169
-8034
-2049
-2305
5957
-159
-7175
-992
4491
-4535
-8565
-4254
-8102
5859
-1193
-4071
6540
5789
-146
7317
6680
3922
-8417
-2960
-1596
5443
-1735
-2893
-8072
-6527
-8389
8614
-400
2502
-4062
9385
-1172
-9184
7860
-7486
1727
4826
-5903
2701
5863
-8662
3123
1272
491
-2168
2246
-4214
-6036
-859
1321
-6107
-7520
7671
7617
8265
4542
-3807
6230
9520
-4646
-9303
6317
3778
9939
3504
-6520
5971
-1226
5142
-3840
-7050
-7450
-2776
7012
-4288
737
8981
-6221
-5290
8982
5856
5937
2836
-8576
-5185
-6574
2989
9610
3882
-3694
713
4696
4250
581
5668
-400
-9002
1126
5829
-7212
3009
5184
8094
9957
-7295
7825
3151
-5609
-5933
7243
-6526
-9576
-3183
-3456
-8962
4689
6460
1416
7060
-9389
545
-7631
-9445
-2878
-9817
-9017
4655
-5376
8229
-6315
-4402
-1046
1264
2114
-9886
9638
-142
5305
-9453
450
-6213
9616
3028
8806
2630
3749
2503
951
1165
4625
-7504
-7965
-4338
-3251
-2833
-3125
-6912
4784
-7302
-9991
6237
546
3598
413
-7943
9907
-5408
2665
-2025
-4262
1086
9926
-4513
3625
2831
-8466
1593
8774
6539
-3063
-6306
-8326
301
4405
-2752
-657
8854
9542
9141
-5127
-7189
-1801
-8908
-5754
-9006
-1012
-8678
3155
-4744
8374
-2894
-7352
-9481
-2844
-7546
4878
-3196
-7532
9650
-8487
4570
-5270
-4864
6759
-4812
-2254
-2936
3881
-9826
7467
9580
-6978
-7458
-3423
3786
9517
1509
745
1590
-4487
-5760
5019
-898
362
-9339
9465
-7065
6152
-9408
-1041
-5642
9248
-8386
-805
6944
-1247
698
-1541
6898
2411
8394
-7035
-37
-5048
-5862
-7658
3405
-9705
-1389
6410
4678
5788
-7272
-8029
-3834
9994
872
-1317
5376
-1741
-6077
-1466
7254
4731
-8419
-4824
3412
-7669
-7350
-3278
-9214
-5231
-6017
9249
2821
2424
2316
-5119
1120
1644
4945
2884
5711
-1924
4722
750
-3106
4144
-4534
3512
3361
-4299
-932
-2593
-3092
9328
6611
-9849
-2044
6430
-5805
-6463
-7231
7349
-3957
-4534
5015
-3664
8943
-4361
9437
7774
-3602
4816
4627
-6958
8353
7707
181
4692
-8265
-9561
-992
-4190
1127
5899
7269
-4064
1771
3706
6159
-4931
-3178
7581
3774
-8834
6763
-3811
-5236
-397
-2623
-4503
841
9803
5520
-820
-8419
-2871
-3879
349
-5541
2779
7219
-8685
-350
-1328
-2035
9430
6478
4998
-7440
-9966
-5771
-2541
-9579
2610
-2347
6347
-8256
2056
-2907
9411
-47
359
1132
3372
-9708
157
8530
786
5664
-5303
141
-6593
-6005
-5630
1141
-9526
8548
-9174
-9579
4137
2248
-879
-1227
8067
-7541
1517
-4843
7174
17
4368
-23
-3255
-5258
-63
-5247
5204
-2636
1929
746
-4688
-2392
-5130
-9362
-1655
-3426
-2987
-8717
-3341
-8874
2943
9673
-2840
-2780
2822
-9350
9725
3943
-5264
-1746
5763
2376
4528
-5421
3332
-9706
-5198
5597
2772
7343
6770
7587
7641
5241
1568
9467
-3593
9707
-5997
-4589
7422
840
-6746
-8686
7731
8934
-4232
-2082
7609
4433
-5309
4837
2750
-7892
-6070
-1542
5495
4793
3419
2894
-6450
-5051
1031
-3203
-514
8560
-1294
6556
-3438
6239
9875
-9449
8352
-687
3667
-4448
-9101
-1784
6046
-7626
-8665
352
-5607
-2397
6499
7345
-5841
3706
8144
6924
3583
-9479
-4176
-9275
-3471
763
-3196
3038
-4168
8021
5395
-7812
9619
-8685
8995
-4371
5244
-271
-1820
3939
-4645
-4090
4160
-8158
-7113
6919
7132
-8220
-68
-1874
2820
5055
3377
-5157
-8605
-2437
-4450
2347
8323
1384
3990
6500
-7135
7353
-2323
398
5342
1361
5343
7034
-8747
2409
-7287
-5628
-9650
1351
-4783
-5302
-3064
5692
-2919
-4918
-7301
-742
-9441
-5523
6773
-4972
7613
-1345
-7492
6494
-1749
-6336
-2575
-3158
-1997
-5921
-5858
-937
-6536
-7757
-6633
3962
53
-1084
7457
-4893
-7079
1566
32
6116
-7573
7387
-1198
690
10000
2796
-2251
-6946
4083
-7339
9988
2129
1378
-2525
7158
-8635
6878
-2838
-3325
-990
8979
-4686
-4533
-2986
8281
-5132
1632
2139
7966
-2054
2634
-3010
-9777
8776
4053
-1802
-9984
-9143
-9806
-2161
9150
-3508
4000
6089
8001
-2181
-5643
4535
9245
-498
9191
9322
1789
-8871
-4715
-1851
-9508
-1922
5432
4252
-1418
3133
8359
5542
3920
5295
-5928
8727
8663
2515
-2556
-4771
-1457
6508
346
5886
8691
8479
2383
3691
-7731
-8035
410
-7442
6917
2246
6063
-3772
8910
1222
1289
2134
-8417
1405
-4120
-9519
1587
-4131
510
3909
9769
-4975
1631
8391
4697
8876
-8687
6916
5716
-7121
-4108
8252
-2143
4886
-8797
-6866
-5531
-2209
-9992
8167
-7240
7056
3279
-845
-6457
-6408
5287
-869
-2632
223
700
-136
4122
-3528
8331
-7709
-1795
3914
-6256
3135
-2298
5286
-5214
9424
-772
-3805
2864
-7917
-6890
8703
-8851
-8522
-1268
8853
-2093
-6531
1548
5824
7224
1630
-8738
5524
6708
-5590
-4763
3448
8782
2597
1600
3086
-9073
234
856
3082
5538
-9699
-208
6386
-2171
-1023
9719
3796
-6834
-2749
-6720
5085
-2510
-5844
2710
-3182
9315
8437
9481
-771
-6656
1394
-4573
4116
1097
4722
8075
-5909
-5667
-1308
3766
7511
-648
7599
7657
1077
-4172
-514
-6089
-3759
3386
-6048
-3719
-9414
-3366
7869
-8986
-8063
1505
3505
-898
9750
9666
-1661
6406
7341
5032
6660
-1986
-2347
-3298
5035
6609
-8911
-4622
4907
5752
3696
-3558
923
-7792
3650
-9114
6270
4723
9328
-24
8545
8933
-8808
-3329
8120
6550
-6070
1460
-6045
-5713
8196
4144
3502
-5095
7702
-6675
-6348
-3923
9923
-5334
-6406
-9870
-455
-4103
-5787
-5222
4388
-4192
-1778
-4964
7290
9346
7590
-2634
-7717
5444
-8620
-1082
2422
-2452
-4788
-5671
-8346
454
-6971
-6840
8
-9181
-9608
7458
6939
-2235
2113
7946
-3470
3014
8940
8744
2342
-9272
1807
5391
-4378
-7164
-7928
-6192
8763
3666
-4888
-6295
2352
-8349
6267
4807
1879
-1597
-2031
3535
9920
-6590
-4278
-6922
4058
6638
2019
-2784
8783
-7771
-8316
2580
-1401
8892
9326
-8102
6426
8248
7605
8735
-7788
5500
1330
9706
-4529
3243
-7048
7129
-3634
488
5996
55
3114
3287
-3098
-3240
-9544
4499
3322
-6880
6880
-5475
2247
-1179
-7562
-7381
-6399
4293
2670
-8782
4221
-1920
5214
9175
-369
5612
9509
5207
4429
4747
-34
7475
-145
-4022
-5170
994
2757
-4300
-4778
1702
165
9725
5706
4695
-8262
-8097
6006
7271
2046
-4690
-6887
1329
1851
-1932
-1245
5177
8428
-8656
9005
4391
1494
-3008
2414
-5000
3831
-2501
8974
9985
-7070
3208
5715
1844
-5869
-7629
6183
-9813
-4386
7375
680
204
2608
2492
1040
2304
465
3987
-3575
-281
4414
-9892
7654
-3619
-4657
8116
-2851
4756
1096
-1186
4602
-2809
-2647
9042
-6837
6513
-7677
6031
231
-7868
2936
-7413
6374
-338
-4603
8810
1421
-1946
7859
9333
-7591
4086
709
-5349
-7285
-1482
-3715
7261
2497
-7346
-9775
6088
1720
-512
7072
-97
-7611
-8076
3982
-4315
-1279
7902
6824
-7349
-3307
-258
-89
604
7291
-6787
4073
-4755
-9077
8047
-6653
7092
-3686
-7937
-4395
1248
-2403
4439
-3115
-7728
4472
1354
-9573
-9645
1441
-4959
-4067
3122
-7291
2811
-8353
-5936
-4199
9386
-4528
1126
2024
-4623
-8316
-4572
9421
7009
-4533
-6793
5873
-2401
3402
9623
6857
3431
-3882
7825
8873
-2036
4197
4181
-7126
-9432
343
4167
6276
3680
519
-2917
3859
4882
7143
2859
6750
-1985
-8392
-5145
3321
3237
-8066
1789
7854
-4345
-5968
8296
9208
4604
974
-8483
2704
-1413
5486
4179
-2814
7892
3081
-2554
4309
6642
805
-2906
1260
-5059
-3784
-2953
6499
4111
2622
-1873
-8987
2955
-3387
3652
-2901
6392
5905
-9676
-197
779
-8532
3884
-7901
-6719
-6646
-7341
2453
3647
-7653
-1586
-6050
-2211
7484
1759
4121
-5289
-2286
1169
8839
7413
-4269
-8698
-849
-5375
-2538
9250
314
9915
-8145
5289
8791
9479
7549
4477
5452
2290
-227
4351
4755
-2197
4264
-86
7757
-7136
8415
5457
-5986
6412
-331
314
-5022
-4452
-8459
-109
4760
4231
-9449
-4310
-4692
-3125
-3800
912
5507
7587
9987
3664
2785
779
1290
7124
-4643
-9017
-193
2205
