-6219
-7686
1841
8251
5620
-415
1106
6545
9599
7449
-4778
-8726
19
-7186
-5119
-4935
-4944
-57
7566
-5493
-2178
-7200
-1623
345
2300
-7666
6358
-7604
-330
4999
-8289
3530
-662
4263
-5993
-7256
8421
-4852
8861
3616
563
-2726
7082
-6559
1714
-8148
6157
-3803
2991
1418
2023
590
-6881
-9633
-2228
-6759
7600
2080
4491
6646
4324
-511
6455
-5816
4170
3259
-9485
2053
2874
-8906
4937
-623
-3737
-6063
3506
5435
9602
-705
6969
-8367
8372
1463
6920
8808
9913
-6277
-6944
4215
-1022
932
3094
395
-5632
1084
-2485
-7099
-9379
4657
1369
541
1263
-690
2147
9476
216
-4097
3432
-5600
1136
3173
-8488
2198
-3134
8127
5174
-7201
2618
-4457
-4845
-8132
5164
-4551
-8588
-6748
-3095
-4554
6628
-646
-178
-1215
785
7557
-918
5245
-451
-5615
9545
-3496
-9705
9506
-3004
2194
6932
-8057
-2976
7418
8572
-3576
4297
-7002
-5463
7053
-1016
157
3693
-6177
-6766
7223
-1787
5072
-3115
-2182
2645
5626
-8163
4828
-1696
-331
7729
-7805
2432
5681
3208
6148
-6668
3335
3395
-3385
9688
3491
2413
8789
-9769
-1219
2232
4957
-7480
-1862
6240
3524
2634
6030
9796
-9524
-5796
-8213
4777
-1688
-6851
-5577
7758
-6792
5286
5111
-5642
1060
-5573
7994
8329
-589
6316
-9755
-5298
-5765
3664
-3625
1891
1741
7918
-2314
1483
-8177
7215
-399
-1773
-6641
-3703
5476
-6945
3356
5743
-1285
-2619
8293
4296
115
7177
9008
-2893
5003
-1294
-9075
-8383
4436
7355
6488
3960
-3591
1769
-6978
-6926
-6504
-6164
845
-1067
2975
7941
-9589
-7617
2516
6713
424
-9295
-5177
819
2559
-9153
5722
-7235
9030
-9607
-3283
9033
-1839
-7382
3358
6763
-6155
-6874
2822
4104
-1412
7915
1488
3481
-3294
3828
-5662
4425
-800
-2252
130
-5947
6831
4261
5082
4395
9101
7006
3548
9876
535
-1289
-3141
-7655
-4805
-8291
-3104
-5686
-3142
9007
3975
5866
3155
5846
-2537
4497
-9051
-8346
9155
-6978
-5304
3956
8063
-2784
-2643
-460
-3750
9439
6033
-8761
8173
-8372
9209
-3464
-4211
1279
-9290
-3999
-519
-2973
-8027
832
1721
5522
-3288
-9771
-5760
-8964
5564
-2291
7137
-5871
9448
-1388
-760
588
-9338
-519
-6167
9113
-1924
-7881
-6018
-2288
-5424
-9477
-5895
3176
6977
2227
4711
9368
5133
2685
-6313
-2306
-3952
7886
-3233
-8658
8857
2270
2966
3287
2120
8690
5619
9406
-7590
2102
-9368
-9164
137
1682
6723
7068
5146
-848
-302
9412
7385
4956
-1554
-5211
-6557
-3246
-9647
7985
8944
-5079
628
3207
689
433
8860
-3209
8464
1160
-3739
9923
7552
2651
4752
5946
-5678
5135
-7021
6106
3343
-137
7687
-4990
-7841
346
-689
-646
8702
525
3830
-1128
-6817
2980
-7336
-8420
-8214
-3588
7593
-3819
-6106
-3429
3178
-9918
1636
6620
-2897
-6932
4544
7163
7119
-5334
-9893
6302
4387
2491
5951
7165
5026
8322
1313
-5355
2239
3870
6471
2504
9097
-7118
-6138
-4812
6682
2387
-3873
-130
4700
-3216
-9802
-5212
874
-3739
-5562
9442
-9570
297
7995
-2564
3270
-3222
4566
-1708
2746
8605
-9007
7371
3093
-1185
5249
-8909
3124
2466
-1376
-7560
-5074
-2665
-3012
9078
28
-1145
7335
-8617
-2062
-7639
4742
-7696
-657
-5734
-5072
-6767
6662
852
-9261
7224
1803
7276
-5310
3499
5509
2649
9537
-9337
-5734
3800
215
-2279
2338
-4776
-914
6937
2599
-6492
-5134
-746
-8462
7580
-2118
-5498
4261
-7662
6184
4238
-1797
-7559
8298
-5838
-6928
5740
-9188
8943
-8074
6710
7855
2869
2472
-4960
7964
-5516
-356
-7612
7332
-7400
811
9956
-2489
-6467
5510
701
-1096
-571
8245
7951
-9934
-3150
8752
-2672
-5099
2978
-9126
-3731
-4079
-672
9905
-7455
-6455
-3067
737
5116
1119
1536
7509
3724
-3102
-1858
3778
9106
-2370
1344
9395
5354
-297
3582
3331
-1404
-6875
-2383
883
-3809
-3220
-4294
7684
-4514
9429
3403
-4215
3878
7416
3029
-4913
2103
2021
-6423
-5367
6712
-1364
2577
-9583
9833
-9208
3871
6870
6616
-7907
-9446
-4469
-5344
421
-1883
7772
-529
3818
5086
4668
-2594
4723
8091
4376
1646
9240
2935
-3993
8247
6009
4703
-7880
1123
1285
-8370
6028
-305
9176
209
-7568
-4311
-8519
1120
-4725
1685
255
-5527
-662
463
-5622
-2224
1927
-3919
-6020
-2912
2485
7368
-9948
-97
1705
-8697
-1083
-8444
-3068
4839
4275
-2774
3885
7427
-2976
-1423
8817
3525
2480
-5906
-1649
1519
-8233
-6484
-394
-7967
-7406
-8576
-595
8587
-4985
6754
-430
-5362
-2675
1504
9142
-2257
-62
-8878
7208
3972
2713
-4718
2650
-5788
1119
3218
-2954
-7627
-7737
-4247
-6157
2191
-6798
-5072
7854
5258
-2956
-9929
3095
-6045
422
-5199
3449
6924
-3765
-8878
9887
4711
5238
-502
-1525
256
1164
1701
8795
9124
-1710
8175
7137
-3780
4182
-1027
3906
6883
-9884
9124
-6904
-6059
8547
-4414
-7634
2804
-2308
9009
6201
2093
3370
-6216
-7640
4657
5539
-7700
1380
938
100
5468
6519
-4269
-733
486
-5663
-966
-498
-9370
9171
-6693
-6328
-6847
9828
1740
-2904
-4429
-5216
-2635
-8326
5116
1326
-3921
-8542
-9842
-6347
1837
6185
-3843
-7963
1173
2122
177
-1000
-7609
-4827
-3193
4783
-499
3505
6938
-1223
-5214
-5772
2185
-5267
-9964
-9684
1064
-9131
-9280
-2897
107
510
-5239
8830
956
2822
7965
-847
-2911
-2479
8915
-680
-3079
-4146
4042
-6580
7923
11
-9043
6
-4730
-3206
5613
-7078
2679
-8662
5826
-2437
-1023
6969
-1653
8716
-6209
8052
-7925
4376
682
1880
59
-6303
3598
2837
-2312
1295
7689
-2850
-8425
2301
-7126
5945
-4133
1132
-8382
3510
-216
9233
-9827
5190
-5498
-2082
6050
5114
-1547
-783
-9775
-6925
4671
6512
-7616
3961
-6270
9601
-5922
2844
-9595
-5277
-9460
-9739
9539
-2313
-8805
-8577
-2188
-9187
1964
-9655
-2582
-4757
1948
5207
2368
6877
-4852
-5748
-3842
-2936
2273
7344
3254
-851
7878
-5256
-4212
7710
343
3888
-1473
-5949
3957
-6427
-6537
-3729
3763
108
9029
-6996
4281
-4663
-2087
-5612
9544
-2184
5688
-4889
-7520
6356
-9202
-6885
-3770
-7828
3299
2890
7658
335
1793
9687
9369
9133
-6023
7365
7532
9268
7899
-5740
-5330
-6265
2903
9748
-7669
5933
1004
1609
3158
3148
1712
-8965
2460
-1723
9291
3746
-8919
-8765
-5547
-6098
-8263
-7276
-544
-1325
1669
207
6088
-5531
496
-7606
-2894
7393
-1602
6114
-9991
-9343
-9297
6626
4081
-1319
3736
-1624
-7341
4201
5808
-8440
-4466
8072
5445
-8474
3626
2518
3671
-5288
-1451
2323
-8682
6388
-9162
2128
-2795
4527
5525
7882
-181
4373
2432
1239
-4963
9533
622
-5477
5490
3070
6265
7916
-3360
1903
-3994
4388
-5134
1777
8317
5858
-577
4841
3282
5932
3733
-6299
9791
-730
2180
114
-993
9322
-5405
6229
8840
-3796
-5395
3459
9068
-2895
-1260
2818
-7604
-2120
-4993
5817
-8748
6225
-7313
1055
-4319
7090
-941
-290
-3420
-1124
3641
-2094
-4457
-5526
-4886
-7195
4646
-2040
-8091
4649
-7319
122
5049
2094
4075
8866
-372
6515
-7053
8487
1592
-4197
6416
7650
4845
9817
9522
-2546
7039
-5008
1190
7241
2832
-6146
8977
2541
-8801
9597
-3440
2355
-7767
199
-982
-2417
-3406
-5394
-6097
6074
9003
-3061
-524
5823
-4470
5871
9206
7302
-2607
8762
6767
-4508
9009
-9004
-3693
1162
-9947
242
-8394
-3355
-9144
-2899
9886
-2858
7407
-3356
-5970
8823
-8774
-3459
-3464
8003
3039
-50
287
-38
-7292
-1480
-4050
4924
8482
-4347
8122
-4311
4903
-9058
4134
-6953
-6958
7266
9367
1327
6635
-7680
8513
-5202
673
-9320
1968
2767
4587
2903
6961
4843
-3439
1706
-3615
6618
502
-2983
5312
-398
6843
-9847
1643
-7936
-3234
1343
-2651
-8031
776
5394
5066
-312
8172
-5277
4819
5379
1646
5333
-5220
4806
-8199
5741
6913
1902
-4094
9326
3925
5593
-8245
5654
9987
5273
4539
-8924
-645
-4102
-8024
6556
-9646
1819
-7364
-4780
-2566
5884
-3
-6030
6725
1509
7065
492
4053
-6973
-2187
-756
-2757
509
-2191
4218
-4419
9010
7791
2589
-5412
6807
-9383
1687
5468
4869
6356
-7539
1616
-6906
-8347
6745
2735
-9055
3399
41
8535
-4116
-1063
-8061
-6888
9625
-8151
7384
-5132
-1427
1071
-3141
4232
904
-1457
1706
-9470
4491
-1136
3260
-7747
8728
8418
-9413
-9482
2705
124
5469
-2630
2497
2832
-419
-7386
-8919
-2403
-289
2764
-787
3008
2086
-450
758
5596
-6244
-7067
9765
1035
-5247
-3292
9088
4997
-4846
-7175
6196
-58
2200
9419
1610
5480
-2181
391
-9265
-6642
-9038
-2205
-2108
4213
-5723
-4348
7995
7795
7226
7982
-8353
-1
7505
-2345
3514
4712
1780
6464
-4165
7585
-7287
-776
-7919
7827
5951
6189
-3655
-7698
1843
2628
4012
-220
-4786
-5165
8134
6226
9019
3460
2649
8965
-2450
9434
-8718
-8267
7672
8841
-6968
6495
699
-4734
125
5427
7135
4669
-5258
6532
8374
-8964
3673
-7165
2347
-4319
6714
1671
4315
5638
-9986
9511
-3265
-9085
6850
2190
8561
-1031
-4426
6970
-9700
-834
-1817
-8136
9230
-215
741
5946
-5213
-8335
3392
9280
-4962
9665
-951
-492
-6199
1200
-8889
9998
-5299
6652
-1979
-3716
-4785
7894
-2751
-8655
3895
-8095
2022
654
-6692
-6742
-9089
3554
1929
-4087
2189
-947
7680
-1388
-6912
34
1614
-3785
1394
-2118
-4709
-4659
-2320
-5769
2179
-3846
5034
6797
461
7261
4404
-3858
3201
2123
432
-9683
-2340
-268
-4124
-5760
-2687
1811
4581
-2599
9593
2841
7913
-8654
-9772
-3724
2178
-8425
4684
-9126
-271
4292
-4419
-6924
4463
7260
-7547
778
-2099
8911
9015
374
1871
609
-3862
4044
4043
6280
9231
823
6000
1927
-978
2871
-6596
-8454
-4038
-4613
8909
4347
-7612
-1970
1214
1294
7258
-3609
-252
8896
-5977
6276
9218
-4337
-5540
-7939
5253
-9027
7442
5771
-7722
7080
123
748
-9031
9796
-5386
7092
4357
-6241
2306
-2653
5284
-2485
-1358
-5885
-5044
-1086
-4961
-6102
-9844
8015
-3188
-6340
-1574
6371
-5018
-2331
2097
4945
6169
6863
-8257
4989
-4268
-6100
-9794
-396
964
-3316
-9389
4874
-8389
5936
-5246
-4714
4348
-3789
-1803
7244
-6570
-34
3419
-3184
1428
1330
9261
-5755
6615
-556
4934
-635
478
3589
7940
-8624
-2910
-1491
-9479
7232
4018
827
-4772
8305
7146
-7781
-7645
6296
-2260
-6215
-2899
5781
-4158
5920
-1686
-7465
7574
4894
996
-9039
7788
8703
8221
-1002
1090
-718
5726
-7810
-4138
-9330
8380
1604
5074
2144
-9073
9134
2106
2562
3393
2495
-7214
1200
-4828
-819
3579
3118
6155
-3147
-5445
-1988
-970
-2382
8170
-4014
1743
6443
4446
7655
7208
-5510
-9884
35
2423
3602
-7446
-7290
-9441
8650
5598
-4038
-5126
7681
9462
-6682
-5396
2765
7721
6281
1928
8987
617
-9396
-8187
-7846
5943
-9472
-6524
8208
656
7092
-7081
-2243
5431
4734
2205
-5584
-8301
-560
7200
-9389
1377
-6184
-9358
-6947
1577
-5390
-2434
-8982
-2260
4313
2981
9945
-7737
-8741
-8315
2199
6716
-876
3235
-6260
-3928
-6144
-4121
-3012
1408
471
4526
8167
-2221
-9789
5947
177
9751
6519
-1144
220
-5141
2237
-5025
-6968
3905
-1824
-9945
-9416
-338
-2010
-8031
8212
4904
-6423
3101
9641
-5516
9996
8649
-6724
-8297
7911
-6418
8713
7267
8118
-2148
-3680
-5207
1938
1233
-8868
9936
4214
-7223
-23
-1161
3085
388
-3975
3152
9567
-1862
-8459
-7599
8790
1311
9326
9153
-8043
-2504
8118
3433
1544
1685
2315
3547
-8264
-8232
6452
-6540
7044
5730
4817
5635
2780
-4271
5428
7569
-8484
1605
-603
-6928
-671
1538
-1613
953
-9709
2927
3591
-8995
-2531
1515
-2187
506
-2394
9929
-5280
-4277
9283
-8189
1486
9479
-4971
-8253
-2159
-5986
-8758
-1325
5118
7467
-3480
-5892
6432
-5741
6495
-7833
1248
-9054
7054
1288
5873
-60
9706
-470
-1100
-1563
-3220
8090
1122
-9348
-5844
5662
3262
1811
722
4592
-1262
-5508
-9724
4673
8854
4237
57
8338
-978
-6812
5643
-4909
-7137
5298
-4413
-8921
-5126
-1163
3450
587
3628
1510
6221
4474
-9042
-1388
9991
4546
5295
1015
-6996
9866
-5386
-8677
9901
5456
-9898
1060
-682
7102
874
2818
-2169
-7169
-9050
-6274
-3176
952
8691
362
-1426
9485
7068
5115
-3244
-5289
-4918
-4329
5414
2085
-185
4381
-2517
-8179
9790
-1614
-2555
-5890
-3187
-4166
4759
-6198
7114
-6711
6089
-8595
-3052
-8134
-7110
-1007
-7651
-2891
-3722
3655
-1665
-6507
-8488
3677
4789
4467
-4215
-4463
2165
1643
2864
4785
-3346
6278
-4879
-7982
6006
8586
-7582
780
-4783
-9027
-6406
-4596
-306
5472
9439
9628
4692
-1606
-3989
-3431
-7538
-1182
3707
-1247
846
4034
-6175
-4903
2148
101
-3803
739
-2647
7154
5397
-4759
1163
-6403
1793
-4921
5293
-7705
-6625
6358
-8367
-2705
-2429
5175
4469
9917
-3091
457
4102
-501
5919
-2111
9910
-7256
-524
-4260
-5280
-2254
-7117
60
-8625
-442
3845
3980
-2661
7509
1334
1902
1124
399
2766
-7683
-4982
7941
-9461
-7239
-6465
-7236
5240
7666
1993
-8697
-7606
9412
4427
8917
-206
-4122
987
5920
8934
-9386
5653
5747
3573
-4363
-3875
-2851
-7906
6991
3059
-9295
3888
4340
-4391
-9368
9618
-2547
350
-6909
6644
1740
-7491
-2369
9425
-4364
5949
-5431
8648
-2400
5523
6868
-558
135
-3164
-266
-6431
4302
-8222
-184
-9921
-2726
9916
-8420
5105
5907
-6124
-4118
-4759
-3370
-3846
6658
-6645
-8090
-9445
-2494
-5406
7777
1122
8398
-9028
1427
7018
3945
-1801
-3161
9759
-5483
167
3089
-2338
2327
-3957
6701
790
3464
3099
-119
-6300
-9655
9103
-8435
3087
1523
1368
8321
-8695
-8919
-666
4097
172
-672
6041
-8550
3029
-6697
6809
-5913
-9819
-6352
-8315
-4637
1748
-7912
8716
-1848
9785
-4088
4145
-9713
-1427
-7645
1309
-6329
-5479
-9299
-9856
-205
9998
7371
1604
-7938
-7893
4926
-168
9233
589
-5504
-2397
2094
-2617
-2993
2589
-3695
-9046
-4633
-1477
9218
3255
8743
-4622
1775
4699
-336
9055
-1409
-5062
8474
-2717
-152
6449
8955
8615
-3112
7129
-4716
4441
-2645
-8754
4203
8875
-3817
-3927
4874
7778
4574
4563
-5004
-7048
3269
-9534
1980
4034
9582
4795
9434
-6115
2210
374
-8671
-3268
8178
6410
2154
1291
-4164
4767
-8045
3716
-9758
-3652
5213
3380
-6267
138
-7508
9135
-2366
9543
4607
9228
-9643
1180
-4270
-527
-6952
7181
-7480
1946
2353
-4807
-3589
1172
5380
-2926
7337
6123
-408
216
-3427
6434
-3945
-6033
7165
-5707
4854
-4863
1637
2272
6664
1816
-2846
-4758
-5455
9702
4313
8907
5088
7904
-1728
3763
3956
-9475
6435
-8586
3904
-5656
-3755
-6713
2454
-6398
-8453
8893
4076
-1317
-5030
6635
4876
-8054
4924
5550
-7783
-3975
6197
-9774
2073
2806
3856
1157
-1920
9894
520
1119
-3535
8568
7875
8802
-9414
5295
-9047
6474
-1248
-3235
854
-2015
-108
2145
-2742
8763
-3675
-7608
-6140
4977
-5481
-4046
3960
-8767
-401
4125
-5005
-9452
3960
1763
2164
-2988
-421
7219
-6461
-7388
6067
-493
-1239
3837
9600
3630
2067
-612
1187
3424
-8326
9835
5295
3483
-1858
1592
-181
8663
6515
-6035
8665
5457
-43
1683
-637
-9101
6311
-7344
7663
-1864
1581
-5831
-3981
7286
-3250
-9955
6221
1961
3297
5155
-6241
9878
1530
8572
7640
4308
5639
-1366
-6689
-8742
-6066
-9638
2693
1502
-3739
9468
-1150
-8277
7833
-3239
5435
-3101
8892
7683
-9206
1016
-9887
8910
2252
5059
4083
-6040
7075
6096
-3943
3005
2136
-6491
-9720
-7590
-416
-7657
-9902
-7854
-8700
-7098
8170
8674
-3812
-2740
-3198
-5385
6949
1055
8260
7197
6194
-754
-7354
415
303
-5701
3365
357
3969
9083
-1630
1297
5881
5837
9209
5770
6099
1909
-6143
8135
8570
6956
27
2432
7892
-1813
-9348
-1235
6861
3235
-4204
-477
2772
6226
-5252
-5023
-5979
8595
-3043
1159
3773
3306
-255
-5084
-6313
1653
-8769
1015
-9022
4304
-1994
-8559
-7641
-7899
436
-6655
7967
-1994
5076
561
2176
4900
-8831
9115
7611
-7237
-1078
1828
-1920
-8861
-4044
-9224
-499
8246
2709
-5295
-8361
3362
-1810
-7936
-8735
9625
-4496
1789
4988
-3596
-7268
8058
764
756
-4901
7534
-5661
-1916
-7275
-6336
197
5592
-7231
-8674
4331
3025
-4889
-7331
-8423
-8442
9236
-489
4106
9615
-2177
-3033
-5277
-2808
-3780
-1524
6201
-1799
9958
-4671
4503
2845
5450
5307
1753
6122
5641
5641
3300
9523
509
-4856
2013
-2500
-2755
7018
-7677
-6045
62
-7681
-4939
-9902
-8342
-9592
7895
-9610
-8815
-1459
8679
-4081
6816
-8861
-750
9078
4328
-3091
-4962
3184
1439
-1946
-7950
611
4118
6329
-7901
9576
-7037
-7859
2343
-5864
-518
5675
6220
-8662
91
5074
6265
-9792
-5666
6734
9401
8067
-4841
2848
8757
-7643
1502
5738
-785
-2967
-6529
5231
-901
3210
2167
-3410
-3096
-5902
5418
9225
1052
-2915
8672
-891
-4433
1894
7715
1010
-4215
-2784
-8238
7895
-5219
-2179
-2038
-6720
-2308
-7896
3172
-5821
9111
2386
-2555
6677
4605
-6372
6674
-986
3392
-3478
-2429
4552
82
2471
-5453
5698
-6850
-6272
-3697
5392
-5940
5864
1537
7344
5634
2863
-2231
8957
-9067
-6663
-8151
-8212
-130
-772
-8888
7310
-9685
8270
7067
-1216
-8321
-8134
515
8114
8944
2609
7279
-9243
-3682
-752
-6907
-7567
4729
-4830
-7414
-8299
8086
4334
2378
9441
2424
-7037
-6743
-7164
-2741
-7736
3065
-9145
9901
3120
-2185
-8737
2673
-5523
3601
-4283
8490
-9260
-1181
780
-2743
685
9283
5628
-4183
-7174
-2821
6246
-5729
805
2385
4978
-5836
9674
2116
-5892
-5463
-3524
-3728
-8828
9623
-609
-4783
-8372
-541
-9606
3153
-9304
-1499
-3759
-2435
-5502
-6606
-4430
-5029
6307
1935
-7758
565
2892
7723
-1227
7421
-7315
-9681
6598
-4184
8648
-9838
1883
6061
3776
3803
7815
-8528
5330
-1845
-3634
6745
-5556
5777
-2892
-4686
2869
-2261
-2463
-2298
-7371
5872
6983
-2552
2625
2010
6525
-2732
-3658
593
-7495
-5979
-5307
-6342
-5421
-9736
824
443
3632
7508
-7916
-1372
-3639
-9124
-8323
9754
1445
2573
-7440
-3273
-8989
7386
-2507
2855
-1467
-5549
-1468
-603
-9335
955
9687
3318
8512
2531
8445
2794
3468
9344
7364
-5567
-5696
-8228
-2732
304
4420
5772
-5064
576
7252
6861
2201
-4442
-6054
1418
8723
-9939
-7218
9429
-8531
7364
-6239
-1933
5078
5054
-3561
-2244
-2917
5263
2438
-7341
-4991
-694
-9806
-4118
2385
-255
8025
8971
-7174
-4704
8748
-2065
4399
8958
154
-9540
-6235
8096
-5307
7924
9967
-8289
2500
5030
-1515
2297
8109
-775
7942
-1478
8690
-9486
5641
-2803
-1847
-2528
5691
9802
4743
6370
4257
-1006
5012
-6574
-3866
-8063
-1351
-2607
-861
8433
42
-1880
-5431
-4296
-9303
3945
-3212
187
-5485
7407
1675
-6732
3888
-2777
238
-6810
2219
-4235
-379
3520
6586
2047
892
-6357
-8320
5285
-3854
-3207
4879
-1372
-8915
917
9643
-5006
7030
6499
-3486
-4026
-9931
4358
5675
-3928
-8297
-2295
2866
-5896
-9832
535
-2754
5444
-8299
-3511
3280
73
5900
3731
9193
-4724
4365
705
-5259
-3179
-4598
-5588
-9412
-2128
-780
-3999
-9780
2084
2494
-5275
6622
-6009
-7586
6318
-3985
2144
-9248
2172
-6146
-2288
-3123
-3444
745
580
4112
2801
-3945
-675
-7978
-8898
-2908
-1146
9890
-6288
7414
-9937
-562
4165
-5544
8710
-807
-5089
-8022
-7081
7006
7247
-1997
4881
-3222
-263
7870
-7832
-555
-5082
2086
8320
-636
-3030
4731
-8307
-8179
7810
3254
5862
-6945
6876
-2642
248
-4577
-5413
8000
-3087
-4375
6975
7626
4709
-6276
-9724
3405
-5469
5048
-6168
-610
1576
1030
-7320
-1078
3734
-7628
-9269
2098
4803
-197
1306
-8341
-9570
2982
-9953
-5699
-5744
-4299
-2497
3972
-305
-5317
6984
41
9471
-4462
-2999
-4325
3707
-7717
9031
-1178
-1452
-4926
7713
-8153
6516
-3553
9852
33
-4481
4327
1750
948
-2859
7678
-8079
-1966
8233
5933
-4286
-2122
1175
3888
-8384
-8021
6335
-9547
1841
-849
-772
7565
3258
-9943
8331
-263
6515
8886
1674
-4958
-7193
3512
-6429
1763
7164
1193
3857
3059
-7496
7278
9400
4367
-4049
7684
-4545
-6495
-8507
6274
-8538
520
-9940
1903
-4662
-407
-8482
2753
-3024
-2912
3207
4978
-8098
-738
881
8547
4624
-2928
885
-5650
9913
5894
-4346
-6101
4057
-9630
2239
9700
-2114
-6213
-8098
7755
-3957
-1947
-5820
-4608
-8128
-191
-2036
-5354
5782
9297
-5534
7750
-9623
-8905
-3275
-4737
-565
8306
-3725
8957
-1793
-2590
-3396
2197
-5894
-5844
1776
-762
-5744
5805
-3156
2470
3993
1058
1244
2148
9120
128
3926
323
8298
-1604
-1037
-4121
8595
5850
-7601
-317
8397
-1768
-8627
-7929
366
6580
9255
-1808
-5733
2684
-5828
-9242
7278
3236
-9280
-8769
-4943
7326
-2125
-4123
-3725
6346
-4295
-6484
8212
-5482
1084
5100
-1932
8118
-8547
-9705
2539
-6405
7825
-8168
5794
-8217
96
-9325
2282
-9326
8098
4030
-854
9695
-8520
-7150
-1879
-4542
-1934
9414
-1603
4024
-3400
836
-6110
251
-7406
-6770
9693
-6672
-5356
-3552
-7810
-2857
2502
-3176
9222
7169
-3879
-5459
5382
-909
-5605
-1773
7715
111
8717
6555
5023
5402
-7604
-1546
3932
-6041
4082
-2974
5028
-1607
1131
-3773
-6137
-3660
-7429
1291
2057
-144
4947
-5964
6969
-7310
7066
-7920
1762
-7485
-3967
6607
-3530
6168
-5350
3170
8629
-8583
-7944
6545
3842
4112
6732
-2016
2450
6823
4313
5300
-3294
-1683
2413
6185
1282
8996
3214
3166
-7214
4109
-5847
-4591
3290
-5478
-5184
-2399
8204
1827
5883
-1721
-2354
8324
4543
3306
9359
2437
-6769
-6025
4817
-2460
3969
3575
7023
5563
-6799
-2876
-7267
7681
-8280
1649
-9188
4531
-9860
9195
-7726
1635
-7923
7476
-8192
1338
-6613
9280
5137
6505
-5182
-6445
-8842
3840
-4602
-3931
-4521
4568
8612
-4841
5582
6612
-9022
7435
-7703
337
3705
7624
4862
9421
-8407
9477
-1973
-9486
-300
1869
-1319
-9765
2007
1554
-1577
7231
9738
-1670
8921
8413
-8111
-9960
9412
-1392
-7281
2848
687
-9396
-5051
-9910
8816
-7803
-7786
8257
-3137
8400
-9181
7872
-7829
8294
5161
-7042
-4088
5996
6560
1692
811
-3907
-8594
3636
-4941
4655
7606
-553
4801
-8578
1077
4837
-1082
-1007
-6485
9373
-497
-947
-8220
5783
-6534
7261
9484
4684
239
-4512
7870
-8136
1496
8265
9129
-1579
7887
8820
3549
6307
-3897
3122
-3309
3791
-7956
-6879
7197
28
8599
2826
1155
-1473
-3922
6496
-9258
-4112
-384
-7855
9947
3753
8049
5742
-6590
8698
9353
-2170
9788
-5638
7643
-5222
-1222
5820
9877
-2562
-5316
1320
-5110
-2355
-5464
-607
6726
-4794
6212
-8480
1686
-5368
-1367
7948
4515
488
-751
637
7252
7184
5064
7923
9089
-1187
9166
-7126
-1088
-1903
8967
-5845
1997
8560
6073
2775
959
-9084
7362
-5211
-1668
2179
3727
-1839
426
3501
-3386
4392
-7444
8812
-348
3277
-6748
-593
-7900
-386
5076
-9690
298
-6935
-4269
-281
3272
5446
-4845
-4685
5345
2702
666
-4365
-7571
-4914
-5914
4842
-8786
7214
5950
5183
-7183
-7060
-3064
-7220
-6684
5180
6591
5736
-8356
-8281
4437
8470
2972
-4890
-9660
3973
-675
9442
-1420
6125
-7686
9982
-4365
-6422
7996
1713
-4300
9006
85
2039
-863
8882
4817
-2690
9837
733
913
1085
8741
4347
8619
-6157
9363
-2750
566
-3547
-30
-879
-1170
1269
-8567
5835
2409
9757
4155
-4609
4305
-9517
-2575
1523
-3026
5568
-4693
5575
8193
257
-2479
-7400
-3627
-5141
316
6578
2595
-8154
-1925
-2702
-9404
-4492
-4822
7763
-4112
-8342
4921
3178
-6062
-7852
3613
2119
4957
7632
8464
-6641
-5314
-1421
-6519
-9583
1221
-2580
6152
3184
-3569
1580
9348
-9959
-1182
-7738
1393
6469
-595
-7144
9034
7331
-6632
-9913
1345
-5067
-7390
7700
-9786
-1181
2740
6745
5232
-5274
-5049
-2635
100
-1893
-4474
-437
-3156
9359
-8858
-7892
3029
851
65
9942
-4046
5676
4382
46
4591
-7814
-4535
7438
3870
-9609
4813
9765
-7701
-776
8802
-7414
-7751
-6767
1328
9214
1498
-5996
2348
9175
-2112
-2399
706
-494
8466
8400
-9988
6094
-5488
-3454
-6985
-4671
4224
5042
-5720
7433
9133
-2245
6395
-3464
7359
6831
-9183
1052
-1063
3164
7333
8173
-9206
-6212
2717
7821
-9658
-6376
9644
2912
5935
-995
9545
1062
5463
4953
9951
-1717
7847
-7031
-6079
-6838
2317
4397
-2311
1595
3246
4932
3852
3413
1442
-5977
5934
6091
-6778
-8521
-9095
693
-4633
-7844
-4237
6447
-4629
5219
463
-2985
5170
363
-1995
-9907
1434
-1061
7910
-879
7592
-4606
9824
7258
6325
-5527
-8235
-580
9964
5452
7778
-4160
-7953
-3894
5290
1513
4772
3242
2310
3352
-910
-7309
5378
5512
7076
429
3348
7287
8396
3253
-823
3426
1052
-2176
-748
3279
8547
-1627
7253
-7452
8565
-2337
1891
5732
-4282
-4125
2568
17
5889
-8777
-4665
-2508
-9065
-7106
-8126
-2536
-7229
4469
2602
-5025
3456
652
-5150
-9858
6157
-3318
1427
4135
9848
9019
1853
-8726
8611
2150
-8769
6366
5257
-157
9302
1066
-3572
-2823
1301
7594
-4554
-4514
6523
-5432
-76
893
-6057
3713
9029
-5808
7850
2422
1670
9792
-5200
-377
7651
8963
8040
-2389
-1959
-1947
-5977
-6383
-934
-2913
-3142
-6259
-7371
-811
-138
-7763
9766
-8453
7649
-2793
-5778
220
9565
-2160
-4097
-3851
923
8096
-2099
-47
7372
-5554
-8869
-3403
8413
-5699
-4524
9588
6242
-5908
-7065
6629
-5662
-8042
-7485
2622
-8238
-816
2265
-8315
-5629
-2667
-18
-593
2877
8696
5588
2079
-2312
-8948
632
-2869
-2689
5635
-4409
-2667
6196
-3677
2339
-5507
8048
-2424
2722
4681
-9527
-6323
3955
-2478
5522
8873
5547
-7920
-1920
-7292
6322
5800
6489
4967
2250
-2030
9314
-5001
4584
-3518
-5303
937
-6170
-5677
1773
87
-127
6976
-8738
816
425
-7917
-8144
-7577
-8350
-1340
991
6551
2291
1966
-8090
-331
-873
5793
985
2237
1030
-4067
-4490
9589
3328
2372
-1247
545
6546
2652
1719
928
-2356
4875
103
5926
8766
5486
-7826
6465
-7959
-1791
-1451
-1637
109
4992
1105
-6614
9820
-9699
8886
-184
-5949
4458
4067
-7224
8740
-6075
-3404
-9238
431
313
335
-417
6812
-2962
6478
7594
-7540
-8168
-2448
-9940
-2481
5440
-2731
8257
9800
-2828
-1110
4367
-9099
-1343
8994
8203
9483
-4954
8856
3954
8137
-1169
-8977
6912
-9718
-9585
-3680
9475
659
-9635
5342
8216
5372
-4204
604
3859
3210
-2806
-3402
-2556
6100
-6549
1712
9955
-6743
-7265
-3237
9199
6435
4869
-7651
225
9717
-248
-9462
503
299
5810
-6107
6716
-9004
-2202
-411
-2785
9839
7627
-5266
-2098
-4731
5712
1000
-869
-938
8934
-2764
5111
7699
7236
-6018
5890
315
5663
3140
6243
496
591
-3116
-8413
1574
1442
-9291
-1933
5961
-3651
-7235
1442
-102
-9093
-5943
8157
9104
-2183
747
-395
9181
-3420
-5650
6681
-1140
7276
-6057
9606
2216
-8017
318
9832
-6750
5312
-9930
7432
-8446
1263
-3767
-2080
8217
-1915
-1291
-4529
2031
9207
3338
9278
-2555
-3830
6770
2371
6893
-5554
-1064
8854
-283
5172
-738
-1584
2192
1421
-7389
6802
-6955
6998
9097
-2162
-5825
77
-2961
9764
-1096
-1640
8581
-131
-5833
-4358
6509
-3051
-4668
-5751
-5823
-7745
2084
-6953
-9297
-7900
-4700
8495
2955
6772
3133
-6244
9174
3804
7223
-3852
8987
-6941
-5633
-2923
-9723
-4228
-7123
-8453
8727
4130
-6176
-5046
2522
6529
-69
8918
3506
5353
-7960
1753
-3018
-9405
-5135
-5120
-458
-123
7144
8324
3027
-3694
-9245
-8338
9613
-269
-6300
7778
-5363
4839
-7088
-5728
568
-2753
-4820
-6713
8615
7838
2623
5071
-2990
2586
8678
-5572
2558
-8013
815
-6240
-7697
-5398
-4421
6040
-7233
3395
-728
-8322
7603
1728
-4772
-760
-1180
7071
3611
3855
-254
-7618
-5741
-3071
6851
-286
-2116
-4112
-6230
-8574
-7598
-6956
3693
9653
9270
1884
171
-6461
4626
-9897
-1923
-4257
8336
715
3676
-1407
-1010
3836
-2498
997
-7207
2010
-1842
-3285
2759
-1939
-1281
8980
3449
3995
-7695
9850
-8031
-1343
7928
-6286
-8641
8938
1269
1081
769
4604
2482
-4917
-3129
7613
-2602
-1828
-4992
5025
-5197
-2270
4850
-2418
392
7307
9664
3562
7598
9931
8327
-3122
-580
8529
6497
-7510
5279
-3131
-2499
-1660
-1621
7230
5579
-3657
5452
-6665
8504
-4944
5684
2370
-6213
1105
4750
-5613
1037
7122
-7563
-2773
-2847
1452
5298
-1670
-9445
5232
-5535
-2980
-8472
-6535
-9557
8408
-7160
4695
939
1878
387
-6413
-6946
1299
629
-3608
-5721
6187
5694
2814
-7752
802
-1353
7253
-9708
3363
-6419
-5712
2337
-9355
7182
6796
-1878
1004
6640
3246
-6151
5574
-1495
8600
2367
2300
-6496
-7676
-3554
1493
1390
-3121
-4481
9639
474
2561
-5956
1157
8536
-4795
8470
893
-9848
-8865
-2290
1388
-8790
6908
1320
5499
1650
-182
2311
8055
-9247
-7855
-9322
9867
9064
9776
5750
3653
3825
-7753
-2675
-4212
-621
-4627
2806
4522
1038
6852
-3880
5365
-8077
4190
4007
8522
78
9679
-4186
2645
5363
4043
-9931
6488
-3847
-1381
4843
6349
-3480
-7145
-3801
-3282
-65
-5178
2421
-943
-8728
-7872
-2467
6757
-4096
2418
9946
7515
4156
-6546
-3776
5472
-9609
9130
8133
-2567
-6605
4648
-833
8452
-5726
-5561
3437
-2711
-4236
-3403
6176
-2836
1775
7612
2220
-7343
-1917
936
1364
-7722
3291
-1645
2759
-3863
-4367
5706
-9975
-5030
-5384
6582
-9373
-2517
-9420
6389
-4549
708
-2131
9755
-5422
-415
-6310
932
-455
-2094
3091
-5454
-4426
-6821
-6342
9951
2208
-9763
612
7607
1077
4264
-5852
2185
-235
4673
-4035
-550
-6394
2544
3822
2186
-8607
-3934
9438
-4321
3776
-5217
9040
2963
6734
-1010
6060
3434
-5215
610
4189
-8742
535
8698
3027
571
-9432
-1949
-6739
-5570
1095
5677
2510
9136
6178
3668
9045
9944
-1310
-9961
7967
1125
-3478
3467
2503
8149
-3536
-5082
8582
9250
-7056
-2187
-3179
-1529
-3739
-7306
-3538
-4761
-3716
-6084
-8772
5354
164
4723
2267
-4922
-2924
-8556
9297
1504
7023
-1511
9299
-6568
3360
-905
6388
7651
0
-3207
4846
-4714
-3683
4199
-8572
8140
-2602
1310
4755
-7631
9283
-6811
2431
4259
-775
-8017
-5963
-2361
9269
-4692
2013
-4102
-3952
4430
6086
-7098
-448
-3963
1376
-4713
-7881
8048
-8271
9395
-7565
7888
7662
-1708
-5326
7866
4953
1627
1543
2801
4567
4071
-9145
7894
6641
-7670
5
54
-8602
-4323
-4434
2429
4368
-7226
6809
3563
-3017
6746
-2772
8892
6946
6757
9875
-5012
-6788
8882
-4074
6546
-6641
-8459
-9058
1301
-8524
-3972
-4036
1930
-9418
1225
-8306
1288
7704
4554
7711
4316
-8388
50
-8896
1415
8107
9907
-2203
-7009
-1568
2808
2966
-2272
-830
-2529
3994
-2828
7622
-5863
9134
-684
6767
-1364
8906
-4560
-5682
-2450
4444
-4379
940
1944
-5222
-3734
7904
-266
9396
8816
-3563
6177
2950
3522
5884
-7237
5333
-8231
5213
6940
-4758
-4081
4565
6876
5924
5496
6010
-5202
6576
-1179
9773
-7210
7009
7828
-1166
9853
8381
1399
8006
