-3018
8554
-4661
7280
-5735
2096
-7644
-1418
7291
-3878
7969
-2995
-6826
-4454
8325
-4219
1858
7033
6708
-7521
-254
-5618
9894
-5698
7086
4155
4007
-3666
-2639
-7569
9986
-4136
-6159
-5749
8276
-547
-8546
-5801
-156
596
-7277
6250
-2805
2857
8577
9220
1389
7132
-5069
-3122
-4269
6421
1976
-8874
-6750
4680
-1312
7239
-4722
9946
1439
-3561
1990
-6754
8879
-8826
4146
-5337
-319
2789
-7425
7596
5382
-5704
3123
-1456
4936
115
6922
5903
5440
-3097
-7703
8723
7171
-2369
2296
-7767
3025
-6772
1039
-4431
-5049
-2762
-3946
-4956
-7834
-3748
-8860
-1153
1503
8397
-1050
-7179
2116
-7352
-8342
-3143
4019
-5181
7145
9454
6930
5871
2466
8087
345
5653
9396
-8227
9239
6558
-4417
4116
-7974
-7732
-2392
-2361
3824
-9246
-9100
-4433
-7593
-4895
-9782
7637
6438
-6339
1348
-4468
3179
-788
9565
-5897
7155
8428
-2885
8920
-3964
3785
-1369
-2457
-5358
7293
-2614
-8577
-5932
9503
-6523
-7935
-313
548
7313
-9303
-3076
1764
-4257
3114
-3766
4687
2287
-8063
1082
-5041
9839
7975
-3525
5794
4073
-3379
-8657
3866
-2976
-8547
9450
-9662
-9741
-95
-4182
-7233
7296
-7683
5821
5596
9888
830
7895
-8482
-4232
8412
6506
-641
4870
-9015
2285
3692
7132
1002
-1890
-3505
6361
-879
5917
-4070
3907
7346
-9007
-9930
-8807
6283
-8355
367
-9049
8835
-8814
-3766
7828
-773
6399
-9806
8325
6316
7057
-513
-5165
3744
-4324
-8545
1980
-3298
-7683
-2583
-2219
86
-3312
-5182
-4765
6024
221
-8043
-6768
-5212
-7780
3296
3608
6540
-5100
-7090
9924
-5835
-8799
3554
6246
7398
-3341
3030
-2903
-1380
-7285
-8366
6650
-9135
-9560
-7003
5676
-3426
-2186
4626
5553
-4138
-9742
-8222
-2076
-3042
1324
2513
-6897
3051
7720
-3978
8428
-8414
5124
-890
-3538
-2341
-6809
-6180
-5272
-7642
-5892
-2290
-8006
4173
-5544
3663
-4250
4085
7866
3003
-6662
-2196
8956
-2055
-4729
4143
5711
-6272
-8056
-9416
-9340
-5437
7228
9858
1674
9109
8811
6746
2968
-6554
3217
-1211
-4080
5729
-2862
3396
1669
-4857
-3369
5509
2366
3119
-2356
2722
-742
-4101
8821
3727
-6358
6746
-1044
9671
7146
-3789
-2521
-6213
9980
-6915
3480
-8450
-4393
-1197
-239
-2610
2080
8782
5852
1559
-3118
3244
3293
3407
9593
-1523
6758
3820
8751
9975
7584
-2972
706
4685
-8756
-7522
232
3899
-5989
-6477
-8252
2209
-3998
-7338
-6244
-1948
3694
5580
5999
7141
-9785
6122
7873
9322
-8542
255
-3051
-2538
2337
5237
9161
-6954
-948
6650
4045
6577
-9631
5543
-9499
6888
468
-3352
5338
-2369
-6596
-7663
4291
-2292
8592
955
-9895
5502
8508
-2690
-2849
-1392
9816
2296
-6049
-4795
894
6932
-4956
7064
5578
3255
7849
4301
6767
6856
-41
6358
8129
6498
7182
-7035
-4517
-2854
5421
-6700
3896
3044
-364
-3468
-2272
2955
-2544
-8037
-8420
9040
4401
-264
7049
-133
-2686
2683
7432
-7627
604
-7289
-9529
9331
6042
-7113
-1145
8279
-5772
3393
-7755
2833
-663
2477
1319
-8503
3615
3965
-5584
5133
-176
3087
3190
5272
-1634
5790
4227
911
-1737
4632
-6805
-6083
1138
7186
7662
2266
-8168
-6376
4867
2022
-601
-3954
-5286
-3830
705
4108
6625
7714
5053
-4144
-7579
-6904
-1330
3091
9913
-5546
-6696
-7125
-3142
6235
6102
-2772
-5880
4039
4452
-5000
7902
5583
-3457
7516
-3501
-2762
2620
6844
9811
699
-3908
-105
3427
-8662
-1356
8789
4872
-853
98
7287
-3254
-1194
4155
5460
-2789
2543
8641
9100
8774
6143
48
-771
-3085
1514
7715
6260
-8277
-502
693
8580
4988
1727
-6827
-2350
-9485
-3311
-5058
-6231
6925
2407
7721
76
1180
-9825
-6908
6462
-3924
-6804
7857
3344
-4091
-8896
-2763
-5721
3763
8791
-406
-9422
-8126
-5956
-551
-9359
5169
5954
7225
7942
5507
6482
-1630
-6749
3907
277
-3735
-5989
1879
7324
1386
1803
5055
-81
7155
-1060
-9966
5782
-6093
6915
-2313
9338
-2045
6120
-2854
-8808
-6250
837
7638
2985
-9596
-3541
6446
-7230
9056
3485
-7054
-9393
9609
7160
-3189
-2361
5257
3193
924
-3600
-6618
-4226
-1620
-4896
-8031
-4421
9546
7455
4093
1495
-8813
8463
4123
-6415
7345
5305
3176
2218
-5299
2721
9914
-5846
1531
6351
-4891
3294
4523
3387
7633
-8920
3499
-7308
-7268
-4341
-1401
9069
9389
965
3822
-1513
-1345
-2936
7076
7293
-9237
-4020
4144
-3093
2467
-2796
-9407
-4606
-5961
5418
-1797
-7344
5849
-4142
-1284
-8136
1775
-2873
-5454
-945
7840
8015
1341
8494
-4633
4091
-2660
-8142
6829
-8797
4114
-6397
4347
-1391
-2529
1537
249
-1699
9251
7904
-5206
4367
9458
8608
6615
4468
1801
-5633
-297
-6085
-6161
7600
4040
5070
-8198
5856
5214
-820
6849
-8917
9190
-9619
4966
3848
-1352
-3860
3868
-648
3103
-7296
9754
2372
1495
6357
3637
9359
2825
1520
-6743
687
2872
-757
-172
9785
324
9133
-1009
-3957
5393
4806
-7058
-9553
2593
1852
8913
5446
-5250
4635
1145
7575
9422
-6746
4080
-6389
6590
-9948
-3829
7230
7766
5004
-1047
-903
6435
6800
8208
-7989
4157
-734
1138
-5843
-575
-5994
-2951
1589
-9104
4072
-7654
7971
592
7585
-6191
1417
-9934
-5346
9930
3325
-4746
-4511
5269
6216
1012
9550
8341
-6173
-7893
863
-645
-1752
-2783
-2898
4822
7432
8140
2783
4795
-6582
3593
-5708
-5978
4933
-439
-2521
9420
-544
-720
8375
-8342
426
9798
8634
6784
-7108
9574
9685
-7870
-689
9323
7865
-3497
3224
-2496
9243
-8227
-2639
-769
6678
7572
2795
-1121
-8256
-4939
4826
7814
2981
2072
-2402
8726
5441
4990
-185
-4734
1031
1164
435
-1536
7307
3915
-7435
5683
5034
6908
-3230
402
-4578
-4986
-1005
-2276
-9452
-7591
4383
6833
9003
-7530
-1879
-9659
-6514
-940
-5837
9786
-7324
-3985
4223
-3776
-3947
8017
1903
-2202
1649
-7724
5196
5016
8434
6135
-9835
8691
-7993
6258
7824
5941
2802
-1601
-3087
-8351
-7248
-6856
-9308
-3293
-7460
-5614
5900
9137
5326
4169
-9661
-6967
-9072
-9132
337
-2737
1754
-1927
8058
-1152
2001
-5033
-9411
1401
8461
-3272
-6768
5335
-510
-8399
-2424
-669
-3021
6806
5067
-5361
-2235
8215
1171
-4437
-3112
-7919
-8004
-7241
-5944
6341
8116
1309
1445
7467
7408
8916
9079
-2046
-196
3689
2928
-2375
5015
-7654
-3097
-2941
-4372
3542
-8306
-5231
-102
3293
7114
5627
3567
1283
1059
-2441
-6512
-12
2858
-1881
-4114
-6735
-6797
-3020
6438
-1832
-6447
-8686
-8363
3598
-6913
2584
-876
-9547
4988
2957
8561
1379
760
-9615
-9102
9259
-8517
4242
-656
-1227
-3103
-3574
-2078
5247
-279
-1252
9141
-4616
-6104
-6922
-7145
2330
856
-529
-6583
-6320
-7601
-5632
-3922
5446
-4160
8062
3966
-5639
-9933
5250
-3750
6622
-5786
7186
-478
2298
-6078
2084
-7607
-2051
-6743
-8584
3882
-5988
2353
1590
9837
-4446
8064
692
5090
970
9441
8520
-7611
8398
-4312
-1362
-3090
-9718
-5991
-5909
-8477
8897
-6475
4066
-8853
-2014
-1569
-2466
893
-5745
7270
-4491
9335
-8459
8194
-445
-5130
9034
-4365
-5825
-5243
9851
2240
-8561
4416
-3393
9514
-3573
8662
-6349
936
-7019
8710
-1200
4127
-3198
9196
-2901
-254
-4241
-5993
-7446
-4271
6439
9752
-9857
-3410
7341
8454
-1465
-624
-4596
5595
-220
-1758
933
3449
-3197
1369
-9624
-2817
-7487
-2325
1338
1630
4209
-8562
-6346
-4836
-516
8752
5755
-7107
-6149
957
1603
8076
-4365
4888
8481
-7051
1836
-8811
-8676
-453
-8557
2806
8727
591
-6676
8671
-7778
-8792
-6706
-9492
7125
-9418
616
-8660
-5960
3825
-3955
-8964
481
4953
3304
7245
-2232
-3886
-1169
-9089
-6850
9480
-7672
-1033
6226
945
7333
4841
-5494
1117
9634
9564
-1234
-5115
4090
-2269
8817
5012
4083
7638
-4912
6258
-8878
-9925
-5813
5645
9897
-8168
3505
-3829
5600
7021
9130
7619
9136
-1068
-7887
8582
-4277
61
-298
4824
-8137
6196
-2243
-2289
-3627
2206
-201
355
-697
842
-8729
-4082
3027
-2145
4368
-2070
-6032
-4782
-3899
4564
-2777
-1708
-5131
-1166
-6727
8399
5258
-1327
-4143
-4000
5258
3658
4346
-1885
8721
-1990
-3101
-6294
89
-7149
2923
-6025
332
3413
-4236
4457
7782
-7764
3011
7577
8045
-8203
-3745
-8160
-9709
4638
1492
4744
-1892
-2155
2980
-8625
-5603
1839
-4846
-768
3355
-8748
6482
-3180
489
-105
-6063
6131
-7274
9351
958
-3362
3013
-3290
-7909
-2381
-2091
-246
4125
-5844
7196
6881
-7727
-3092
-6774
118
-4895
-7933
2218
8492
1477
-9966
-5220
-4143
8824
1895
-7283
2699
7209
-4577
-1472
3294
5274
4874
-1136
5114
662
-8771
-1564
22
-5249
3658
8316
3062
-8181
9238
314
3914
-1326
-6043
6695
2769
4662
-4241
3886
3490
-3651
3069
3398
-5420
-6697
-3039
1448
2753
8418
8868
-8646
-6982
3640
-982
1732
3630
7808
-7396
9616
-9178
-1767
5809
2828
-7944
2806
-7795
8879
-1480
9241
-3152
6032
-5031
2855
2655
-4481
6522
2064
1735
-7061
-3662
8789
5923
-1251
-3800
3733
1311
-462
-9378
-7994
-9723
-5388
-9057
-3761
8807
-5528
-882
-3231
1844
6917
9219
2796
712
4556
-1624
9087
8148
7072
-5279
-4503
2205
-6747
5202
2473
6669
175
-8006
-6926
-6031
-3585
5721
-6138
2645
-2088
3857
-8509
6634
4006
6740
6629
6256
9810
-989
6485
-7553
186
4931
648
7305
-9279
-7736
-7814
2598
-7251
7104
6257
-3631
956
8449
-5381
3794
2755
-1701
7860
-2479
5268
-4069
-4634
1628
4224
-8426
-6425
6604
2459
-7329
-8372
5577
5593
-2110
-8883
9370
3949
4958
9868
5451
-5869
9472
-3147
5580
4746
-1768
7019
-6543
5813
-9888
-7704
7321
-8992
4022
-2737
4099
-993
3817
7212
-6565
-3214
1946
9254
5117
2002
5002
8073
-8789
-4347
-3784
-6550
7977
5180
5095
389
4372
2107
-6266
-7597
-2916
9645
1817
-5285
7024
-7766
-8880
-5607
8859
-8968
-4317
9018
-1013
-3923
1836
-993
-4597
-8301
-1822
-7829
-1435
2325
-82
8227
4844
283
-4259
-9982
-4297
-9311
8289
5290
-4159
-5544
5931
-3932
5661
-958
-4150
922
4253
6128
5923
-4068
1615
-2484
-9912
-7347
2686
-2654
1348
-7982
3326
-8997
4495
8692
-3463
8535
-2065
1700
3925
-7140
-1101
7772
2533
7074
8014
-1829
-6500
9722
-7676
6457
-3700
-9766
-2793
-6061
4930
-7889
134
7299
-2961
-6615
-9609
-5978
-1847
-7915
698
-6625
1765
1786
-8241
-8603
452
-2185
-6263
-1792
-2217
429
4138
5656
9473
6425
-4149
-7787
9717
4974
3305
1929
-3001
-7774
-5133
886
-1060
-1733
-9078
-6768
9470
740
-6146
-9549
8489
-1115
9457
5065
-6542
641
7510
-5259
2725
7294
-6100
-6734
-1149
-6567
-2104
8494
460
5628
-8625
-6111
-6453
8470
6340
-7532
-4345
-8669
358
5206
9977
-5418
-5329
280
-5964
4068
4142
7280
-9679
4610
-7125
-1817
-4807
208
-9356
9669
-7202
3207
-3424
-2868
-8752
7877
-3770
-7314
-86
7551
-6612
6876
-4059
-8806
6373
933
7177
6852
-5523
5886
5391
4393
9793
6287
-4005
-901
4818
7931
8860
-425
3469
3491
7381
-3886
5341
1118
3617
6126
1175
7788
974
-8882
-5358
-2100
9980
-8359
9057
-5777
6129
-77
-5042
-9141
-4627
-4277
-2796
-3488
4674
2322
-9105
2463
-5837
-8272
-5043
5296
2985
52
4937
-7074
-4316
1527
6752
-5089
-9060
167
6166
5765
7587
-4985
8543
3643
-6863
5934
3989
2481
8468
9079
733
8659
4691
-1487
1181
8752
654
-6018
-3164
6396
6830
8982
-6150
-8390
6879
-2960
-8461
-6346
-250
-3001
6934
-8135
-7710
-6899
-4856
-2904
600
9243
7509
4457
1435
-4574
7206
474
4262
-7107
1299
-9196
-8096
3225
-7339
-951
5722
8208
-9270
-9253
-3135
523
7369
-5030
-2009
-5416
-2491
-8012
-8693
-4482
2096
-1297
-8471
-9478
1541
-8692
3052
6681
-9141
9521
-2636
2796
-7648
2330
1232
-4619
-7937
7119
5424
-2437
2947
5586
-2250
1519
1219
225
1458
-6930
-9727
-6061
-1054
-4392
5133
3313
2741
-3937
-1068
5335
-5633
3704
-6610
-3818
2454
8367
-7727
-2410
-2315
-446
-9125
697
-8132
-2981
-8688
2753
4756
8937
490
8388
5968
-6097
5222
-644
-4636
6177
-8794
-88
-527
-3424
872
5018
4563
-1067
-5143
-6830
6594
3626
-2225
-1488
6196
-9333
-4312
-1263
-2440
9675
-7861
5765
-9088
2445
-6965
-7623
6260
-557
5367
6150
-8273
1385
-9553
-1802
-22
413
-8786
5306
-1084
8552
-541
7990
-7514
4681
1396
3994
6229
3652
-4085
-817
5818
5304
1200
-1984
615
-1872
4794
4446
1994
-9580
-8998
3823
1943
5178
9720
-2563
9212
-9729
1441
-9659
-7576
32
-6195
-5716
9102
-2731
-3937
-3818
-2682
-7379
-6649
-4927
9574
-2524
-800
-6330
-3173
-3195
4058
3053
-9869
-9121
2517
-5093
1429
438
4132
7807
7096
-1719
-2523
8883
5339
5711
-2893
-2923
1017
5371
8363
3889
3643
-6460
769
6369
6330
-3291
4625
8982
-3099
7027
-6835
7087
-4218
-9364
-7523
7405
-5475
-4385
9339
-4187
7414
7925
3525
5084
4880
-6857
1141
-5049
5541
-387
-6889
8253
8427
1663
1205
1270
9995
-779
-3507
-5589
5764
9602
-5762
-3907
105
4773
938
2553
-5448
7682
-5297
1965
-4857
-9261
-6995
8127
8693
-3040
5977
-566
6918
-2058
-1799
6656
3489
3951
6657
-7750
8228
-3808
-651
-9971
4607
6260
5104
-1353
-8917
-6641
-7631
-7504
-7491
6051
-9558
9906
3798
6682
-2291
-4588
6543
1869
4280
-4001
3202
9954
-4330
1622
-827
2333
198
-7069
7417
3765
3630
-9322
2666
-7438
4311
7019
-6464
-8139
5550
-7735
7184
-4382
-3955
2671
-9504
4365
-3833
-9209
3252
1227
4590
-1451
-607
233
-6046
-8033
-8893
-4232
-2220
7262
-142
-4030
-8898
-1923
6614
7150
4090
-11
3570
-1862
-3344
3056
-6703
-3344
-3795
-709
1865
-5373
1853
-8856
8977
-4009
9422
8604
-344
-9440
2716
5214
-6002
8343
5868
-9288
-5153
-1899
-8780
7337
-3290
3979
-4966
-5226
9175
-9881
494
-5945
4478
8501
9548
2649
-1608
-9840
5649
8972
-1996
5356
-76
1254
-7976
810
688
-1503
-6237
9996
-4983
-5670
9835
3006
-982
-9124
8733
4559
-8346
-111
-5924
6292
-9938
-2377
7349
-1914
-1035
191
9018
5634
-9335
2530
-3993
-2392
3957
8319
5257
-3062
5771
1343
-7859
-9017
4539
-1636
5183
-8250
-592
38
9716
-9564
84
-3934
8267
-2263
-3197
5153
5226
6262
-4120
-5505
5166
1539
95
1492
7837
6463
-4385
-7360
-4482
-1698
4607
4852
4218
88
-3586
8766
3269
3219
4579
9736
-7776
2194
-6547
9551
3053
3582
-8004
9731
8248
1449
9895
1115
5619
2926
-8935
763
-7870
7869
2913
-2595
5328
-2806
8551
9910
-7155
-5611
-685
-1130
-7215
-109
-8794
-4984
5754
9159
-3176
-7675
-2627
-709
8431
-2556
6437
3712
6376
-2299
-6671
9925
3931
4644
-2686
-3103
-4139
-5422
4207
-9355
-46
6734
2916
1067
-1850
3934
-3662
-2152
7480
2358
6820
4171
5554
3641
-425
1322
7514
1890
-1862
-7241
2687
-1975
-4056
8101
5986
-5789
-417
4589
3022
-7430
6102
9995
1503
-4963
-556
2877
-987
4660
7745
540
-5264
-3453
-6011
-3922
2970
6675
-9068
5368
2380
1140
-3295
8280
5751
-8099
-4173
1628
7081
6660
6513
2913
-4695
5925
-8921
356
-6675
-3233
2851
-8765
-2835
-6710
557
-3848
-1664
-2587
-4264
6578
4480
1661
962
2610
1876
-4693
3366
-1749
-9479
3555
7804
-8961
1022
-3483
4030
-1564
-6780
1938
-340
6847
4534
1261
-9702
619
8402
-5548
9124
9955
8091
7006
-4948
2760
-7476
-3411
-1387
-2678
6696
-6243
8227
345
6463
-8549
-6337
-1011
-6700
2698
6410
4168
4203
750
7147
2954
-5651
4424
-4049
9853
-2907
-7344
-8877
-473
-7352
9587
-2898
-9034
-8747
3429
-4101
7614
-2005
-9617
-9703
-6161
2161
5500
-487
1821
3835
9922
-2763
-4228
-6509
-4906
7089
8040
1068
838
271
5265
-6219
-113
8617
7666
-5646
4046
5947
-3895
-8046
9181
9428
6925
2568
2116
9958
4793
-1586
6431
-1512
-1735
1235
-1397
-5653
-7354
-7675
9735
-3220
8642
3680
939
-5103
-3403
-5797
-7363
7993
3878
7073
-2642
-8961
-6256
-4152
5860
4860
5129
378
332
8648
-1954
8501
-2868
4941
3075
7542
7949
-1382
-6004
8423
1363
-741
-2273
2109
-9562
-1039
1423
-2127
4233
7467
3454
634
6383
-370
6429
-3438
657
-8147
-1808
-4781
-8488
2581
-2585
-7103
-8225
6788
-8315
4487
-1443
2768
6720
1041
-7236
-6351
3717
-7081
525
2238
-2451
-6665
-6136
-787
7165
9729
-7728
-1204
9618
-930
9528
2898
4148
5103
9263
7874
2462
6216
-2701
2277
754
-2644
-3736
4434
9862
-6688
9135
-92
-3830
-305
3702
-2941
-3445
-2273
9905
9957
9130
4164
-5796
6624
-1900
-3877
-6457
-6672
2000
5780
-7126
-4613
2315
5975
-672
-7062
-7689
9677
-8134
-588
1848
-5216
8693
-9691
-839
5848
-4611
-8369
-5556
-6162
7433
2709
6242
4651
-4069
-9956
8715
-7813
5230
-1578
-5417
-3978
-4161
-4011
4433
7025
583
944
-6089
-1093
-3345
-5306
9885
7482
5414
-7410
-4140
4013
-6486
-8139
-6989
5329
1814
-2473
94
9810
596
9223
5850
5120
-3700
7368
-4712
9730
8401
8063
-1777
2201
-7339
4098
774
-3500
-9938
5318
-9210
161
-7189
9391
598
-7714
4866
2167
8366
4495
5989
846
1395
5668
701
6181
2926
-6096
551
-7031
3001
-8553
4656
1709
9593
-721
7202
-5789
-5078
351
9292
-5288
2827
3063
3317
-7497
3343
1355
-4667
-9079
-584
-6549
-3887
2565
-6903
-7669
2186
-7849
9385
2515
4572
4895
1255
-6582
-7846
-7490
9522
4879
-5179
-5593
4034
-199
5058
5600
3738
-8946
17
-3665
3073
-2208
-9766
-7120
5181
-5484
4067
-2978
-8843
-5166
3037
-544
-2975
3697
-6420
7216
-5847
-8194
-8826
2703
-6211
9227
4917
-7120
-42
-7451
-7108
-2637
9682
-5829
-8450
-6747
1850
4286
5082
7558
-7191
-1838
-5862
8012
6831
-8430
-1628
6415
738
5066
2890
5277
8601
-6134
-2720
9067
-6425
2271
-1094
-4234
1043
-5618
-7994
-1571
-375
-1810
5236
1856
-9397
4725
-1153
597
-511
-631
-8020
6647
2303
-8149
9427
-2474
-2495
9222
-3679
983
9344
-4144
-9753
-4872
-658
-659
-4315
-9773
-1193
-3066
1901
1638
7241
-2378
-5469
-2212
-1904
2655
-1219
-3783
-5762
-1808
-9848
-5883
-5430
-7432
6200
-2131
6833
-9496
-660
4958
949
-2091
-8575
-9646
7245
-5867
8500
-6768
-4041
-1269
6105
-3929
-5651
-228
-8239
3491
-3318
583
-800
2910
646
3176
-4853
-8215
4553
6308
7720
-9224
9589
6025
9642
-7138
-6888
-3590
-2094
-1304
-8972
-3393
778
2168
-8194
5563
-4924
1667
-9657
-7575
4645
-666
9148
8266
9776
5433
-2810
-5845
-6887
-1599
-8095
-8729
-5964
4559
4843
4308
4643
9869
1281
-6133
5810
5816
-2189
4443
-3883
3057
-5502
-8395
6174
-2994
9234
970
-8314
7353
-2761
-9088
-6970
6373
5209
-2166
8787
-1927
-8995
-2075
-1828
4936
-8395
-6273
4657
3503
1443
-3718
-8637
9356
8420
122
-1043
5376
-1721
5074
128
6253
7
8611
-8422
7661
-4181
-8942
-7224
6726
-3965
6171
-3518
-7996
1625
9152
-324
4685
3759
3845
2918
-4490
2934
1972
-6241
2969
-8475
8125
-3371
5145
-9696
-2028
-966
7770
5498
-163
-5206
-534
1391
7598
-983
4371
-8727
-6513
-7818
8978
-1217
-2693
8290
9701
644
5006
8672
5979
-7105
5782
-6864
-9721
9059
-1922
-9764
2180
-5027
-7551
734
2140
1854
9068
7985
6598
4127
2588
6371
7477
5538
-1904
-8337
-4390
5785
2368
4592
-3974
5946
2361
1441
-909
-1153
-9418
-9660
4363
-1890
2454
-9288
-6318
-4249
5057
-5795
5009
-5087
-7358
5679
-7506
-179
-5579
-3776
416
2189
-9057
-284
-6567
553
-4274
2830
-8623
-7228
-4201
-7793
-7608
-663
-9163
-5518
-5485
-5301
-2314
6077
6137
5502
-8833
5788
-8354
810
-2977
-9820
7785
-4191
-1252
2924
-2164
-6086
-3123
-8564
-5633
-4872
2948
-6546
-3433
-8712
8072
-609
7888
4660
8439
398
179
-8359
2445
-6721
171
1708
2288
5082
-8272
-6472
-9588
-79
9178
8958
-8676
-2464
-7216
4609
631
1426
6968
-1649
-5861
-6924
883
-9759
-6834
851
7639
-3160
5433
-1159
-1194
7473
1324
-161
-640
-6241
-8709
6730
5258
6098
8889
-2275
7496
9226
-5188
-2049
-8988
-7972
4929
6601
-1184
-9271
427
2999
2681
5863
7229
-1827
9926
7214
-3226
-3888
-6592
-5504
-6654
-80
9663
1104
-4507
-8923
-6992
7520
-5430
-8897
1959
-7990
2768
6908
5730
-4589
4121
-9948
6588
6025
3496
-4360
8798
-2132
-943
5961
584
1460
-2417
-4733
-1912
-3380
9550
9799
-7984
-7600
4976
3949
3621
-2117
-3927
2123
-7042
-5294
-6919
-4936
-8934
-8929
-1509
-6595
-4163
7026
3365
-6356
9001
-9274
8172
-4061
6317
-9172
-6253
-3228
4825
4205
1234
9664
6188
-9509
2540
-9646
5539
-7051
-9074
9333
-6823
9528
-8038
6270
4239
1882
-8529
4583
-5030
3636
4275
-7800
-6886
2087
3689
-7085
5287
-9807
8255
8129
-2290
-9871
2220
-6944
8425
8760
7507
3355
3676
1
-7858
-1129
-1826
-1229
-5299
5365
4840
-3620
195
1005
422
5394
3414
-1177
6410
443
-5401
-410
218
-9056
2344
-5741
217
167
-4005
-8220
-8630
-3606
-1320
8377
2277
6403
-4377
-1854
8370
9377
3028
-5580
-7399
8955
-3036
-653
4155
4434
417
-5346
927
-2774
5421
598
3983
1390
-5467
746
-5622
-4396
3257
-4279
9242
9295
-2309
-2931
4186
9182
-7149
-2606
410
-197
9577
-6258
451
5204
-5533
7159
7600
2413
9373
745
4719
2060
3629
-4663
7708
-5111
-2727
9539
1285
-5478
-8509
7507
2429
-1248
3945
1603
8631
994
8931
6759
-3888
-8457
8706
-2301
5312
-2548
1065
6634
7148
-9933
3322
7098
-7028
-4314
3737
-1844
1361
9900
5010
6053
-2910
6571
-9342
1780
3804
728
5588
9305
-1505
8955
-9032
-7980
-3575
-1264
-3456
-6254
-9488
6895
-3340
3818
-4189
8464
1258
3620
-8594
9567
1854
-7864
6851
-6868
9107
-89
8782
-174
8079
4858
-8647
0
-5744
7730
-8150
1885
-8125
-744
-2417
4367
-2528
-2884
2584
-5241
4341
716
7576
4770
7635
-1719
683
5359
-7547
1706
-3626
1102
-348
8150
1927
9743
-3974
-3278
-627
-8093
7811
-4305
8639
-39
5566
-3355
3383
953
9158
6261
-4710
3530
-4766
7742
8598
-7831
4362
-207
6622
-2720
7412
4873
6761
-6712
7721
-6768
-4767
-3801
9898
-9744
3022
-3796
8338
-3650
5563
7344
9205
3461
3809
-2947
2498
-9337
-7389
7015
-6959
7364
8452
-8268
5311
2999
5835
4659
-1133
3162
7563
4386
1507
-8334
-6281
2549
1534
3022
-2440
1506
-7769
1528
-4311
6137
7701
-6072
2244
4809
-1488
6027
-6970
3122
360
246
-8212
265
3316
9320
371
7151
-49
-928
-6660
-1435
-3402
9431
-1661
-6977
9061
334
-5038
4319
3702
1303
-5852
-4403
-5338
4081
-7795
-9836
1236
5786
-530
6811
-9439
3888
1299
5997
-9674
6413
-3942
-2621
8216
7852
9599
-4341
9144
1661
4473
-478
-1348
2244
5246
-7718
-6637
2896
2022
5505
-9339
1274
-1973
-8960
-1894
695
-4287
-8434
-4133
3770
-8456
2547
6151
-4739
-3453
-5933
-5976
8210
4943
-3808
-3643
-4975
-1312
-2955
2640
-59
6985
2746
-8230
4237
3305
427
9677
7858
3040
-2044
-34
-5036
-4504
-4099
2794
-6997
5212
-1338
-9479
5687
3036
2874
6015
-2638
4865
-2309
8605
3505
-8963
7437
-1750
-5716
-7387
1681
2041
5223
9115
2507
-1395
-8467
2855
-1683
-2528
-7372
901
8532
7617
-8436
1859
49
-8363
1776
585
-1142
-1935
2403
-8243
4137
-2660
3894
-4057
-9186
3745
4176
3019
-6214
6792
4173
582
4673
-9417
-2690
6215
-9504
2921
-5132
-2560
-435
-2590
9365
5919
-7046
-2979
9361
6788
-3830
9311
6168
-6259
-7951
3989
-6125
-5232
-7311
-4141
8318
-8601
-8114
2115
-6778
-5835
-9182
5864
-8081
-2708
-4962
313
1687
6338
-352
-3928
-8611
-7115
-8299
6977
3838
-6656
5416
9262
-9259
489
1827
5452
-6850
7787
8879
5587
-6327
8229
2409
-6803
-7565
7780
-9854
9865
5683
1052
-6641
-729
-5929
7769
1026
-3011
-6194
4843
6811
1983
7349
3566
-245
-4509
5436
-3506
-808
2211
5223
844
5527
-7057
-1595
9092
3058
-9568
-3843
4393
-6807
9878
8038
-5945
6053
1003
4354
4476
263
1830
-9472
8144
4540
-4603
8987
5785
-3521
7947
-1157
-1971
-6948
-1864
-1230
-7005
2569
-5539
5105
-7696
-1124
-2283
2165
1492
-3698
-8498
9712
7409
-3935
5150
5644
-2078
6292
-919
1778
8169
-6821
-5921
-7501
-5506
4787
-3701
-2348
-2227
-1866
-7065
-6513
-4509
614
226
327
-8585
-5447
-5744
-7280
-8030
7455
9774
-307
-2637
-9048
-3245
7739
2600
-5628
-9799
-3568
3157
9295
-3505
6504
-384
-3915
-699
3669
-8401
-1792
653
7709
1892
9672
-9201
612
-5559
-5820
-7917
-3586
3870
516
-9024
9984
334
9478
-2800
-7427
-5378
-3429
9917
-6060
5901
-7326
5906
2171
7566
9592
-8728
-283
-2994
5117
-3283
-2275
-5145
-5769
-8633
-9082
-5395
-8663
4688
-9090
76
5563
-5151
7474
-7571
6432
2642
-2416
-471
-6364
-82
7380
-3719
-7931
9661
3451
224
305
7006
-2121
-9978
-2440
3546
6818
-7369
54
4461
1027
-4072
5193
-3120
-1860
-1689
-2761
5452
601
9124
-541
-9286
5919
4566
7970
-4411
-1200
-927
-4198
8795
-4771
6591
7829
-5242
653
-395
9120
-602
-7925
939
416
-6584
8789
-5485
2103
7202
8980
-3016
9492
2938
9298
-9322
654
5817
3733
9387
-6512
2762
7886
-3809
-2216
6823
-1237
1492
-3213
-7200
8154
449
322
9304
5497
-2157
-5590
5556
-9165
2671
4733
-6101
8006
5409
2591
-6145
-1124
-6392
5137
-3262
3817
2605
5349
3676
-8136
8084
494
1253
-6343
-379
5265
-6769
-9471
-2101
-8567
7824
8573
8413
1771
1767
-3291
-1529
2742
4914
-920
-7550
-3086
1451
9279
9306
5679
-4473
-8375
-1244
5791
-9817
-9124
8883
1888
-586
2174
-5860
-1540
-6520
-6290
-6169
-3781
7785
3665
7843
1726
7138
9040
-7037
8286
-7921
-588
8236
3431
7889
3129
7126
-3580
496
8435
7589
2463
-5912
-3144
-3214
8021
3818
2112
6739
1824
8774
3907
7921
-5842
-6880
5587
-1485
6403
9312
-5912
1978
-6691
-4337
9710
-1658
-7242
-4462
-1216
-848
8560
9456
926
7597
-1166
9189
-8750
4938
-6211
2443
6043
9542
4124
-9168
-492
5170
9633
4007
-782
7940
9045
8336
-2428
8155
9621
-6561
2281
-5187
1536
9954
-6778
7751
-50
-7929
-8264
1803
-9235
2315
-4403
2234
-8895
4956
-8057
-2556
3150
2718
8857
8870
2585
-6890
-3155
-529
-1799
5858
6022
118
763
932
-7541
9657
1467
-5253
-5771
-8241
996
4820
-429
-8729
-8407
8839
-4608
7574
5546
3852
6658
2359
1307
-2381
726
-6215
-4733
2210
-2405
-6951
-4828
-6814
5431
1379
-3988
978
6432
-2150
7557
-8155
7378
5195
4155
7741
-9542
790
-176
-1130
-8559
193
7105
5131
7466
2853
-2173
-125
-3500
6230
1256
-8228
-4851
-1442
-7922
3614
-5593
-3136
4036
-3171
555
1273
5441
-687
-7034
-5812
-894
-1886
-6952
2706
3656
816
1284
-1056
2903
298
-8426
6800
-6494
488
9525
7869
-7534
-9917
-6761
9431
4612
2838
-5035
-5493
-9682
5175
-3621
-4949
8096
-8916
-1940
5951
2492
-1412
-2809
2407
-5946
1723
7283
-336
-79
866
7506
9852
-666
6645
-7862
611
6693
6583
189
-4701
-8778
-4419
-5768
-1180
9414
-6601
5411
-694
-581
-5265
9081
-6983
3934
-3309
-8149
-4443
-4985
-5315
6676
-7376
5512
-5356
2910
7087
7720
8972
-8552
-7555
-9654
-1998
1299
9048
-3760
3338
-5677
1775
9605
-2257
8227
8404
7274
3331
5747
-5135
213
-3783
-9472
5893
4920
8634
3838
3168
-239
-8802
5778
2040
812
6111
9383
1015
-7681
-7023
1197
-4433
3975
3808
-3418
-6423
5188
7902
5848
5637
1605
5192
-2542
3333
-5128
7133
5822
4769
3961
4740
-8550
5317
-6381
-4750
5393
-8237
9206
-8534
-5161
619
7432
4734
9260
-7649
-9020
-5969
-5805
3059
2830
8497
4987
-5395
-8294
-1229
-8913
5552
-2584
7122
-8368
929
4747
5649
-9637
5515
-6569
-9762
6886
-3228
6764
4608
9473
3900
-8508
-8055
-8968
7470
289
-5073
7709
-2125
6603
-8955
9243
6411
8089
2435
-1158
-3660
387
862
-2485
9483
7206
7771
-1110
9513
5862
-419
-1439
5121
-2928
-9157
8959
-9394
-3498
-9877
-6234
-4318
84
-3175
-4443
2796
-6162
7397
-5560
-5926
-4999
-5234
2948
-6761
6549
-5184
-2329
6701
3915
9854
810
9588
-6177
2818
8995
-1614
6209
-4531
-76
-2238
-532
5690
231
-2415
-3224
3324
6662
1696
-7416
901
-3178
-4977
-6035
-8791
8345
3045
-8080
-5518
-7925
8423
7963
-3420
-1551
9515
3210
4579
3456
1530
-174
4166
-8370
-2260
-8329
8711
-6728
-4443
1158
6249
-7750
-4120
-5703
3753
-5090
-6182
-3440
4830
-7318
-4131
2293
-7271
-4739
964
3312
-5704
4763
-2042
5857
9346
394
-8848
-1929
-8651
238
4582
3743
-7506
-3911
8704
8575
9553
3716
-7756
-1461
-8202
1999
4015
9431
-9945
-3761
1914
598
-9703
5764
4524
-7658
5097
6632
8852
-8145
3786
-7256
9238
-3110
4291
7198
-2708
1816
-6120
-724
8776
-2517
9399
5586
8905
8408
7712
-8769
-7598
-3433
419
6010
7910
4803
2302
6099
-9099
-7790
9082
6744
3043
3650
7094
6064
-9092
3365
-4173
-2661
4126
8322
-6706
7689
-5670
3990
-4699
-4291
1202
4210
2710
3383
-5979
1815
-9535
-9861
5101
5914
-3663
25
2885
-7457
-4674
-9230
-4091
2421
-2994
8624
-7061
-6343
1730
-1189
8400
4823
4647
-243
-2494
-2073
3808
-8070
-6835
3657
-8842
8397
5918
126
-7391
4091
2282
5432
2867
-591
-3185
-7725
1361
-6402
-5327
-407
4242
-4230
-8083
-8179
-6803
272
-7768
6208
6186
-4567
1604
533
3706
-2350
268
4338
-7723
-4895
2167
-7834
3214
-8467
-907
9151
-3352
-1690
9824
-9838
6544
-4905
3903
1379
9625
-9872
9923
8481
4211
-4590
236
752
-8553
-5910
-4266
-6935
1696
-2148
-4459
-4811
189
-8946
-258
-5559
-177
4273
4434
-3461
9295
2640
1051
-581
-3471
-4351
-3266
1354
3466
-2936
-2197
3815
4809
2783
-5175
2658
-2593
9430
-2815
4249
9587
6960
9585
-5281
2050
556
-1781
4811
2711
-7323
170
4140
-4489
-5266
1950
-143
1684
-8466
8125
5519
7625
6411
7916
-3695
9057
-6718
-1414
7106
-7889
-3512
5311
4970
387
8153
4258
773
2341
5123
2169
-227
-6321
3478
3617
7660
3717
-3475
-5347
2474
9954
8732
-1926
7652
6000
-6595
-7509
9065
3082
-3254
-7840
-7808
-392
-5608
2698
-7722
-7488
8859
9248
6804
4073
-7399
986
4306
-9897
6665
5319
-4981
6629
5344
-5219
8150
-1721
-530
6819
2053
1530
3303
-5364
3287
7244
-8516
-6490
-7049
2549
562
-8463
6371
6364
-6366
3705
7558
7490
-7933
-4700
-4644
534
9395
205
7853
-4122
7692
2601
9733
3034
1778
-6133
7960
-5696
2563
-8857
-5627
-7200
-4655
-8149
-8241
-5925
1441
-793
1640
8750
7013
3877
6559
-5812
2038
-1977
3675
-843
5779
-9441
7612
-7216
-3165
-3997
9630
-2991
-4082
9341
-6478
526
1832
9886
-7244
7467
9121
444
969
6336
2865
-7233
-5213
9339
-3580
-4332
9848
3495
-1238
1457
-902
-8765
