-8022
-9728
-8730
4993
-9314
-4694
8752
7114
2180
-2233
9430
-2434
3162
8549
122
3217
7394
4867
-625
-8292
-3844
-7276
-5114
-2414
151
2608
-8183
-2240
3590
-1187
-780
1220
-2799
7536
363
6751
3433
-4347
-2702
-2921
-1061
3399
-2411
1354
6303
-9462
-5502
775
450
-9703
-67
3197
4632
-1619
491
-906
-1982
7101
-6562
3794
161
-8885
1273
1003
-1134
8333
162
-4340
-6150
276
631
3465
-6478
1467
-1843
4471
4685
-4087
4507
-4133
-6952
4709
5160
-1868
4270
2124
-1396
223
9210
-4543
2880
2567
-5417
-7806
-7991
3617
-8984
-1438
-7451
4371
-4400
-8679
4374
-8117
2925
-9908
4883
8245
-7909
6327
-4591
1822
-9847
-2159
-4097
5073
3753
9202
929
8242
-2830
7097
6329
7665
5348
6369
-2708
2289
6133
8945
1645
393
161
2684
2914
-9777
-3344
2228
-2147
1336
-4812
8410
8498
1564
-5732
2396
-3936
-4326
-2029
8770
-2644
5970
-2235
-3820
2405
772
-7157
-1464
9849
-5597
5030
-9438
7928
-3640
-4406
2633
-7122
7198
7140
-8807
1518
-8484
-5543
4301
-7117
5712
-1003
-3805
-2527
8897
6210
-8789
-1535
-6105
-9472
-3753
2952
6279
-7586
-8110
-5610
9153
3179
4220
5422
-6290
-3562
-8862
6991
9795
701
-6250
-4440
-6887
6146
5612
4848
-9189
495
-5282
-2934
5308
4275
-8292
7527
-4107
-6023
1524
8711
3907
-3749
1612
-9561
-9798
8030
6027
7865
7210
8462
-6988
1370
-4958
413
9228
4717
-5073
-5639
6
-7461
9924
-8623
1208
361
9335
-277
-8924
1456
1754
2059
5436
-4375
3839
-6464
2219
-8762
2290
4375
-250
6781
213
5801
5688
206
-7871
8178
4828
9813
-4284
-5595
-2107
-2460
1799
3030
-8916
1572
514
2043
8968
3562
3212
-8218
8070
6129
4342
6079
2284
-4374
-8491
-4241
-8658
-7157
4806
2092
6987
9277
3826
-9436
9396
-4651
-2345
2220
6911
1940
-82
-722
8666
-6820
-9140
-1386
-9884
-4468
-3601
-9869
9375
1707
-1896
-802
5920
767
9060
-9277
-5616
-5615
9447
-122
9037
7425
3032
3676
-7884
7910
49
934
5689
7951
-9368
6716
6110
4267
5767
6802
5338
8674
52
3876
2267
-2935
3823
-7537
1160
7138
-7640
5653
6808
-1088
-7290
-7903
-1403
-6301
-7936
-7457
5695
-825
-26
3454
4400
-360
4020
-5183
-7266
-6906
3216
8685
2738
536
-5278
7873
-721
783
-3409
-5206
-4613
1615
-7548
1449
-457
7991
-4444
-131
-2844
-2591
3034
9926
3029
8488
8128
7368
-4594
7212
1109
3085
-5992
1993
1071
-7022
-7268
2758
3638
2025
-374
-2911
-7538
-586
-8626
7873
965
6548
-1043
1895
720
2139
-1599
2762
-7186
-834
1728
3642
-7299
8222
-6826
7589
-5848
-6325
3949
2962
-2683
1605
-8415
7376
-9697
3297
-1611
-3721
6810
6635
938
4242
626
-5031
-5528
7705
2886
6354
-8167
291
-8432
-1054
4624
-2984
3956
-4094
6561
-6974
-9539
-8384
-3078
-3852
-4675
4735
9011
-9243
9296
-2226
-5170
-6906
8177
-3323
-6840
-5322
4007
-66
-2076
-327
418
-1249
591
5404
-1303
-5600
-7381
5962
-6864
-2678
2583
-5110
-7
1465
-569
-6234
8937
-6422
6760
2020
-3113
2183
230
493
-64
-962
3836
6093
18
1301
-1268
-7850
-3749
-2802
2246
-7315
-6639
9144
2845
-6075
-8516
-863
-7901
-6366
4542
136
-6330
8629
7135
2098
-8272
6655
2726
-1142
-5013
4400
9998
6037
8795
8525
-8189
4761
-9833
-7211
-5026
8448
-2113
-8958
-3901
4031
-7885
4669
9005
-6813
-3160
-2591
-5337
-7474
-2959
8437
7711
-2817
-5599
-2376
-9185
5950
-9873
-480
-4734
-9536
-7614
689
361
5235
6858
2376
1360
-3534
7570
-4224
5987
799
-2743
-7240
2404
-4546
-2550
8482
-7430
3706
-8216
6357
-5380
7959
-5267
-174
-4065
-9092
2900
-5070
-2884
-7779
-7376
-8371
-4877
1172
-2516
5010
576
277
-9674
-7702
6547
-1198
-2877
-2229
-5646
1015
-2209
9442
9140
7349
9992
-3314
3141
-439
-9806
8792
3041
7961
8009
-4040
41
-5747
-1006
9181
-3269
2071
9283
-7653
-9466
9217
940
-6907
-9795
-3705
-3308
-2325
9893
-5690
-1139
1941
5008
8859
-3779
-9880
6770
-4411
1788
3207
-1946
-6621
5536
-345
6410
2917
4429
-9167
9447
-8377
-5661
-9391
4544
3171
5627
7027
2825
-1541
5465
-8257
-4420
-2634
4607
6380
-1238
-6767
-2643
8201
1827
5470
358
5619
5340
-82
-5340
4068
6929
1585
-6232
-1922
-1391
-3871
2398
4033
-5293
3691
-2524
8147
-426
-3191
6532
5101
2990
5087
-55
2450
-3633
6327
9693
-6416
-3159
-3362
-266
-8939
7568
1058
2390
4974
3903
-7703
9819
-199
5340
563
-1207
784
-9920
16
228
4997
-2394
5421
1290
1074
-2729
-2544
-5513
-6993
8038
-654
3053
-5588
6897
7185
3402
2771
-6333
-9245
-4869
-7556
-2126
4205
-8069
21
-2479
-6084
-5989
7415
3608
530
4929
9181
3350
8795
-6468
-8833
-5505
-334
-501
4366
3279
4370
3331
9118
4961
3097
2830
1903
-8751
-3080
4762
8586
6508
6836
495
-7293
8132
-3582
6553
5944
-9266
6714
-697
-3915
5053
5691
7585
-9275
-1804
1704
9440
9299
6598
-9744
3591
4681
2064
4517
9318
-7290
9926
-4013
-958
7162
2206
-2487
2904
6913
-3449
-4110
4835
-804
-783
-9605
2258
-1264
1212
823
8298
-7836
-7109
-2394
7560
-2259
1599
5336
-1823
-8638
-5209
4835
374
9542
-4004
3273
4841
7256
-7246
21
9552
-4380
9594
-1520
3622
-9518
8780
-8746
-284
-1879
-4803
4254
-2244
3289
772
7722
-9308
7311
8682
7140
-5915
2967
-5696
2615
1778
-4908
7744
-1138
-8391
2766
-7654
3603
-7803
9914
4440
-9858
-7770
5874
8859
3646
9172
-7231
7886
6915
-7391
9042
-7396
2160
-9258
2476
-7986
2225
-1121
4686
-3620
-9298
1615
-3766
-6582
-8698
4774
-5063
-5079
-8534
5291
-5057
1752
-3254
-7926
-5600
-2358
7733
7330
4351
3912
8624
-2879
-6940
-713
1417
-5514
2598
-4828
-4881
-36
-7774
4874
-9411
-6811
1607
-3192
2128
-1441
3038
-6924
9575
9571
-1791
2881
8314
6748
-4534
-9603
-4807
-9958
3062
2545
8604
-8368
-3560
-9952
7017
-5625
4701
7640
5256
-5061
7598
-654
-3269
-2161
-2522
-8554
-9450
5722
-5654
-8971
-1784
286
4148
952
9016
7625
9301
5659
-8000
-4330
5717
-6973
8495
5884
-9013
-8728
3381
4989
5850
8411
502
3380
-7835
9455
-2181
-1866
-5187
-5517
-9806
2924
6994
507
-3839
3816
2319
7553
4098
5901
-487
-8579
1225
-7583
-9438
3721
7881
4163
8239
6409
-7406
7761
-3517
-5625
-8420
-4426
9895
-1580
6157
-3567
-1351
4864
5222
6925
-3808
-1954
-3875
443
-9269
-1923
6957
-2591
8308
161
3136
6993
-848
4969
-2297
-5498
4812
-2000
545
-263
8437
9701
3597
9852
-4849
6135
4108
4874
6821
3874
-4876
3271
5565
-4991
7809
4007
-9846
2646
-8033
606
792
-9200
3583
-2764
-3311
3365
-3756
-5085
7232
-514
3386
-6893
-9973
933
6052
6006
-7846
-538
-6557
-2403
4952
7390
-1867
4768
-6998
5186
-171
4064
2391
-1837
-9709
3472
4445
7233
2562
3308
6666
-9337
3760
-2868
7729
-1853
2734
8529
-3974
-9928
-2380
8896
-5044
2513
-842
3308
2626
1382
2481
9583
-3156
-7120
-7436
-544
-2854
1830
-3700
-6548
7430
6800
-1675
3028
-9463
911
-8822
7884
-3557
-2186
1192
3442
3141
549
-9389
-1665
3030
4599
8818
9313
-8745
-9011
-7960
1836
6951
2016
-3854
-909
1399
-4373
947
-751
-5239
2190
-8085
2603
-3702
6026
8480
-5111
799
7820
9237
702
-9882
5348
-249
-4559
743
-1149
7066
3249
-5216
9193
8770
4697
9209
7863
9775
9814
-1523
-2312
4008
8775
-8865
2693
-968
1772
2067
7342
-5816
-4810
659
1584
9805
6085
-1682
3511
3130
7399
-3900
7831
-9597
-8080
435
-7666
1365
-5983
1216
2047
2489
1259
-1659
3781
-1951
-3812
5479
8356
469
4614
-7663
9564
476
-4375
-8268
1701
5367
483
-8954
1297
-2349
-4552
-1920
-3633
3056
-8446
5274
552
7458
-6250
9767
6472
-9544
-3255
9293
8897
7749
771
-1603
8231
9160
-7331
-6252
9248
-4183
2675
-3975
-3167
-7510
814
-5408
-4975
2006
-2401
7345
-5360
-4428
-4687
1571
-421
5788
-9393
-4718
5196
4588
-4977
-7575
8942
-8169
-1
-8783
-1131
5991
-8537
991
-7119
8758
6904
7153
-1627
9020
3424
910
-6264
2133
9315
7767
4641
1244
-9382
3109
4858
6388
-5738
9033
4547
5688
6423
4427
8058
6167
-3511
-1762
8875
-2749
-2034
9665
-2888
-6636
1921
-2492
9754
-8459
-3
6843
-273
-7334
8123
-251
7429
4284
-6379
-9110
-7526
7351
-7639
-1330
5759
-6170
573
4157
7432
5780
3688
9156
2050
3009
-2100
4428
-2561
3885
2099
-8805
-6123
-7244
5986
-3969
5943
7926
-1079
-8257
-6002
2783
2332
218
-1730
4097
-7578
-936
95
7940
-8047
-1571
1990
-9518
4524
-6626
8252
-3593
-1271
4034
-8258
5722
5674
317
6591
9232
1468
-2788
-8981
-3585
7338
1065
3467
-2136
728
-6983
-6481
-1144
8752
-5429
6474
-7324
4264
8581
-9582
8257
5330
-2553
2846
8520
-622
-8577
-525
-4532
1582
472
8170
-2796
4605
-6403
-7305
9485
-2925
-5701
-760
4104
-8427
-851
-5064
6373
-8175
692
1597
-3387
-9098
3320
2677
-3631
-6961
6213
2216
-5468
2554
6727
3148
-382
-8814
8229
5410
-5405
-7529
5880
-8977
4945
-3204
1358
-6148
-9519
4691
7649
6098
7796
2275
3460
-2578
-8773
9039
-1751
-2545
2926
-535
-8447
-9515
-4724
-6074
5465
472
-4046
-8255
-6861
9270
707
-4752
-8107
-2652
4566
7851
6319
-7233
-3486
-2718
-3573
-7103
-2823
4983
6368
2067
-3029
-1847
-1779
-5954
-6472
8652
-4837
-2917
639
4580
2320
7207
2514
-7034
-5253
8496
-8107
-4075
-6158
-507
1878
8324
7385
5451
3092
3677
3668
-562
31
8335
-5501
5878
-8436
3718
-9862
-4354
-7534
9119
-1382
6373
-5587
-6144
-106
-753
7015
-5367
1701
3502
-4845
9998
2154
3687
-5481
7832
-1796
3079
-7610
3239
2825
-2491
-3431
-5563
-441
-3117
8341
-8932
-124
5570
4707
-1169
-2669
-2857
-6416
6294
-4156
-6005
-3535
5903
212
2743
582
-9625
-2624
-243
-7688
3811
1652
-2729
1203
610
-9256
3497
-9235
-6697
-6820
8806
-7987
2019
5964
-7989
-6807
4178
-2545
123
-3405
-3298
-2061
-2673
-5829
5572
9304
-1592
4475
-1075
6364
5571
-5665
-2885
845
-9358
8129
-66
-489
-2345
5124
6652
1364
9016
-7840
-2414
4168
-7249
-264
8891
7298
-8955
-1718
5949
5906
-5095
-945
-9928
-3299
-3720
-4758
4389
4804
5352
5079
8348
4473
-4765
449
-4985
-1850
-2023
-2016
5832
9445
-8487
-9424
1616
-1521
5433
-9014
-1141
1323
3918
-5362
-3843
7005
-4551
7238
-9997
-6129
-4971
-824
4939
4863
-990
6236
-127
772
4595
8227
-4382
7449
8307
-8333
-3221
5128
758
3644
-2846
-3918
2753
6894
-8067
-5300
-6612
-3637
170
-3138
-4077
-4888
1619
7631
9737
7803
-9333
-4314
-7552
2723
-7254
5536
7838
2239
-1939
-3669
824
6768
-1978
-3720
-795
1624
3206
7977
1742
2530
6838
6866
1421
-96
6989
-8286
5782
8920
-7299
-2346
9838
3642
-3830
9645
-4211
2557
-2841
-9039
-8838
-9180
7540
-5151
6617
-3555
7538
6821
-118
8033
8334
-5145
3945
6736
5873
3791
-3769
3999
-3019
-4871
-659
-4717
-547
-817
5899
8689
-5241
6419
-7179
-1819
-1544
5464
1786
-9361
1305
-3280
-6208
-233
-8202
-9870
4425
6914
-9566
8316
-9103
-2399
8562
-9650
-867
-4263
3914
8487
902
6042
-2730
3393
1224
-7766
4341
-2137
-5152
-803
-9538
-4823
7728
6922
-123
7172
2166
-7916
8235
2196
3721
-17
3595
-939
6850
-6878
-9482
1998
4972
-5926
5053
-5143
-4720
-5552
-2412
6519
-8177
4757
1776
1598
7246
2654
6989
7381
-4065
-2534
-6683
7158
168
-4060
-3462
-9565
4946
7626
-4623
-8629
897
-6893
-3128
-3042
9129
9095
6820
-993
3649
-7820
7201
1545
-7055
-9681
-6473
-4761
-3439
4516
3020
581
-6555
-8606
-1009
775
-2565
1733
9363
9230
7100
1892
-9025
-3278
-5722
5920
-5121
-2816
-5434
-403
2389
4574
2372
4848
-8098
6015
7467
-8277
-6544
-7106
-7510
-1170
-3186
-8468
3815
-6984
4495
-1248
4447
1376
1670
7480
8869
-2663
2507
9668
5761
-4080
-5940
4857
-5777
6965
-8005
-1547
-1026
4086
-6341
7472
-2210
4083
2700
2494
-2474
1176
-9440
-3612
-4323
-9165
-6434
-8478
-2206
-5078
-9461
9687
-8758
-5809
-9760
4583
-7099
-537
7134
4375
-5098
-2832
5768
-1925
-24
-8951
2746
9758
-3649
3013
4156
-8533
8529
5521
2611
1531
-5921
8995
-3053
-2528
4601
3340
756
-2858
7709
4060
6622
-8418
-1654
8383
-51
-8928
-7141
7949
-8918
-9818
-7363
1845
9561
-1805
2589
441
-7036
4433
3490
-8757
7368
-7618
7814
-7877
9050
-9611
6323
4340
614
680
-4234
-330
-4736
9290
-3873
-2038
-7049
-1598
-2700
-9604
9614
5663
8443
-9668
-4806
8944
-9657
780
-5289
-1373
5730
2642
9691
6562
-5076
-2478
1619
-574
-4059
-5708
-1728
1073
-2043
3549
-8705
9653
9915
-7141
-5226
6661
377
-6390
-9223
962
-8380
-1841
-9120
-6695
9173
9561
4091
5358
9619
2290
6849
4271
5649
4927
6992
1884
-5056
-8786
-7520
-6236
165
-6995
-5755
5404
9347
2936
-2635
7766
-9829
-4654
1098
5520
-6818
-822
-5107
7072
5535
8014
-5754
-2582
-3466
4805
-9860
2300
-9844
-5530
9467
-9117
8185
5399
7738
5194
5580
9120
7888
7500
-9328
7175
-7005
8602
-7524
-7458
-5865
-7181
5248
-5122
-9181
7377
2086
148
8137
-7290
-9955
-430
-8470
4770
-2347
7967
-2941
2943
7510
-7124
-6549
-8854
8345
-6884
-6545
6066
1301
3502
-6966
6079
-4992
-6029
-9202
4063
6819
-4822
-5914
1504
2502
-2329
-5550
-2140
9084
6186
-8621
7795
-6719
7001
4946
-7611
8346
-7054
-3138
7545
9219
-1583
9760
-7005
183
-1350
5765
-5997
9573
3715
-2128
-9293
-8654
-9595
4879
-3734
4659
5366
-2168
1061
3611
-2016
-2421
-1406
-2396
-8682
3181
1939
-5826
4067
-4804
-1074
9791
-7178
1823
1113
-6053
8332
-7488
-1222
-7675
2444
3779
-8248
-6664
9219
9996
-5033
7016
-9083
7934
4617
-6984
9426
-616
3972
-4194
3052
4544
-2794
-5967
-9597
-2551
-1268
5109
1129
-5432
5689
8342
-5135
5781
2359
521
-1675
-6699
-8286
2863
-6596
1379
1856
7490
-9405
-6968
7869
-3788
2630
7557
9126
4308
-9350
-6668
1086
9232
-6895
9190
7032
-8804
-7721
-6359
8645
-2522
-2911
5073
924
2406
-9854
4617
987
-5181
3272
9682
-7440
-4833
-7935
8479
-733
2681
2192
8678
5188
-6816
3718
1949
-248
6598
-2803
-9928
-1887
-719
-3898
-599
5118
-9297
3169
4292
-5023
-1443
8369
2734
-6886
-9779
7449
2944
-5606
-2510
4039
167
845
1834
1166
-460
7092
4682
-9405
-4087
-7226
8116
2016
5469
-4028
7032
-7587
4036
6581
-6289
-170
3090
-7520
-2820
8006
-502
-2710
-5865
-4509
5931
7059
-5073
-9417
-4138
8920
6870
-3742
2903
-802
-9255
9473
7112
-5964
3978
-3855
-7609
-8868
2891
-8534
-4599
-2457
-2234
-5819
561
6716
4547
7904
6913
-1117
3007
-26
1991
8182
-7043
-5192
5306
6615
-1306
6388
4501
-246
2273
2001
6921
3390
8081
-1530
-7329
-4088
-7532
-1634
-6916
4227
3662
7055
6463
-9518
-5715
-7009
-8278
2928
948
5290
7388
-2341
4281
1485
2307
-6887
-9488
-1488
9707
6732
363
-7791
5309
7903
4092
3910
5392
7185
-1913
-2756
9480
-2043
4097
-5747
4937
7115
7241
8031
-8511
1867
1919
-5317
-8159
-3677
7869
-9498
-902
-6859
2034
-3493
8907
874
2047
-573
-6505
-361
-4012
-9790
-5441
-5522
-8834
-7077
-4299
-3836
-5737
-1084
732
-3155
-5122
-3894
1913
-1794
5456
-9372
-9451
-3413
-486
-6091
9888
-3179
-3774
-7554
890
7017
-7237
-9709
-6202
-7563
-9239
4660
9590
-8878
-5571
-9912
-9061
6935
3649
-4470
-7920
4412
6191
-6701
-8455
-6445
-5712
-3984
-7370
8644
-5286
866
9506
-9881
4184
674
7817
-163
-9246
-5399
3095
-8238
4135
-9968
6525
-4493
8999
42
-1786
2171
2459
-6914
1121
3965
6364
9177
1559
1665
-1275
8467
3328
3643
7273
-5742
2349
-8744
334
-5344
-2697
5386
-9281
-6387
2908
1532
-2090
-4894
2095
-4621
3220
5547
7992
489
-5537
-8923
-9221
-6873
1391
-8633
-8386
-147
7476
2930
-888
3656
-7176
7039
6769
-2161
2319
-5686
-9350
9768
3452
-165
4930
-7994
-4084
612
-2412
-6574
9689
-2133
344
2065
-6689
2899
1595
-8341
115
-3418
-2615
-8668
1210
8806
-5108
1202
-7833
59
-2788
-8492
-1205
-6100
4884
-6814
-2270
-5676
1051
3062
-9754
7062
9442
-5278
-9842
-3965
-821
-7911
-4348
8023
6825
4404
217
-1873
-9727
-7821
-8249
1858
4387
4872
3061
-6161
503
-9928
9462
-2401
-4663
-3376
2650
8524
-7291
3046
-959
-2214
-9104
-8314
223
-6993
5366
-3990
-8262
-7656
3926
5094
-6471
-3789
4789
-4258
-3052
7704
-4814
-627
-9037
2346
996
-2857
3912
-5467
-9777
9085
2413
-8675
-7835
3621
-7840
3838
-1868
3472
109
-4787
1053
7825
-8681
9227
-6057
114
1495
-4359
2738
5422
1087
9833
7010
-5598
8172
-3335
9743
716
1159
7377
-7017
8263
-7287
-662
-1567
-808
7391
3769
-5842
-8799
-1641
6865
5735
7613
8051
-6627
-6753
7017
9004
635
-1163
6784
-3637
-120
5474
-4382
5491
-6148
-2519
9362
-5536
-57
1338
4358
411
-6295
1100
-4463
4517
4678
2378
-5144
2447
-9521
213
3833
-5200
-5101
-8638
-1873
-9561
482
-5587
-1581
5122
1848
432
7847
-7507
7188
3811
-4928
-9540
6418
-837
6860
4337
9858
-4314
-4263
5604
-9338
-4162
1213
-771
9159
-2885
3360
2030
8640
-4648
-2450
8829
-4033
-7252
3051
2908
5221
-2178
4422
3601
-1816
7721
-4183
-6773
4006
-4222
729
-5527
-5823
-8386
-8189
4579
2389
-5808
1114
3097
-8118
6911
6077
2705
-9876
1753
3880
8325
-7646
-3403
-9167
9626
-5384
7923
-3904
9895
6434
1379
7398
7383
-1136
778
-8316
1362
9048
-6323
3518
1477
4611
6960
-4405
4282
3009
-9865
-3982
5338
2473
-7175
-6839
8668
358
70
9879
-7982
-2941
-1140
3753
5635
-3066
-846
3705
5999
-5542
2846
-3790
-9640
-7485
5996
305
3505
-9687
7882
-8647
178
5538
5900
-2804
6186
-6017
-7110
8219
-5334
2838
-7348
6845
-8074
-6972
3410
7891
-2061
6435
-9527
8956
-2176
5515
-784
58
-578
7386
-1675
7371
-8607
-3472
7558
-4447
-2759
-5841
-401
6112
6337
3414
-7952
-4301
-6907
-8845
7188
5670
-7207
-549
-8767
-7999
3788
-3546
-9078
6090
3331
3546
-446
8193
1315
-1005
-8059
-790
1526
5760
-4282
-3014
-7750
-8311
-7145
1928
-895
779
7
6429
5831
-9182
-3672
643
2205
-8756
542
-7322
-2683
5764
2812
7989
-182
2472
3149
-9356
-2913
6807
-6811
4873
-2372
4555
8761
6200
-4753
9930
7958
1834
678
9828
-3719
9185
1662
8150
5801
-1970
-4227
9207
712
-6960
4241
-3395
-1610
2840
-4690
-4113
8145
9216
-9860
-2171
-5591
5656
7683
-2833
9704
9054
9874
1099
-4877
-2589
6400
-2773
-8388
-1062
-6821
-2506
2779
5514
-6084
5059
-1746
4674
6461
2766
-2326
-2001
-495
421
7587
4883
-2071
-8592
9589
6887
-3992
-7814
-1922
-4871
852
-8967
4803
-237
-5364
9714
3393
-7636
-4843
2915
-1790
-5028
2047
534
947
-6178
1224
-5807
8699
355
5862
7116
-4008
4321
-9392
9394
-5559
8510
-3891
2728
6924
-2738
-4681
3261
6663
-6721
-651
-8531
1912
-7244
1132
7905
-8289
6895
-168
8938
-7299
-8943
8172
2126
4759
9179
-9110
9833
286
8281
-8597
-9927
8350
7655
4594
1081
-6007
-7583
7741
4618
1067
-8988
2810
-7274
-7138
9155
-6213
-327
-8780
-7361
7091
3171
815
8495
-1082
-3595
734
1499
6563
-2766
-2114
4718
-2897
-276
-9941
-2119
-9002
-3426
-5860
2728
-8425
5414
2466
609
-4044
-9061
-1009
4243
-1480
-6302
-6102
-2273
-5366
-8754
4381
-7212
-6742
1424
1463
9955
2980
9804
2975
5720
3937
-466
-977
-6358
-9270
-6628
-6652
4933
-2264
-3091
3809
-5884
-4906
-9468
-5421
8164
-7453
-6683
-7209
9316
3267
-9339
8101
5622
6332
5749
-7297
-7162
4501
-8179
1610
-6928
-6297
-8166
4794
-9969
-2867
5633
-2634
-1946
9554
-5993
3705
-6456
3482
-6419
-5951
7026
4526
-1009
3456
2748
-7101
-4731
6145
6207
-9298
-7703
7514
8567
-4081
4609
1987
-9462
4499
-8896
3962
-8680
1145
7733
5230
-2553
5486
-1692
-6076
422
7083
2583
-8078
5567
-6222
3955
3384
635
-6028
1404
-6091
9695
9730
4003
-6223
-7819
9436
-3936
5777
4345
2505
8728
9310
-7831
-399
-9338
8635
-9128
-2769
7820
-2321
3943
6435
263
-5904
7825
-4944
-4293
7996
4591
-9372
-5518
774
3866
5238
4027
-774
4623
3475
-273
7318
-9424
5720
-9497
-1464
-8367
-5436
5240
-7911
-2678
6758
-5395
5968
-5358
2369
-8791
-3376
-314
224
6344
-8548
-2013
-6438
-8438
-2631
-4842
-8332
9396
-2665
-5101
7246
643
-1093
-8799
-5494
6500
-4881
5320
-5635
381
9581
-395
3083
4658
-9838
1793
-5009
4420
8001
7698
-9480
3936
-6829
-813
8821
-4752
-547
-896
-293
-6050
953
-4660
5371
1126
-1694
-4740
6124
8705
-4376
-8796
3515
-4121
4727
5703
7775
-3397
5699
8271
5459
-2715
7075
-962
-1265
6853
-7943
-6662
5229
2786
-9199
-8743
-7556
8833
-8158
-3347
-3987
5498
-6296
2117
4357
-1457
4163
7461
-5798
-7008
4583
808
-9891
7781
-6426
9330
-9999
3448
-6397
-8091
1018
-9799
5594
2720
8790
-7624
-901
-2342
585
8571
8674
-3713
-1187
6374
-9629
5322
1389
1677
-9382
4529
-6973
41
-8632
1748
6644
5687
659
3125
-6770
-7989
-1492
7238
-9319
-3843
9868
1877
6869
-6622
9956
4194
5246
1650
-9677
1174
-9957
8852
-1445
-7690
-7370
5574
-137
6248
-5362
6442
5203
-5937
1027
2532
-9962
8047
-4963
9198
1333
-2402
2638
-382
7518
-1483
3385
-7433
-9492
-9142
6692
2102
-4532
-6872
3615
6653
6491
-3426
-8404
-8848
-8025
-2885
1681
-5918
-4565
2220
1943
-9604
8479
-1831
-6511
3821
4560
1601
6590
7595
-4745
-593
3621
-8516
817
-668
-5731
-6176
8703
-3036
3756
768
-6981
-2028
-6053
9392
5172
-2211
-109
1437
4523
3418
6828
4889
-5095
-3165
275
-7377
8202
-7543
-1683
9391
2484
-9695
-1542
-2160
5258
-9694
7712
9427
8159
-846
683
596
-7564
-5210
-9336
-2499
5766
5493
-1851
-8488
8513
1377
-6783
-6402
8091
5808
-8738
1557
8895
806
1574
-6876
4182
2952
-9607
9995
-8510
5879
3893
6292
-285
789
-6353
-7589
2794
-6328
9234
-8572
88
5974
1200
-6850
-6202
-4519
-4197
0
-2305
5196
-7190
-4109
6607
5503
3817
2296
-6089
2935
-1085
-1019
7482
-1418
-5325
2169
7287
5526
-9814
1395
7106
-2302
-5691
3318
-1048
-9862
-4103
4863
6576
-7889
-2874
-7812
8791
7552
5422
-1240
-855
7465
3121
-5501
33
-7862
-4869
2106
9639
7343
-9224
-8000
-2102
-5250
-5144
8498
-7281
-8038
7114
466
3216
9818
-9228
-6193
3542
-5703
-664
8861
-6971
-1503
-1910
-2500
9428
4908
-7093
2895
8710
1333
2790
-1029
-4854
2319
7852
7347
-6806
-5548
1892
-3364
-7419
3356
-2377
-6961
4357
-939
-1524
9099
-4023
6399
4584
-2604
-9302
-2189
510
8179
-9605
-1610
4498
-8893
3462
4564
9433
-1976
-9748
3943
9891
5978
-3523
-7763
8017
2079
6411
-2412
5323
-675
9464
-9248
8289
-8204
-8550
186
-8451
-4657
-8427
-7871
9644
9197
1879
-2586
-6008
-9877
-4563
1128
4449
-3570
4537
-2546
-4323
-3941
7833
1854
-5325
8499
-7907
5620
1765
614
-7288
-2675
-7731
8757
-4361
9089
-3003
-3148
-6838
-9045
-3988
-9502
6177
-2257
-7453
-648
-4004
4188
7371
9381
2379
-7489
-6801
149
4677
1760
-7413
-2883
2788
4080
-8988
9614
9376
4550
38
3406
997
9504
8532
9543
-9029
57
-8667
-956
-576
-5128
5574
-3384
-770
6235
4930
-948
-1221
-5961
-8534
-9456
-6769
3256
105
-3044
4137
6498
-7753
-9558
-1602
9584
-935
-1461
-8396
7241
6
-1980
6162
-3206
5940
-729
2533
8964
6275
9095
8631
-1323
-864
3299
8141
-4281
7658
2240
5505
-4321
4391
7986
4710
-8609
-6794
-9072
-8199
-2357
-7755
668
-7487
5075
-4697
-1097
-3217
-5364
4390
1196
2596
-455
5375
-1576
-6417
9805
-8241
-2960
6196
-1694
3115
6482
-4366
-7996
-1870
-4050
6906
-5106
-9827
-3732
8294
8306
-8000
1468
-3290
2797
-2312
-8363
8654
-7080
-616
-2325
-631
3399
-1858
-3862
-810
5573
-4265
8481
-3767
6671
-1030
-2345
4832
7743
-2687
-3555
5237
-4060
-5045
-8774
4940
7210
-407
-3771
-511
9760
-7614
-6906
6573
-4196
-3417
-6572
4541
9371
3629
7187
-1619
5788
-7594
3450
6405
-5710
-3588
-9258
-4786
-5312
-5972
5941
1300
-3844
7126
-4292
6651
9174
8511
-6222
-1633
9927
-5553
-4847
-1370
-1958
-489
6271
-1484
899
5763
-2435
9569
3122
8157
2010
-1178
-4630
-409
-5489
9424
1096
-2780
1411
-1247
2558
1730
-2948
1433
3120
-6710
-7969
-7518
9423
-8892
1127
-4893
-1625
7608
-3529
1598
-7136
1256
-4096
6581
-493
9463
6879
3514
2372
-2430
234
-4663
-6998
-1532
7073
-5758
9952
2503
-175
-3319
7769
-8830
2926
498
-6584
-8331
3837
-6104
9582
323
-2618
4220
-2035
-4280
6723
8558
8299
3422
9863
6549
-7302
8276
8188
-3051
1788
5951
5587
-2506
-1850
-580
-6883
-1400
-5132
9191
-6549
9973
-4502
-5141
1050
3238
8951
8143
-4868
6607
-5022
5933
3883
-664
4157
7652
4880
2970
-6001
-3140
-6633
2171
-8968
5507
-6300
1134
-7075
-6585
4663
1361
-6491
-6166
5096
505
-6075
6283
4149
-8455
3701
-1230
-6057
5153
-4172
2492
-9618
-5111
5136
-5300
-3474
9365
-4574
-160
-5013
5553
7129
-8349
8896
-722
-6870
-5136
3493
-9512
888
8252
-7399
2418
-1560
-2040
3660
5005
-5263
-9585
6308
-9117
-1878
-6163
2394
1442
2500
-7352
2829
3065
2440
4295
-7015
6080
-2817
-6753
9534
9759
-6824
1842
1944
9322
-6113
-2630
9129
4888
8617
-6141
-7578
6882
-1637
-4739
-2477
-6836
-3031
-8337
1561
9311
8935
7452
-6296
1491
8637
8703
-5152
1897
5890
-5052
9491
-8615
-1297
2809
-9881
-453
-2186
-6231
-9565
1541
-4858
-8393
2200
-986
9007
3940
3049
4453
5689
-5335
-6304
3769
-8294
9209
6400
3999
-616
3617
7838
4821
-7384
-84
-6306
-4507
340
6641
3675
-292
-7349
9302
861
8550
2901
-9799
5456
1775
-5848
-6850
-5530
-7131
4255
-6668
-7101
3048
-7826
6021
-365
6227
5545
7723
8974
1246
9870
4126
-7424
-8975
9124
-8943
3900
-7984
-6547
1466
9816
-5230
7912
-195
-2735
8431
9543
-4723
6335
2777
-5146
-5784
-9677
8841
2919
-3382
8130
6940
4102
-2035
22
-5552
-317
-338
6335
-7850
-9857
9318
5544
-967
2417
293
2136
7132
-7657
-8371
5218
4512
5488
2104
3190
-8265
4970
3320
1460
9087
4332
-3699
-2863
-7376
6780
6274
-4590
-6015
-5453
-696
-1217
-3727
-6215
-875
-713
4003
-8774
-2356
9207
1642
-5054
-4697
-710
-113
-8710
-1015
-14
-8151
-1199
2857
-533
3254
7932
-3608
-3983
-3091
-2681
7744
5509
-3213
9629
6438
-6082
930
-261
2230
3834
-712
-6597
6805
7360
-6072
3215
6255
6964
-6522
7972
7643
4321
5898
5345
9169
7093
-124
-6932
-3785
2676
8305
816
2711
4415
937
5176
999
4416
2991
1872
-2004
-9361
-7607
2516
-1424
9640
8262
3000
4462
7518
3383
-2389
1532
-7103
7597
8629
8976
7405
-8074
6626
1263
9912
-2747
3906
274
3828
9596
-5269
5454
-5320
2613
658
-5827
1982
623
-9797
1198
-71
9669
3065
-5197
-19
8349
-537
-7271
5233
-8184
158
4196
254
-7857
1623
-4247
6963
-1005
-4679
8750
-1732
-2126
-9288
-6453
2157
-4147
392
5844
9322
-4156
1830
9380
428
967
2409
-1432
-7058
9242
-2064
8683
6349
-164
7601
7697
-5905
7892
-5590
-9426
-8420
4363
4668
4546
8656
-2402
679
6666
-3691
-8557
5930
2710
7147
2591
8114
-1049
9499
144
5424
8352
9498
-8713
-1804
-5518
-6251
4831
-357
1549
-7555
2041
3482
-1789
-7712
-5157
5510
3535
-7253
-6139
-7314
-7717
7731
896
2635
-96
7073
4338
2745
9182
-4857
-3091
9444
-990
-2302
1398
6385
-2636
-8792
5987
5235
7775
5288
-9893
6279
6941
5123
-3612
-2749
-4937
-4381
4308
4356
-5628
-7272
272
-8303
1692
-6767
-8364
-5399
-3214
-7125
6704
4794
-4347
2867
-3576
3343
-1702
-8272
6165
4623
1605
2530
9551
-8227
-5912
-8309
-7194
2129
7693
-5684
9037
9616
8754
-9141
2323
7584
-705
-2654
-3226
4822
102
6746
-4480
7338
-6023
-1852
-5329
2731
-5375
-4329
5349
7164
7225
5008
-2913
-6568
2478
5314
-2451
8395
9344
2667
-2025
1418
8227
-5135
-4184
-8908
1864
-5124
8607
-4815
7893
-3249
4606
3528
1342
-6508
-5199
1232
-3993
9331
-2195
930
-6033
2199
3452
-3783
-2971
-93
9361
6594
-7405
-2283
-5447
8958
-892
-5669
1960
3907
-5922
-6232
9345
2720
1784
-7016
562
-7955
-981
6508
-7347
-8771
-4768
-8273
7748
9095
-7387
1289
6504
2321
-8598
-524
-8179
5871
3245
9010
5364
-5165
4749
-5913
-695
9341
-6656
-9908
-1969
405
-2692
3550
-4213
3393
1095
-2277
1209
7624
-3473
-1163
1671
8111
1859
3628
-2051
1842
-248
8928
8780
-5769
-8462
9429
-7630
2065
-6890
4438
6846
-1520
-371
4659
-3731
7753
-8311
245
1406
-3353
-5945
5825
3658
4030
8629
-7919
955
8377
-6986
-3681
-9999
-8950
5814
-5085
2506
-5027
-3761
-9308
6298
-8640
-3940
4358
-3249
3229
-7900
8776
4141
8648
6683
-5648
-65
-7127
3024
-4073
-3659
2304
8199
-5762
-1150
-7419
5523
491
7968
-9427
3
-1754
6511
2880
-331
3178
-4535
1189
-4996
6971
6594
-3151
9107
-8038
-8997
9458
2261
1233
-787
7344
-684
4682
9428
-1447
-8776
9105
78
-5559
-6194
-1625
-1570
2977
-6654
-2691
-609
2859
-3720
6417
-8022
-6193
7067
7905
-7392
-7790
-9889
5918
6921
-27
-4471
-5666
9936
9
8266
-4392
-8092
4256
-7269
-1950
4057
4090
6946
9636
7194
454
-3546
3162
6616
9085
216
9829
869
5671
-3013
-5758
-2449
5898
-1680
-6286
8393
-7156
-8778
1569
-5243
-7060
-8722
9839
7844
8939
-5097
-2775
6623
5952
697
-1015
-7291
-3601
9722
2964
-199
-5073
5718
6720
4018
5045
-1985
3239
-9834
5397
3447
8616
-7279
591
252
4794
3898
1414
3746
897
2603
3224
-4878
1932
9748
-8904
-3591
-7646
8155
7291
5294
1944
-5220
5028
7120
-2486
6156
-3500
2362
815
-6353
-2799
6198
-5693
-4869
1512
9629
-6187
3145
-4514
-1398
6500
9173
968
9615
1539
-7562
-1197
5751
762
-206
-4256
3764
8014
581
7645
-6182
6684
7117
6846
7194
2849
7515
5139
-9983
3811
6411
-3514
1878
5853
-3383
6382
6233
-2977
6900
1273
-4387
7867
2573
9749
-4527
-7400
-774
2327
-6834
-7667
-9573
2408
5910
7620
-3799
2879
-2139
-6248
7
-4388
3392
5487
-140
-6100
7265
-9931
-3754
8163
1928
-4880
9830
-95
-543
6239
4388
820
-251
-9354
-9383
-4173
-1725
-9000
-1717
8387
9433
9424
-8562
9242
5905
1600
6663
4385
5560
-4660
-8813
660
-4918
-9854
246
-7177
-6406
-8312
-1370
-4355
-2382
-8421
935
3183
-4488
-4635
5533
-9532
-988
