6654
-9677
-8549
7417
2117
2933
304
3075
-8717
7548
9797
6159
1945
-3417
-5039
-4991
-6743
1826
9056
364
-7248
-6871
7899
-1469
694
2889
-740
-8429
7437
-8777
-9875
-3761
1742
254
4937
6081
6505
-5400
-8767
-9422
5209
-7133
2002
635
6125
8676
-9698
5514
-6992
4527
-6067
1555
-3253
-9954
-2760
-1493
9274
-6620
-2035
7204
9936
597
8622
-7909
-9475
1709
3127
-155
5520
9942
5411
-9559
8894
5452
-8552
5956
3957
-3642
-2691
-4209
9980
-5679
-3381
-2730
-1403
-7890
868
-533
-3673
524
5179
-1486
1797
-7523
-6821
1400
778
-4142
4473
9530
628
-8538
9101
1135
-3799
-6762
8633
-1864
9574
7999
-8506
-7886
8180
-8335
-1221
-7939
7222
-6869
2353
4748
4419
7547
-1395
3663
-3542
3759
3275
-5743
4969
-428
-424
-1036
-8337
-98
5855
-5333
2394
-5346
-4896
-300
-6344
-9755
6915
2551
-7724
-3620
-8677
1978
-4191
8591
-7799
3425
-434
-7525
8209
-8701
-6903
1974
9443
7796
4025
9933
8193
-9191
-4153
744
3572
9187
-3619
2367
7252
-9286
8946
-8657
5841
-8837
4537
-699
-5630
7397
-3953
-6796
-9235
-7546
-3300
282
9496
-4272
3156
-2968
8549
-1453
4982
4741
-8934
-9451
9032
6595
9276
-391
3389
-5211
-9179
-9300
-7958
-2099
6714
9947
2987
9252
-7177
-4000
-9019
-6301
3613
-849
4026
-1226
-8031
-3378
3945
7828
-7196
1835
4822
-8369
-8415
3965
-8341
-9047
-8850
4620
7625
9330
6510
2152
-6926
3524
2335
-2094
7019
-4439
550
844
-7971
-4530
8803
3395
2317
9443
-536
9484
4618
2585
9475
-1983
-7869
6988
-193
9828
3304
-2560
-9271
-5337
-7760
2593
-8742
-2365
-1957
-3338
7239
7439
-3807
-4376
4547
747
3169
5548
2075
7633
-8342
8294
-5228
-4137
55
5372
3577
-2038
5679
3151
-1286
-9829
-4968
4940
-3347
-6115
8762
2127
2827
-1045
3785
2318
-554
9531
9890
102
-1451
-7284
956
-6596
1084
6960
-6999
-8510
-1872
-7100
-2997
-6083
-907
943
9435
2002
347
5705
-648
-120
-6954
5446
9654
3665
9478
-2266
-2365
-7517
1359
-1249
-9815
-8051
1455
-4291
-4361
7123
7361
6791
-4687
-3786
-4325
8974
-4877
-8533
7689
-619
-4836
-8
8340
3893
-2889
-3445
8770
4057
-6526
3391
-1959
-1942
-3943
672
-6555
5235
7284
5024
9585
-7871
-8308
-316
-2292
-8121
-8568
8882
-5588
-6329
-9150
-5112
9084
-2668
9494
-6171
-1711
-3783
918
-9458
2517
-4725
-8055
-2287
7395
-9202
-639
9119
-1215
6840
8791
5658
5126
-887
7315
7140
5615
3588
8339
213
5354
-9327
7123
-3949
-5798
7549
2824
5754
8063
8467
4599
2176
1690
-4592
-3525
2977
559
274
-2529
-9192
-1454
-9562
-9770
-2396
3543
-9974
5707
2866
6394
-6039
498
8947
-55
-1852
-6285
8563
3193
6280
-8437
-6500
-4332
7994
891
7882
6798
9978
-3339
-9071
-180
-4855
-2224
-2137
-9786
2981
-3233
-7962
910
5033
314
-6105
-6517
9597
5112
-6602
5414
-4136
1138
28
2900
-4619
-9032
-7354
7455
-5121
2797
400
-5100
3697
-2043
7018
-7737
4993
1949
-2519
-2987
3205
914
-324
-825
1238
-5680
342
6672
-3221
5082
-3140
-1492
-7885
-6525
-1627
-6930
-9755
-3790
-9679
-7551
-3563
-827
-8884
-2838
-4868
-3839
443
8759
6460
3123
9128
2453
-5805
-6913
-173
-3843
-3536
1765
7970
4841
6770
7915
-7562
236
3907
-3464
6012
-4283
9500
-8266
-983
3591
8749
6947
-8098
-9979
-1236
605
-6997
6626
2631
-8442
-8393
-7069
-1255
3838
-889
-9393
3649
4156
-6822
-7283
9575
9989
-1006
-5531
2240
-7471
-4861
-63
-3978
6781
-1137
-1571
1069
1037
-1202
7447
3980
2409
-7702
8863
-862
-6455
282
-8560
2874
-1447
-1012
-207
9575
-6764
-9203
2021
1492
-3320
-2341
-5746
-4776
-9399
-1037
-7087
9811
-7314
1093
-5187
1631
-9842
-5032
-6859
-5029
-533
8800
5943
-1365
-8648
6716
-9361
7262
7788
-9214
9241
7592
7036
3427
4826
-6479
-4832
-6263
-8781
-390
-8761
-3247
9996
6812
-8896
-4110
-9010
-508
-8436
-7885
-2764
6879
-2984
6091
2585
8584
-9019
-2478
2975
7242
-2850
1770
-9099
6758
-3656
-7845
7709
8649
8121
-3892
-9622
2566
-9563
-3199
-1869
7174
1504
9471
4158
7495
4166
-9804
-7378
4905
-2515
-1786
-1552
-5076
-6165
8615
-6832
7298
-4693
-2526
-3956
5916
6751
-7385
-9902
842
-7727
5865
385
-9527
-8635
5259
-3331
7159
8449
8705
-6471
5355
-3114
5355
-7822
2179
7143
-3849
9950
7884
7857
8352
-7654
-1517
-8103
-5372
3984
3192
599
2577
-1344
-5687
5897
-7935
2865
-6856
6459
8612
4165
-1284
-1273
4305
7184
-5579
-9053
-8918
-5853
6777
3165
7844
8026
-7416
-8119
-5499
9317
4023
-5727
-9214
-2276
7998
-8827
1094
8674
-9165
-1856
9064
-3588
2630
498
-1919
7427
-9019
-7139
-955
6101
6629
-4897
-2466
-107
-1601
-675
1281
-469
8820
6813
-5358
3207
1923
-1717
5441
4266
-5539
2125
-1779
-3709
6677
-3574
-2019
-1354
-5039
1033
-475
-6051
-3966
8724
-9244
7271
4696
6658
5847
833
-6692
-1584
-460
208
5866
-1717
-8131
-1085
741
7874
7897
9658
-3805
-8445
1183
4435
-1604
-2031
6471
-7295
2522
-9482
-5868
1967
-5557
-6613
-1890
-7157
-6951
9904
9571
-7126
4040
135
-9819
4709
-7315
3103
4830
-452
-2362
-2289
-5356
6846
3082
-5707
2594
8493
6377
-7989
-4585
-7413
6387
9241
8134
-7708
3239
-4191
2461
-5315
7295
-8710
-91
6669
-4903
-5924
3776
-4777
5802
818
5682
2400
5469
-488
6484
-9839
-7951
-7006
-7574
-9166
-6035
1256
9122
7638
5939
9007
420
-521
-3165
-5034
-6594
-7563
-4611
7117
7584
7964
9620
9414
-1081
-5852
-9213
-3868
-1042
1986
8480
-9071
7320
7686
-1788
8315
-9990
3860
-4294
-2454
4029
1370
-6111
-8611
-6140
8982
7381
2803
-5718
1661
-3520
-3082
6239
-5072
9925
-9953
-1654
-1809
4557
2492
4797
1081
4994
-1858
-1237
6397
3769
-8692
-2547
-5100
-2111
-7287
7538
-9535
7586
7346
8631
-2103
5520
-3635
3271
-5477
-7629
4938
-7037
4848
-3763
6294
-5938
-1256
-4348
-2745
-276
-3742
1724
8529
1419
-3371
-8368
2982
-5823
-4006
-8747
-3312
7761
-3124
9426
-4800
3316
948
8987
-1040
-3425
7669
5281
-346
3036
6678
-2603
9610
-6738
6336
-5480
-3580
-8658
4067
-8940
-5769
5830
-4315
7365
7028
9800
-6286
-5331
-9199
787
8253
4202
4184
-2358
-2739
7652
-3288
2304
852
7814
-7754
7151
-4713
1252
9016
3574
-4022
604
-6425
-9881
-6556
-3407
-907
4685
-2672
-4341
5368
-7900
720
928
6506
-1274
-3704
5614
-8163
1819
-7472
-9037
-3305
1705
-7276
-307
345
-2442
2608
170
9578
-9519
9916
-2004
-7262
-6046
8978
-3828
8063
-418
-1542
-1686
-1446
-3514
148
-1098
-3944
-5548
975
-8625
-7185
-1321
-7027
4
1065
-5320
-6998
4834
2499
-4892
759
286
-2841
549
-4551
7976
-1214
-7333
-7725
8775
6788
159
8108
-96
317
9040
-4953
8967
4141
-7199
6831
2083
-312
6200
6775
951
8480
-7454
-8557
6216
8746
8696
-6034
312
9837
7391
2187
1703
-9615
-403
-5679
7138
3207
-696
557
579
3848
7412
9052
-8783
-2916
5173
8353
3850
8551
-2169
-9698
-2494
6797
-4251
2146
-271
5218
-4037
4017
6553
6611
9863
2111
-2635
-9600
9305
-2571
1060
3660
-5954
7507
8955
-8427
-6138
-8376
-1991
1041
4373
-484
-8431
681
-2470
-2992
-4661
6488
7407
-5288
-4571
3609
7376
-3738
-5229
-2232
-3723
2436
-361
-6177
-8893
7842
1376
847
-6961
-9931
2857
5166
3826
-1863
5788
8514
-8750
-6081
7097
1587
7539
-7183
8579
-9642
-399
1009
1688
7625
-4233
4911
7283
-9314
15
6399
-990
6813
723
6006
5552
2472
4318
-5574
1236
-2607
-9226
4941
4192
-1319
-6901
8460
-512
3085
7159
-7738
665
-4860
7198
8510
4950
-1945
4467
7675
-5699
7032
-6912
1159
-6026
8510
-1469
-4509
-8128
2379
3173
-5888
-6358
1927
2755
-5514
-1606
-702
164
6450
-3866
7260
-5121
9173
9315
-4645
3495
6344
6690
-3671
-64
4821
-5315
-6643
4068
9099
-3747
-7388
3829
4091
-3655
-4203
691
5447
8313
-4641
-537
2449
-8882
4933
-3215
1937
4494
2286
6382
-1668
4094
5295
-421
-8088
-9000
-6285
5417
-6538
-5139
9498
-9454
-1623
-3081
-762
9931
1650
-2132
7506
6024
3872
2009
2812
930
-6563
-1887
3576
7161
-9915
-2007
765
-6719
-178
7424
-9298
-765
517
-6984
-6103
-110
-7643
3162
7564
8712
-5452
9979
-1726
-7247
5601
-6952
6422
2778
-261
-6681
1751
-3566
4108
-2564
-4253
5139
1035
-921
-552
4896
6043
-8774
-221
7697
4278
4508
-1234
-4202
-7320
-3670
6439
6997
1428
6300
-6230
-6992
3735
-5334
-802
-3992
-104
7889
5224
-877
2758
2500
1919
410
0
-5779
8086
7313
-1097
1350
-106
5989
-7064
-2449
-3028
-6011
-1355
7066
872
-3325
5810
-1180
2660
-5042
-3585
-1268
-9851
9601
4715
2019
-3158
2135
95
8988
-621
6954
-6383
-8781
-4223
-5170
4287
-1287
9360
5734
9288
9456
39
-2392
6873
-2176
2778
-7415
4073
-4915
3921
-5336
-5285
953
-8275
6410
3148
-3290
-1845
-9979
4598
3592
-7772
2566
8134
-9910
2560
-4123
-774
9330
-9149
8567
-2254
-5190
4474
1529
9575
1069
-1758
-9037
7207
-5334
2013
-5787
6932
733
-4924
566
-6628
3250
-6647
9452
9124
3214
-914
-4453
675
9562
-271
6442
3555
-5035
6290
-6388
8836
6088
-1151
8209
-3473
6369
-8114
9859
-515
-6676
-5116
6686
2445
-7543
-3931
2527
-5471
2782
7202
9535
-6899
3654
6990
-7330
-8670
-3667
1435
5671
7564
3448
644
2579
-6648
-3606
-8954
-1611
-3129
-1070
8370
7790
-4915
-972
-7165
1618
1931
1841
8356
-4529
8507
6604
5128
7176
-2
-5678
-4107
4013
-238
-1321
2865
-3783
6292
4301
-5007
5728
-3719
-4973
-4786
-5588
8386
850
3285
-3828
-733
1914
9932
862
4540
3055
-6331
566
-5008
272
4228
3828
-352
3582
-5808
8516
6991
-4910
-2439
-843
893
-3701
7506
5847
-6668
6448
28
1451
-1609
-8888
-8376
1404
-4008
1240
-7610
7305
-3832
7516
-9700
-8851
9106
9683
3198
4479
3195
-6254
-7837
1649
-6592
2740
-9930
-7161
1797
-8316
-6487
3097
1374
-9064
9489
3248
7422
3174
6929
8227
5288
7604
-3886
-4846
5637
8901
-5161
-6794
-6723
3072
826
-9186
3088
742
-7404
-9110
7799
-4160
337
7953
2822
-2065
-7913
9001
-6155
-6887
2866
5552
4939
-6327
-5525
-635
928
7959
-1526
-9308
8413
-1173
-7911
-8467
-4990
5520
3704
7109
-2390
8313
4960
-2082
8014
7192
-9714
-500
7785
5312
5250
-175
-7437
-7763
8696
-3744
-2506
-7909
-2049
433
-6890
-1427
-4454
1844
6113
4016
7788
-4579
4173
-5954
6428
-3042
2241
-3026
-8457
-332
-3335
8659
-3498
-3803
9612
6551
-1866
-4539
7932
6572
810
-6792
4934
9236
-6212
-4243
-5043
-5685
2331
-4844
-3539
-781
-7911
4944
2097
6646
-4306
6449
6057
2788
-121
7800
-1099
-6805
-7344
745
1950
6596
-5920
43
-7308
-982
7294
-2537
-3236
-700
-2571
5351
1958
-5833
7636
-347
4212
8919
5826
-3454
1069
5219
-8562
2997
5509
-2923
5715
702
-4937
6433
-451
-2747
3280
5272
-7754
-5887
5367
9696
-1936
5479
-6864
-1574
6039
8050
-212
-5777
-5247
945
726
2925
7148
-5547
7301
-9146
-4040
8586
9014
2237
6311
8120
2321
6521
-1395
6926
3527
-604
-9790
-6242
7715
3207
-8188
7054
8445
2334
-9912
-4486
-2182
2103
-4519
3195
-7613
-9776
1700
-8180
2837
2755
-9411
5886
-2717
-1577
-2554
5100
4609
356
6456
-5754
3169
-505
-8916
-6468
-3936
7053
-5616
-8422
1018
9470
-6377
4005
6346
-454
3865
3525
-6702
6870
-2160
2299
-9974
6728
9878
3367
3983
4902
-1431
-8249
9600
-8160
451
-9217
4854
6967
-1384
1838
8272
7561
8860
-5749
-7768
-2799
-9538
4996
-6085
4410
-7837
6642
4985
-2466
-5202
7808
-8186
-104
-2378
-6836
7379
-2846
-5541
3828
-6577
-2212
-61
9471
7505
2750
-201
8759
2786
-108
-9084
7989
-4264
5285
929
9243
-974
-6861
-6706
6440
-4972
-8621
-5138
-1044
-3548
-4781
3292
3467
3161
8779
-4857
-8351
-3860
-4482
-9664
8001
2936
573
-5019
-8487
-3047
9864
7934
7169
-3198
5348
-7532
8762
-588
3887
-8538
-9412
7556
6636
61
-4742
663
2520
8647
-8333
-8262
7374
998
-1675
-8855
-6754
-9664
-5281
-4961
-4799
4533
3354
6295
-5053
3994
1170
1615
-1679
2294
5154
-799
-1131
-3781
-551
-7377
4988
-488
511
7079
-4442
-6820
3445
-9776
-5671
-3996
2604
597
3252
7321
-2930
-1007
-5630
-1368
-5489
-2120
2697
1737
-9012
654
-559
-7148
1446
2571
-2681
2340
-1767
675
9773
-501
-3801
-222
-3034
-3745
9280
947
-6643
1564
-6977
4806
5771
-79
8372
6221
-5792
9474
-8032
5635
6873
2985
8638
7786
-5669
8526
6439
3266
-2445
-3159
2787
-5660
7646
1392
-1375
-6809
-6651
-620
8815
9652
-5258
-858
-8268
1433
-1300
-1402
-1992
-90
9727
-4020
8861
3149
9464
860
7193
1542
-404
5381
-1553
436
8025
-6299
-4568
5368
1259
-7804
1281
-4783
6517
4107
4062
9392
-7044
2755
-680
-4707
-2149
9097
6796
-5541
-5282
-3784
6810
339
3408
6243
-3814
8761
-2692
9701
175
-8125
7099
-7523
-5205
-3027
7200
6375
5320
7727
-6224
-9042
-5099
-2773
9155
8610
4743
5687
-8582
6147
568
-563
-7898
6047
391
-2929
-8456
6724
-4907
4316
2305
9528
9500
-5668
-6292
-5370
8337
-9911
-6435
-6876
4019
-1796
3740
-3636
-1607
-7496
3934
-9530
5405
-7308
3934
4045
-529
-2312
-7300
3985
-9015
-9857
-9415
8064
1932
3355
671
-4475
4880
8989
2561
-738
-4057
5709
7245
5861
-4101
-5134
5905
-7183
6899
4842
-4977
8141
2633
-1933
-2246
-8616
497
-3722
-6685
6562
-6708
8957
6911
8141
-1687
-6040
3197
3746
6669
4399
-7063
8967
2319
-1382
-667
-2803
-8455
-9802
5438
-265
4453
-658
5700
2853
-4505
1397
8390
8355
541
2621
-4413
923
-8339
5124
631
-3415
9093
4776
4074
-6651
9570
4898
1539
4412
8848
-4525
-8432
-8741
-8608
-6202
435
-7455
6951
8845
-400
4629
2809
9563
-695
5252
-9142
-3338
8197
7286
8336
-995
5080
7874
-2472
3954
3596
5622
4478
-8971
7187
7530
-3546
-7230
-3405
-7420
9693
-9998
6374
2524
-7804
7343
-7823
6252
1135
7362
6071
8123
7850
817
-1791
6333
-1908
-117
-7833
4498
1336
-2185
7975
-1737
-2827
-1885
6040
4455
1402
6445
2525
8933
-7925
1542
-614
-6144
-5193
6617
-7225
4095
-5472
-351
-7644
-8442
-8445
7226
-4178
-9106
-8764
-2628
-285
-9205
6666
-7035
-1654
-2729
-3437
-9495
-4843
9083
-5900
-6837
2246
-5869
-566
-7796
-9400
6096
8596
643
-6940
-2386
-7307
-8753
4874
-8670
2591
-1071
-1263
9397
-9338
3424
-905
7313
3697
2262
2123
3511
-1857
-4535
1432
-7646
4923
6152
-6471
-1946
8398
-6759
-7361
-9973
-7826
397
5440
-9975
-9215
-14
-6188
3084
-3997
8804
-63
8641
-3505
-2835
-985
2491
-7201
-7556
7229
9190
-2215
5420
-3607
-5800
-9170
3077
6998
3164
-695
4389
-9516
386
4560
-9838
4904
-9605
-2958
3844
-4105
-1107
-3073
8937
-5389
3310
-1804
9800
2896
8218
9270
-769
-4998
-585
1558
7546
-511
-8195
3057
7603
6455
-1439
2692
4024
-5776
2667
-6376
-4397
7280
-9675
83
-9774
2862
3142
-4094
8654
9046
-4803
9158
-7541
838
1733
-9600
-2655
5941
2244
-6701
7088
6508
-565
8125
-3883
-3742
-753
5556
-8310
7941
5077
-3283
-1962
-2850
8512
5011
-7197
8544
-8897
-4848
-2919
1514
1840
-1097
-1734
4088
494
-8272
4106
7877
2963
-3574
7298
-7558
4302
8953
-5596
1968
-5789
8857
-3625
9207
-1511
6756
6364
-1294
-1136
640
-7923
-1706
-8218
-8805
-6090
6142
-5357
-2474
1187
-2760
-1131
1040
-5890
3239
-8803
-9065
7303
95
3537
1564
3806
8892
-3080
5539
-6999
6167
6700
1271
3363
-5254
-8528
-6435
-1224
-2504
-4417
-9767
6029
-5835
5894
-8690
-1010
-6052
905
-7107
884
8895
-8608
5368
-3407
2405
4722
4332
-7327
-9865
4647
-9390
-5541
3310
-3918
8332
-9137
-6403
9399
9028
1384
8322
105
9031
715
-2244
3490
9412
-8292
-2995
-1656
9414
-8810
-8459
-2021
-6824
2888
8499
-8709
1390
5579
3262
-4147
-5012
8361
26
-5188
3011
1266
4001
-4453
5310
-7748
3895
-5519
5046
-7352
-7460
76
-4798
270
-5714
-6264
7421
3477
7108
3
9274
-295
4495
-5330
8541
-3955
-8431
5508
-295
996
-108
3986
2979
2217
-5967
-3163
8031
7272
-3942
-9356
5569
3986
8194
4367
4210
-5010
5169
-7602
-2392
2510
8894
-7850
-1900
6252
-7492
475
1663
1678
-6125
4078
-1383
2331
-3752
445
36
-5335
-2439
3028
3890
9568
-8287
2098
-2328
3609
-2475
9254
7443
4575
-9417
-9992
-5176
-9591
-6557
-711
1570
8749
6948
-5677
7621
2166
1444
266
149
-4025
2060
9064
4149
3323
-1843
1350
-4137
-4459
9489
-1846
8175
776
-8836
1697
8440
701
4358
3158
-6488
-9196
3846
1605
-9686
-6949
-8555
-188
7670
5889
9276
-5681
4163
-2436
-4042
8908
9984
9236
9451
9497
-7664
-2020
-2970
-2647
-6747
716
-8004
-5119
-1515
2969
6987
-8684
9700
-3826
327
1941
1530
7482
619
-5560
-3368
-5733
-2234
1781
9163
-3039
6119
-6316
-5934
9960
8451
9670
6603
5135
9639
-5329
4624
938
7088
-4295
74
9484
1148
-8964
-6117
3750
8700
-4531
-8108
3245
2936
-2726
4982
-4863
1096
-1009
-4028
7357
-4121
-106
5662
-2201
3510
-4172
-4419
4539
-1021
825
-5987
5350
-6271
-2748
7835
41
-5787
-8666
-2761
-9235
-4613
-9110
-495
4700
-8167
1578
2397
7081
-7747
441
8244
2380
-7794
9278
2123
975
-6836
-7177
6511
-6372
6883
-6008
9775
865
-7997
-2642
2547
-1807
-5700
-8676
-2659
-5289
8976
-356
-6685
3674
5715
3051
-8521
-9687
614
7925
1880
2492
-7801
-3223
4109
589
-6745
8994
3302
-2223
5361
-2018
-9346
6512
-8663
-7171
-2216
7488
4788
-2564
7621
-8890
-2779
-8403
-931
9659
-8108
3699
-5199
-8845
-2609
-725
8056
3892
-5218
-4424
5270
8128
8726
-2838
5838
-1684
5589
-5093
4632
5052
-2806
-5453
-3818
-6007
-1808
5529
-3525
-8729
4400
1862
5595
8607
9866
-2776
1617
-7439
1567
6663
7914
-1520
-3546
3664
-5658
-9446
-9003
-4094
3883
-7394
-2822
-9899
6801
7085
9794
-9925
4528
5677
-8627
5862
8102
-7443
9424
3338
5491
4232
-8886
1819
-5212
-5438
-3186
-7762
8089
-8478
-3204
7729
5753
7646
-602
2091
-6514
-2592
-6068
-5362
5409
7664
-3014
6233
-5434
9872
-968
-8898
1216
-6349
-2959
7445
-4735
1809
317
-6724
-5077
2756
-6466
-6389
677
7959
-8536
-9615
-2999
-4073
1912
4360
-5218
-1163
-8208
-2995
-8066
5402
-1564
-5625
7760
-5206
1670
-3468
-7650
2687
4445
-1327
6083
4471
-2934
2328
-7875
4611
-1650
-3897
-5711
7665
7311
-1232
838
-1792
-7755
-3411
-9486
-186
-8631
7730
2588
4091
4441
9844
-1589
-2202
-6434
861
2386
-9350
-4971
-7675
-2785
-2007
8018
-9491
6243
9392
-659
1768
-6129
6734
2726
-8607
241
-1584
2943
-5993
4910
4988
8356
1247
-1658
-6805
-7227
-8520
-7080
-8470
-2078
-6272
-8393
7124
7093
241
2925
2165
-732
-4671
9699
9014
37
5254
5242
5164
7906
9593
3742
-423
-8350
-4869
-3780
-6686
7658
-7804
9986
2516
-1286
-9066
-8192
-4376
-7285
-2762
6906
9421
7142
1861
-6269
-4447
3997
-2010
-8055
-1785
6387
9521
6710
-5736
-2908
4074
1973
-2470
-9471
-3076
-8175
-2241
6200
-2570
-3960
-5206
5447
9062
-8900
-1220
5862
-7712
-209
-9520
44
-4968
3612
6409
-4873
-7909
7321
7762
-4313
-8294
-7007
-8436
-4224
6665
2695
2555
-7489
-697
-5564
7005
5655
-2451
3814
5476
-196
1159
-1924
-1909
-2485
1775
6923
298
6630
4613
-8620
2461
-3428
8112
8115
-6616
6856
-4993
-399
-7384
6780
-1922
2331
-2164
2839
4131
6899
9768
-4835
-9422
-8279
-4656
-4365
-462
-9939
4129
-954
335
-9784
6472
-3455
3981
-2178
5162
-4125
-7284
6572
7993
-8436
-6383
6405
-252
8437
-2046
-1
-7925
-1273
7852
7210
312
-7319
6358
-1743
-1422
4322
-4428
9305
6021
-4945
7462
-5928
-9331
-5109
-2406
9238
-9026
9690
1090
7749
4373
291
8710
9778
192
-6999
7087
4054
-2597
2423
8685
-8704
9454
1576
5361
-3912
-901
5660
5255
-6281
4351
1264
2362
9676
3972
-9031
5894
8159
6811
7495
-778
1538
-6435
-8416
-6350
2967
256
-9709
7649
-1103
8553
-866
2572
6358
1597
3598
-8594
-1965
6287
7387
4780
-5753
5191
-5591
8340
7814
9041
-2827
138
-2558
-8329
8432
-259
1069
914
4003
2946
1094
-325
-5253
99
-7553
-3768
9689
-3834
-6012
9781
2023
1608
-5211
-2947
8613
-1866
-2445
7085
-744
4246
7378
8965
4083
-6033
5653
1734
8289
-5682
3623
-966
-6380
5054
-9421
-6528
8262
-4264
3643
-305
6553
-6945
4974
-3228
-5760
9174
2251
5041
-7744
2295
4650
6729
7419
8440
5939
8689
2677
7697
-7109
7329
-1631
7520
4036
-9028
-8452
8284
3323
3169
-6316
3645
9970
-5301
2259
798
-5104
7395
-4122
-3612
637
-4623
4166
1165
441
-7139
7451
5239
-4382
-914
5596
-2989
-2385
-3860
8173
5150
-610
2177
-4636
5942
-755
-7146
9440
8115
-6528
-4455
-1809
-5471
8419
6519
-9448
-5622
9023
-3261
2441
-7778
6400
-8330
-9561
3874
2191
5831
-4250
-6522
-4577
-7319
-1661
3926
3521
-9997
-1306
-175
-7228
-4884
2114
9130
4240
-8011
7974
-1493
-5183
-8667
2230
-7612
-1832
-6143
8989
-3036
-8834
-488
-7609
9950
5236
3362
4286
-5187
-8767
2236
1243
4768
5726
-4935
-9730
5613
3276
-1749
7768
-7429
-8989
-9248
-7356
1619
4507
-3286
8745
9531
6408
-8689
1283
9332
7496
9644
1348
9393
-6049
-7888
-7904
6165
8868
5487
5351
-6236
-6370
-5163
-1508
-5508
4429
3977
-5788
-3241
8154
-5465
8955
5088
7440
1253
1175
-7196
2677
5666
-9537
2940
1809
-5844
-9672
-4912
6614
5495
8667
7448
6966
-2585
8077
-9114
-6700
9943
-6513
383
-3678
3098
-1017
-8993
-9644
1464
-5229
-4397
-2568
7419
239
3127
-5304
-2796
895
8912
9581
-3830
-6373
-4951
3645
-3703
-8822
-854
-5170
-6482
8049
3486
8466
-7484
3333
-9167
-6456
-2857
-5755
-4509
-3426
5542
5664
-4566
-4111
-5661
318
-9869
-8353
865
-6120
8470
-8231
6210
-8386
-5143
-6372
3706
9110
-7548
-9958
8870
-9807
-8321
-4833
5306
-2204
-2843
8099
-8641
-4265
4721
-5562
-7975
2835
4908
-2513
6434
-7082
-5832
2443
2342
8783
8894
-8507
9129
-6550
2268
-6825
-5106
1080
-6056
-9017
3975
7683
3548
-3789
3101
457
592
-3822
-9400
-9770
-9871
4746
2003
971
3292
-7545
-6811
-7618
3611
-4407
-483
6957
-5921
-708
448
8851
707
-2615
3152
-1908
-2784
597
4859
-2175
-4639
4052
-8094
449
-8427
-1187
-2073
3961
8215
1327
7315
-7021
2917
3893
-3043
-3055
826
-9451
-944
7399
8633
3403
-416
-6181
1393
2217
8475
1704
-5037
-5350
2218
8826
9690
-3481
2901
-13
-347
-5077
-8511
-8992
-1232
-8852
-6043
4214
-1572
-9262
-5597
-3694
-3443
-5811
-5897
-2246
-6850
-4655
4841
-585
-3276
2756
9324
-3336
6534
677
5683
-9599
8998
9979
-5898
-5386
1969
-5161
-4901
1987
-1325
-8094
-1238
8130
3410
-4964
-6714
6630
-1609
-1914
-633
-8200
1026
5736
769
6015
-7265
-288
6301
4736
-5429
-7578
7613
6757
-7143
4907
-4075
-6658
6679
-5873
3689
-2041
2030
-3587
7863
-5259
-3214
-9020
-450
5885
7984
6030
2683
8221
-4638
-7354
-4654
1584
2696
-2582
9602
-3718
4823
-9992
9402
-9235
7570
8989
-8401
5706
-4269
-8874
-8005
-9720
-716
2659
-6279
-4068
-3161
-1749
5232
5031
-8565
-8437
-3420
5714
-9078
8369
-3032
7313
6277
4407
-8748
5293
5788
6645
270
1523
9663
720
-1685
-6635
2081
8029
-8585
-9066
3796
-6964
-8227
-8566
-2095
-3872
-8902
2317
6021
6077
-2176
1218
1051
-7018
5696
-2388
-3548
-5313
4825
-1483
2880
5398
-8567
-5037
-8331
7277
8935
-8717
8653
-6876
-3199
2094
-4427
-6518
-5321
-4365
7290
7100
6266
-8298
5521
-9710
-2854
1600
2461
-4630
1370
-5909
-2836
-9912
-5217
3634
2159
89
5570
2002
-6088
7921
-223
1833
9856
-8593
-8569
5802
-2717
-6228
-28
7251
8720
-7234
9145
-5959
-3066
3581
-3035
-1736
2808
1853
5884
-141
-1708
-667
846
-7233
-1705
-9879
-1781
-1823
-7627
9914
-6045
-4407
7540
-8474
4797
1664
-8433
4928
-9156
-4239
-5826
-9759
8925
3348
-6315
-7568
-5592
8711
4078
7371
-2843
6271
5929
-3168
5907
-9220
-4638
-1103
5728
-9967
-6908
6921
-5178
3851
676
-8898
-2288
7639
6201
-6915
-9844
7147
-6785
7942
1599
-8694
7921
-1848
-2802
8499
-8137
9123
-6806
2654
913
3922
101
7804
-4632
-1608
5262
-9336
6732
-9919
5050
9503
8999
-6799
1173
2668
3213
-5974
-8045
-8654
274
-3426
5325
8040
-1354
4052
2954
5159
-6623
8030
8958
5569
5683
631
3379
-4776
-3935
-7604
-1357
-4147
-824
-607
4594
-8063
9148
-3636
3233
3679
9434
-1921
9511
869
9742
-9322
468
-5371
9238
-8924
-9466
-2520
-3340
4208
5282
-2467
9322
-4978
-3169
-327
3887
3008
4407
-6305
-8411
7311
9611
-1537
-3314
7864
-6324
-5087
-305
-9627
-3282
-6389
172
-5813
2152
-5236
-4176
477
-2491
-8374
-9148
5695
-7237
7730
9929
-7910
-4118
-356
7935
-1288
-3027
-4287
-1307
-3399
-633
7675
376
9909
-1299
800
-1949
559
-7674
-1873
7356
8244
5308
-7879
2085
6655
-3029
1163
9359
9669
-4927
-914
-6077
7419
-330
6291
7153
9814
-5351
4511
-3487
8180
3285
2908
9548
9630
-1433
8714
8874
6808
-8760
4095
9656
7716
-2222
-6863
-8019
-6488
-9542
-9168
-3624
-6167
-2779
-7507
763
-8829
97
-7401
8261
6698
-2831
5218
3169
320
1142
7792
6520
6299
4347
7720
-4183
-7625
1360
-8521
2274
-4189
2585
-9201
-4505
9752
-7062
2203
-8332
-4310
7713
2180
-7868
7577
-3137
5608
4136
141
-6536
2846
-7397
-3744
-1095
-4943
-2102
1066
-6431
-7207
2272
8452
2527
361
4022
2070
6043
-7976
2374
-9128
-8803
5798
1498
1021
-9820
-4538
1109
-4494
-334
2805
-6838
283
-5948
-909
9117
6050
-1210
9480
3364
1929
-9768
-9060
-4043
2458
-7532
8143
6585
-8313
7243
7478
-4083
-4855
-272
-7893
160
2243
5533
7372
-5496
-3593
5970
671
3121
3540
265
-1376
6760
-9414
1089
-1961
7281
-1211
-1559
2162
4601
4569
8353
-9773
6291
-3013
3382
821
9556
1897
5883
-8027
-265
6667
-3300
-7410
1283
-2349
-2463
-2980
-2454
9461
2199
-8541
6320
-3997
4733
-3826
6875
-5523
-6046
9401
-3467
-8005
4657
-1100
-8379
2505
-4260
-76
4503
-9591
-8065
-9024
9069
-1946
1761
-8572
430
-4482
7603
-421
7538
-64
-4272
5407
5937
-3856
-5902
-5333
9855
-8240
-8933
7166
-7277
3307
7291
-6981
3766
-4954
4823
-8896
1260
-3816
-8873
-1188
24
-3418
421
-7719
5553
5241
-4289
7910
7322
1686
-7617
2559
-2972
-5351
-5977
6002
9765
-4471
4317
7354
4988
9879
-4265
-4845
-8315
8455
-215
-7644
2114
1640
-4104
8987
-172
-5329
2819
-2907
-1378
-9190
2764
4407
-2525
9328
-3279
-9543
-3593
8053
4320
-7549
-9621
8525
-4103
1867
-5588
-13
-9241
-758
-4601
-1627
-3329
1016
-5131
-8488
-9903
-246
-40
-4547
-2210
-4137
-8702
-486
-5354
-5224
-3646
-3502
-6008
8741
-4850
8154
1138
9329
8057
-3889
9936
9617
-8295
5428
-2515
-7987
-6180
6710
-4850
-8176
-2491
7795
1877
-7836
6030
-6793
9733
6608
842
5665
-3700
6848
1490
9575
-562
1751
-9260
4370
-2843
-6275
7965
-5694
-7618
6030
5264
-6299
4510
-8064
-4358
5159
5809
5373
-1316
-3165
6706
3862
5311
5352
-5086
6470
-2594
8925
-8499
-4249
-178
-9615
-508
8259
-1883
-6357
-9910
-9337
7642
-5686
-4037
5042
6794
-2793
-1754
4352
7453
5742
-2631
-1078
7000
3028
-6255
-6352
-3216
2299
-9702
9073
-1686
-9910
1737
-698
-2672
-6737
9514
-7423
9903
-5613
7244
8421
-4427
9699
6587
3605
9031
-9100
-5376
8108
-2572
-5133
4679
-3601
9037
-7802
4183
-8450
-3128
-2218
-2418
-9722
2732
3992
1427
-80
8785
1947
-5154
1741
4708
8887
-7039
-7830
-848
7622
5095
8691
4174
9970
2083
-7048
9867
1009
-4310
1226
-9357
-9548
-5057
102
8879
8423
-7655
-6928
-3692
-5054
8845
1707
5705
-3494
5203
3438
-6474
-4091
-4137
4200
3261
5875
-6242
-6787
3179
-9741
-7651
-6411
-9314
-7647
9420
-4834
-3148
-4129
5962
2248
-9637
-1679
6087
-8160
4822
774
-8265
7636
1009
8705
6438
-3334
1239
-8705
3893
6944
2997
2373
-490
5906
968
3876
-2914
2524
-9971
-4016
-8491
3031
2193
5868
-613
3507
7303
-1422
7818
-8095
-131
408
9198
-2482
8182
-8342
-5938
-2226
485
-686
2535
1190
9999
-4003
1503
79
4126
-2995
-2243
-8867
-1752
-4377
8146
-9775
-696
-4707
-5964
-9372
-6401
-9481
8053
9373
-1336
5074
1125
5730
-4632
3440
4878
4764
3221
-1873
-22
-3217
8971
6590
8070
-6366
1114
-9408
-4540
4636
9693
1377
-3189
4501
3615
5865
1324
-3898
-6472
-6298
5274
-5847
-4318
-532
738
6552
-2212
4654
-4832
5828
562
3903
-5413
-8399
8013
-7373
8534
-4352
4972
-6150
-6717
5808
717
1644
9164
-4753
7489
-1994
-9962
-3886
-6966
-9647
1912
-8335
-8074
2473
-1670
-1123
-234
-4109
6572
-9404
2804
6612
4720
-1643
-9772
9968
-7710
-8153
-8522
8510
9691
-8707
-2904
3882
7395
-1303
-3770
7841
3226
5582
-4632
-5857
7525
2875
-6178
-4295
6738
2430
989
-9740
-1363
-9961
-9011
8946
-1275
327
-5077
-1847
6314
913
2073
-8068
6861
6065
7258
9471
-2538
-5788
4653
7404
7146
3859
-3418
3533
-4465
1470
729
-7393
2674
-2593
7761
2141
-4766
6330
9093
2369
8587
9741
9087
4303
2880
-1811
-3629
9228
5100
-5590
1977
-5555
2634
826
-1406
3590
-1553
3907
-6854
-9774
6057
5350
8810
-3938
-7363
7674
5350
3911
2936
-8079
-8383
-6770
5708
1026
9930
-4921
-8192
5561
1593
-8250
8242
-1029
-9214
647
1650
-2653
5200
373
1684
-5428
-2952
8897
7273
713
-1443
2160
-9583
-4995
3085
-1496
-1418
-4390
-4721
-8874
-5092
1614
9848
-2554
2201
4413
-9969
4781
-3065
-5732
-4352
2718
-4534
6243
437
-7455
2298
9319
-1594
3656
-7901
6985
5045
4136
1234
-2951
-342
-9541
6448
5436
8031
3148
2955
-8165
8839
4787
3454
-2656
6073
5895
-7779
-8718
7768
9794
-4762
-2938
584
7421
-4286
6866
-4428
-8960
-8226
7570
-5378
-6066
-2081
-3324
-4564
7730
8752
-6260
-2404
5210
2137
-2012
-798
-7912
-1014
-3619
-732
-2619
3011
3235
9100
-3053
4385
574
6500
-5397
3779
-1429
7259
8101
7195
-3099
4012
-1063
-6988
-6099
1778
133
9846
-3149
676
7735
7467
7094
2161
9396
8885
-9176
993
8968
5294
-7833
4016
2420
-6580
6109
7268
-1212
-3764
2636
-4940
1465
-3100
-7185
-7272
4430
5652
6777
9610
-7054
-832
-2512
-1509
8868
-3618
-398
3048
-2854
2937
1742
5326
-3483
3052
-9919
3481
-4665
-700
748
-3525
4051
-8194
3072
-8767
-7764
-6746
4675
7699
-1451
4843
6190
