5835
-3833
1456
8183
3044
4463
6148
4206
-9058
5002
4280
-7295
-3502
5187
-6233
-1977
2726
-2502
-6926
6988
-7809
622
-2096
-742
-9239
-8878
-1684
-8389
2722
3609
-8113
-2808
750
-2451
-3786
2846
-3102
-6912
5236
-2169
-9583
-6878
-995
1187
3
-3109
6503
2721
-9646
-247
2118
-9279
-3278
3332
-9688
-6140
7152
5468
-8996
9777
-6384
-2863
-7908
-5593
4568
-6206
-9056
-2437
3597
4104
1502
3880
4252
-5127
7978
7885
2314
9911
-7015
-7160
729
-3709
4571
2205
-5647
2820
1596
7895
-3033
5377
2399
2264
3011
8154
-3633
3129
-1076
6214
-5260
-4114
8886
1533
-2954
-6752
2483
20
-6055
-9394
-2457
-3789
-6398
-6872
-8841
6959
1147
-7081
-3330
-8792
-7089
1930
-2799
-7566
-4757
-504
-1015
-2198
8232
1688
9981
6365
486
1971
-8367
1625
-4748
1736
2139
1857
9516
-9921
-1691
1270
8565
2627
501
2135
-7577
5970
-2700
6464
5893
-7299
-763
-7888
5237
-1729
19
6182
7305
-2895
3654
7043
-8589
-7791
-435
-4017
3926
-5630
-7548
7817
-9916
9756
-2587
-616
5578
9824
-2029
9420
-384
8687
-8290
3091
-9177
4749
3896
2182
9354
5876
-9189
9422
-8216
-5410
9520
-1344
-7363
4297
8940
8344
-6651
5894
-18
-1300
2369
1640
3612
-7734
-3009
-6431
8180
-9509
1304
-2301
-5501
7005
3034
7785
8600
1871
1523
8214
8060
1520
-1709
9121
4952
3802
9218
904
-2136
-9519
7948
7969
-858
3774
-4352
9650
6205
-4585
7800
-3427
3292
8576
4210
-3136
5806
-9147
-4475
-6232
9970
2058
108
-4471
-9872
-7021
6016
1830
-4664
-1607
-4350
-1971
4141
5515
-3933
-5083
6893
9125
-7002
-574
4360
92
-8626
-7739
-4928
5755
4542
-1274
4456
-7098
-9910
-2304
-3564
2118
4966
-8462
7393
2575
-3469
-8449
-603
-8322
6417
-7554
-8890
-7655
-6556
-575
-8482
494
-8911
-7785
6706
3544
8755
-7682
-17
3099
1221
7556
-684
-1613
6135
9166
9674
-8798
-7502
-2214
-1257
-6593
9612
2683
-4341
-110
-715
6655
-6590
-3388
-832
-2703
39
-9630
2433
7621
1085
512
1408
899
3500
8058
1083
-3084
-411
-5657
3821
1998
-86
-1810
3215
8594
786
1403
-4812
1221
-1971
-4453
-4847
2977
-2676
1574
-4583
-1958
-3042
8734
-2473
8261
1634
1249
7625
-4799
-9466
-8449
5793
1226
-1449
5934
-3496
1558
7354
1928
-6745
-6439
-7326
7913
-8368
427
-1493
1369
1900
3174
-9266
-272
667
-885
-1562
4801
7795
-1102
-8365
1604
6621
9499
4802
-9925
1278
-2112
-1210
6923
-4036
-253
6567
1584
9427
-8175
75
2766
5128
-5531
-2714
7136
6118
7607
9115
-7014
1723
-6390
271
-6472
4815
4636
9245
6429
8652
3261
5331
5944
-9644
-9642
-6907
-7411
-3649
695
-9611
7961
9333
9952
4413
-7997
-4594
-2312
9634
514
-1076
3588
2071
-1599
7400
4560
-4965
-3374
3900
-827
4775
5485
-371
-431
-4456
-244
-3603
982
-8261
-9525
-3360
-6771
-1945
-8592
-3827
-4269
-2732
-3196
2539
-1295
5345
1460
-355
-1139
4030
-1367
4096
7972
-5579
7970
8172
3986
-5069
-1852
-2694
-1884
4303
-1811
3395
-8573
-2707
-265
3001
7205
1862
9455
4610
-5095
-7766
162
5113
-4435
-9417
-2357
-712
-1244
8391
-8987
-7197
-5514
1705
-9900
-4801
2153
9439
-2838
-1162
-7955
9362
-2352
6216
4626
-3096
5541
-9693
-1626
-2258
5568
-5271
-5507
8422
61
5458
4311
-7796
1726
7758
-6594
11
-2739
5807
4695
613
-2833
-8804
-968
-8471
3384
8795
-3885
-2631
6260
8137
8129
-7905
-6700
-8836
-9125
-4901
-4082
-1334
-7805
8109
-3087
2818
-5810
5192
-454
4131
-4847
-1660
-9299
9992
-6458
-7762
-3805
9350
-53
8604
1976
1462
-7758
-4258
-3093
8528
4346
3937
9564
-7592
9329
7199
9884
-2809
6149
5570
621
-4150
320
-9978
-510
168
-4374
2975
-9018
-510
2500
9823
-5073
8552
-1884
-9214
9051
5739
940
2683
-2538
-6987
6820
-1527
-5962
876
-5957
1466
-3684
-9237
-1679
8207
9883
8236
-2422
1573
-6167
7080
2517
1919
-3709
-1050
5082
194
8454
2769
-3173
-2192
7905
-9267
1018
-8284
1885
2758
1877
-2252
-7761
-9837
2890
6689
-2619
-7245
-145
7919
-1097
-2296
-9073
346
-7724
2625
-6334
-8731
6929
2970
-9345
-7020
2174
-6404
-8741
4023
8103
3619
-7245
9515
-5996
-6656
-5622
-9130
-3403
2847
-2734
-2798
-3341
-588
2034
-9425
7145
1095
1299
-9998
-7726
-9285
-5856
-2384
-6762
2529
-8124
-3708
214
8205
-7897
369
1385
-9657
8469
1549
-9778
5496
-3449
9326
-6936
8989
-7882
7431
-7618
-2704
5197
-1097
-5729
-8559
8386
-2461
-9682
-4935
-9837
9540
1103
-627
-9265
-1944
-4151
59
-3314
3147
-77
-5396
3583
7425
3150
9010
2036
9362
-9546
4039
4083
-5204
-428
-1757
-9974
8292
4024
1880
-4567
5289
9290
6019
4007
6004
-5440
5041
5433
-7215
-7513
8296
-2407
108
7996
6365
-4459
-1686
-8517
-9273
3851
-2816
3594
-8956
-6501
9477
554
8190
-6824
9177
-5841
-8138
-8211
1551
8156
-3227
-1821
-680
-3137
-5158
-6434
6821
-2614
-7485
-1211
6920
3860
-8466
1387
-6523
742
2629
4152
532
-9146
868
-8284
-6622
3683
-4774
-6449
-3065
-1283
3400
3515
2222
14
9664
7716
2025
-8220
-9216
-4024
-397
-9907
-6733
752
1746
7195
-3337
1016
-418
-9610
-4113
491
3319
3005
6555
1628
-2790
7995
9153
2422
1240
8903
4340
4692
-1076
9447
-1524
2858
-7005
-656
4037
9228
-2929
9829
8486
5932
2326
-6747
6214
6795
9287
4806
4376
-4713
-7164
249
8441
1339
-3179
2266
-8896
6317
-290
363
-2346
2660
-2081
-3107
-1268
3398
2552
-4139
7265
2150
269
-7142
-9823
-6900
-5553
-1384
6293
-1910
122
3382
-9105
7460
-930
8260
-3073
897
3803
-6460
9046
5329
7936
7591
-135
4232
-9288
-3439
-3295
1220
9513
6374
2101
-4290
7158
-7784
6261
2934
9558
3509
-9587
-4722
7132
-9729
953
-5173
-6565
-3260
2116
1025
-5758
4823
-2166
2409
-1363
2443
-860
3805
9226
4898
-2115
-7197
-9113
1857
4540
-3358
-7738
-8212
-8050
-8812
8287
-4967
-4292
-6713
-389
-8045
-3957
9594
-1807
9342
5830
-750
-1988
-1485
892
-8885
8049
-8855
9725
-7550
5794
-2669
-3025
-6940
-1903
7161
3110
588
8575
7248
-8971
3693
-8583
5453
8647
-2916
-6967
7311
-467
9765
5387
-4
-9066
-967
6557
-8548
2977
9590
9097
7506
-8092
-103
-7654
3894
5282
9050
9221
8719
-1101
-553
4172
-427
7638
2495
9765
-3419
-1294
-4864
-4587
8757
-566
-6537
-4735
-2182
-9743
-506
-6412
-6686
-8845
494
-5060
2975
-99
3751
-8122
-1384
-7776
5872
7141
-3103
1310
-3480
-4987
6837
1295
-9766
5707
9485
4141
-6023
-7760
-5833
3994
9562
-6186
-2784
9841
-4693
5655
8243
-1635
8823
4278
-3398
1765
-124
7561
9848
-7205
6747
-2934
9815
3273
-63
7954
-8471
2115
6069
9420
-2343
7721
9733
6427
-6683
4576
6803
-7684
7723
-8885
6418
-2304
2823
9752
5691
-3705
-2628
2604
4383
8276
-4606
8748
3759
-4019
6563
2999
8777
-9498
2070
5998
6853
-130
7171
9058
9649
7102
9112
7138
-6534
-3988
-3450
9931
-9698
-7570
5387
-1918
-1227
-2236
4891
9737
-1910
-1904
-2817
9240
9996
-9421
7047
-5212
-5697
-1053
-3469
-3873
-3832
2863
-6535
2022
2678
-6517
8061
-6940
-1840
-4376
986
-8053
5740
7614
6855
-4717
2200
6542
1948
4500
7499
9308
7195
2843
-291
3723
-1244
8082
-6805
-7078
-4441
-5493
8861
517
3801
-195
4422
-7765
5572
1594
-7620
2851
-2458
-1328
1509
-7825
7192
-2645
-2147
-9398
-2749
-1561
7043
2967
-2229
-9223
-4484
3523
8189
467
-2812
5580
-2046
-5734
315
8450
-9045
-2232
7113
8936
3263
5488
-90
846
-129
4325
-788
9580
1012
661
-3998
-512
-5593
-527
1724
1872
-2907
-4224
-3168
6389
-1256
1642
-6466
1124
-473
3399
1965
1554
7454
-9718
-56
-4269
7298
6712
-8782
-2427
-7932
4088
7745
9512
5669
9233
5208
-9858
2786
54
-4704
-8917
-5938
-3039
5943
2314
5947
3542
2372
-356
5389
2508
-4353
3840
242
-7537
-2567
-7786
-5857
-6482
1052
2001
5508
-8626
-2999
1284
1853
1887
5379
-3502
-7800
-4465
-314
-791
-3465
5885
-2165
7672
-172
5496
9303
-19
784
6108
8671
-515
8053
6725
-9413
-9442
9106
-1060
-9073
-4522
4730
7895
-2181
9848
6688
-5259
-6387
1936
-4930
-2853
-5740
-373
-9296
-6178
4204
1668
-7029
1460
5015
7469
-8314
-2560
-3140
-2561
-6874
9838
8750
-3761
1669
6183
9347
-8190
-8744
-7288
7001
8221
-9325
1641
5012
905
1454
699
5219
-1621
7614
1205
3191
-5302
-94
-9760
3561
-3697
-9151
4347
-1880
-3819
-6436
-8808
2564
-984
-7600
-3984
4697
9663
3501
3621
8810
6745
9043
-4030
-8064
4740
-2288
-3979
-6722
-6966
4208
5300
7271
2815
-1198
-5322
5108
8841
8324
-9368
-6296
-568
-1132
5309
9610
707
7849
-2415
8777
-1758
1784
-3616
-4668
-4859
5835
3676
-10
2186
-7147
-5779
1147
7206
-185
-5516
2356
5652
-715
4412
-8249
-208
1569
4738
8948
3602
3414
-3615
852
8028
238
7173
3071
3658
-9752
-4891
-5905
5366
-3513
-135
3097
4732
204
5402
-4008
3899
8198
9799
-5374
8910
-342
1872
4818
2788
4673
3089
-9931
2812
9712
-5963
7402
2185
-1928
-6123
-6392
-3616
5961
9446
-9187
-1199
5301
-3812
-9986
-7442
-2243
-9985
9625
4251
1161
-7663
27
297
8383
855
-7204
2274
5317
-1364
5750
-4267
-8833
414
-957
-7703
4392
6220
-6889
4159
-2909
-9645
82
4692
-1927
1015
-8874
2286
-5324
8603
-7810
8514
-3472
3363
5037
1589
-7533
-5062
-8168
581
7428
-2121
-701
9795
-2877
1214
6745
8033
885
-2937
6546
9797
-1059
6711
-9119
-9343
-2223
-1501
1122
3967
-9937
-8886
3061
-9876
4735
-1568
4899
-2580
-5160
-3477
3153
-3859
-8018
-7328
-743
-9058
-640
-1655
-8956
1698
6414
-2184
-8185
7224
5380
-1701
361
4084
-6221
-8524
-1381
8254
4661
-6131
6250
6852
5977
-5537
-3136
7539
-6089
7608
-5103
-3015
-6535
-4664
9877
4139
3522
9438
-8688
-931
-208
4737
-4967
-8025
-4375
-9002
2462
-50
745
1387
-224
2811
8323
4908
-8810
8182
8375
7791
-8048
-4169
-7886
1216
-1775
-6727
-6703
6317
-9025
-6616
-3939
-4533
-4385
-2821
692
3155
2394
-3880
-1617
-2313
-2233
-9843
-7507
-489
9265
-527
-4653
3175
-9427
216
-4469
3288
967
5054
-8640
-2558
-5552
6963
-875
284
7404
-7145
6231
-9538
4773
2957
2955
-1212
2812
4271
9781
3132
-711
-9304
-3710
4873
8792
-5345
-9449
8890
-3230
6813
-1887
5094
-7003
-1624
-7245
-9119
-5763
7003
6871
4167
6404
-7542
63
-2547
-4303
-1567
-8721
5815
-2414
-6685
7178
1741
-1717
-1775
-5132
-2276
7892
597
-227
9119
3479
1732
9568
2563
-8304
601
-6186
-4852
3489
1946
7331
-1474
5964
5357
-6345
-2504
-1091
-2160
8820
1427
737
-9321
-6787
695
-2925
4873
1731
1677
-7077
9825
8386
1650
-5753
3521
6476
2003
9801
2960
-6821
-9911
-8888
-1740
1556
-420
-3453
-961
5629
7068
7355
2673
8159
-6998
2670
6292
7790
807
9425
9751
5738
8348
-3414
-120
-3862
-9105
-4643
-2914
2828
9856
7465
-5380
-7163
2888
-998
6690
-9853
-5219
-5041
-7122
-9023
-2975
-2355
9111
3191
5380
-2952
5334
9604
-9634
-9787
-2873
2251
1401
8147
-7949
2288
-5549
2939
-2721
3809
-8368
9053
-4205
-2165
-5550
-61
5481
-384
-9891
9579
-1085
1601
8898
-7833
-1689
-1891
-5257
3176
-8009
-8413
2462
4625
-274
-2331
-3834
-6830
-7481
-4652
5602
-3320
-224
5795
3767
-7369
-1891
-6503
77
2332
-5691
-8512
4554
4978
-9155
-8304
807
-5953
3474
-6218
-5567
-1290
2409
6204
5797
-7665
-4332
8602
5087
-1947
1425
9455
-6050
-2545
-2065
-5076
-6932
-6006
-5967
-9858
8794
-7395
6816
-8642
-4229
7082
3774
-2356
9833
9739
1532
7094
2424
3599
8364
2298
3345
9304
3035
3339
-6085
8047
-4352
7369
9959
-8138
-1639
9073
6569
7606
489
-4700
-6413
7979
5778
-8571
133
-1046
-3103
-6168
-2627
6015
-566
-1869
-8546
-9267
-5144
7385
4504
-2678
-1748
-9072
-6788
-9363
-8531
8394
-3283
7584
8992
-58
4886
-4605
9994
-6570
-4764
-2268
-4951
6332
3480
-5216
3100
-4746
4225
847
-9058
-4296
5174
-7318
1665
56
-5347
-2227
-7481
1675
-6240
9944
-2257
-1521
3976
12
-3207
1380
5764
2493
-5956
-6867
-34
-8722
2674
9542
1784
7502
2102
-1601
-3404
7477
7916
6998
6498
-6141
-9197
0
2110
4756
-5656
5966
5120
6283
679
6884
3605
388
7301
6181
-5435
5557
-5739
8126
2502
-3385
-6268
7243
7650
4257
7905
-7157
-547
-6767
1613
-6442
6584
-5489
-6566
-8716
7175
3003
9376
3800
787
-2437
9134
421
-1461
-6206
5614
8618
5651
5140
-4055
1805
8779
-9704
-7558
4253
-78
-1654
-7345
9657
8004
138
-1832
406
8790
-981
7857
5190
-7563
1703
1189
4667
4833
-7662
-8974
-1035
1168
6672
-3706
7586
9362
-390
6917
-8566
-6540
840
887
8007
-8263
-9560
8372
-8574
2952
5006
3607
7952
-7699
1107
-2625
786
5913
-6148
-7361
-8786
3128
-6535
5898
246
-9796
4400
746
2933
-8886
1512
8097
-1060
-1760
4487
3632
-7906
7889
7920
4641
519
2759
-2728
-3964
1900
-3536
-6725
8595
-9099
-3972
3258
4639
2701
-8371
1582
781
4354
9472
9596
-4405
-4187
-6587
-5521
8075
-9208
8454
181
9227
-7162
-9932
5625
2580
7645
2840
9033
3068
3790
-9095
-3069
-6870
3323
-8582
5143
9520
-7377
-5138
8408
3004
9098
-1495
6749
-8249
-1773
-8045
4492
-5502
7988
-914
-9119
2676
7143
-1955
-1895
-980
8562
-7024
-6968
7861
1361
9161
-4244
-9635
286
165
-5163
-21
8796
7432
-3318
6285
-6808
-2939
-3824
-1635
-736
-7732
6313
1149
7712
8438
-6469
8573
4218
-1912
156
3068
1740
-413
2336
8209
-8519
2437
-235
361
6985
3708
-6501
9942
1053
8731
3448
-7007
6070
-5772
3946
-2096
-6958
-7186
-7939
-4364
6817
-2574
6191
-1618
9106
4442
4412
-1093
1419
-4744
-1633
5539
7804
5964
6404
-6512
9615
-2254
-3218
5637
-1950
4535
-9394
-5053
-3880
-8465
9593
242
5884
-5684
-1141
2028
-7141
-6854
8344
9636
8717
-9670
8128
3401
6017
6247
2490
-3989
5368
2048
-5493
4751
-5104
-2881
-3827
5281
1092
-7418
332
7129
-306
101
9284
-7146
3737
-3415
-758
-10
-1711
-9027
-8906
9092
-501
4506
-5603
-4018
9037
6013
6613
4042
-8439
7679
2128
8639
-5148
-5197
-7350
-635
487
4576
-1652
2599
5641
-6989
6769
4239
1244
7154
5452
7118
-5023
-5803
2085
3112
-9293
6444
-5847
-4729
-2479
2848
-5219
8676
5296
-6463
-9819
8849
-2741
2318
1884
-1319
-7634
7875
-5081
-1815
-66
1776
2719
-5704
9853
-8440
-957
1563
5830
-79
-5135
-2000
6660
9858
-8961
9658
2745
-8640
-6979
-2002
7736
-3038
-461
5864
1211
-4360
5669
1574
-1125
-6399
-1312
-6944
-5805
-5055
-8915
3368
-455
-4244
-5832
9903
-2417
-686
5671
-6253
2742
-4806
5011
-2350
9046
-6216
-8456
-408
6049
2
-6340
5184
5751
4423
650
-9533
8739
1501
5129
-5301
1785
9479
-4935
-4093
4605
145
9711
-8507
-394
4615
-1484
-2079
-604
8323
5406
5347
-4313
9707
-7042
-6204
6485
-7335
4629
-5035
-7455
-7079
-8539
-8985
-8036
4350
3035
5178
-794
-6371
-7349
-9667
-8241
6006
-4060
-7505
-2970
-1763
-2851
-9419
3077
8224
6775
-2273
8606
7407
6404
3759
-1227
-4323
4397
-6566
9846
9356
9384
3650
-9454
5983
-3379
4175
9138
4836
1402
9204
7908
4143
-5425
7247
3745
-2162
7354
-2459
2105
9402
-7344
2410
5018
-7135
4417
8150
-861
-3984
6105
6564
-7918
-4226
-2630
-3936
-1907
-9847
8983
28
8801
-3373
5209
4028
9475
5
-1182
7254
-1985
5720
-7196
-2651
593
2626
5813
-7782
8088
4098
-3605
-6297
9346
-9990
3610
2649
-9658
6590
688
6216
-875
6857
2269
-3940
2102
3986
6441
5070
-9360
-5343
7796
7675
410
-4454
-9007
4227
-6749
-5840
2733
-2729
4704
-1248
4084
-616
1486
6089
-8668
-987
89
-1766
-4992
-4590
-9006
-2937
2886
6412
8853
-8792
-1516
-2760
8246
-3885
1564
3242
5478
-7229
6169
-2224
-932
7962
-4381
5995
7516
-2147
-8997
-5150
-2898
-8033
-7935
6492
7799
-6474
-4570
5155
-9206
9074
-7835
5573
6018
9138
-7288
-9420
7303
-9510
1875
9726
164
6991
3623
2991
4996
5182
9141
5302
-842
6328
2455
-4221
-2489
7999
2468
5530
3972
-2323
-7107
2773
-241
-3861
4100
8009
9872
-7208
-5235
4154
6913
6925
6957
2890
-9247
509
-5186
7217
-4140
9764
-6377
-4432
9078
-7155
-9977
3567
7418
1512
-9730
-1125
3926
-1797
-2507
335
4827
8555
3771
2093
655
138
8152
246
7883
-4833
-2131
-9947
7090
605
3367
5440
1248
1340
-7812
2806
7601
2187
-1430
3986
572
6874
-8088
-665
-1142
6743
8959
532
-228
-4616
-1673
-3816
9737
6621
-9337
-5045
5174
-1610
-562
-3512
-7927
894
1678
6071
3737
-713
-1405
-7569
-6184
6033
-6467
7480
-539
-7080
3818
-6107
-3802
-9352
-1503
-124
-1351
-3762
-5493
5118
9271
6027
4282
2364
4115
-3479
6512
8058
8644
-3019
9450
5907
2904
-6153
-7728
8162
-4900
5722
-2466
-5895
-4072
-4249
605
-6681
-3815
5654
3092
6701
6344
-516
-8406
-4716
-4351
7
-4862
-7371
9127
-5184
1091
8872
4061
-6389
-9150
3153
5772
-2197
8840
-3410
-2531
-8558
-4972
2067
-1064
6543
-1548
4094
-8359
1495
-8158
7959
4689
7255
4201
-1433
7674
6609
-6026
3979
-4944
3163
509
-3510
4717
412
6191
2934
9431
950
9670
1095
7478
-2483
633
3461
-2018
-7593
-3657
-239
-3907
-1031
8675
3460
7800
-1758
-4913
-33
6696
-6885
-4985
4741
-331
1221
-6829
-5751
7153
-9236
-1250
5319
7891
-5878
1886
43
1166
8940
-2644
8317
-8020
8423
4858
7395
-2762
7708
2725
-8906
-2115
-7257
-944
9547
3289
-4007
2899
3242
4309
-8706
1218
2054
-6696
8981
5081
5832
1419
8114
281
4698
3954
-8232
-8683
-4288
3204
1873
-3497
-938
-2094
-7756
-5563
-2901
4696
4982
3691
4104
5902
4875
9072
-8992
4871
1182
-9697
-510
2740
-7477
5828
-8475
8395
-5250
-1642
-2205
-3544
7384
-1349
9587
9727
9523
-338
-4541
-5469
-6165
3177
6222
-1323
-9215
-677
6261
4216
-4230
-7637
-4817
206
-3601
-1399
2300
6530
6502
8843
1243
-9648
2642
6131
-1991
-5888
-505
-1106
6629
5239
-1118
3066
-7880
6882
5182
8360
-3586
-7089
-4834
3173
-2833
6306
1266
6748
6755
2418
5979
-9313
5648
1446
6515
8998
4141
-5308
7204
1162
-7844
8596
-1650
1721
-8171
-2855
6489
-3291
6841
7294
-5290
9267
7918
-9495
-7364
6328
-3225
8296
-8737
-268
6444
3747
1570
3544
-2279
5787
-3896
5498
-9705
-4148
-3711
7775
-2491
6846
-178
-8200
-5956
3622
9980
-6047
6225
-3661
-8698
-484
7116
-4049
-5527
1797
-259
6518
4574
1957
6018
-5291
7539
-7059
-6370
8052
677
-9200
-6014
-5433
-3592
9519
-4681
1790
-8619
7232
1857
-1492
-7369
1797
4951
-471
-5324
6590
3321
2358
6289
-2862
-3505
2170
5994
2167
5498
8226
8134
3939
-6007
-4724
6786
2424
-2212
3263
-6235
-3820
8765
-1463
3028
125
1516
793
5295
932
-3762
3773
-1284
-8224
-4686
-2728
-2408
2066
-5113
8478
6108
7025
2685
7524
-364
-136
-7143
-552
-4776
1266
-6526
3421
2784
5867
6774
4191
5852
-8250
492
6201
3179
-775
-5431
7715
9881
647
-9639
-3253
-2486
1336
-8142
-346
-3039
126
-5553
8180
2170
6720
-47
1340
7066
-419
6780
-2715
-2435
4984
3001
4501
-1292
973
-2897
5206
7649
5083
-7466
-3573
-5083
-4807
-3655
7418
3515
4611
7388
-6523
-1527
-6722
-7141
3924
-3097
-5635
8266
-9221
-5674
-480
-3414
-828
-1238
-3506
-1080
1526
-3157
6103
2544
3087
-9464
-6046
7312
1286
7519
906
-8520
-2191
5927
-2970
-2718
4255
7047
410
2947
-8452
-7473
7945
-72
-447
-4457
7768
5004
4661
3394
-8160
3566
-9916
5235
-2826
-6588
-381
2937
8794
-62
-3489
-2956
4460
4102
8618
-1142
-2255
-4896
-6448
2411
2325
-816
9136
-79
4592
2426
-5672
3844
6639
6275
-5181
-5056
-3939
4015
-3246
4146
7144
1667
-2856
-7861
-8394
-8655
2049
3295
4866
-2615
-4920
1619
3204
-3916
1322
-6889
-2824
-3340
-3253
4324
-9647
7426
2730
-8075
4300
8625
-6762
-625
479
1567
-9920
-4710
-9819
-2545
-3978
3930
9355
-6588
-7091
-49
-6469
5392
2090
-3403
-4073
9831
-4570
7814
-5681
2743
-6702
-2918
6057
1266
-1924
4935
-8120
-3135
-9038
-1550
-939
-8021
-1587
7802
6809
3258
-9882
-7663
-7629
-3115
8539
333
2121
2144
1986
-1172
-5764
6083
-4020
-4696
4772
-8280
5225
-1047
3904
5689
-3806
-7992
5450
-6092
1242
-7629
-3372
-7419
-4042
719
2206
-751
6847
-1831
-5114
957
145
-5351
9248
-2738
-7928
5791
-9454
-5333
6787
5833
-3269
-6125
-8128
2046
1151
-1943
-9461
1331
5936
-7006
9054
-804
4610
8124
636
-38
-3680
1024
1263
7378
6652
6503
-6023
1381
8416
1455
-7794
4356
-6720
-7793
8938
-7423
-5323
1766
-4503
-5574
-6898
7236
-3290
6794
6330
-9124
-3950
1462
-6633
-7401
8188
6979
-417
7777
2102
-7845
9538
2520
-9682
3263
4394
3764
-9616
2745
2168
-2051
7644
5171
-262
4895
1946
-8285
7132
3691
-8295
-3713
-7806
-2451
5041
-7235
-5450
8499
-5389
5264
3554
3545
-5890
6294
-5515
-3351
-5561
-381
9718
-5586
9675
-667
8555
8408
5843
8407
9271
-6804
7779
7006
2979
-9802
-3858
1150
-5779
9269
-3424
4295
2478
226
3712
-1480
-9125
-3348
-4176
4733
-5279
2627
-3059
5154
755
5065
-3094
9208
4423
-4702
9393
6693
4589
278
-2772
4408
1456
-4388
-6030
2628
2212
2149
-9028
-1157
-8414
9034
818
-7943
3495
-831
3505
-6040
5482
-3469
3071
-4022
6271
6831
-6941
886
4221
-4643
-6738
8935
-1196
1981
7362
-7179
8724
3046
308
3372
-437
4473
9955
-4975
9614
-3595
6468
-8053
-1305
-6905
7887
-8384
8232
1192
-7020
-929
-8491
-8773
-5818
2192
-932
-8639
-1058
-4995
1001
-7356
-374
-6701
-5840
7112
6922
-43
-2463
3451
-4330
344
-6973
1887
928
-4161
5907
892
3766
-2152
3096
8513
8389
-3311
-6665
1301
9957
8646
1204
7128
-4932
-9802
-9533
8014
-242
-2222
-7006
5110
-8620
2976
-8799
-5637
-4645
-593
-7296
767
5880
-7927
-2302
-4165
7497
9370
1601
3254
-6758
-585
3135
-9117
-5821
-2340
2972
-6408
-7495
9964
-5130
-1628
-8730
-6529
324
-6709
945
913
760
4949
-4604
1591
-7181
-8056
-7826
-3184
-2587
-6294
5309
-5629
-4237
8547
-4332
5132
-1894
5483
9195
-1992
5589
-6967
4096
-2878
-627
-4324
7151
-4122
1048
9181
5024
-8245
5284
3184
8472
-8040
9392
7117
4002
-1296
-3886
-3686
-5781
-4511
9959
-5539
4980
5782
-9657
-8987
-782
5489
2450
-4313
8456
-8341
-7550
-5575
-5093
1892
7334
6353
-2849
-4742
-2252
-3036
2917
2276
1737
-3935
-779
-9022
-8796
726
-4809
4505
-8188
-8599
5763
-3806
9420
2809
4300
4943
6119
2305
-7328
-2664
2800
-5593
1631
2287
8494
-60
-5060
7795
-4293
-3616
1356
-5572
8445
-6699
4579
8877
-8320
3426
-3082
-8438
-3313
-3022
969
-1397
6527
-6494
7080
-4232
-5960
8981
7652
-5281
7845
5221
9054
8993
-5745
4106
1227
-7146
9107
-8468
-804
-1927
-4044
7879
-5278
1992
7315
5559
6045
-5399
1695
-5233
8649
2659
7234
213
-3155
-9055
-8260
4889
6216
7861
411
8326
9087
5105
-5465
716
-2638
2131
-4273
6083
1215
4374
9735
8810
2114
3477
-2422
7311
6378
-5157
1166
-5493
9645
7092
-9774
1535
8863
-9478
-8854
-3919
-1813
5920
-8668
-6693
-1604
-3801
-4942
9488
7575
-1413
-4568
-2925
-7332
-3776
-2273
6769
2099
281
2511
6413
8959
5091
3031
-3105
-9128
5579
-7922
4695
939
-4984
-8259
6629
9899
-2931
7922
-7416
5858
1513
-627
-8854
9103
-5217
1779
-8940
3030
123
-5342
4554
-923
-1553
1622
-1792
8343
9608
6575
4116
629
8874
7056
-2357
-7109
2021
9295
-6080
9752
6935
9803
-2790
4194
3607
8885
-31
5353
-69
7018
5579
-8164
6331
-3430
2568
-6368
1507
-4400
-9712
8724
-2073
-6058
1527
2570
8584
-2725
-9887
9191
-4050
7214
-6163
-4131
-9654
3955
-2704
-8276
-2551
-9247
-3477
2300
-6031
5538
-6312
7912
4545
8209
-3398
4207
4776
4035
-2413
-6412
-9228
-222
7993
-7303
660
-1712
2115
8686
4095
2327
2427
-1431
-8104
2227
-9538
-7801
-8594
-166
7847
-9052
-6438
-4044
9649
4621
4932
7410
8892
-6622
-4282
-2705
9257
-4800
-8119
4290
-1031
-2638
1380
-5600
2609
-4875
-9794
-5130
-5416
-344
-8701
-5361
5546
-1727
2933
7263
-1446
5630
-134
511
4656
-2156
-6985
-6203
9742
3106
1591
-4512
-368
1838
-5517
4469
725
5877
-5836
6835
-5436
5416
-943
3932
-6492
-7016
3875
2179
2758
1989
3395
-4080
-6187
-3252
-6208
-6495
8971
2742
-3317
1068
-7565
-3873
-9776
924
-2778
1
-9844
4953
9929
-350
8923
7288
-9437
-9439
9548
-4984
6168
-4707
1184
1277
-5368
9719
2604
5338
4044
7118
-1229
-1953
9324
-6312
5964
-6179
-9478
5766
8781
8712
-9066
8761
-5597
-7423
-6976
-4446
-8822
9325
4985
-3140
2374
5099
-4938
-5946
4922
-5211
-4626
-3970
-8658
2681
6008
-1689
8987
-2550
4554
2350
-5181
-2275
-5185
-666
3277
390
8504
-9556
-269
3051
879
-3146
-2988
-9369
-3263
7879
-5992
6787
6609
7192
-230
-7191
-6235
2936
-8303
-2932
-3540
-8475
2723
9480
-1126
-4240
-743
8042
6551
-6400
-3030
7156
-695
-3265
-3776
7000
-9037
2058
-6635
3961
-8023
775
4329
-5878
-4127
5992
9710
263
238
7670
-2605
8845
-2530
6313
9872
-1775
-1148
-6110
-5742
-3985
-9687
-148
5756
-4331
-1721
-173
-379
-5427
7443
-3947
-3723
-8331
9858
7802
8717
1648
7910
-636
2535
9005
-3413
-8309
5127
-2356
-9748
4156
-9293
-1126
-2890
-2179
-2887
-8809
-9526
4353
2486
-9298
-2781
2445
-3109
4985
3384
-7771
-447
-7456
-2971
-9383
-442
-9450
-6677
-2321
-6059
-3715
4167
2789
-2600
335
1803
-6351
-1009
-9191
-3802
8599
-3302
-8295
6905
-5127
5426
1939
-1338
-9097
691
-4826
652
216
-1219
-9629
-4436
8488
-5792
5835
778
9803
-9932
7097
9927
8073
-8096
-2839
6593
-428
8444
-7412
6028
7805
-7826
6673
-8146
-3160
-8320
7581
-4755
-3466
-6964
-1098
-7245
9722
-7155
2521
5973
1227
-3604
6186
8026
-6559
2706
-3455
7032
3864
6705
-3863
7266
-7375
-3155
-9332
-4428
5360
810
-507
7133
-7131
-9310
2426
-6445
3179
-2812
-3955
-5571
3024
7065
-1748
-8212
9951
5319
-4837
2024
-444
950
381
-3127
8832
-3707
4592
-8671
4429
2074
-5403
-7094
9297
-6418
-5064
9895
-9612
6295
-1501
4510
-2627
581
7052
5159
4182
-936
1931
-7460
8841
-7524
-7709
2997
5851
-863
2943
2056
9330
-5247
9152
-6315
356
7240
309
8366
1969
-7423
-3194
1687
-5479
-4797
9090
2882
-7933
-1005
-9550
-7856
6112
5919
-267
-4970
-2006
7004
7428
1121
-8366
-2380
375
1252
-620
1507
-2865
-7814
-3234
8037
-2773
4352
-4395
-6510
-6709
6566
2819
8320
1674
4968
-4425
2634
618
-5541
4624
-4816
-2585
-8709
4083
8292
-958
-2355
-1927
-5787
-5268
1632
-587
-2381
2997
-6856
735
5931
7874
-943
3099
-71
258
9473
6337
-1210
-3375
-9794
-6602
3750
6434
-322
-4951
7064
-1919
-7623
-3326
-3713
-9727
-6770
8485
832
5257
9987
-5966
-5649
2013
9649
-2912
-1705
-1865
4333
-9466
4505
-7703
815
-3268
4020
3891
-642
-613
-6798
9688
7245
785
-2225
-9566
8407
-7206
5940
-2252
-9377
161
-8336
7214
3880
-1057
7649
-3329
-3879
-7479
5196
9482
4037
1578
5017
997
3542
-1781
-1366
-8938
-6199
-9219
5305
1583
-9499
-5807
-5971
-8656
4773
507
3036
-9266
3461
-3900
-4304
3933
9032
-8952
6454
9560
164
7594
7530
3760
8404
-8566
6917
1561
2730
1891
2294
-3186
4196
-9268
3307
6337
-6122
-7725
8568
-210
9215
-5918
6008
-1347
-6407
8635
-6536
3323
9218
-5250
7544
-3278
-6011
-2145
5860
8350
-2639
7454
9420
-4162
-7658
-8863
3138
-5705
7550
1667
7270
-8185
-2202
4802
-5866
1710
7279
-7132
8853
-9045
-8035
-4944
3740
96
-8659
-4281
-1978
-258
-2269
-8532
604
2331
9322
2503
1942
3288
-6391
9123
-2881
7897
-3009
-3850
-518
-883
-1588
4893
2782
-8161
-4329
4441
1105
5506
-1425
7204
7140
9956
6915
7826
-7074
5235
2084
7947
5177
-7524
-1418
7059
-2900
-2026
2858
-8668
-1019
3941
2293
4749
151
9707
-2089
6977
9288
-5656
-4816
-2831
2890
-1601
6249
-8255
4593
6290
6278
-6336
9573
152
-2356
3163
8230
-8311
7804
-7897
-1013
3439
6433
3970
7918
-3728
5737
-2265
-6475
5955
3184
-5189
-8898
7440
-4042
-2578
2468
-3554
4603
6553
7194
-9356
-1661
-2655
1322
-4915
7694
8812
-8384
-3941
1279
-2069
9098
-4441
-4015
-5384
-7682
8305
8435
-3241
-4920
3953
6224
-5356
9653
-2474
2435
-2344
6288
3066
-9334
-5834
-8390
7972
-2997
8242
7444
-641
-6868
4171
1472
3354
9086
-6245
369
2179
4608
-3063
-3507
7812
8879
-5929
-469
-551
-7138
-4025
7607
-6503
-2309
4772
-1530
-9946
-4873
-7265
-5595
3709
-126
-1885
-7011
5417
1767
8446
-268
2487
5928
8566
-7238
-2904
6400
-5357
-5547
-1919
104
4962
4578
-7129
1639
-4
2817
-5613
7134
-4585
-1162
7233
-563
4110
4294
7576
189
-931
6221
-2542
-8854
8551
-6729
4097
-9486
-2982
-2612
3351
-6347
9729
1274
-2772
-3332
8828
-4602
-4100
2928
-8388
7822
2305
-3305
9174
-1480
8827
-6489
-8880
-4659
9211
7522
-4998
4066
-1289
-3120
9396
-6728
-66
-8437
6104
3692
-4616
-2247
6158
-8339
426
-4112
-9833
5718
7906
-1899
7096
8637
4051
4409
1702
-2164
9615
1809
3000
661
8572
6047
2203
-513
-150
4538
6668
7291
-6224
-2968
6544
8272
8533
7325
3050
-9933
-788
962
6582
5349
-528
-9845
-5903
-8236
-4364
-7993
-6697
-8823
8095
5584
8960
-1679
-125
-4167
-7877
7173
2590
7021
2113
6336
-9658
7800
6768
-3539
6550
7311
5644
-2652
6054
-6516
-8941
88
-1480
-3661
-7974
-2538
-6360
-4828
-8144
8046
-1510
-108
4975
-6611
9533
2155
-5789
-476
-5303
9876
1323
-4904
-8527
-7701
-7432
-7371
-1106
21
6923
-6851
-7652
1160
5510
-5122
2318
-3554
3896
8892
-8822
-682
86
4948
-3465
-6739
-2147
489
2846
-2049
-1866
7347
-8954
1757
4015
1900
-4381
5503
4238
-2133
9507
7435
-1021
-9513
1679
-9181
3598
-6153
-3637
-3241
8213
7067
-4766
584
9717
3223
4063
4227
4118
3586
8193
-43
414
3374
-1444
-7122
6815
1329
6970
2625
-7272
982
309
-280
-9129
-9605
-6839
7407
-1687
3829
4575
2660
8456
-2737
-2505
5592
2978
7686
2527
-9544
9232
3028
9965
-1383
2835
3490
-3649
5189
-8545
-2030
1559
2082
2852
6660
-2184
5109
7906
5943
-4886
6347
-4408
657
4814
3172
-6680
3465
9214
-2063
2652
-9332
-2329
1217
5190
-6909
-5513
7755
-8856
5139
-7683
-1389
-8001
9912
-8747
