8376
7515
1216
-1758
-6941
6590
-6487
-580
-2535
2999
-4621
3881
9589
-4106
-7359
-2495
-8887
8207
8266
9423
3627
8762
-6047
-3579
3623
-4635
-9964
-126
-5655
-7232
5145
-9757
-4558
5570
-2112
213
-8264
4632
7963
3410
65
653
-6277
654
-3129
9403
-9042
-6583
5495
-9970
-6712
-9726
-8615
-7059
1796
3870
-8892
9444
7344
9758
-9582
-780
4122
-1118
9946
1770
-9327
2447
9599
9378
-5283
-8575
-8630
9659
-8709
-7620
-8247
-5639
9885
9614
-2472
-651
-6306
2837
-8712
542
-7281
-8675
3901
5246
-4332
-3698
-3375
1369
-7205
-4547
1615
2620
-6873
-7258
-7571
-4215
4967
7631
2414
680
3760
3425
4231
-3902
-2031
-2308
-2452
-9713
9928
-1709
4599
-6807
-289
8061
-9336
1394
-4808
-3238
-2712
-4606
-853
5460
9037
7401
-8852
383
3842
-9457
-688
-5667
-4046
4405
-6737
-8917
-9606
3608
2911
4573
1720
-4685
9323
-48
4914
8960
9062
-5220
4273
-4131
8953
2251
4481
4571
-4180
-4620
-4348
-1887
5136
-5245
9076
2634
-8003
-3623
-2618
8404
-207
-1023
-4208
5911
8101
-950
6358
1140
7030
9309
-6454
-2147
3281
-5040
451
9686
3301
-7315
5113
3468
-8069
9828
4740
-4567
-9534
6207
-9384
-1270
1592
-3100
-4205
6469
304
9129
3769
-9609
6689
-8548
-890
5163
-801
8200
6888
2592
-7559
5166
-9036
9875
3280
339
-1411
3790
6778
113
7350
-5364
470
-4324
5289
8169
4995
3678
-4881
458
-5517
3952
-6994
9552
-9133
7486
-9420
8320
-525
-4688
9954
-9124
7420
9565
9889
189
-8269
-3693
3878
2973
-2054
2418
6659
-6857
-4159
5597
3173
-9195
2843
2728
-6237
4646
-8000
-8918
5144
-7554
-7623
-3832
-9274
5134
7656
-494
-3168
7217
7790
4591
3334
-395
9144
7831
2549
559
9745
-795
4379
-8002
-273
1721
-9237
-3561
5601
7728
3399
2567
7362
-4042
4111
5796
-8943
-5042
-7149
-3050
7132
8101
8029
5515
-3980
7550
4428
7630
-8322
-1423
5323
-7847
-8911
-8088
1849
353
-122
-3341
-5954
6607
-6802
-1076
5543
-6359
-6970
-2303
-9005
-2737
9829
7898
-7749
4910
1804
252
2723
-4874
5178
-7761
-9723
1997
2320
3975
-8788
-57
3433
-130
-4925
6780
-7327
-5798
-1024
-5084
-2781
7405
-8917
8614
2747
8521
-1228
1523
-4838
-8952
4932
-3918
9353
1953
7328
9890
-427
-126
-6540
-4661
-6793
963
-1556
988
-6128
-2425
1374
-2694
989
-7389
8831
4940
4914
-3401
-2354
6718
4471
732
8058
894
-6700
7459
-5348
-1119
1722
4977
1522
-2931
7119
-1188
-4730
8443
4090
1456
90
173
-5359
-9341
769
-9763
-1368
114
-4396
1601
-4354
-109
5293
9703
9574
-4070
-4726
-8591
9185
824
4587
5363
-7031
-4863
4784
675
1978
7704
949
918
3301
8245
-7036
2538
4143
5800
-6876
-2136
8056
-2926
-9832
2753
9266
-7758
-8296
7586
9441
7139
8999
-7266
-2464
2533
-5816
-5778
4009
-420
9100
3140
-4543
7699
-5419
-10
-2805
-467
2051
563
1769
1467
-2551
-5164
-648
-7488
3301
3628
4565
3065
6063
3220
8205
-892
8258
2889
-968
-2600
-928
-6741
-8913
-5726
-4170
5217
-3163
4039
1197
2087
-5318
8735
5135
-8938
-7902
7438
-7131
-6617
1917
6424
467
4786
4149
-9059
-2953
-6637
4054
-8
-9081
-5660
-3752
503
-4179
-5347
4951
-4636
-5112
-705
-3474
492
5949
-2556
5444
-2764
-2461
-1720
9200
5431
-6326
409
-3491
-4066
-8453
2398
5642
7388
999
1894
3022
-6769
-9316
-3410
-7354
622
8331
-1383
-4212
7777
2667
-8843
-9391
-292
6206
-8962
9725
-1495
-4704
1995
8423
-9475
-4614
2817
4021
9713
-2295
-1029
-7623
-3137
428
-6422
5292
-7435
-2672
7515
1158
182
3299
-9796
2082
-2054
5905
-3344
-6594
7204
4141
6580
9183
5730
7870
-4030
-6043
99
132
1200
-9862
3377
3896
-8922
-9366
-2145
2676
-2865
3993
1126
5788
-1304
5254
9689
7289
-5663
4174
2651
-7427
-3925
8511
-9089
-6835
-6512
-4379
-3248
-6630
7940
-4360
1024
-2065
-5223
-8239
4039
3483
-5780
3077
811
5906
-3432
-6499
-1192
7822
-963
800
-5873
-443
-1666
5746
7533
1074
-347
-4808
3970
-8041
-6285
2952
6440
-147
6838
4106
8347
548
574
2927
398
3562
3051
-8627
-8419
-3030
-6740
8230
9095
-2524
-8947
-2884
-7124
-981
8057
-3632
-4448
2129
8942
2373
-8590
-2453
-2941
9675
2435
-406
-6498
-3563
-2236
-9046
5189
-2422
-4127
5371
6710
793
1943
2218
-7159
8948
787
2821
9888
-5885
-1434
3843
-5134
660
-429
-26
1646
8803
9486
-2476
-8640
-9000
-5723
3044
-7510
172
-1117
9259
-7969
-616
-5620
7838
2542
-8990
-3369
-9925
6658
1557
-5579
-7896
9001
1333
6835
1833
8206
-2578
3795
-3550
7539
8391
6546
-7491
-8750
-108
-3286
-684
-9941
-4644
-8363
8506
-1
9969
-2246
9034
-3925
9510
9505
-6401
9155
3402
7528
2767
-2994
8272
4340
9258
5069
7477
8654
-8546
6870
-611
9075
5624
-2446
4457
-2222
8760
-494
7569
1485
9620
-8283
7185
-9103
127
-2115
256
-4296
3713
7356
68
-9308
-366
-3476
6119
3379
-8077
5976
-7717
-1906
-8122
7596
1106
4363
-8012
-5802
5832
9874
-3848
-2160
8535
3819
-3343
1938
1385
-2267
-1841
-9027
7982
-3640
-6261
2103
1677
-8588
-6122
2865
29
-9743
-6536
-6104
4348
2743
5354
4413
5174
8744
5572
7392
2895
6458
4499
6384
7728
-8720
3215
-941
4780
-4546
-3409
2520
8024
-2700
-3796
-4224
1691
6909
5040
-2795
-8754
-6020
318
-528
4037
-4650
-8493
-287
-3752
1165
-8268
6381
-4230
184
-4566
-7719
55
-6245
2969
-7335
-5845
3730
4025
-4179
-6544
-5723
6937
8872
-8205
-1062
1280
-5026
-5003
-4537
-6179
-1691
-8486
9911
-8670
-492
1904
9249
6879
-3124
-5895
4893
-9037
-984
-1745
2349
6421
-8954
-4995
-3345
-6805
9598
-5257
8348
-5190
2375
-7751
6963
-238
-4852
8308
-2797
-8095
-9373
6364
-6607
-98
9140
9810
7858
-7266
2259
-1470
-172
-2362
-924
9469
-570
-9867
-5644
2757
5904
5237
1165
8675
2427
-7463
1582
1594
-6033
3127
-7008
379
-1420
-5902
-3164
-7725
8119
2779
8214
6247
159
7141
-8304
4605
3992
9285
-4366
1945
-6219
6971
7982
-442
8659
2139
3344
-3840
-3334
5087
-5705
-4532
-4071
4053
-4080
2970
-4583
-6442
7436
933
5133
-7711
9104
4579
1189
-5331
-3753
4069
7827
8172
-4880
-4052
3072
-6159
8498
3323
-1851
1115
-456
-2559
9783
-7330
667
-6194
2635
-9602
-7410
-8239
-2957
7200
-8807
2087
137
-4589
6636
-1244
-3918
3550
9672
1302
-4286
-6846
9936
-3443
2557
515
-5397
-6306
-9467
504
-6966
6143
-6141
-9418
5951
-4840
-2915
-913
509
-1611
-9149
2453
6121
-6942
-4426
-2014
-5609
-6735
7812
665
8793
-458
-7237
-910
561
-9653
5445
167
-8776
2105
-2486
-9842
266
-2645
-7242
-3049
-3938
-3659
-2114
8263
-4960
-7133
-5641
-1907
2911
5339
7603
196
9826
-9093
-9903
9461
-1112
-960
-4434
-4582
3497
-5711
-6037
7186
-9347
-1914
4636
8815
-5954
-6590
-5705
9413
-1760
-9565
-2320
8145
8830
-5345
5227
-1843
-2374
8121
9583
6159
3629
9891
-8347
-5912
-1981
-2542
-2647
4026
5863
2253
-8857
-2974
-9659
-8582
-642
8713
5622
-1216
-1741
4711
5643
4504
-1890
2849
7578
3633
3956
-8758
4839
6562
-5090
-1446
-5929
-2717
8494
948
2709
-2806
5285
3177
2308
4133
-7838
8158
7815
2290
6981
6385
-7137
-3210
5476
-8168
-7750
-9244
9318
-2539
7460
-9094
6570
-5509
-7740
4290
666
2327
6745
4165
-1447
4722
3654
7263
2526
2076
4674
9533
-8015
4985
-3698
8718
-5132
693
-7424
-9945
-1759
-2554
-5532
9677
9621
-9838
-1440
-3899
-4442
9954
-8086
1708
4165
-2500
-6229
-7318
5130
3374
9819
-1888
3941
-7697
4150
1576
-9709
-2211
-7686
9725
-7328
1473
7749
9212
-7482
7202
3569
5621
-3210
6905
-7600
-3150
-6016
-6097
-7432
-2924
-6763
-8296
-6206
7737
-7854
8308
-8949
-8163
-3625
-7277
5934
-2433
5225
-2496
1876
6520
4810
983
-1503
1461
-1388
3523
-7919
2113
7266
5015
41
-5244
9751
-7725
-9347
5166
-7453
6390
-4206
-1946
-4377
-7948
2124
633
7820
4151
-6387
-9943
-8031
2294
-3805
-5336
-8576
-7860
4487
-4537
-6391
3025
2961
-3213
9625
-6641
2300
-4734
9553
4559
9389
716
-51
3998
9995
-8417
4470
2014
-6859
-6946
5044
-6075
-2696
-6715
4458
4250
-2668
-5604
2636
3578
-7690
912
4388
-7832
-743
8301
5146
32
-3253
-7691
-2718
889
7573
-1323
2699
-1588
4608
1059
3984
8288
-2698
-412
-8718
6061
5028
-1745
-7880
2086
-8041
628
9761
1401
2579
-7427
-3573
-3697
-2827
-873
4591
-6295
5523
-9564
375
6720
3342
-5137
9860
-8084
1886
-5202
8412
1877
9306
-5042
2291
5704
1191
4526
-5410
-8001
1104
-756
9736
7837
-8876
-7524
-8253
-5526
4633
-9845
-6005
8972
-6392
-5542
419
-1416
-3037
6125
6830
8567
2505
6085
-8952
6987
-7070
-3102
6871
-1015
-3791
-1658
-7087
-2558
8353
9058
-114
6594
4844
5985
1161
5390
-2287
-3348
8588
-6124
1204
3414
-2953
9839
9872
-6000
-6732
-4487
-512
9842
1077
1185
-193
-5165
-1346
748
9889
-5961
-7566
-7080
7833
-9494
9466
5037
-71
6166
8273
-3047
1967
5028
9076
-4907
9279
-8934
8230
-993
6398
-8643
21
-6361
2356
6987
-5593
2172
2287
-2650
-5018
7235
-3163
-8085
-306
-8539
7847
-7595
3132
-3140
752
-9738
-6119
-8954
-1746
-2844
-616
-8658
2315
3676
-7090
9169
-9477
-7025
-6487
8984
8423
8402
-2207
-7045
4472
2882
2724
9709
-8562
-624
-4261
6952
8186
-3631
1475
-4942
7473
-8915
1598
-9792
5939
-371
4142
6468
5302
-5405
3898
-7583
7757
-2633
9752
-9130
-7069
3822
5592
-4068
-5972
6632
-2466
-140
9467
4722
-3069
-5273
-3842
8287
-631
-2504
5493
-1199
-4297
-6476
-1950
591
2256
5266
-9927
926
1988
4524
-1634
-7395
-4281
5759
-1152
2824
-3949
-6941
-7207
8172
-5536
1562
7346
-9191
-6743
1784
1235
837
5764
2362
7527
-6612
-1298
4679
9617
2200
-5599
4399
480
1457
1597
1990
-5728
8100
-4875
2721
-7067
-8308
-72
1562
-5392
-7818
9146
8906
3918
-2118
-5856
-4988
6931
-9819
6814
-4481
-9031
7432
4500
7845
-3057
8401
-1734
2712
-2270
-482
-308
-6838
-3856
-3325
-8676
-3962
6276
2488
-4915
5300
-2632
-6986
1552
2324
5805
4976
8235
1003
8861
6204
6754
-3716
5985
-430
-426
2709
-5010
-8206
-6517
8127
-2524
-4117
-5991
-4420
-6496
2858
-9672
-1230
-9346
-5379
-3654
-8760
-6518
5734
-9683
3028
1692
9238
8151
3452
-44
-9077
-2335
-3757
5174
-1609
2546
-7313
3690
-233
7979
9724
3802
-3970
-2236
4729
-762
9621
-5695
-4278
2478
-5779
-4252
53
3221
2815
-9265
-1612
1990
-5486
8001
5860
-4809
-3805
7344
-3596
-6974
3435
-6082
-1525
-2125
-9007
-2702
2321
9900
2500
6299
-1043
2877
4096
-7924
-3569
-6543
-4758
8522
1558
-3088
-8225
-7453
-8887
-985
-5025
2509
6542
-7512
-2713
8355
-6471
633
4579
5330
57
7
3756
4693
3553
4263
885
-9539
1062
-3136
-1244
-2888
-5483
-8611
1644
5696
9196
8740
-8249
7951
9208
-1506
-3991
5403
5996
3759
8258
2977
1328
-2054
2148
3473
7980
-8036
-9712
6763
-3453
890
-9373
357
557
-3386
-9936
6967
-22
5991
2510
8483
-4195
5667
3016
-8648
6306
2076
9965
8616
6798
-4126
8703
-610
-6775
4083
6425
-4890
-8743
-4762
-1910
4406
6533
7744
-153
-9636
9509
-6988
4871
-3394
-1012
2758
1159
1640
7356
5322
-6540
-1735
-1619
6572
-1082
-3967
-5996
381
6289
-5697
7535
-9284
-8106
9979
-4694
5939
-1483
-2170
6364
-2659
-2713
8680
-752
1296
-1002
-1758
8812
8789
-2610
-3032
-5824
716
9276
6339
-5119
6388
-7645
7355
-9997
4202
7912
3473
3403
5229
-8032
-2463
-89
6364
4468
-2542
-2652
-1747
1697
-9653
-1115
-2620
459
4
5517
-1297
-9087
-7196
-2351
4517
-3165
3648
-8644
-5085
6236
5446
-1962
8402
8295
-8219
-700
2280
9429
-9211
6620
4224
3097
7317
-823
-312
7274
8521
5067
-3703
1975
-8937
2662
8861
8502
1410
-7069
9645
-9181
-4537
-1728
5555
-6322
4863
1703
-645
-5659
-4013
-6229
3868
-2643
2551
-1425
-7943
9601
-1482
-4103
-6249
-7994
490
857
-3686
2807
-9223
-1431
-7963
-5445
4254
-1752
-2365
7387
9695
9931
-9678
9375
3878
-8068
-9669
-9902
7985
3728
9282
-2378
-5080
7608
5527
-2508
9587
-8094
-5960
6149
7942
-9158
-584
3162
890
5358
2018
4666
-6674
6589
-7885
9474
2255
-5670
-479
477
-6597
-3840
4007
3272
6063
-2828
-8948
-7428
-6984
7257
6410
5440
-4626
7858
2759
-5640
881
4210
-6253
-3119
5332
5533
-2909
-7065
5549
9447
8451
-3820
-2915
-1545
-6788
-2434
9655
-3125
3207
-3536
-1230
-507
2215
-2919
-5851
6962
5799
-8413
9411
-7494
7782
-2331
-9868
7460
3864
-2054
-9809
-8309
-5021
8176
-9752
7642
-3944
-3030
7573
-6175
-397
-2386
1398
1248
1554
-9660
4275
-5043
7635
5041
8983
-5830
1523
-1635
454
2222
3390
6915
-1459
-3707
7869
-564
4450
5506
-1771
9155
8719
2204
4972
-3990
-7444
2525
5718
-919
3580
7143
4287
-9977
-7045
-2474
5750
-8286
-8214
-6007
-3370
-1808
4335
2958
-9086
-274
-6152
9744
-6478
4890
-1757
7115
4645
-265
-3510
-4646
8472
-416
-1698
-8734
1941
-3676
-5549
-8248
6324
2867
8192
5545
-4372
5186
-7220
5690
4945
923
-6590
-3398
-9913
-1342
8817
5501
6621
3842
-8601
-6504
-4728
6863
373
-6232
5798
-7899
2577
1450
7695
-5470
-934
7894
-3482
9926
-1435
5173
-6368
-8545
-1338
4650
-8006
7559
-3078
9599
7372
7461
1641
-7686
-1430
8222
730
8123
6739
-7887
-6812
9741
-3324
-1456
3029
-1656
8201
-6892
6841
-5204
6195
-1642
6302
-4395
-9944
-6179
9880
2245
-9312
684
3866
2053
2824
7250
9568
5930
198
-2745
9768
7711
-5565
6839
-148
3742
-5534
5583
6831
3001
4936
3426
5534
-7476
5737
5568
-1387
4824
1424
-8152
-944
-7942
-9972
5955
-9598
275
3398
-5960
8235
1428
-860
-471
2719
4995
5291
-5277
8586
9353
-622
-6794
1216
2633
7788
7056
-8634
5085
2942
6995
103
-5607
-538
6510
8729
4331
7289
4511
379
-9875
-404
-3339
4414
-8079
-4955
-9719
-3965
-8904
-737
-8797
-4776
-9515
-8583
-8680
-2005
-4524
9712
-384
3799
-8871
-9426
2130
8930
-4877
8204
7519
3355
2644
9102
4279
-7150
-2147
-236
3992
8950
-6136
5103
-3498
9772
-5267
-1489
5520
-1881
756
-1815
-9452
1227
-5304
-3895
-3233
3921
-30
1305
3763
8170
3711
6810
-6403
-3170
-771
-638
3767
-5561
6139
7784
-240
-2201
8340
4973
-1427
-5292
7020
8432
7079
-2141
7459
8208
1991
-7250
-2590
-3406
1765
8811
-2512
5417
-9449
5197
2582
-2995
4577
-9570
-3783
3852
-8365
-2354
3244
2340
-7488
1980
-8569
-1754
-4159
4060
6912
2784
2106
-7935
8632
6746
6397
7406
5816
3362
90
-9389
-7908
8045
-2173
211
-317
2940
9384
4310
6940
-9277
9147
4235
-4269
6007
-2078
-3988
2977
1126
-310
-2
2710
-7629
-2216
-5348
7174
5596
5039
3120
9561
-5579
-4375
-4377
-2844
-6134
3531
-4488
-5548
142
6335
-9320
-1219
-367
-4164
-9255
9025
4606
-1657
-4761
3638
4729
-5874
1933
4904
1951
-497
234
1640
-2711
-102
-7537
9384
-5736
9460
9482
8878
-1013
9401
-1133
-672
5703
-3839
-9019
-1324
-345
-2246
-682
-8399
1087
-8035
-7105
4688
138
6153
-562
-6910
-7165
-2492
6781
513
-8919
3637
-5647
-149
-3031
-7966
-9092
4887
-4617
-8115
8333
8305
-1111
447
-5130
6209
1545
9303
-3384
-8940
1434
-2546
8035
968
-3328
-182
-7989
7779
-6154
9688
-8576
8970
3524
-109
6911
6857
2337
-1907
-462
-1960
-8207
1138
-5105
-231
-3525
4579
-3995
-2088
-7263
-7117
-2700
-9937
-3076
-3912
9217
9166
3649
7645
-9714
-7399
4797
-5504
2168
-8148
2397
1447
-392
7980
-8863
6801
403
794
3590
6235
9553
8867
-3555
-6770
-6387
-7964
6097
4649
5823
-2997
-5794
8601
9906
1462
1296
8310
-9132
4200
-6007
3771
-3134
6912
8576
4590
2379
1282
5314
-8284
-4475
1587
-6840
3152
-9618
-1211
-5548
4400
9827
-3634
8796
1833
-5670
-4127
5126
-3691
-2387
1665
7278
-3942
-4541
5362
6262
9727
-4641
6127
5360
1541
6516
2159
-1543
-1215
-8671
-6423
4519
-1783
6326
5298
-372
8931
3396
217
-7607
-5875
7266
-8316
-8283
-2232
-9910
-3862
-5890
2734
8638
-9516
-4638
3495
8515
-5417
-1903
1911
-6425
-4461
-6715
-1297
3611
4175
2397
2849
-9548
9158
-695
5647
5054
-3164
8118
53
6615
6612
2548
1101
-7137
-3557
9682
-6228
-526
1952
4342
-6075
8801
-2441
-1311
-7969
-838
3827
3963
9178
-1229
7890
-6674
1070
6245
2269
-8772
5886
1448
7781
3603
-5017
2081
5703
-6193
-1373
3075
-1314
-6935
8739
214
-2325
6748
-7829
7829
-4656
-1241
-2193
1221
3516
7546
7070
3965
-4684
-7701
-837
1223
-9510
6727
-1778
232
-7245
1871
2583
8264
-9996
-1878
1175
-6515
8901
-1623
-9280
5617
-4855
-7926
9466
4779
3586
6991
-7316
-1900
-2731
-2507
-7857
-6452
-8135
-6197
4389
-384
-7623
9335
3483
4878
-3117
4609
2038
-2376
-6201
2569
-1049
3979
-7929
5892
5984
2063
-1039
-7678
-5528
6745
-1589
7097
8877
-2692
7455
6831
-6706
9705
-3177
1974
-2486
6478
-4158
9309
-8924
-1993
-8368
9230
8935
3117
-407
-9938
1816
-150
999
-5025
-3030
-4288
-4851
-1070
-380
-2299
1124
-1434
268
-4027
-3777
-6108
5179
7814
3488
-5156
7581
7357
-8938
-5078
6026
-1131
2890
3217
-6393
2056
-7661
5276
4934
819
5344
4917
-64
946
-447
-2467
-6691
7556
-6520
-1805
285
4579
-3728
-681
7847
7128
1388
-9901
9495
-6724
-8007
-1074
7451
7109
-1515
-967
8896
-7504
-4056
2898
5360
8321
8966
-2043
4125
1602
-2374
2064
-6425
4739
-8244
-5039
3173
-1391
3602
5315
-1395
-7952
-226
-618
-3591
-7385
89
-513
7836
4821
4535
-3141
8590
891
1301
6055
6913
-9472
9286
-5928
4070
6243
8272
4920
-4326
3242
-9666
-8590
1180
-2502
-4796
-1348
-6240
-8727
-9279
691
1449
7005
5542
-680
3527
-6554
-717
-8507
4085
5647
-3807
5340
135
6016
4284
-4120
-7495
7273
4080
-2491
-3900
-3197
6328
8626
-9603
2074
7130
-1354
-637
-2729
-1138
-3700
-4037
-6355
-7812
-712
-4817
1799
2821
-8287
1751
-8574
-8267
-9595
2650
7555
-6137
9661
-157
4019
-1739
6664
5910
-1535
-7715
-632
4334
8020
-4688
6297
7297
7251
1607
7140
7386
67
7389
-1879
-680
-9567
5619
2999
-9519
3726
-5733
9321
-2028
6995
-7370
1053
7907
-9730
-9403
-6290
-9354
551
1514
-2501
-1917
2129
-4137
5191
-2489
-5297
-2088
-8642
767
9884
-8262
-371
6011
3208
-6410
-1809
-3178
8786
6198
2585
-1145
8486
9491
-4736
-1101
1082
-4136
6217
4957
8973
-392
-130
2087
-2695
-5567
7260
-7661
-9769
4483
-4694
7358
-414
6875
-2576
-1361
-7716
8042
4372
-5173
3940
-5679
-3431
-6044
7856
4138
-53
-1536
178
7124
8821
-1152
-5521
1254
5517
2825
-9644
5814
6592
3542
-158
-8577
1862
7425
-7380
-3581
-2868
5170
9552
-4422
5178
-5910
-3258
5790
2784
6298
-5555
-6721
-6722
-1864
9049
1376
8044
-2573
4973
7018
-7358
-7907
-2157
-4292
9303
6763
1732
-1937
-510
3992
-8374
-6595
-3890
8508
-8954
8544
-400
-7545
-8567
5829
1862
-7870
-2092
-2561
-4809
7523
-6660
1929
-5922
1035
6733
879
4139
6949
-8803
1327
3189
8961
-7227
-2303
1022
1015
-6108
8456
9331
-2309
-4755
-2996
-7239
-292
-5833
7354
-8081
8474
-5976
-5539
7195
1156
8408
8558
1624
9024
-5888
-3076
9735
7960
-162
-8980
-9889
8391
1035
2480
-2521
-4055
-4163
-4972
-9219
7109
-1693
2986
-5766
1216
-4032
-1264
3465
5437
4155
-9232
4551
-9538
-8123
973
-2980
-5684
6780
162
-1503
-2385
-3951
-4382
-9540
-4043
5895
-7730
4091
3456
-5247
-6685
7696
5278
-226
1854
-3275
-5534
6531
7381
-5556
-6062
-4957
561
2803
-2998
2576
6532
514
-5298
9067
-6770
882
-2663
-2655
5566
-7938
-2246
-2081
5666
8496
-14
-1942
2819
3305
5762
-8853
9092
1121
413
4963
-6526
817
-484
3524
5928
3110
7344
8476
441
3983
8282
6287
9881
6484
-2267
-3652
-9788
-6193
5786
9092
-8643
8403
-3154
9958
7738
1772
-1316
8919
-862
4071
-1271
5606
5104
545
-7038
9758
9866
-4328
8285
-1971
8462
1405
4665
-6923
5591
-9690
8257
1838
-4370
2890
-5510
9841
-8653
-5103
1602
3884
9901
-1289
8240
-1936
3011
-2149
574
8258
2181
-9279
117
-8758
6173
7984
8357
654
2115
-594
-78
7970
-8380
2750
-6328
4757
-17
8747
4445
-7346
-4714
-9727
-6559
-5443
3318
300
8618
9396
6592
4977
9133
-7615
-9063
-5703
-532
-3758
1562
-5747
-6346
8063
-6386
3191
4240
995
2877
-9375
-8360
226
-6658
3770
-4405
3919
-2768
-6973
-7375
-4238
-1502
7781
5052
-5083
5880
-8628
-9906
-7146
-1380
6062
0
1567
-1799
-9397
9211
-683
-9931
1202
1945
-703
-8131
-7834
2464
-6462
-1767
6915
5101
2852
-8067
-1322
9726
1009
3927
6023
-7898
-9890
-8889
-4967
-4298
-5475
3663
-62
-8384
511
-347
3298
-6509
-7446
7780
6027
6547
-6004
-4376
-6548
5534
4712
-1202
8246
-5756
-2613
71
5761
6282
3384
4982
-5918
-5006
9134
389
3496
953
5251
6425
9287
-7795
-870
-9509
-9365
7319
1738
6543
9994
-5948
-3575
2299
2188
-8294
4374
-2527
-3590
-9215
3528
9835
-3005
-9884
4131
5426
4740
3950
2369
7426
5704
7062
-4530
5740
-8099
6711
7817
-4070
-4539
9664
5896
2118
-393
-1083
3924
4808
-272
-2848
630
847
-1698
8556
6978
-9910
-9211
-9218
-1906
6342
-6429
-6771
5699
-7339
1908
-2154
651
-5326
-7052
962
-6859
-7440
755
-2436
-8211
-9890
-6011
-6905
-9957
1302
8254
2727
-4570
7136
-3901
-6200
-7081
6727
-209
6991
-4511
5596
-4374
-7209
-6595
8275
603
-4400
-6611
1122
8795
-7466
1776
-297
7414
9820
-2433
7440
6160
-5875
8039
-4431
1128
-5440
5818
-9068
6272
5525
-4888
5494
-214
-598
4643
6787
6695
-442
-1210
-2209
-303
9407
9944
-8369
6487
-2089
-5060
1727
6351
-8220
9769
-9751
2215
3945
1563
-9374
-9518
7520
-7662
4347
4280
-4975
-5069
7588
-3050
5302
8146
-705
-4031
5317
-4191
462
3892
1524
-4097
-1191
-4698
-6
-855
2869
9309
5678
-3386
-6909
-1646
9047
7008
-5599
277
2076
4678
-6537
-9951
-4674
-5101
-447
5873
9907
4762
-9286
-9815
-9096
993
1715
-5464
-7632
2308
-4675
-2823
-8565
397
3059
7911
3799
5416
-4314
-4549
2077
2511
1131
9579
-8842
2859
-3392
1524
-5535
-6963
9962
5387
4930
1386
-2066
3065
4683
2698
2533
9674
3451
-3982
9448
-986
-2647
-9952
-8469
-6125
-2181
-6454
-5377
2683
383
8926
9325
-8519
6720
2241
7684
-5611
-870
1318
5373
-6568
3275
7814
-5138
-3664
-365
3325
-374
-3581
2334
-3567
8763
8452
2527
1255
3252
-5238
5328
-7562
6734
999
-3749
3389
8127
1207
8837
2030
539
1855
507
-4209
6657
-3883
3407
-4999
-2604
-141
-2046
9644
-9117
-994
6565
1933
8072
-4532
4234
-4453
3182
-1328
2086
4768
5944
-1678
-2885
-5386
1847
5361
-88
-8228
7260
-88
-7394
6245
4422
-5013
5027
-5799
533
9959
7987
3495
-7068
9316
-1162
248
-7114
1991
2416
3541
1802
5234
7555
-6076
-1699
660
-410
5314
-5422
-5408
7187
3764
5661
-9987
-6716
4292
-2302
-7071
-7246
8231
-3414
-2295
-6038
-6599
7487
-8893
-173
-6356
-4486
2960
5698
-4302
9058
5023
-7523
-956
6525
6677
-4340
5545
1188
8076
1216
1114
-6898
3237
7505
-5661
1847
5325
-9257
-1226
-3113
3322
3377
7874
1602
-4860
-5477
-3650
-4732
-7341
4544
4747
-2451
-967
5382
2356
1990
2792
-4075
3996
8142
-488
2673
-7435
-8793
8184
-6749
-4798
9915
4415
3509
-2873
-325
3997
8746
-3246
4125
1481
-8078
-2456
7917
3715
1620
8055
-674
-3009
-1557
-1201
6408
426
8881
184
-3717
765
-9022
-2188
1675
-6998
6006
-2475
8569
-2079
-1382
1179
-8535
339
7186
7968
-1271
-9001
-1909
3901
-1709
2752
4654
-8012
9753
735
5427
-3391
5044
-5892
8884
3800
-8042
-1111
-4739
7266
-6698
-5325
-513
7476
7464
-5370
-1362
7317
-466
6215
7275
1435
-1279
2990
131
-6299
-5959
3119
1796
6950
-1696
-5845
9751
9308
2820
-9431
8549
-5768
715
-3421
-3865
9619
6679
4454
801
790
-8743
-9377
9711
-1378
7037
8624
863
-4490
-7423
6186
3926
-4023
-9782
9887
9484
6187
-5630
7123
7589
5817
-9518
-6745
2670
-1810
-68
7366
5052
6386
9426
5967
6801
-2300
4427
-8449
3643
-625
8821
5477
-5310
-9251
-3534
-2843
3801
-8880
1135
-5440
2797
-8965
1445
-7909
-1729
766
-7488
3028
4856
-8514
-4935
-993
-9113
2515
3566
-8900
4460
-9968
-6312
-9909
7000
-242
-9996
5884
8220
1415
-2015
-5577
3388
-3994
-8901
2882
-8327
5892
5938
-6069
-6608
9988
-1850
-9498
-8516
1891
8921
-3824
-9069
897
6880
-9403
-4852
-1532
8357
-283
-8421
6587
-4801
-2933
-4679
-5076
4364
4712
-5735
178
-7464
1947
-9531
-2881
1455
-6466
-2739
6806
-3201
-2437
346
8448
-7167
2445
-2700
-4987
-7127
-2897
5785
8689
-1579
4012
2022
-2948
6492
-8978
6991
44
-4184
123
2116
-4812
-3791
7408
4598
1587
-7032
5929
3630
-4032
-2821
4714
-6317
8748
5618
8608
-7594
3936
5379
-8731
-5917
3787
1445
-4682
563
7787
8797
-3417
-6914
-1650
-2706
-5585
3320
-3222
7015
-9981
-6807
-2348
2039
-727
5213
-8469
-375
-9830
160
-3474
-2795
9821
-8692
213
1847
-7343
-1365
-9015
-7763
-8737
1126
-5499
-9871
2981
397
-3071
-6803
5616
3454
-2555
-510
-9736
-7391
9625
-2322
6534
7765
7916
4119
-8439
4351
1994
4056
2450
8344
9736
-4215
-9914
-4818
8090
-7079
-1703
3289
9661
-8750
-4511
4816
134
-9512
-4825
6244
8155
-6477
-2008
897
9942
8848
909
332
666
3610
-7391
-3598
-3428
-8367
-7307
8849
-4498
-8469
529
-7145
452
7564
6908
-9798
-8783
4308
247
8710
-8640
-3046
-9755
3829
-2444
3017
5799
-3047
-2322
-8842
8256
7655
-7511
-4902
-1261
-830
-209
-7571
7753
7512
7691
2223
-838
1512
7945
6411
-6705
9743
-4563
-6710
5607
4017
-4171
-4318
-3232
8063
6294
-3719
4691
1099
1231
-9437
-7303
9589
6241
-8259
6381
5680
-4149
8153
291
-4186
-1337
-556
-7207
9986
4014
-9725
6187
4228
2637
-1368
9472
-811
-4410
2952
-1209
-4314
2908
9732
-252
6710
2015
3809
-1069
-3032
8649
8357
7377
-5471
5003
-5506
-7659
-1326
-6413
-4337
382
-2654
5391
-4916
9416
-4549
5829
5397
6968
-4539
-3952
1805
2111
-7760
-4194
-4351
-7946
-1298
8839
-9825
9334
-6347
-32
-6987
6197
-8708
1535
-706
-4431
-6536
-5479
-1056
7646
-9227
6284
-5594
-8136
-2867
-9907
6569
-4752
5755
1620
-9984
8681
2191
-9644
96
5537
3898
5127
1184
3613
-6284
-1191
8266
-3651
-1056
5080
-9769
-5106
-7617
7803
-8156
-7475
-3158
-5070
-8957
2998
5378
1833
-4768
-8792
2361
-277
-8361
-2326
-1307
-7710
8289
-4005
-1530
-6504
1060
-4623
-7407
-2935
-6335
-3437
-3832
5610
-5429
4712
-115
6989
8861
6701
8249
-3478
-5688
7278
-7994
515
-5945
4652
-4336
9144
7595
9965
-2516
9680
1138
946
2057
6229
8241
-2256
-4016
3084
-5568
-8681
4992
-298
-1398
-1892
-7375
1105
506
-162
-7762
-8286
-2346
-3101
4508
-57
8575
-275
-980
8613
-8644
3371
3231
6057
6315
6483
-9545
-3142
-5777
8049
4569
5968
-3279
-963
2610
-4584
9136
-4511
-3082
-5309
-5369
-2871
6034
5504
6255
-160
7276
5516
2609
1265
-644
-7562
5787
-1017
-9675
5437
-4037
-1679
-2129
2100
2121
-154
-8610
4430
-4921
1856
876
5735
7120
7740
6316
-6975
-4001
-4663
2586
-7069
2905
-6936
-386
1149
-932
-8672
2972
-3166
-2142
-2425
8173
5879
6643
-9436
2368
6914
-4768
-813
6191
4329
1797
6959
-8570
8915
-2610
-4660
9099
-3321
-1053
7364
8734
29
-5835
-4418
-5333
1167
-3315
9274
3632
-3217
-7678
5009
8955
-8793
-680
-7912
111
5794
-6402
6319
-9794
-1542
-1263
2425
-59
-5746
5919
-9355
-6443
1538
3609
-4439
6701
-8238
-9032
2328
9192
-2986
-2873
-8360
1557
-935
9739
3422
2452
-5305
-1477
6425
-7860
-9282
-3535
-9500
8756
1464
-9431
-4000
-8774
5374
-7174
-2507
8901
-1413
-2015
3158
1228
6540
-1823
7836
-5296
2982
5018
-5016
8677
-2281
6060
-1399
-8099
5144
229
3859
8623
698
-7655
-4676
-6195
1011
6377
-8553
-3204
-8033
5594
9493
7610
-457
-3210
-9251
3685
7462
-6264
6786
6403
-4738
-8916
9902
2159
5776
-279
6106
-5628
8013
3576
9578
-6285
-9074
8862
5141
8432
-3124
-3844
-8111
-5378
-1107
1246
980
-1850
-1534
-6554
-4066
-8685
403
-7035
7411
374
9800
-1440
5544
-9142
-4813
-9963
-4986
-8872
-7469
5683
-6829
8462
4598
2013
3128
6913
3768
5451
-6389
1853
7699
9323
6021
9082
-2988
2161
4226
3190
-3323
3832
-6560
-8349
-929
-3628
-9107
-3971
2471
-7120
5100
2063
7296
2818
8654
1869
6550
-5369
-2278
-2636
1433
9392
-7828
-7199
-7694
6904
7649
7504
1266
-1726
3793
-8128
-6931
6263
-8413
5416
7848
-9633
7689
-7938
8828
-1220
-4979
8626
-388
-438
6295
-174
3741
-1729
2617
-3073
9142
3644
9124
-9987
-1320
-2227
-975
1098
6049
-1859
-8918
2501
-1379
1235
5707
-3786
-5500
-8184
-6094
-1514
-779
4707
8964
2484
120
-2760
-105
-4364
7456
2080
-8021
-1594
8946
3675
-3263
-1274
5216
-6451
3785
7177
7877
-9910
-5006
-9998
-5444
2848
3452
-8469
4797
6537
7123
-9089
-4351
1025
4056
1855
-4230
-4851
-2953
5607
6893
1738
6190
-9393
-8930
2645
6056
5589
-997
-7929
9631
6436
-8278
-2303
6370
-8104
-8226
-4790
-5153
-5447
5872
6931
-4353
6205
9512
-5128
-9259
5548
-1190
7201
6136
-610
-7098
8986
-1116
-9907
2713
4111
-5168
4422
-6316
-8973
-3431
-5500
-2392
-5365
8390
-9713
-3330
5230
1534
2346
-3832
-5546
7422
9293
-7489
6501
7427
-1766
-9089
2805
-7784
-9482
9409
-6223
8058
5746
-1452
-7237
1654
-2206
8428
-5120
-9561
-1973
-4099
-8655
-2175
7240
-5561
-4207
-1753
-1613
7009
-3952
-9811
-7912
-584
4677
-9610
-9401
7008
6744
3770
-6096
4394
3602
-1006
-8110
8343
-4491
3992
4809
259
-6904
2454
1986
3649
796
-1715
-9232
-110
-3523
7128
6187
-7711
3071
-9128
9483
-4486
7255
-1898
1835
-8895
-8265
-1119
-950
-7289
5176
2659
8721
-5621
-1859
-4616
513
-8965
-4119
-9696
247
7782
-7804
3543
-9477
4244
9140
-7356
-7673
-5478
-9626
9891
6525
3085
-418
4769
3240
-9943
5361
3913
-6527
5942
7536
-6891
-4239
4064
1543
8949
-3509
7000
-2590
7617
-2590
-2364
-3918
-8894
8619
-1498
6068
-9231
7018
2828
-5100
-8811
6393
5788
1949
-4931
7374
-5467
1849
-1701
-5157
-1245
-959
3722
-3189
4997
-7169
-6936
-9875
5677
3438
9393
-1023
7506
-4929
8360
8265
-8362
5759
-7867
7684
3513
7190
-2575
3512
-7335
