-7116
-2232
9067
-792
7804
4588
5994
419
5763
9025
-3261
7318
6765
321
7265
4806
-3432
-7921
-7927
-6789
4682
4536
1385
5875
9314
-763
-4781
-8091
5727
6596
945
6537
2391
-872
7306
7278
2253
3996
6438
848
-4388
7609
-5348
-1839
-7882
7243
6774
-7216
-6201
472
-8622
-1256
-5115
3602
6926
1284
3603
4480
-3709
3752
-5136
7695
-3535
-4637
-6200
-1111
-1599
-1604
24
-9462
-1796
-7947
6070
-1549
5368
9911
-58
2504
9437
9700
5033
-1492
-44
-6185
1310
8302
6118
-4136
-1997
-9287
9245
671
-1235
4330
-9066
4530
4326
1645
-5645
9757
-2428
-6560
-8277
-458
9678
-3693
4851
7367
-7269
9380
-7084
-165
7246
2629
4761
1718
-8636
-8419
6435
-1683
9867
6724
-4958
7331
4391
4296
-3687
8820
930
3940
3235
-4660
5816
7793
-9241
660
-2529
6920
-8791
-2243
-2726
9476
6831
-5709
-3814
-3602
4205
-8748
417
9248
-5806
4308
-979
5221
717
-4791
6178
3858
-6200
5457
-2833
5959
-3926
-6923
5538
2878
9932
6679
-8403
-986
-9446
8655
954
6133
3945
-8059
5508
-2169
-601
-5917
-8140
-8121
-3601
4085
-1758
3197
-2740
6816
7717
-7411
-7173
9430
-1915
-8377
1217
-8097
2394
1525
4719
-7303
8062
1869
-2632
3175
2373
335
7199
-1511
1537
-6603
1390
9122
4159
3450
4120
5846
-8059
4651
6146
-2503
495
-9633
552
-6954
2
3306
3220
-6426
1594
-8727
6827
-9301
-2269
3618
6531
3706
375
-9121
-6740
-3373
694
659
6149
-3516
-6901
6253
2574
-746
-4428
-7265
1
-1409
-9706
150
-7773
2163
6260
-5511
-5834
5096
-4207
-2536
-577
-7231
7301
-2693
-2981
864
-907
6492
4445
-6899
-4992
1046
6018
-8008
8569
4187
-3576
2327
5880
2992
-4866
-1177
71
-688
4370
6293
7091
6138
-8421
2992
-1121
-4352
-6121
-5757
2970
-4816
1280
-1851
4550
-6817
6784
-6732
5816
-7398
5625
2269
-5349
-8089
2127
5081
-2156
-1157
2849
-7661
-4175
-4736
-9092
-9378
-8519
8925
1979
-7944
-9498
1701
6679
-4466
3143
-4313
-4481
6834
1101
-743
-184
6844
2557
-4742
7506
-6228
-116
-999
7100
-5516
-4497
-4051
151
-7559
-3296
-9701
5506
4437
1090
8932
-9815
-2483
1726
-3524
-8273
-5180
-8753
5963
-8196
-7818
-6651
3602
-8886
-972
3760
-8472
9030
-2081
7635
-9701
-7226
-5721
-4912
-5025
-2117
3532
732
-1569
6118
-4161
7258
3757
-718
2092
6874
7955
-1968
-1768
3321
-9340
1890
-29
-3163
6321
5309
-5561
-764
1820
1828
8786
-2270
8752
9585
-9427
-7939
9089
-784
-1837
-7634
2061
-8977
107
1281
-7255
4637
5958
-4652
-2607
-8602
2467
975
-5663
2683
5788
557
-8830
-2911
5201
-3845
-5823
3708
-9071
-8188
-7017
-588
577
4921
6005
-4927
-2452
-1336
8291
6789
-4384
-1616
-5763
849
223
-1860
7354
-6030
4691
6962
7136
-1645
-886
-1287
5968
1550
567
859
1796
3085
-8931
2064
6699
9463
4385
768
-5884
-2613
-1702
-6181
4926
-8528
-3843
5804
-6819
-8637
-3737
-1348
9617
8853
-2346
-671
8801
2601
3463
-7423
5894
-5344
8861
8385
6303
5905
-9634
-8285
-4880
-4244
904
-3226
-7282
6247
-7388
6859
-8842
3550
6770
-7870
381
-463
6310
3468
2142
-658
5646
1149
-2877
-3423
5386
227
-993
3036
6746
-5367
8629
-5063
-2220
-6656
-7545
256
1089
-4645
7794
-120
6410
4228
6286
-8198
-2069
-8213
-2551
-7641
-9464
-30
3287
8754
-3430
5115
-5608
9834
-6125
2238
-1285
-852
-5791
9255
747
2335
-4504
-2605
6120
-1102
5362
6246
7152
460
4901
-3651
2529
-4919
-958
5998
1792
-8511
-9684
756
9806
1410
-7969
-7484
6612
1703
-9128
1851
333
7862
409
4651
-9791
2795
580
-9890
-6506
2148
4676
-4891
2818
-7980
846
-5823
-4029
-3875
1152
-4047
-7651
9113
-4170
-2239
-2128
7587
-2287
4380
-722
1847
700
393
-3654
3844
8294
-4449
-3027
1742
2819
5799
-608
6511
-4079
-2345
8082
2924
-9214
101
3085
-7051
-3559
-6236
-1981
6362
-9090
9392
2145
9177
9975
8655
2333
-7329
-1382
1708
9620
-9646
3362
-3478
5323
4125
6372
-8862
374
3543
8781
-7049
-2658
-2622
-9584
-335
-4999
-4869
-1464
7384
2658
-3720
331
9409
-3491
-5741
-7501
-7904
2250
-3256
9821
-4236
2876
40
1191
4645
9119
-6462
6176
-9049
-4322
9820
-2714
8387
5777
-1533
-6270
-3199
-7732
-5297
2224
-5648
-9804
9370
-6753
-8215
4330
-1741
-9028
-4989
-7031
9076
-9156
-5590
240
-9094
6961
7579
-6900
-1270
6451
481
6579
2628
9600
3449
1785
-3797
-951
-9018
4063
-5463
-1451
-7411
4509
6892
-5937
-9426
2633
6281
3729
1050
-833
-7382
-5888
-9641
9114
8026
5891
9769
-6164
-3984
2704
-6630
8409
-5945
-6517
6306
8238
-8281
7797
5101
6245
5766
-9705
-4682
-47
-8432
2441
5800
-3967
5339
5600
-1026
9760
5206
-1260
6093
-8394
5565
-6181
-213
-6894
2384
-6230
8029
2251
8935
-9956
-9768
6497
6133
1092
1569
3168
-6486
1686
4981
-5602
-384
-8550
3193
-1774
6507
-5773
-1670
-8706
7819
5133
-2568
1877
-819
4449
5554
-1529
8516
-1116
2473
-8248
-6928
4395
9663
-4826
-824
-5369
9687
13
-6893
7917
3737
2487
1554
-7527
7017
-158
6226
-7333
2071
701
-5034
2365
9181
-4168
-8629
3674
-8729
7435
-3118
-3742
-7727
3284
-4907
3355
1593
-3986
-704
8028
-2693
-410
6866
8940
9178
2863
3841
-9368
1190
-9165
9521
2633
6666
-8760
9997
-1683
-5624
-9089
-7434
-3632
-105
1874
2543
-4781
-6729
2513
3499
-2972
211
5329
-4043
-4470
-9128
-1100
995
-2000
9723
960
5410
-9051
9597
-2566
2239
-3104
-763
224
-493
7066
746
-587
9632
3835
1128
-9476
8184
3703
-5297
-3395
7455
-8055
983
1396
-6589
5721
-8667
9090
-5201
-240
3879
6801
-6361
7288
-39
8145
5783
-1576
-8554
3608
2740
-1618
-4629
-6143
-4440
8976
461
-2209
8394
5778
2330
2231
-6642
654
-4458
-9015
-1607
8557
-447
-1312
5838
4383
2627
-2419
6908
3780
693
-476
4354
-7085
-3636
7948
-7692
-3947
-3174
2681
3257
-6862
2627
1852
-2916
-1575
2521
-3192
9525
-1123
-3034
-4890
2436
-8135
-3899
6782
-1315
6931
4318
578
-8051
-2967
-9064
6209
4679
2195
2027
-4645
9832
7040
-5175
4972
7525
-8856
9155
-4961
9801
8965
1552
9853
-9155
1688
-228
3704
7534
-3119
-2079
1256
-6197
8846
2068
5997
-4751
-2278
-3442
1856
-8255
2807
7682
-1809
8479
-9642
1905
-6549
-9090
2819
2219
-346
-4836
7626
-3808
9229
1657
2504
-2439
-8708
-8025
3302
-7494
-4392
-7825
8743
3645
-9066
1600
-2885
6856
-4068
6081
-474
-514
-1109
-1579
131
-9191
3107
-3061
8543
782
-9035
3464
-6039
-2576
8307
7214
227
3223
-4824
7753
-9742
-438
-9403
5420
4580
3868
-2071
1000
2958
3528
2423
-5894
7221
6909
0
-2009
2896
-1998
8419
-3177
5699
-9238
6749
-5213
996
-2755
-3078
3552
9075
-51
4234
-5827
-7381
9815
5221
-1701
7847
-9492
-7911
3832
3410
-7833
-4709
-1909
-2850
2747
9148
6371
-7215
-1505
-2739
9662
-4268
8555
8873
612
-9598
-6055
69
-1932
4393
-3587
-4478
-1670
174
-6476
1151
6990
-255
6609
-1323
2635
6155
5745
-4704
7051
-4762
-8912
5618
6298
8630
4689
-3713
9591
7486
-9919
-7924
625
-3757
8708
381
5630
8716
-9446
-9053
-2570
-8720
9044
-4031
-5828
2924
534
-2599
-7274
-4856
8804
-2462
-7696
271
-9319
-877
-2244
-2825
-6404
9784
9750
7283
874
-3523
-8566
7202
-1669
6219
927
-336
-2469
-503
3727
382
2248
7888
-6085
8076
-8200
-3806
-3119
8181
559
-7096
901
-1413
1427
-4564
-9791
2003
3959
6105
-1994
2220
3965
-4867
4527
4976
-3325
-9923
595
-4366
-3486
-6020
-802
1921
-7748
-6101
-572
3222
-3051
7511
1715
-5549
-5532
2060
-4148
-2266
-9253
3447
-8443
-3761
4201
2944
-1115
-7929
-7883
-5697
2300
-5440
-4696
5506
9880
-6302
-8584
5535
4966
-4618
7470
-6053
-1148
-7852
-2434
8000
-3959
-5390
669
2934
7572
8763
-8898
5769
-2926
-2471
3092
6590
-5197
-55
-1104
1772
8805
-4778
7142
-2685
4995
8090
878
2317
449
1903
-9436
-6295
5337
2623
7491
-4995
5772
5888
-9295
-7703
-8707
-1003
6557
8100
-6987
-3154
7793
-2768
-8481
-9691
-8035
835
-6008
-3991
2568
-3412
-4100
-6690
4776
6069
4591
-9482
6090
6200
5439
-1051
5554
-9881
6272
-8242
-7572
-9546
9712
8072
-9040
-4673
-9691
7856
1240
2541
-6725
1324
7654
-5090
5348
-8408
6130
-913
790
-5139
2744
-8520
-384
-7962
-5129
-8123
-134
-3701
-5033
-4421
8451
2409
-3450
-2116
7115
5352
6790
-9237
4225
4529
-9227
720
5065
3266
-4655
-6166
-4660
9681
-1437
-1213
-84
6118
-4580
1524
-1530
-7981
2839
-2059
8605
-4872
-2815
1979
-2344
-5363
-8126
-7323
4047
4336
-9398
9402
9190
-8404
-9985
6773
8377
602
3087
2594
-7601
-294
8260
-7178
6908
8013
9175
-7657
9984
-7833
-9916
2802
7139
-1790
4149
-1244
-707
-1844
9995
5619
-4976
4946
3625
3480
2406
-5868
-6261
-8234
4140
-622
-2500
9773
5570
-555
2735
5040
7082
3483
8785
-3306
6001
3596
-9804
-9601
8242
6297
5047
2445
-7191
-7609
1109
-8778
2947
344
3915
9837
7205
846
9901
6608
-7792
-767
-6587
2443
2136
-8109
-68
3438
810
523
5797
4273
693
1757
-9520
-8320
2254
9041
-7168
6073
-7012
-5187
6129
-5182
9316
-4248
-5413
-8732
-1237
-3671
8926
5783
599
-9064
4326
9654
9957
-9931
9740
4945
-8660
-6027
-1998
3865
1069
4341
-2985
-6097
1454
-6163
-5216
-4107
-128
-2129
-3783
-7606
5987
-746
-9487
-6670
-7759
2466
7116
2934
-8
-7066
3620
-2239
-208
-6834
3213
104
55
-1855
338
3494
7590
6538
-6858
8499
6676
-8489
6833
-3726
6912
-1758
-819
-3495
149
-6610
-1740
-3241
-9446
-7019
-6088
1936
2517
5293
7445
-2784
-4504
468
-4134
3960
-4258
3395
9203
-5766
4212
6828
-8859
9183
-6418
3217
4989
3539
6325
6424
-8460
7753
1510
6111
-2532
470
-4677
5159
9877
-9269
9027
-1171
-2488
8096
9323
-2821
1041
5096
3859
-631
9181
-85
-943
9610
-8606
-2055
8453
8110
2873
2297
6592
3258
1360
-8022
-2037
8335
9994
4662
6346
1636
2014
2426
-2713
-9471
291
-4177
-2927
-8225
-2569
7162
-759
-1703
2327
-744
-8883
-327
-941
-5924
-3944
-8183
-1291
-120
-8373
2416
9058
2471
-8188
6993
5550
-745
3150
9496
5110
824
9376
5249
896
-3696
-4794
-7854
-5151
-2911
-4659
-8975
3935
-7519
7779
-3096
1761
1664
4051
4892
8556
-2215
-440
-7840
-9936
71
5653
-2742
1929
-9121
-3396
-3955
-2931
9209
312
9283
-8984
-5954
7532
-6726
-3229
-733
-4045
-7595
-6802
8770
-6072
830
-6349
-1870
9044
-7824
2877
5097
-7846
503
7670
3387
-6587
-7992
-3686
-5004
1295
-8783
4983
-3565
-7670
6017
-2517
9359
1309
3210
-1953
3686
9674
-6567
-7995
7032
-3444
7872
202
-3020
9913
-8888
-7257
-5310
2605
-4166
-187
-3853
-9347
4227
-220
275
5765
-5174
3588
-9525
2311
-3997
3886
-6396
-778
-1022
-2391
1028
564
2308
8122
-7113
-5868
-5115
-2364
128
-2484
9002
6883
648
6861
-3627
1121
9561
-728
-1815
1291
7819
1723
-3128
3469
3276
-4174
-8811
3548
1098
-4494
-3728
9231
-2254
2473
4717
3100
-6690
-3161
-7632
-1254
-3904
4025
-7285
-9019
-3875
-8564
-5474
-3767
5543
701
-2325
5036
8377
-3892
-5325
3823
-4967
5135
-8530
-6171
9015
-6844
-1750
-989
-3628
8891
-5736
-8416
9403
-9025
4804
2995
415
-2358
2744
5398
8946
-9644
-1335
7535
6551
9649
-3341
8487
9888
-3094
3501
2908
-4619
-4367
1646
-9277
-9686
-2469
-1864
2709
-7214
-4527
-417
5903
453
-3601
2945
-2249
-3239
7474
8465
7116
-9726
-6684
3633
6908
2346
-8100
-5776
-591
-9336
-5052
7331
5120
-535
-6205
7510
4384
-1611
-3187
9203
1175
2413
-1292
-488
3000
-4694
8517
-430
5540
8127
-5640
-8301
2023
1216
-4092
3838
-2894
-5475
8969
3684
-7726
7098
1686
-5798
-571
202
-504
-9276
646
-9719
-7417
-1759
2609
9990
-6785
412
-4528
7232
4438
5322
-7090
-158
-6015
-6065
-4615
-3267
9780
3216
-6983
-1559
2288
-6580
1718
-3783
-4915
-1075
7175
3705
-5500
-9336
1001
5339
-2105
7385
-2883
-8616
-5282
-5957
-6947
-6522
-1110
5498
7146
-3400
9756
7214
8430
-6805
-3333
6082
7602
2072
-2448
-4251
358
-9587
2954
4900
-5221
-9634
3176
-7262
-810
8674
-7144
-3297
-217
-3893
1222
5256
5134
-9958
9916
1277
2813
-3064
-1632
-3043
938
2550
6684
5553
-9069
9630
7933
-4069
422
6130
9112
-7454
-4458
3489
7117
-244
-8998
-3768
2302
-8076
-390
-9892
-5193
2376
1644
-1975
8918
546
1379
-169
4137
7373
-933
2238
-7290
1799
-3049
5767
3554
810
3187
-807
3093
-8739
-3674
-8594
2876
-6029
1702
-5977
-6642
6171
4443
-3184
2415
3378
-8479
-4639
-409
-6390
-6150
-8694
-4099
5739
8426
2340
-3803
-2798
2509
-1225
-5190
-8963
-2448
3633
4793
-2451
-2775
-9498
-833
-8364
-8407
1944
-448
-4898
8881
9376
-3733
4885
1359
748
965
-7212
4777
5237
1791
-7081
7039
285
-4246
7581
8171
-8731
-7021
-7548
-5038
-6586
-600
2360
-7366
-7890
-1559
4931
595
2062
-9649
-3945
-8385
-2138
-9096
-5144
-6482
-9425
-3986
-9367
90
1179
-2544
7936
-8899
3178
-6683
1992
7472
8287
-1264
-7432
3842
-5456
2194
-1188
-5830
-1004
-3674
-7790
-2882
-5453
2742
-7371
-1009
-4746
-3550
-7592
9800
-4212
-4753
2288
-3421
-7332
858
-9120
2023
-9022
-2399
-6934
-6014
4946
413
1138
3318
4190
-7841
1983
-8910
-2525
-4208
6315
-6665
-7433
217
8113
5892
4105
-5719
-6918
-8781
-3670
7971
6108
-443
1109
7012
4925
221
-440
-1570
-9124
-1521
9100
-1971
-5165
7513
1734
-6197
-1997
1788
-6001
-1467
-2636
-6261
-9486
-6477
4982
-3459
-7288
-8794
-7633
6680
4471
7820
-1792
9491
-6171
6176
4806
5481
-892
1436
4344
295
-9264
-5687
4798
-579
-1386
2605
-9065
8664
752
-391
-9579
-7553
-1731
4268
2168
8126
571
4020
5127
9303
6997
-505
-3763
-2401
4595
24
7568
-2863
-3401
-6976
3193
6169
-7354
-3298
-1425
9795
2634
7893
-477
-9837
-273
-414
1103
9128
7897
1598
1242
3507
959
-6680
9240
-4279
3430
-9303
-5026
-7832
-1524
-844
8058
-7895
-1769
4083
9340
1965
6474
-756
-2352
-1080
5506
9675
-4362
-1288
3146
-5828
5241
5926
2790
1162
5658
-121
225
-4583
322
-2822
-8354
-2112
4799
-7103
2332
8146
-6356
6462
4301
-5237
273
3447
-1201
2973
3116
-7012
-7415
6146
-3558
-6754
6449
-8643
-9538
-5376
2267
2268
-7753
-5590
1443
-9049
-7799
-4005
-1850
-1502
-8637
2517
-2275
7781
-9458
7200
-22
7678
555
5775
362
1050
-2299
-7349
-2506
-2385
-1994
2313
1661
3951
-8994
6043
-5705
-5257
8251
-7351
-8017
-8397
-1239
-1521
5086
7260
-1060
8195
8657
3545
5475
6387
-7401
4080
-7572
2463
-2324
2019
8844
2039
-3498
9152
3564
-3461
3072
-7781
-6499
-8768
-970
-8429
-8266
7860
5221
3932
-3914
-2957
-8419
1442
-682
3405
5484
1293
314
5339
-5573
5726
-9789
6833
-2773
1078
1869
-6747
6033
4185
3505
4696
-8692
-7469
-5775
314
-1892
7469
3801
2292
-4224
-8426
8865
1557
1987
-5921
-7832
-8393
620
-5554
6871
-299
-8053
-8181
7497
5967
4997
6324
2980
863
-5521
-6004
2275
1593
-3657
4510
6816
9503
8231
7366
-2750
-8752
-8631
-7113
-7469
491
-8808
-2435
-4690
2710
-5451
8634
-6721
4831
8964
9467
-6071
-7169
-2673
-5994
-1089
-8029
-6484
204
1927
5388
6140
-9928
-3825
-5864
-8151
6841
4403
978
-3509
1165
499
9622
372
5137
7904
6047
-7038
-2235
-4306
-4714
1754
-733
-1717
6912
5146
-8198
9723
-9148
-4404
-8256
-4990
58
5756
-2130
5655
-773
-3190
-5267
1446
-3545
6928
-3689
1691
4775
4738
5642
3724
-1559
-2778
-1565
-3625
-5333
418
-9434
9725
2298
5214
-3156
-6844
7907
-68
-8808
5842
1896
4474
-7274
8749
1097
5728
-2098
4463
-9572
-3987
-8204
3811
-9505
-7132
-579
-5628
1701
-7563
-1944
-7425
1569
3217
-5002
-5223
5014
-9413
7937
7160
8795
6413
1481
-4589
-1600
20
2125
-2578
5332
8964
8788
-8937
924
-3351
9635
-7214
-9360
3039
1637
-4445
-6555
-3433
7921
8886
199
8901
7020
-6427
-7783
-797
3690
6941
7615
7873
-3169
-3443
8843
-1792
-9419
7582
2254
-9379
-3217
-4755
-922
6284
7793
912
-8656
3802
-8114
-987
4659
1741
-4885
5817
-4780
5427
5895
392
3322
4221
5386
1332
-4507
2222
-6838
-5596
9361
9261
5722
-5608
2054
-1712
-6614
-8206
9543
8180
3366
6137
-9737
-4715
-1968
-1172
-6341
7807
3173
-7340
-3046
-1184
6034
-1269
5795
-4128
4051
4169
-9465
-4923
-2824
6599
4531
2885
-1796
2851
9983
-6429
2982
-6487
-1129
2602
6403
2408
-4748
-5620
-5364
-3654
9544
8077
4684
-3081
-6803
8708
1518
1050
4771
-4830
-1504
293
-351
5972
2632
-8240
-3447
-7514
-5455
-5292
2496
-9694
-1021
4702
4588
-7805
7299
6092
9901
4003
722
9946
-8161
-9784
1988
4860
-4316
907
4272
-2826
-1677
-3291
7589
364
3417
9245
-5236
-4918
7505
8299
6929
6637
-5892
5839
8552
5363
6103
-5781
286
-1470
2239
590
-3268
-7053
2862
-3099
9941
-881
5206
-9781
-4743
6534
8753
4408
-9920
-8175
6320
4340
-5877
-2521
-7483
-9101
-6726
-8759
-7461
2336
9441
397
4337
3783
9414
4303
8912
-7442
-6083
-2593
-4424
-5797
9793
-2420
-7838
-7641
-5072
-7213
508
-8799
6107
-470
-3638
-928
-7361
9804
3116
3397
5992
4635
9120
-7267
-3022
-5642
8133
-8363
-7042
-7892
8935
8548
-7649
2426
-9564
413
-5801
3015
-9219
831
4768
5753
7675
-3084
-8502
9252
4892
5595
-3859
-2267
-5183
-7693
9372
3788
-3563
-9292
-6023
7855
-6726
1903
-4820
1648
-7462
2928
1900
-784
9266
3897
-4338
-157
-7387
-5949
-8882
2150
-3663
2667
-1428
-6603
-5062
-1189
7205
-8527
82
-7424
-372
223
2895
-127
6985
-4207
2442
1650
-7178
2153
2552
220
770
2893
9611
9776
5508
-9477
6306
-8567
-8679
-1254
-3519
7019
-917
1997
-7601
8665
5697
9202
-6910
-5371
9221
2868
-9784
9506
3193
-4291
5909
1247
-7314
-6725
4434
-8782
-9244
-102
-5110
-2809
7257
1436
3254
4452
-4817
-1024
5376
-7466
6951
-2112
-9958
-1432
5392
-8282
-7048
-2565
3231
-8515
1096
-2658
-94
-4620
-3756
-4770
-5674
9483
-7278
-6285
-2904
7512
4532
6148
1978
-515
8723
-3286
-3014
-3279
-4412
-7464
-8193
-3149
-1591
2198
3908
-7007
-6236
1693
9659
7259
-4042
274
-3222
-5632
-8823
3256
946
9911
-3462
-2809
-7977
4100
-9233
997
5631
6906
-8803
-4888
2227
-6952
9304
-5391
9224
5641
4488
2313
6721
-247
-9155
-3010
-1069
-434
4819
980
-2625
-1190
2862
-3740
-3541
3924
338
6440
3888
-5347
3990
8765
9350
698
82
-7933
5324
-3836
1182
-9824
-281
-1774
-6182
-3622
5967
-5378
-6508
2748
-3192
1057
9751
6306
-9783
-585
-1747
-788
1582
-7428
-9500
1363
8306
-8365
-325
5729
3553
8571
-7033
-1175
-2256
6842
5088
-7323
9494
-5195
-5272
2801
1735
3656
-4597
4020
5288
6766
-8936
8160
-7040
-3035
-3173
527
-9387
-2390
-8553
-8462
4693
-9525
2343
-191
-4558
2978
1913
-7165
-5736
750
3924
2717
-7620
3329
-9434
-8212
-5871
4096
-7408
229
3007
5257
-2384
8794
-9518
4692
6867
-7183
8462
-5400
-5379
-8409
2354
-4582
-5054
2136
3688
-3845
7146
-8475
-9406
5459
-4915
-1886
5280
-2197
5949
9242
-8276
9850
1186
-981
3751
-2227
-8660
3276
-9550
-8141
7288
-2110
-978
-8734
4906
7268
-8983
1304
-5208
5390
-8887
2750
-226
-6415
8517
-1738
8559
-7044
2696
3723
-4708
-8150
5702
-7084
-1518
487
4534
1811
-6032
4465
-3597
-4400
8837
-5325
5767
3921
8373
-4584
5717
-4595
4625
2277
-8833
-9619
1102
-2257
3099
9482
-84
4519
-1928
-5555
-3740
-4418
3054
6350
2912
-8475
2347
-9524
-6107
-475
-1675
-7427
-3559
-9543
6800
-7806
5102
-3981
-4678
-4129
6022
-781
-9541
-1915
-2075
952
3636
-8461
3401
-5043
-1609
-3377
-7226
-1589
-7188
6470
879
3597
7013
7696
9975
-4652
9281
-1118
1346
-6707
4180
1116
-6759
-6259
9028
4470
-1347
4199
3485
6323
-188
-7356
-9239
1573
7564
6529
-4181
-5723
-6013
6616
-3207
909
6511
9338
-6554
3418
6855
8039
-1811
-8809
-2647
-7021
-7624
9521
4130
-4989
5515
7701
-2604
3305
-1200
2946
2119
4945
-8323
-594
5717
9358
5631
-1293
-637
-1711
-3264
6653
-3559
2423
-5050
8974
5235
-4352
-1488
5281
-3671
486
2450
-7201
6381
-4607
-9522
8555
-5190
1002
5401
-1987
1576
-7039
-1776
4433
-6558
-4160
7732
-8765
-6839
8684
-7861
-5585
-8019
-3724
3000
-4786
-6513
7446
6786
1259
-4091
934
-8065
-2913
-2829
1011
2615
-2036
-3720
9485
-7587
-2946
9185
524
8636
9882
8289
-2098
2771
-9111
-3581
-5795
-9641
8363
208
1673
-185
-4852
1144
1289
4352
415
-7251
2556
-8951
-8550
7210
-4657
-2593
3549
356
9899
7159
6303
-4889
2068
4266
-4869
5069
7652
-795
413
-3563
-7097
-9696
795
-9343
-8166
-1026
-4685
7278
2433
-3429
-8870
-2868
8939
8149
-208
-4447
6156
6038
1527
-5641
-4493
3027
7713
2832
6845
1023
-4208
5976
3900
9338
-5173
6245
-4279
-6360
-2721
-626
6972
2450
-1751
-1906
-4980
-2784
-7196
-2240
-4601
-3247
-1751
9913
-4365
-3362
2556
1830
1282
7723
-4691
-8760
-9757
1437
7855
6456
304
-5664
-134
3359
-1017
-6509
9383
-4819
-4640
4248
8412
-4500
8058
-128
-4918
-5951
-9018
4869
877
1205
6988
6355
9007
8713
1204
4012
5804
-9910
9150
-3881
-1654
-2281
-2992
1500
8587
6932
-9817
9361
5307
327
-3913
1937
7362
-3158
5791
4041
7515
4075
3164
7656
7677
-2407
3669
8236
-9156
1953
-7780
-4003
-2358
7399
3041
747
595
-6003
-7541
-274
5192
-9797
1360
2773
678
7775
9628
-2121
-9569
-3244
-9765
-8396
5923
8881
8539
-3755
-5705
859
-1588
6202
-9815
-3911
-9268
-762
-2591
-1125
7832
-9121
4562
-5908
-4257
-6851
-3287
-8619
6349
2042
218
7093
-7129
-354
-4712
8534
4005
9282
8538
37
8705
-8807
-5540
6427
3557
6473
-1459
-6979
3326
-2421
-8360
-7151
9535
-3953
-6586
7475
5967
-9767
4708
9404
9854
1202
-4562
7093
3176
1499
-4122
-4853
2441
-4429
-5715
-2320
3320
431
-851
3264
8616
1847
5852
-9407
-4166
-8791
-4331
-7602
7493
-3732
3596
-7327
-8293
-5971
-2097
5523
8158
-6823
4134
-7547
9351
2592
6224
-6224
-8883
-5132
6771
-5813
4669
-9210
6960
4087
-5128
1742
6175
-3637
2216
-470
9670
3059
-598
-8665
-9676
9688
2438
-8053
-3724
8226
8102
4312
-5526
-3773
-7966
8201
-4470
3507
-9485
673
-9491
-8619
6695
2179
1909
-6934
6374
-4752
9651
7131
-6275
462
2227
7447
6013
-1342
1809
-5336
-474
3988
-795
9662
-8934
6709
376
-3709
-471
8288
7784
5543
7725
-5247
-2122
-2059
-6540
-8811
23
-4442
-8651
3688
2672
5699
-8173
8279
-5233
-5431
393
9916
8134
3064
3118
9369
7268
-8393
-6648
-5986
6740
-7496
8366
-8570
-3499
-2794
-1866
7385
7884
-8381
-8571
9502
7974
-5606
1867
-3134
-8431
-9333
9929
-6557
-6485
2308
3607
-3777
8698
3625
-20
2144
2170
7416
837
-6849
-2974
-9558
6604
3382
-2797
3487
-4934
-1876
1963
962
-914
-6561
-3347
-52
-2634
-9491
7040
-535
3410
171
-35
-6398
-4954
1721
-8707
6199
-2543
-9849
-4410
-4677
-4035
-3033
4109
-3183
-9504
-1037
8651
-2261
-7186
-4194
1020
7018
-4492
-7689
5702
4802
-9868
3529
8167
-5146
2486
7838
-382
-3938
1890
2629
-4276
7337
9049
-9351
92
6091
3562
-6103
-725
-7600
-9153
1687
-6257
1300
1080
-7420
-5190
2803
4552
-1973
-141
-3543
-2882
5433
-6154
5680
7692
-6233
9161
-6476
1243
-8639
684
2423
-2682
-9079
2332
1059
-5871
-6753
-336
-7561
-6322
7685
5984
-3986
8746
1666
-2583
1320
-4704
-8370
-3373
8393
-1980
2355
7649
-7150
-3384
-6604
4330
760
-2939
818
-3125
9628
1649
-3762
3570
483
3394
8604
1258
5424
-3868
-6446
-8803
-1034
1958
5998
6290
2520
-3449
-6690
2273
4170
1558
8458
1733
5398
7398
-3873
1860
-1133
6217
-7339
-9959
6363
2005
1665
-385
7289
3889
-4500
-8991
5726
2645
-5809
-4235
-9137
-4603
-2863
3880
-6013
-3215
-1087
-4953
5159
5695
-7471
-2545
-7929
-3207
8260
-9930
4426
8356
4150
8465
-8237
2935
-4325
-813
9439
2280
-5315
-5094
2269
9912
-1897
-784
-2111
7654
-5009
-9403
-6269
-1892
6042
-4324
4379
-6250
-7734
4410
7239
-4583
9384
5607
7348
-5889
8156
3093
506
-4539
8790
-4155
-5450
-5011
-1243
8564
-7700
-239
9479
-8882
4534
-6637
-4910
-7896
325
6859
-4852
-4158
-5353
-3461
9745
-9464
-6643
2749
-2879
-4044
-6382
8329
-2884
6214
2039
8113
2351
-3298
-2416
6884
-5601
-9712
-5586
8919
4832
-6323
-7889
1607
6692
2380
7988
1526
-613
-7659
-6372
9033
6215
7786
-8607
6042
-9505
-164
174
-4388
6661
-1376
1761
8933
-9783
-9523
6519
410
1127
-6538
-5000
7874
-1103
6207
-9210
9613
-554
-3365
4544
-4358
9709
8517
7264
-1743
-4611
-17
5579
-2071
6759
-2852
4429
697
-3291
9051
7615
-1541
3076
9826
-6050
7653
8781
3610
-7598
-4063
6167
7377
2220
-9672
-9692
851
-5959
415
-7799
-4484
-8664
-5527
2207
2497
-3318
2373
-2986
-1644
-9301
3027
5220
4891
8019
-7523
3677
6728
-6929
-4574
-9039
3440
-7198
-390
-2991
-7359
978
240
-9727
-8828
6585
-5383
-8300
-3430
3778
-84
3635
-4882
6724
-9572
-3991
5916
-9287
9
9219
-478
-5813
-5796
-7221
591
716
-7880
-5698
-364
1864
-9113
2496
-7801
6017
9180
-622
-2282
-9369
-2105
3377
-1912
-2653
3965
-928
-277
-8167
7038
2150
6574
5618
9359
4554
6576
4721
-5390
772
4432
5134
4366
-2170
6915
8482
-7754
-8915
-2414
-2990
-6236
1111
-6694
8551
9618
7424
-6236
-8943
171
-6076
7862
-8321
-1043
-8020
243
1154
6592
3657
-8884
8305
731
2557
-1237
7087
2763
-280
-2699
-9843
7502
-7659
-7410
-3811
8003
5622
-44
4876
4684
3059
-6023
-9176
4250
-6070
-8019
9487
5424
-4453
-5957
-7776
-6246
-5306
-6285
-1417
-9426
4200
3778
8172
-8086
-1572
5777
-4221
-4128
-5673
4442
300
5394
-3698
-7309
-3293
5824
-9601
-272
-4526
4892
-451
9955
1433
-8735
-3206
4347
-6276
5605
-293
-1604
-4157
-2541
5464
-6924
2702
8473
-1100
6540
-7454
1386
-4301
-6042
321
3615
1924
-7469
-3167
-9849
4062
5927
-5075
-7024
-1361
1836
-9713
-3909
-4052
-9332
8751
-916
-9601
4852
8328
7393
1483
-2457
8221
-4537
-3731
4084
-7525
6928
-4649
3564
6428
4636
-8352
3009
977
898
4633
-8938
6583
-7404
-6092
-3409
6507
-417
-6389
-2310
3499
6112
5078
8985
-6388
2824
-2500
-6388
-8524
-1210
2941
-5086
1639
707
5440
7620
-7008
-2157
-9418
-1918
-5525
-1965
-6668
7828
9757
-2723
-2131
1128
3944
8923
-3359
8842
-2405
4029
2610
-8153
-2910
6991
6101
8768
-9170
2086
-2118
-5188
-5809
5887
-3380
-1019
9922
-9084
-9373
2192
-5641
-8938
1171
9756
2017
-194
-4714
5787
-9936
-8445
-8450
7848
841
-134
-7792
8450
-8532
7644
-1956
-6005
5505
-6271
8356
-2865
6928
-2254
6021
-4212
8645
-7496
-2205
8838
388
7128
5784
9084
-1761
648
6871
-2641
-6506
-6011
4612
3291
50
-8738
-4109
-1169
6416
4914
-9050
-5680
-3176
-7725
-8759
-5807
-7357
2120
-7116
-3225
-917
-1118
-6061
-3374
1765
-305
8272
8437
-5139
-4137
1977
-4034
-619
-8818
5871
8370
2049
1721
-3602
8553
-1201
-6594
5423
3856
-1150
-7111
-9235
9797
-1998
8732
4487
-101
9875
289
172
-5831
9914
-2229
-2508
2272
5315
8020
8798
4528
7513
-8891
-1433
2208
7010
9751
-47
-2047
459
-5919
-406
-4897
-7229
-6135
5797
83
7880
-7182
-381
-5841
-7703
-9438
4275
-9256
826
685
6963
-2939
4236
-7566
-9044
-8530
6527
-243
-2303
9042
3163
-6006
-4626
3050
8649
-1856
9354
-3783
6074
4401
-8361
5261
-6237
7814
-4335
5839
-1773
7047
542
6711
-6542
-4015
-5690
9249
-6902
9046
-7414
-417
9432
-8526
391
9912
9182
2394
4104
-6166
3573
1882
889
-919
9714
8748
-7049
3645
-7085
2134
8537
7828
-3285
-8129
-7998
780
7863
-152
-1808
7533
-8129
-5329
-4147
7163
-1262
3199
125
6851
-9080
-8275
1497
-4957
-5331
7269
6627
9456
570
-5100
980
2153
-6306
-1214
5684
-2314
8412
9194
9447
-5568
9554
8152
-3493
5214
-1821
-3980
72
-3469
3644
-2177
-2564
-9572
9601
-1677
-9254
195
-7776
866
-3423
-5103
-6970
2810
9576
-7673
-5230
6605
-9347
5517
1944
5723
-897
1201
-8044
-2230
2462
6865
-2735
7854
-4152
9384
-625
-8997
2007
4663
113
-3023
4924
-613
2470
-7384
8103
8438
1168
-1507
6357
-951
2706
-3742
6832
4811
-3425
2135
-3482
-832
-1638
8289
4960
-2774
-750
-8189
3538
441
-7006
-2471
5105
7271
-5000
-1349
-9332
-6158
-5136
6179
-4701
9728
-9860
-441
-5240
-2958
9692
-7854
4539
-6664
-5802
4260
7888
-140
-3220
2957
-5243
-14
7634
-209
-6115
273
9171
8845
2473
-5293
8557
-3023
7255
3742
4616
6534
4195
-6240
-7201
-330
-9341
-3776
6331
-2370
-5824
-7077
6563
-4311
1275
9334
5454
-5117
-1570
6002
6310
1212
-5551
-5750
-8415
-6460
-2800
6066
2377
2968
-590
5496
4327
5441
6745
2057
326
-7703
-2269
3967
1529
-9831
-1363
4520
-1384
-8352
-6700
7653
-8494
9944
4686
-4563
-2626
-1169
8849
-4599
6778
-2908
9462
-5558
-5250
8382
4037
-9519
6211
7890
6427
-390
-7364
1748
-1929
-8456
-5039
-5294
2010
-5379
-264
6270
5044
-369
189
-5435
8807
-4500
9624
-5821
6389
-5535
5370
4689
-9632
54
5551
4958
3264
3131
7197
9643
8470
8398
7957
-3657
-6818
-2903
-2040
2243
4160
1887
6178
4245
9432
8291
-8784
1443
-5111
-653
-4301
-2273
4485
-886
5205
-9371
-5892
348
6135
-5607
-5584
8627
-8149
2528
8995
4494
-6278
8472
-4826
-2586
-213
997
7609
-2571
-6210
-9721
-2161
9760
8128
-1210
-7719
-7466
-6883
7089
429
-1720
532
-251
345
-8431
-1729
-1676
3133
-1525
5327
2211
7247
-8168
-6547
9428
4533
-3772
-9328
-9614
-5919
-5185
5201
8880
-4120
5161
5380
-5402
2185
-5051
-2591
-6891
-38
5473
-4660
3505
-1224
6682
-8824
6669
8535
1323
4340
8489
334
-2295
1052
4805
9010
-7595
-3318
-7308
-9273
2153
1891
-6605
-6717
3917
1210
8641
6480
7751
5906
1449
-7709
-6074
8291
-7855
-2005
9558
8068
2470
-3085
4747
6598
8068
-463
-7955
661
7268
-2114
6438
-4864
-347
9843
8511
7560
8958
6299
3993
-2509
-8537
-4481
5209
7341
-9284
-8962
-6575
354
6722
3019
-7778
9159
8061
-7418
1502
-8272
-9845
4676
-1741
7847
-5712
7292
2804
2472
470
9647
-2338
7172
-8148
-1080
-3901
-7592
7222
1955
5926
-2705
-5757
5494
-4276
1326
2888
-5562
5019
-8236
-745
-4680
2530
-1746
2695
7086
5581
