-1919
9665
9482
-7080
-3736
6010
-8049
-1009
5950
-3282
-9313
-1967
8501
-1888
4567
7888
8531
7163
-7819
3694
-2617
-8369
9501
-6048
7616
-6200
4772
-7214
-156
9685
-4220
-347
-9370
-3522
1281
-9532
-6067
1202
3813
-7922
1651
7557
6886
6470
1764
6812
108
-3889
2929
8625
5568
-5726
-5233
5168
-1818
6740
501
-6826
5244
6122
-3341
-2790
2641
-9535
1938
5478
7811
5417
6544
-4523
653
5558
-6232
-6861
9322
1572
8691
4382
4780
9538
-3559
-9528
2351
-4849
7126
2268
-6702
-8090
5130
8938
5133
623
-764
-4585
-8986
5499
-7059
-5672
-4530
-5292
6358
9241
-2788
-3483
-4695
7986
2408
-177
-5643
8069
921
-6061
-6371
7964
7492
775
-8546
2149
-4636
3171
-8009
3019
-7265
-1266
-172
-8060
4909
9162
2526
7016
6986
6650
1745
-5554
-1583
-4793
491
7757
-5397
7391
-8212
-9672
6156
3874
974
97
9183
3966
-7701
2799
-6556
8185
4035
6446
-766
1184
-526
4677
4721
6796
8794
-8919
6494
4671
7936
-875
293
8436
3532
-9875
-4802
-4399
3306
-2728
6257
8027
-6771
132
-6406
-2634
-960
-4247
4841
1026
-767
6583
1113
-6210
-326
4023
4498
-1709
1374
-3501
-8311
-5479
-5616
-2610
1293
4021
713
-4265
701
-4843
-3728
8417
508
6136
-1603
-2786
3359
2248
5560
-7599
-6797
2348
5191
6375
-2684
7514
8444
-5974
3693
-8437
-5726
4318
-2306
-1885
9875
3445
-5815
9135
-8928
-8919
5530
3699
5252
3973
-9562
8828
-2895
-8261
6378
-7531
4811
-6569
644
-9125
-2988
2448
3800
-6720
7456
-5349
9251
9433
4649
-7582
-6137
1648
1668
-9130
-6189
9158
-589
4243
-5387
-8651
6209
3591
-5804
-2679
1296
-9709
3360
6962
-5800
1511
4003
-720
304
5701
-4281
3543
-9466
9072
2213
-4255
-8177
-5884
923
-8221
-1764
-8758
-575
9574
1642
-9905
3826
3973
-9564
1837
-6213
5651
-6821
-3211
5691
9781
-9594
-5954
4883
-7445
8014
4404
5494
5909
-4442
-5826
-6835
1257
-5969
4407
9420
4005
7208
7552
200
790
2083
-4176
8161
-6900
-7494
-9552
7722
5037
7495
238
2664
-5489
3951
5637
-5163
1629
8492
9794
2897
-2582
1045
8214
2194
1777
2200
-9656
-6692
6102
-269
-2147
9094
-5448
-8980
-5780
-8258
-6509
-8473
-2265
5080
7895
495
2631
8409
-5851
8519
36
-6584
-1179
4878
4166
-1092
8298
-9955
-7416
6302
6828
-2960
-675
3288
-4565
9903
-8373
6330
8240
-1988
8237
7843
-5097
6849
1097
1216
-3988
5794
66
-1311
-9397
-2546
-6404
9233
5650
2846
-1477
1374
1381
-9707
349
2716
6286
-6140
-2764
-912
3151
5699
1539
755
8219
-1365
-6710
8291
-2054
4924
-6173
93
-1228
2299
24
5937
8424
-5081
-6302
-2528
4802
-4868
-434
-1777
3881
5016
-9322
9650
581
3826
-3705
601
-2573
4343
-9214
-8229
3622
-8493
7350
-4933
-241
-7534
-2529
2078
-3611
6502
269
-7462
8498
-7681
4630
-8706
-9671
-6990
-92
-9626
4193
-7610
-4197
1587
-4886
7196
2482
3396
6250
8565
-6513
-1363
9175
-8894
9143
-5848
4869
9132
-8518
1798
-1657
-3611
3808
8586
-457
-9616
1162
-8808
-6130
8088
7953
-6582
-2187
-9559
7047
3388
-5803
-3906
498
-3515
-8565
8601
3878
-1751
5912
-7745
-8253
-3169
4876
3364
-6720
8502
5351
-1205
-6372
8965
4911
5575
4580
1168
954
1647
-558
6195
6836
-9107
-9313
-6907
560
7988
5300
-4030
5607
-6143
-7363
-4712
-3492
7901
4872
6875
-6801
5151
7351
-8924
-9583
-5367
-6378
7131
9246
5868
9006
2395
-386
21
-6583
-3951
6340
8998
-1461
98
-8693
-2239
6796
5041
8433
-798
-1417
6519
-5007
-408
2560
1094
1163
-5269
4170
2643
2085
9330
-7407
4917
7126
-9136
3034
-864
1198
1202
-2437
9819
-757
-7310
-5145
8630
-6240
3115
5981
-4344
8813
9039
4164
4142
-4302
-7523
97
2901
1338
-7431
2887
9944
-3871
4623
-3169
-4379
492
7551
-1267
-2700
-4260
8091
-354
3304
-7125
-783
-7860
-9995
2427
8125
-6149
-611
-7485
5664
-5192
7483
5786
-8231
5823
3615
-4935
7863
2072
-2182
-2178
-4707
4977
-7224
-4066
4523
-8347
262
-601
261
-8993
-991
7093
651
-102
124
8861
-5720
-6625
-9064
-4908
7749
5830
-4109
-6749
-6261
4489
2602
-7674
-7386
6564
4640
5904
1122
1718
-6728
2354
-4907
-5488
3135
9974
-8228
-6532
6597
-7047
-968
5027
-2493
1217
-7690
-8974
-9643
4510
-1102
-1936
-6490
-2175
-607
6596
3568
-9762
5998
3375
1890
-3550
2128
2322
2165
9148
7705
9511
-1611
1922
215
6260
3521
736
-9444
611
9738
3429
-4051
-5731
7684
8444
-9220
9178
-1737
2055
-8541
249
-3363
-4772
9950
106
-5659
3655
3850
731
5730
-9524
1274
4376
2678
-9341
1425
-4680
9889
-4398
-770
4301
-7765
-4378
444
-1618
-7094
-5838
-4747
-817
3838
-1207
-1134
5496
-3278
-1017
1332
-5845
5186
-7739
-3916
3374
1958
-4348
1029
-5218
-8505
4545
-5804
2099
-6103
4390
-2450
-183
-2361
-7082
8023
-7263
6022
-3546
3420
-7992
-8392
1583
1275
1177
2842
-5428
147
-4586
84
-5741
7603
-9136
9654
-7278
9648
4875
7432
-7830
308
5725
4896
-7313
-3132
8632
8307
-387
-5850
-5424
-5034
-9403
533
2501
-9846
-7088
-4183
4267
6124
9933
8893
-1127
-5702
3959
6481
1827
6315
-4262
-9778
-2924
7450
-8539
1676
-5264
3873
2640
3436
8475
-986
-3153
-5784
-9706
-7786
7974
9889
2085
1235
896
-430
-1726
-528
-330
9646
9488
-989
5489
-9549
5156
-5050
5546
-9240
7218
2193
8628
-5693
1014
563
7841
9287
1648
-498
-947
-9879
-5787
4200
-8808
-5255
8212
6412
-5257
1455
4840
8099
7668
-3636
-3810
8848
3167
-6887
-196
-4010
169
-8735
7911
-9420
8725
8956
4461
9971
-6010
7742
-353
8271
5230
273
5134
6134
-7188
-4314
6360
-4790
-3823
-7583
6070
-9311
-2122
3329
1771
-9006
-5002
-5789
5363
-8308
2971
-2045
3998
2005
-6702
-3148
-1379
4621
5997
5322
6717
6168
-5049
-1580
1224
5561
-7384
5126
8798
-8576
-6449
-8545
8398
9375
9369
-7008
487
3370
2123
9413
8880
4442
4091
-8745
2346
-1421
-8733
-1799
7416
7109
5029
8839
4951
8105
-1223
-5786
-8269
-5239
-8407
5079
9873
-2506
-6520
-6490
-7168
-7035
9467
5852
4928
-3888
9215
7920
-3748
-7222
-973
-9402
-9226
-3729
-2863
-9560
6201
-5150
-3837
-8733
6008
4154
-3035
-9637
2431
1885
2256
-2346
-3790
6083
-757
-1508
4438
5865
-8231
3514
8819
-2914
7456
2116
-5222
9193
2861
-3282
-4349
-8060
5068
3963
-9932
-9128
-4288
-4894
4739
7165
-7422
4536
5546
1849
4674
-9839
4897
8316
-1534
-9643
5821
8069
1110
-8205
8053
6067
-9961
9597
-776
2556
7810
8555
-7395
-7603
-7826
-9695
2473
2143
-9507
-4998
-9555
-1867
-661
-8932
-1346
9292
8400
1662
468
-4949
-1694
-3415
9833
783
9562
-7272
6597
7591
9719
-3391
-2577
-3595
2181
5002
7051
-3096
1173
5362
-4954
-2562
-6509
5332
-4582
6485
2562
3217
4176
-6853
8919
-2073
-5984
8204
1862
4836
-9737
-4866
9937
4278
4900
-8220
33
3099
2454
9600
-2644
-9217
-2541
8805
6275
2758
-3859
9067
1319
-4130
4319
-6851
3156
-7112
-216
8827
-2713
-6931
2919
-9016
-259
-923
7893
-6209
4847
-8583
804
-5536
7461
8538
-9369
-8290
-684
2315
-7660
1014
-1488
-8634
-1631
-8203
6604
-7398
-800
-3013
-1885
9566
-1205
-6839
8018
7655
9024
1765
5018
-1725
-2597
-9525
-7045
-7422
-2948
-6832
7249
-5885
-9391
9738
9599
-134
-7307
9012
924
-8962
-9759
4427
1800
7246
3249
-8348
9291
-1146
654
-8015
8071
7680
-1106
1520
8996
831
7432
4652
-5804
-489
6678
-4472
1281
-6319
-8159
794
4001
5943
-6520
-8579
5515
5705
4380
-2659
-5738
2720
-238
1175
-1204
-8927
-2578
-5659
-6861
-1409
-314
-3768
7092
-8395
3111
5353
5794
7012
2459
3756
8509
7163
5862
2008
1824
5645
2007
7970
6580
6084
4370
-3328
1768
-3128
4347
-8862
-5434
3890
-2705
2425
-7389
5672
9923
6654
-6057
-6646
1825
-611
-8456
-5338
-6776
3274
-7898
5526
-4701
-7057
-8819
-5482
-6178
6404
1883
-4345
-1945
-9921
5390
-3873
9322
-4441
-961
-810
-2204
5993
-2409
-3676
5614
-5717
6814
7915
4085
8430
5880
5008
-5548
7777
-3862
4448
8869
-4664
5561
2243
-3682
-5049
-4204
-6029
5752
-9035
4382
-4782
-9731
5717
-9620
650
3904
7238
7689
1466
-8263
1126
-9266
5144
-8074
2136
-7185
1343
-33
-3529
4207
-1540
7011
-3027
-6946
5966
-440
509
-2403
4736
6465
-2923
-1420
937
-3124
-6882
-294
-5456
1015
-908
7759
-6875
-9216
7416
-9616
4909
-1484
9170
-7390
-2519
5239
6175
567
128
7204
-6740
4199
-5144
-5173
-809
-4978
-1396
4885
4541
9214
-6005
4692
2623
5606
-5744
-8347
8799
4162
-982
-8079
5726
-179
2935
-5870
-2394
8798
-9150
828
-1099
-1345
2894
-4423
6216
-9372
-4430
3440
-3885
-6138
-6033
2531
-5103
8127
8065
4423
-4736
-1099
-400
-6032
-5424
6208
-2066
-2998
8532
-1695
-2113
-3490
3884
4868
-6365
-4529
-6286
-7155
8023
-513
-9613
-2345
-4843
-4172
-8564
4362
2037
4737
4124
6306
7944
-6763
1236
6939
9064
-5745
-6191
-4225
-2061
3445
-6887
-8149
-3021
6655
1230
-6592
8393
-8043
-7685
-8755
7838
-6658
7256
-333
-6471
8700
-8056
-3463
-2926
6250
-1972
2311
-42
2771
7970
2090
7032
9424
8074
-5311
5512
-5496
-154
4077
-6937
-9570
-6340
-1376
5640
5453
7066
-7493
9950
-8355
-8563
-9881
3679
-2293
-5939
-6158
-1620
9322
-4913
236
-5664
4779
-2725
1017
2639
490
2789
-1588
-1029
-9621
8245
4387
-1362
2684
-6730
-4412
-4266
4131
-2387
8242
-896
-2881
-1466
-1372
2811
8191
-4644
-127
-2202
4310
2666
-7341
-8849
3551
1842
2863
-7160
-7571
2466
950
-5241
-960
-6357
-6674
8033
-9534
-9329
2558
8273
-8145
651
-4844
-2285
9268
4337
6026
-2398
4133
6440
-6577
4192
-2766
8448
4177
4702
7938
9327
3150
-7197
-718
-7825
318
9257
-2113
-2207
6027
3440
-6089
-6779
-714
4076
4171
-3270
-8045
9435
768
411
-5403
-5860
-1397
6926
1313
-9310
-3040
1520
-7213
223
-7042
8463
-7959
-9574
130
-8848
1390
-7612
8418
5767
2353
-1850
2599
6228
-701
-7592
-9898
3924
5934
-2524
9830
4711
3404
-6714
-6329
-1010
-8294
-744
8368
-2244
-3963
-7637
4867
5918
-626
8728
-7370
7954
-8896
9728
-5737
-1506
184
817
-7939
-633
2633
-3813
-4937
-8923
6889
224
-5566
-3470
772
-6277
-4378
1402
-5706
-4920
7473
-9622
-612
-223
7482
8360
926
-6604
-9093
-5670
1345
3870
739
3120
995
9203
-6454
-2557
8799
8888
-4231
-72
5009
-5848
3723
6056
2100
3872
-6628
-9595
-4518
-5767
7660
1354
-2147
648
-2680
-1568
6768
5046
3257
-8811
-4284
-3597
-3683
-772
-8020
-7698
7307
471
38
-4706
-3958
-25
-8057
5995
-9154
-9394
5322
-9535
-8832
-9356
-9552
-1488
-409
-6379
4978
1792
-2130
2041
-8381
689
-7853
-1145
6042
6718
3698
-826
-3560
1833
-6320
7548
-4614
5972
9947
-153
-7901
-1685
-791
4893
-3726
-9214
-2944
2706
-3047
-3822
9474
9930
-2070
-81
6044
-1110
-5003
2353
-2119
-6576
5987
6751
-6572
8087
-8805
-7500
-326
-2965
-9599
-9791
8579
902
-3447
-2009
-9110
-7868
-451
-2482
-1156
8415
-720
-9818
1477
1079
-565
1316
326
1552
-4073
-934
264
4812
5277
-6873
-5032
532
6144
8968
4010
5702
4740
-7744
200
-4656
-6088
269
-6108
9464
-5486
2735
-2425
2980
337
-6097
-9004
-2787
-1916
9006
-6240
-6697
2919
1799
7689
9540
-113
-6377
-1525
6552
-3981
-9404
-9257
840
8848
472
5027
-1097
7636
2618
7769
-1078
-5179
9902
-1511
4117
2768
-5624
-6199
-4454
-4507
-5191
-2558
2044
2946
-9675
-9706
9099
-7486
-9629
-3508
4684
4049
3888
6997
-8357
8664
4752
-1555
-5066
-762
9206
-9038
-1286
-4232
5649
509
-6744
-5562
6972
6863
6964
8783
3782
-227
9368
6330
-6046
2758
-9659
3438
7519
-1223
-5849
1224
-4928
-1551
4434
243
-3081
-7469
6926
-1940
-7823
-1288
-5267
-208
1082
-2882
-1469
9001
6093
5049
240
4876
6382
-9520
3335
5201
9042
-8144
-886
3802
1422
-7986
-8089
5840
-485
7474
5246
-2828
5753
3050
5422
6883
39
-2296
-6722
-531
6954
9995
5577
4675
-582
-8154
-3288
2735
622
9702
609
3338
5832
-8233
4124
-7467
-9645
2968
-3801
-8504
4482
8907
-3266
-5228
-5442
-7080
3043
-8483
-9845
-8709
-2304
-1986
6369
-145
-6513
6537
-6447
-2519
-6745
4749
988
1179
-1470
-357
7519
5193
3066
-2119
-6391
6477
-9477
-7409
-9828
-1415
6061
4695
-4280
-5258
3883
-7250
4802
1015
-8538
-2726
-9989
98
-7872
-4473
-7376
-1523
7934
876
-2151
-164
-3917
8398
6529
2204
6923
2498
3206
7745
7938
-8151
3933
-6339
7593
8299
-3437
-1100
-4003
4252
9678
-1018
1244
6769
-3737
9122
-7885
-366
6506
-6180
8405
6268
4802
-5832
-286
-1317
6509
7182
6107
1152
2941
5208
-3068
-6039
6725
-7639
2016
6808
-5201
-9353
-4292
-6556
2592
1804
7466
-1001
9001
5516
-402
-6658
686
-8232
3991
1402
3973
9978
-6359
-6375
-4712
-9001
-398
-1684
-6201
9290
-7055
915
-1169
1239
-9975
1062
-7561
-1899
5826
5165
3658
-213
-9889
-4681
-5345
-5650
8382
-7417
7250
5746
7351
-4703
-9876
-9175
2974
-8427
6896
-6212
-9620
-4506
-305
7686
-126
-4464
6284
6874
-7408
853
-1283
-6169
7733
5458
-6125
1811
3768
1439
-5706
5491
-9876
1899
3282
-1211
-3022
7672
-1228
-9434
-139
6611
4714
8264
6813
5092
-738
-3146
2780
-30
-2660
2435
-6840
-6300
9493
-6043
7554
129
-22
8361
-6351
-3782
4105
-4642
6518
-617
-7382
2132
4969
2515
-1083
3360
3641
3540
5606
-9223
-3912
-4731
-5107
-3758
530
-4933
476
-815
-1183
-1724
-9754
-5264
-4100
-4631
8301
7789
-8799
-89
5851
-2872
-4506
3898
3939
-4128
-6629
-2265
-5161
-9812
4158
-6988
-5194
-3997
9915
-3773
-9597
-5729
-1133
-5278
-19
-9256
-40
2031
-8650
-3348
2819
5108
-5475
-6663
-615
-4124
-241
-9148
-8093
-2955
9891
6524
-3464
-3416
2678
6060
-8871
-4080
-2172
-7053
1558
7389
7924
-8673
4332
3273
4700
1192
8495
1583
-8864
3984
-3653
-8839
-8767
-5155
6566
7026
5775
-3174
5570
3447
-3999
449
-8010
-1044
-9678
2444
5576
-7985
5699
-3639
-6494
3818
-2792
3390
4088
-7045
-6569
-597
8419
5576
-8758
-5950
-1403
7178
1747
4518
-6105
-1819
7851
9418
7754
1545
8612
9433
7422
6437
4862
9532
-9292
7101
5294
-3503
8958
-5117
-9848
2150
-3320
-2951
-4339
-8829
2268
3921
4452
-6520
-8587
-992
478
-7053
-5296
412
8977
-3648
8972
2495
-3934
-2500
-3528
-7220
7915
-7777
1376
6748
-3224
7118
-7949
421
-4136
1477
-1138
393
3899
-3977
9376
7616
4407
7367
802
-8599
-2158
8582
-1239
-3099
-1471
-1966
-552
1685
4792
9765
-5373
9984
342
-9677
-1133
-3353
-9402
-4398
-7899
-1685
9051
7432
2582
9135
1332
-2706
4762
-7626
6503
2977
4588
6210
6261
3418
8993
-563
2671
2337
-6805
-8208
9905
530
4271
5412
-8794
4433
-9926
1145
-8776
5922
-1849
1945
7798
3396
-856
9114
-8434
4604
-422
6258
7620
-1556
-7787
868
-8181
-1835
-998
8378
2638
-8629
-3514
925
-3649
-3879
-1352
5906
-899
-5106
-7791
1342
-1222
6651
-7122
-6064
7344
-355
2066
-2758
-729
-9025
-9133
-1040
-5715
8434
2402
-5886
-5375
-39
-9003
-4009
-4357
7139
-8916
7033
-329
1773
-7612
-5712
-3592
-8276
2542
3837
-3937
2154
3495
3984
4873
9679
2456
9798
7991
-4438
748
-1096
4408
1980
-9965
-8787
6004
-2639
8486
-6315
-6450
-5634
7195
-3126
-939
-4649
-6462
-3552
3944
-6199
1390
1393
-6332
-7323
3879
-6483
6742
-8408
-8145
4582
-7256
-269
996
6024
57
-2005
9392
1747
-77
-7617
5579
-7553
8374
4874
4464
-8761
2438
-9512
-8776
-7746
-2496
-1469
5048
6330
7424
7599
-7485
3421
-9937
7038
-7360
-5892
8344
1251
-2783
-7274
-1341
-672
-7347
4527
-3092
3801
6492
7878
8131
-2657
7251
-2522
-9513
-532
439
-3840
-9085
4170
-4347
9714
5729
2688
-5502
-4497
-6027
9798
5178
-9256
-1876
4267
-9988
2022
1338
5903
-1103
-9919
2182
-833
9437
-2342
2470
-342
3487
585
8846
-2139
2399
4736
-1174
1542
9343
3048
-1655
-2786
9271
-2496
7616
-7437
-756
-1765
9789
-7694
-3763
9549
-2105
-7290
3904
-1684
4752
-1641
9053
404
9594
-1889
5992
7783
5884
4623
3211
3314
4686
-129
-931
-2458
2393
-7295
958
-9045
-7306
2507
-7073
-9384
8356
-3253
-1330
119
1760
-4502
-2825
-4989
-9627
-7408
3326
-7922
-4362
5387
-8461
1170
4105
2221
-4092
-7564
7330
-450
4957
-5388
9311
6049
6727
-2864
9144
7146
3163
6770
3703
-352
7285
6352
-4063
8190
9135
9348
-690
5046
3018
-1663
6000
-7093
-3952
6082
-6786
-3723
-6462
8208
-4434
4144
8828
9784
-7845
-3029
2417
516
-2580
3360
-8851
9583
-9825
-2933
7390
7107
-492
3401
1155
-4062
-3030
-7164
3585
-6301
-8298
-7960
5867
-4708
-1273
5559
-2003
-8833
7272
3638
-622
-5787
9894
2589
-1711
9662
-8926
-5808
-1991
-9304
9106
8816
-4876
3853
4826
5480
-9625
-6160
1580
-4540
9607
3921
2323
2673
1446
7149
5742
-7401
-5196
8511
-3897
4302
703
9920
-8711
8175
6814
4809
-303
-7085
-8203
547
-5336
1545
-9243
9548
223
-8483
-5558
834
2260
1091
-1708
-6017
1619
1181
-7748
-4986
-8473
-253
-8380
-6932
2470
-9104
5827
-1780
6296
-3541
1624
5567
1103
-5502
3107
875
9228
4737
7554
-19
-8804
6085
-610
4382
-5621
1343
-5979
-8001
9914
2731
137
-7342
9617
7052
9295
2027
7090
5774
5760
-3226
3287
6479
-7408
-7396
-1941
5375
-7061
3111
6434
-8922
-8238
7834
-3729
-4983
-9933
-9645
2990
-403
-5905
-6196
-1324
2401
3273
9446
-5460
5761
1134
-96
-6123
6459
2384
-68
-1356
5031
974
-4862
-6112
-9804
-2396
160
-8066
-894
7387
8683
3778
811
-7540
3950
-5105
-6432
6787
-7346
3059
133
4595
3702
-5192
4965
-5088
8437
-3034
-9879
1310
-6258
-8098
-6214
-5348
-7385
8543
-5955
3153
-2313
3711
5553
-7557
-251
-433
6544
-4169
-9545
3266
-5609
-2666
-614
628
2266
-305
3247
-177
-1967
-5399
469
9717
-5991
5990
-577
4426
-7241
2942
7496
-7251
-2847
-7321
7071
-6951
253
-9063
-3600
-7457
-3408
-7640
-6543
-2973
-9607
5748
2083
-5545
-5569
-3860
8022
5717
3384
-6907
3362
-2322
-3141
-4328
5828
-4463
-9239
1234
-1584
-7297
-1636
1570
1453
-3377
-1648
3780
-7041
2973
-4285
5717
8358
69
-5565
8325
-1762
5532
-3777
6954
-3330
5323
-8240
-5098
-8165
9591
-7727
7790
-521
7933
3471
-938
-3150
7239
-8391
8489
-6815
-1108
5034
-1443
2514
-4044
9628
1472
9646
-9384
-8552
-7201
3083
7223
6620
3007
906
-7480
3566
8655
2429
-3680
6355
3017
3066
-5056
60
6680
-8559
8092
-9385
-6325
6160
3812
-6200
-8444
4464
3756
5860
-1144
-6743
-5875
6546
-616
4908
1376
-1357
3148
-2477
-4914
-2495
-4503
-5337
3498
-498
5937
-8463
3939
-9203
-170
5293
-4779
8875
-1214
3958
-6219
5768
9131
-1218
795
-6292
-4500
607
8272
-7898
7670
6026
568
6813
-4706
-5831
-6364
4852
5363
-5329
528
3651
8373
-7487
470
4899
5876
-2701
87
-9386
-1920
8454
2141
6045
-9608
8863
-1528
-4523
-7699
-2256
-5218
-1305
-244
-2158
9409
9908
2191
-3377
-843
259
9797
-230
-7167
996
-7158
8382
707
-1162
9201
5253
-1122
4491
7074
6487
-4987
-363
4033
-7619
-4584
352
8650
705
3913
-8282
-7428
5460
7242
4691
785
-3212
4414
-3721
-4758
-9879
7546
-1554
-5744
1048
-5777
750
-7152
-8288
8266
-4099
4904
804
784
4927
-3417
722
7933
8187
4877
-3412
1255
8132
-2442
6520
3350
-3876
-2327
-2686
9447
3731
640
-1251
-867
-2844
-8315
3732
-9261
6378
-1517
-6272
6628
-2236
-5480
-9873
-3694
-3164
-6922
5797
-8466
-7951
-3875
-9210
-7484
-5415
-2059
8867
4658
-2872
3795
4463
-6397
-2859
-8823
-6089
7231
-8045
-6396
-2215
7094
-4444
-4537
-3544
4
-7327
5439
197
4029
-2562
-5661
-8735
4075
8491
5977
3751
-2325
9922
-8533
-5967
5945
6316
-8300
5090
8065
848
1727
-1028
5969
-5651
7967
1503
-9950
-1249
-7083
7573
-7328
4982
5234
-1131
-8770
4020
-8997
71
8235
3488
9713
7445
3628
-9142
-4019
726
2542
7109
8567
6058
6367
-215
5357
-223
-6468
-1628
9072
20
8142
-1713
-9326
4705
-1631
-3275
-8860
2196
-4586
3695
-3339
-3861
7083
9860
9670
-5897
8514
-3235
-7498
7496
5539
7948
-2922
-7369
1603
4342
4355
-474
1506
4078
-7932
-6289
-9009
-604
-3913
8420
-1490
-533
-6095
-2888
-3350
7342
-3447
-9059
-8994
8678
6856
-2849
-7015
-2503
4201
-6572
-9494
5359
-3780
3598
4223
-8072
9544
8857
3082
390
-1556
8130
6811
6251
1639
-81
-4991
5615
7237
-5002
-157
-7168
6223
3393
6670
-8566
-1558
-5620
-8217
-7359
-7533
-1195
2631
-6229
8630
-2458
9096
806
7981
2847
-741
-6903
4852
4345
-5122
6768
9624
-2184
-6177
694
-339
7439
-3841
1168
7015
-9742
1711
-1617
-8706
-3042
8904
798
3495
-7058
9552
6840
-3521
-5868
-2277
-2100
5506
-2948
2410
1063
-2237
-8907
-1722
8775
-1985
4116
4008
6546
-942
3522
9993
-4979
8416
-5014
-1701
-1795
-5735
-5903
4699
3369
7612
-4303
6437
-4405
9051
-3510
-273
-9758
-1789
-7816
-7724
-6079
-1752
-7652
-5987
-8618
3008
401
3812
327
-4320
-813
-6479
6222
-1560
1524
-9784
-5845
-2944
9884
-3708
647
4353
2025
8754
1095
-8848
8903
1812
428
7877
1892
3858
8086
1670
7467
-8787
6090
2825
1455
1244
-5860
207
3425
-1457
1347
-9922
868
6748
6704
-6356
-999
2661
3198
9054
5273
1458
-581
-563
-7958
-2112
2699
6248
5522
-3857
-5798
9607
-7979
4874
651
-5586
6836
-8739
6416
-39
6837
-3896
-4981
5618
-300
-5603
9404
3085
-3538
5555
9056
-2348
4555
-1702
-7057
-9351
-50
9647
2697
3355
7589
-7465
2671
4137
5747
7776
-150
133
1001
4468
-1
-6688
5208
-6592
-1773
-8201
-1613
-8660
-9487
-9191
499
4798
-8690
7081
-7835
-4037
6781
-3860
-1578
-5412
2179
-4678
639
4456
-1556
-8900
-948
7191
-2045
-3174
-1549
3790
-7132
6698
1193
1683
737
5964
-2512
-7114
3906
47
-6534
4849
2476
7740
5039
-8121
-2105
4716
-2031
4698
9130
2271
8505
464
-1861
9213
-6568
8877
7122
-4959
-9983
3211
-1128
5026
-8257
8674
2103
-9736
-492
3120
4439
-3195
-3388
-8364
668
-2380
-5055
8923
-8010
5512
2551
-1350
-859
-4812
-6438
-5314
9210
1185
91
-7045
5720
7448
4952
-6839
-890
-2270
5488
4948
6657
-9179
9215
-4378
-3592
3711
7832
4836
5867
7039
5238
9426
1136
6290
-7002
-4542
9593
150
3732
3849
-7596
3325
7691
-9256
-6447
4993
8014
5335
6182
4413
4913
8786
-7590
1592
-7389
-1210
3013
2064
-2113
-1736
-7995
2670
3406
-5834
1318
9531
-5528
8042
573
-355
-8851
9264
4047
655
-918
3806
7403
7503
1876
-7373
5417
-5056
1310
-4883
-4844
3206
140
-6139
4395
-4482
-6882
-8162
1761
-4562
-2347
5279
-5618
8639
-621
-1979
-2652
-9270
7054
-8932
5775
1318
5888
-9624
9902
6125
1156
3591
5941
152
4528
2369
1956
-2983
2896
-5973
2888
-5805
-6644
-973
-6637
4262
-6820
6021
4860
8928
5687
-7111
-1388
-2553
529
-2739
-9841
-5696
4976
-8665
-4690
-1415
5629
-3050
6813
5250
4294
-5323
5406
-8918
7755
-6382
3004
-4855
-7689
-3439
9324
4001
3055
-158
-2660
-1110
-6106
-1594
4643
-231
-1009
3908
5314
8014
-999
799
-666
4011
5982
-2185
-4089
5220
-7534
5793
-6458
-6832
-2372
8977
7028
-2291
-8535
6380
8725
-3619
757
-8827
-6962
7280
2801
247
673
-1747
4909
2337
7921
457
3912
-1204
6105
7807
-2063
-6263
8609
-6502
-8182
-9311
5512
1678
1327
-895
-5925
974
2871
1808
-3417
-9985
-7608
-9913
4069
-9400
-8300
-6320
8731
-3511
948
-420
-7215
9777
9995
263
-2378
-5630
-3638
-3337
6274
-1830
9501
-2915
8945
1333
8
-6874
2747
-8827
4989
-9072
-1618
-8924
6268
8252
-5179
-290
-5299
5765
2155
-8946
-276
-1383
-6227
6408
-3539
-5952
-169
7409
-3636
-700
-836
7479
8890
5661
-8459
2901
-986
3836
-8543
-4197
-7730
-3499
3661
9639
3875
-8335
-5416
7112
7731
-3999
-3971
-1035
-9102
-115
3627
6075
1042
8734
8202
-852
3906
-3845
-9175
2994
-5203
-1644
2925
-1512
2890
7965
-768
3714
-2918
7535
6963
1637
4052
-9515
5363
7353
-4326
-5175
-4983
-7378
-3821
-6491
-8378
3905
7893
-8950
4455
4620
3470
-7912
9085
3429
-8563
-5516
2731
-1619
1787
-4290
4189
-2656
-4305
-4392
3498
-4150
-1405
-3712
5098
-7319
-4679
-3948
-4374
-7731
-8642
1213
6903
1041
-7565
6717
9889
3998
-9268
1650
-9559
-4085
2677
502
-6625
796
-5058
-8763
-4291
-7808
3006
-4187
-9764
8061
8525
-5616
722
-3114
7810
9741
2794
-4062
5711
-4127
2732
3749
-3300
4314
-4658
-9073
-9418
3869
3568
-7743
9648
8917
-1064
-6040
7773
2838
-3194
-2823
-5441
-2586
-9255
327
-5493
5396
3397
4131
3233
3516
-7966
3096
7742
-5066
-8669
5036
2305
-1078
6839
-5403
8963
2395
3349
-4401
-7290
5186
2055
-2567
1572
554
8050
6085
-3773
-1945
7435
-903
1879
-3899
880
9033
4518
7041
-2772
-1366
3143
-7171
1447
-8754
-2435
797
-3650
7195
8126
-5526
8182
-3514
-8945
1360
-9507
-5113
-6036
-8112
-1960
-1070
-8849
-4955
-9205
2165
1243
-364
-1549
-4249
-5357
-4654
5855
-2760
3641
2724
8886
-6215
-1387
1599
-5167
2977
3058
5988
-4682
-8726
5795
5133
4070
1731
2572
-5960
-7378
9204
-5638
-783
8873
837
-8142
-2616
946
4948
-8126
-7535
4711
8570
-4413
-1478
-9549
5304
-8387
-8349
-549
-3772
-9093
-7387
-9572
5108
-1678
-361
-6486
91
781
3365
-2019
5230
-1169
-3714
2628
-2409
7627
-9780
801
8535
-4952
-471
1288
43
6708
1490
-4906
-2085
8381
7541
-6758
-3771
-6501
3166
-4974
-8893
400
79
-9431
6277
7343
-5501
-7269
5065
4976
-4296
-3510
-8067
7248
-7484
571
-634
1276
-1123
78
-3427
-2977
-2445
-3987
4918
-8722
4686
-9778
3508
8737
8062
-6190
-9716
5553
2019
1864
-6090
-7388
3026
9093
-6164
2031
2979
-8878
-4113
-1552
-5561
1474
-3573
-1918
1797
-8716
7523
4500
1492
-544
-1068
-8362
-4210
-8337
5534
3193
-2057
-1983
5346
2827
-6625
5870
-8842
8376
-4160
-1442
379
-8189
6263
384
3888
-9092
-8256
-3015
7372
9641
-3709
1076
3731
1512
-1569
2703
5815
9542
-1844
-128
2591
4454
-6836
-7364
-8926
-4824
-7576
-6007
-3657
-6473
9269
-2162
9320
-8121
-5333
6441
2202
0
6932
-2029
-3228
-6217
3751
-2860
-8598
-5829
-2238
-5131
4067
1977
-9517
529
8283
43
4742
-8870
8704
8375
-4798
-1151
8270
5429
7941
1402
2222
-5761
7209
-7197
-2251
7595
-5275
-4205
9504
5988
3763
9705
-8871
-5979
-3011
3688
4471
9550
-2749
3822
-253
8682
-228
-2353
277
-4352
-9984
-8843
-326
7954
8571
2521
6297
-7239
-8385
2002
5042
3687
6997
-8126
-211
-1934
2297
7767
-9044
4822
-9183
2586
6023
9502
-542
-6918
5858
-1035
3817
3260
-1321
-9984
-4612
2134
1179
9594
436
5501
9605
6326
-970
-9380
1321
4771
-6042
1799
6000
4236
8886
6827
-1403
-9685
-160
-4049
7184
4115
7775
5574
-336
2965
-8553
9417
-8830
3670
-462
8928
2187
5110
-8279
-2847
-6406
2366
-1334
-9501
-5993
1935
9295
1689
-7643
-1342
-810
-5878
-8582
-4983
-290
-469
7485
-4910
-94
3115
-7488
-1286
8957
6310
8851
2294
-2633
-3834
-3518
-7354
-9385
-8004
5031
725
1249
-9152
5046
4780
1779
4252
-2022
-3526
-2368
1226
-8605
7349
2194
9068
-1641
-9328
-1307
-1656
2848
-2013
-2485
4872
8723
-1042
-5062
2505
-5443
8645
3167
6259
8235
-5723
-1532
9203
-4976
-5924
-4367
9967
615
8962
6639
7085
2439
3258
2592
-9052
6164
9929
-3276
-5818
-9356
1115
-3479
1765
1809
5712
8540
8487
2136
-4649
-3239
8150
-6063
-6076
8187
-4585
4712
-8000
3985
9872
481
-2278
9755
8672
-4042
9159
-640
-1270
-8472
6071
-8307
8956
5533
7767
-9623
-2159
4738
-7531
1231
2567
7975
-752
-2002
5379
-1208
2835
-1047
-6755
-37
-3163
-6315
4595
-7750
-5627
7667
7800
2910
-4095
-8754
374
8501
-8108
4047
-1874
6156
-100
-900
5023
-7135
-470
-1688
4613
-6339
-940
7722
-9213
6878
9827
-4919
8669
-514
-5085
-1005
5888
3604
2252
5410
-981
9130
4838
5943
9478
-2818
-4074
872
4047
5429
3458
-1047
-902
-3862
-1058
4373
7924
906
9173
-4107
-1399
-7152
-6593
-3222
2251
8907
-3465
-9369
-661
-2768
2545
-8874
-14
922
-3509
-3637
7311
1229
8877
1783
-7342
2659
-1143
-1507
-2202
-9753
-693
7671
6075
9455
-3265
2394
-7566
-9841
-3828
-4137
8368
-3110
1026
4592
-7512
-4495
2618
9071
5083
-4696
7708
-4022
7881
-5894
-5984
-4797
2239
430
7673
-7886
5973
-6850
463
4410
2260
-161
-1261
-5922
3140
-1854
1319
-9242
9294
564
-3017
4442
5764
-6049
-5360
-8902
-357
-7595
3141
-862
2631
2935
-1612
-7841
6554
-5275
-4530
8910
-9194
4139
-8455
4881
1142
-396
309
7215
1744
7056
-8386
-4659
3687
5189
9217
6466
-6996
-8696
-4010
2424
-2079
2544
8747
-2836
-5096
-6549
1419
-6142
6654
852
8416
7878
-6554
9787
-9572
-2350
-3197
-8030
-8045
7565
-6115
6630
-6823
4694
-4058
-6799
-8435
5701
9079
-6190
-8215
-6616
-9166
-5803
4324
9367
-8063
5620
-9693
2122
1183
-3616
1999
6615
735
5878
7847
-1079
-1557
5222
-6462
9106
1506
1937
-6332
-7982
-6737
3032
5515
4878
-2703
5755
2596
5652
6304
-7012
-656
8948
-3228
2829
1039
7790
-7279
994
7170
1932
5197
-5650
-1256
6842
-1359
-4730
-8293
-9398
-1594
-9880
2471
6128
-4350
3772
834
7125
419
1575
-7814
7664
-9543
1742
-2143
9975
3355
6265
4572
9632
9297
-2058
-795
-4578
-9462
3230
-9036
9946
-1591
-8701
-5883
-8509
-6895
765
-7083
4852
-789
-8074
-2306
1174
8163
-780
-4134
-4010
-4393
-6540
-1923
4080
-6933
3539
-604
-6009
31
-698
2961
694
6892
5872
1495
744
9434
-9971
2570
8589
5663
-8659
1245
-7625
8677
3584
-9884
-9067
-9296
1931
7487
1044
-6421
6486
-9501
1955
5338
8393
9833
7044
-4430
-1300
-7738
5771
4979
8692
-2329
-7655
-7112
-5871
-6560
5955
-7305
-4255
-701
1822
-9345
-8468
-2562
-6357
1136
-6008
-8038
4380
-4342
5230
878
1686
-2484
-9809
-5035
7018
-5823
6915
6420
-1104
-8124
-1904
3438
-7682
-1235
-4514
-7306
5669
8287
232
3805
7354
-5300
5831
-7876
-4817
3987
-9895
-1248
5663
5622
-7554
-1176
9582
6989
-3628
-5253
-9263
-4637
9934
-3285
-2746
-2920
-559
-2236
-9429
4646
3606
4379
8621
-541
-9115
1960
7818
-5197
644
-3907
7646
-2679
2367
-1440
-1835
-4568
4409
9764
3505
-6829
-6652
-2482
3549
-9621
5264
-3843
2964
-5938
6777
-1469
