-1863
2964
5874
-3250
950
-4513
-6455
1306
-1342
3055
-1170
-6469
-1164
4882
-557
2146
-723
-9996
4694
-478
8305
-4541
-7846
5535
-6961
1751
-7707
5609
-9929
-2283
7039
-6945
9313
4994
2029
2214
1187
3499
4798
-7093
-450
2161
7130
-7431
-413
7576
-8738
-7646
5374
8054
6139
-8242
-9236
4133
-7579
6615
-9628
7722
-5339
-723
4880
-6123
9246
9549
-755
-9899
4212
-7854
4878
-292
-259
5187
9431
-2752
-5616
-790
-6878
-8025
2209
-6683
-9240
-1189
-8148
-949
-8737
-2065
3656
-2047
-6517
-7494
5285
2836
-6604
7121
-8270
9927
4219
-9538
8349
-9947
-1186
-4880
-2526
9371
6257
3340
-2884
8669
-4888
6420
-8776
4700
1244
9213
515
7532
5028
-7535
2027
9121
-7102
3270
-840
1720
-819
4988
1234
3221
-467
8543
-455
-5205
-4313
4181
-8433
-6963
-7345
-2469
-8655
5393
-8004
1277
1534
-6335
3961
9
-1898
7670
-4285
5250
-9099
8259
9250
4147
-1599
-9723
-4453
7901
7918
-9920
2923
8039
2316
-8027
-7461
2326
6702
1128
5577
5558
-9912
1366
1104
2853
1723
854
-9763
-9499
1751
8795
846
-1960
-2718
1574
-3486
-9205
-3509
-1900
-3975
-2170
9867
-7554
-68
1867
-9656
-3753
-9281
3438
5177
-5693
-818
-4250
7200
-9450
4957
-9046
4097
92
-9461
-4120
4739
-5595
9918
-5487
-5660
-3938
-9767
3110
-1413
8636
-6227
-4386
-2002
-4875
329
-5301
2814
4416
2834
6925
562
2466
-2930
8257
-3425
3837
3308
-3809
-4776
8896
-3448
-5791
7666
2010
2777
-6264
-1612
6545
-6742
-4206
4104
-778
-1752
-6090
-6737
8556
9475
-6272
-9916
6992
7042
-5253
-652
1043
7293
9704
5154
1433
2457
8056
-1615
-8059
-5341
9386
8899
-5740
-4480
-1365
-3666
2974
-3527
-5111
-1871
-7256
-623
922
-583
-2373
-508
-9089
2550
-4154
645
-4235
9077
-1128
-2822
9977
6409
5727
-3335
3071
7060
9765
-8124
2701
-293
-5242
-4064
1038
-5297
-7759
3963
-5814
-6547
5216
779
-4285
-3263
-8900
-6054
-654
3941
-7520
-8654
-5813
2533
-7348
2483
-9066
-4972
3175
6091
6415
-3515
5522
-2792
-8929
-1609
9237
-7255
-7738
3855
-7445
-3396
9269
-4061
-2643
8846
5500
-9323
-3692
-3261
9192
-9622
-3413
-1310
-3341
-519
6562
-6312
7413
-1180
2074
-7167
-334
-1198
6607
9491
-1628
7445
-8708
-1670
7663
-6549
4159
-7932
9493
-9483
-3488
-3476
-2467
2244
-1982
-1184
-5464
610
1103
5534
-9366
-7576
-7681
-6931
-258
9225
-3937
-8878
2669
-8504
-7005
1160
2192
6656
1403
-4524
-4784
8935
1675
-6215
2158
4577
5297
1171
-8821
-1053
-7865
-684
6489
9078
3566
8887
5917
8020
-3978
7569
4482
954
7374
1496
265
-4867
8844
9678
9824
-4279
8839
-2837
7379
-5899
-3972
-3687
7692
7846
-9336
-4615
3590
-9431
5989
-6817
-1769
6532
-733
6022
-7281
3180
7907
2576
-7955
-2163
-4464
-7826
4873
-6122
340
-4503
-4003
5954
5801
6133
-7068
5147
-6304
-9359
-6868
-7082
-3221
-3505
3355
7331
-5745
3727
-2006
-4480
5245
-7638
-5293
1136
-8414
-442
1381
-1404
-9639
289
-1568
-2364
6231
-3814
9457
-4853
-2345
1653
344
-3189
-8762
-5080
-8908
4417
6039
-7881
-6907
5082
7956
-2042
321
-7612
-700
1940
-7113
8951
752
9315
2644
-1275
1054
500
9648
8312
722
-8157
-3634
-1099
8300
2052
2608
-3828
2342
7302
2070
-3869
-5983
3953
-2406
7
-4066
8760
-5981
-9467
-2408
-8590
5514
-7410
8797
-5017
3654
2225
4466
1349
-6047
6169
-2920
-6584
-6672
3694
271
-5611
4699
-9142
-7504
-1347
6750
-1392
472
-2436
-7038
-5528
-7832
-9648
613
612
-643
5161
1663
-8258
-9862
-1563
9690
-8851
9614
1582
1244
-981
4776
-5299
-3869
4939
1139
8938
1933
2974
-5240
8177
1074
-7425
-8781
-9376
-9173
2784
9510
4131
6928
-9315
6396
6096
404
3934
-2009
-4179
1251
-8697
-9092
2878
7666
-8504
-1523
-8796
-655
7359
-2065
-2175
5628
6917
637
-3660
8997
1941
-7169
9482
-3027
4735
2544
-2686
-9943
4716
-9622
-4163
-8042
9805
3866
-4818
-8395
3552
-9729
-9433
-604
-5560
4618
-3508
-61
3129
6991
6700
-7146
8801
8944
-340
896
-1993
6502
1956
5814
2781
-2761
6734
697
-2504
9999
-4405
2627
8910
6942
178
-7591
3247
6463
-37
-1613
2901
7177
3942
2693
5995
9641
5337
4421
3678
-4133
-1700
6667
-1769
-2386
-8822
7410
5867
-54
1031
2478
3088
175
-599
-6734
9187
-440
-2222
-1062
-1960
-8720
2656
4427
-569
1919
1327
-9198
-5699
3025
-5058
992
7309
9964
8933
1319
-5135
-7786
-5757
-2507
2097
2576
8565
-9538
2275
1520
4213
-2750
-3216
-8571
1191
8629
7009
-9291
1513
3362
-5758
1603
-4757
5240
-4905
-1438
2187
-7538
-2151
-3554
210
-3073
685
8163
5422
5273
2846
3427
7944
8317
4439
2381
5856
-656
-453
-369
-1126
-2059
152
-5708
6662
-4228
3176
1966
4829
-8965
-8616
-4965
108
5912
-5843
1434
2445
-3955
-9292
-9090
-3290
-6512
-9370
-9843
-3292
1163
8198
-8832
9236
-8308
1966
2006
7881
1911
-1389
4121
6077
7736
7906
7167
-9789
976
6108
6482
9468
5671
2192
-8120
-5565
2891
-4156
6387
5977
-3318
1919
4889
6637
-2551
4586
-7926
7617
-4224
-7672
-1607
-9648
-6880
-5257
5677
-225
5404
766
7723
4174
-6804
-5343
-1158
882
3112
-4657
-7174
-9277
-1305
3351
8746
2072
-1237
-1344
-1644
-2810
7807
-7729
-3447
-2768
-2863
6072
-6562
-9964
-5642
-9630
5392
9150
7969
-6171
949
-9955
1873
9902
8454
-142
2804
2343
4768
-2332
1216
4876
2855
5469
-8923
3215
-9894
6833
4327
-8016
4162
-6425
2413
-6490
-3343
-3239
1205
-7018
3535
2051
-6293
-2496
-3898
177
8979
8404
6631
5916
1622
8476
5753
4299
-5829
-4203
-1030
1193
-5297
-4428
-5319
-3810
5295
7777
4573
4242
-5068
-3808
-9817
-2768
-7747
8368
-9498
-9364
4770
-4934
8799
5105
-8255
6430
-9747
9955
5280
1400
2216
-9828
-2634
-4326
1336
3734
-9205
-2314
-1183
1328
5910
-9452
-8170
2246
9819
-5699
62
-1247
-9968
9358
8178
-7339
-7238
-863
1000
-865
-9641
947
-7159
-9803
-7362
-8057
-4552
-5420
-9001
8309
219
7875
-1577
-6258
2525
-4338
2100
6266
3181
5795
7730
-2371
1679
-3797
4932
9200
8852
5124
5383
7698
-9403
587
-7859
-7235
5530
3995
-860
-9975
5023
-8692
-275
-4337
7631
-2021
84
1802
-2848
-2557
-1747
5406
-824
-1030
-9725
-8795
5608
3475
-6415
-1937
-6552
4341
9650
-3264
9407
-8046
9883
-8305
3323
-9766
-2201
1755
-3826
-146
373
-3260
4656
-4033
-6297
-7264
-3305
355
8406
3693
6063
-8830
-6871
9446
8442
9295
-1750
244
-5948
-1171
2650
-8646
-8345
3807
-4904
6830
-7812
-3256
-7786
2055
7656
-7438
-4880
-8650
-3640
-9554
5344
-2841
-4393
9153
7527
-5753
853
1272
-3160
-5540
7244
-6744
-1170
1722
7716
928
5069
3558
-3425
-3865
-6809
-9560
-4576
2214
3019
7080
768
-2142
-6641
-9342
813
2843
-8070
2228
142
-2308
-5173
4696
9898
-578
792
-4767
6855
804
-9659
7702
7424
5145
4076
-4204
-2168
-791
9145
4255
9504
1202
3845
-6567
8547
9022
-3864
4485
-1421
-99
5694
6724
-4801
2512
-9245
5286
-8901
579
7962
3530
-9718
1462
1293
4542
-6902
1149
4230
3632
-5349
7372
2594
9104
-3300
9305
776
-2267
3568
-7797
-705
-1093
-7351
-5300
6969
1848
2030
1682
-3198
-9615
5315
-661
-9136
1679
8182
-1732
-6089
7424
-8124
4146
-890
4606
-2438
2752
-4941
-4646
-8480
328
-5430
8940
-4161
7407
-376
4094
-7256
8523
-7836
-6446
-6589
3353
-2265
5279
-1595
-2229
-7842
9749
-9324
8176
-9348
6656
-9582
-1797
-6121
4959
-9532
-1079
-3547
-8201
8877
-5510
-9564
7832
5478
2784
-731
-8875
9185
6782
3587
-4303
8529
7571
-2176
6051
-951
-7654
-1948
8699
-2262
-3913
-3501
-6467
5162
1299
-7104
-5458
9806
-2644
-318
788
-1641
8723
-6604
-2668
-3055
-4118
2366
-6334
5708
-7356
3520
8257
-9878
8284
381
5054
-5600
-1735
1446
-2141
7965
4144
2459
-6312
5525
8968
7046
-163
6441
7527
-9175
-6553
-1744
-4177
5680
-8136
-8876
8625
-9214
-427
-1545
-3614
8100
6809
-3833
3235
9766
434
7517
-5648
8738
1083
-1575
-4167
8451
4662
1981
2315
-8583
-9292
8071
-1736
-6027
4687
-8977
6631
8160
872
-9941
4813
1641
-8220
-3690
3355
8613
3233
6450
-6358
4880
-3538
1689
3406
1416
1163
7214
9893
-1378
5311
2865
4628
9693
-4581
6721
5849
1241
-3858
-7457
4090
6681
-2950
9325
-9252
2042
2433
-4040
-9627
-9330
7189
831
-2666
651
9582
1863
811
-7547
2385
5304
866
653
6171
-2418
2053
-2101
-7140
8243
6162
-4611
9128
7628
3017
-6686
7863
-9749
5839
2933
6494
-4522
-4066
-2159
-8833
3815
-5645
3607
830
8801
-6912
-3456
-1356
-2377
-5781
-9548
-570
2160
3171
-2190
-7824
5259
-8327
2831
-1378
-759
-6033
-452
-9015
9638
7569
7555
2083
-4719
2723
-3808
5431
5167
7149
5600
2264
1032
7955
4006
6021
3395
-497
-2040
-1055
4768
1082
4406
87
-2602
-3495
9465
9235
-5950
-2126
3627
-703
1689
799
2959
9184
1997
4389
5440
465
9268
-9787
-22
9760
8104
-3843
-5389
2902
-6558
8561
-2159
-5684
-455
-7982
-7169
-5345
5248
-6960
-7415
-3494
9634
9353
-4263
1605
3937
2017
5611
8634
-4133
-1436
4834
5251
-9305
1823
-532
-762
-6333
7090
-399
6830
-624
-4221
5829
-6833
-5844
-2246
-1281
-839
-8764
-9301
3898
-4040
-7575
47
4347
-769
-3316
-7111
-9483
-7169
-4441
3136
1040
3046
-3958
-4562
-2268
-7454
7059
-4275
6224
-3188
4719
7945
-5217
-2488
-5346
-8004
-833
9994
2244
-24
7909
9275
-9376
-8522
-3835
6092
-1723
-3133
-6649
4976
-9400
-1498
-1541
5658
6592
-2246
5578
-2435
7395
-9998
-4726
-2639
654
4439
-5578
47
-5038
-7225
6611
5283
3745
3705
199
-8040
5474
1276
-7189
-5315
-4587
2572
381
-5739
8779
9595
1908
-2564
6946
-4448
-2232
6894
-3481
3332
-5220
8369
7740
-3162
4603
2619
-9039
-4295
2011
-3585
8234
8634
5739
-4038
6648
9700
-2404
9503
1930
115
-747
-9192
-8266
2397
-7959
-2513
5319
958
-4145
-1282
-6235
6783
9765
-5821
-102
1350
4258
-7822
-8388
3098
1439
-4050
-8019
7955
-8696
-2761
-6018
-5278
2545
-9035
1930
-1921
-2701
-6161
-4593
-95
419
7644
9267
9185
4603
8486
-9603
-7744
941
4931
-6490
9525
5137
9081
-2419
6594
-1227
-8458
-5695
-3310
-9900
-910
-3548
-7297
-9779
-2089
6992
7384
6688
-6120
3166
3941
2076
-93
-2784
-4041
1976
-9502
1316
2445
-2136
4864
2598
-9519
-3305
9429
2638
-8902
3034
4079
-9581
981
6818
-8322
3045
3048
-1909
5626
-2302
-3402
1728
-7235
8189
4567
-7439
-1108
-7997
338
-5943
1613
-6136
2416
326
1252
5878
4990
-9641
7804
-9104
9881
9760
-9039
-1660
534
-6023
2392
1665
-535
1406
8881
6904
-1146
1022
8917
5291
2822
4900
-2655
-9353
-7681
-6212
9058
-1613
3435
1362
5928
-2852
4438
1689
-7850
9300
-2203
-3950
177
8015
5959
8163
-4997
-1916
3677
-6946
9347
-7253
5325
42
-6865
6655
-3103
1385
-1537
310
-7859
3742
-6208
6335
-6987
7748
9164
-8927
-6722
7999
-9211
9515
-941
-8705
3408
-1775
9317
-5435
-1921
-6151
-12
-7435
1259
3287
5954
7128
622
-8645
-9178
-9521
-5997
2526
-4735
-4459
3239
-677
-4218
8931
-4409
-711
-9083
-4976
1336
-8717
5647
1090
6584
-8549
-6876
-1553
-4776
3583
-909
-8552
-6586
6988
-2626
6586
-3616
1928
-2525
7288
4835
7547
-6646
5483
-4308
57
-2392
4078
5520
827
7655
6222
9774
-4934
-4929
8039
4856
4367
7760
-4222
5430
9775
4264
1776
8510
3447
-1274
-4278
5715
-4110
3154
178
-9018
997
1289
-3844
-8223
-690
3841
7362
6503
5227
-485
4387
4975
-4127
-3534
-4768
8533
-6123
5088
-103
-2927
-8650
-9711
-5919
7420
4430
3438
-5725
8275
-4853
-2943
5856
-5790
-9270
-3114
-7706
1621
7830
7426
5746
3749
-3004
-3054
-5510
-3585
1569
-1926
5679
3448
-4506
-9617
2290
-2914
-6988
6325
1164
-9392
4441
8040
-6697
-1685
3510
-1464
1315
-5286
8716
3221
-85
4640
-6535
2488
-9263
768
-8713
-6287
-5866
2249
5722
-8370
-7772
3815
-9449
5886
-278
-9563
-1433
2828
-5593
-7178
-9284
-5644
6311
5421
-9246
-4318
2536
-9640
7332
1749
5070
-9090
-4909
-5306
3803
-5426
-7179
7080
1313
-3909
-4614
3508
6550
-7590
-8061
-855
-2431
9993
7989
-293
-4223
-3694
7134
-5227
2626
588
3671
3959
-6647
-4598
-8953
2767
-6546
-9133
9857
8050
6394
-9684
-814
-1308
-9137
6601
-4715
-7439
4428
4338
-5074
-5055
959
1199
4027
-7351
-540
8004
-2096
3445
-740
-4978
5960
-3027
-6579
3629
9938
1673
9413
-4450
-5340
-235
-2986
1830
9431
-9350
2396
-4756
-2315
9304
-1642
5587
-5773
6221
-9383
9470
-2783
7892
-528
3806
-269
6403
-3386
-610
-485
181
8224
-4539
8361
-5080
-3306
5921
-3123
2680
8734
1219
2560
-4104
6769
-2995
-7399
-9359
9657
-7695
1443
5442
2506
-2317
-364
1276
9207
419
-8317
-3920
4024
-3786
-6942
-8422
-97
-8577
-5702
-3211
8817
3794
6027
-3960
781
5507
4260
1503
-9898
2435
-27
3561
-7075
7207
7307
-5799
-8890
-2896
-5245
-5033
9665
6271
4525
-6299
-2440
7633
2973
5932
-5490
2051
-1035
4793
6215
8363
-3684
-9362
3539
-389
-437
3534
3238
-9479
-9210
-646
-8045
-8721
-2961
3512
-5819
6931
278
-69
-4588
-4883
-2368
-3591
-2843
-7157
9300
9395
7132
-437
-7717
4447
-6669
3137
-788
-2340
6479
1834
-8652
-3757
6399
-7122
-4284
1707
3165
5244
-5321
-1579
-6773
-2136
7184
8375
-297
3356
6577
7367
-4456
-6792
7345
-9835
4347
4990
2580
2583
5965
-518
7843
8470
-4407
-823
444
5320
3992
-8747
8791
-2278
-2898
-1058
-4056
-5917
1398
143
-3567
3227
-3279
-3359
-1699
-4983
4616
443
9362
940
2714
1859
7614
7790
727
9974
4422
-1905
-248
-582
-6136
1478
4978
4422
6854
6911
-3478
7079
9529
4012
-7981
924
-2404
-1894
9223
-4611
3165
6347
4367
-4042
-1064
-9895
6220
3692
-4167
1732
-7142
-8710
-4912
4330
336
6322
-2157
-8609
4509
9703
-2055
-6257
-5313
-8719
3240
6053
8412
-9713
-4056
-841
-4548
873
-853
-3188
-6558
593
-6744
-713
-1924
-3754
9624
6536
-2176
-4846
6771
-6419
-2188
7474
-851
1735
8279
6929
8808
-6647
3901
6245
-759
8580
5663
6433
765
-3436
-444
-8430
5153
824
6436
7720
6909
-62
7113
-2533
-6603
4690
-7298
-3088
-1276
-1786
4795
-2425
2793
2537
-9364
-9023
6243
-2170
-3232
7645
7172
-625
3755
7616
-3658
-157
9395
-7080
-5530
-2427
4744
-7719
8404
-5599
8959
6855
-4641
1430
4698
2903
6780
3444
-1397
5754
-1606
-9871
7572
-5790
4577
9255
1700
3987
-5017
2353
-227
831
-2249
-1289
4223
3617
1589
5794
3317
105
-7039
6796
-6679
1493
-4386
-9638
6009
9191
4457
-2758
-4777
-7969
1271
2790
1287
-2716
-3993
3752
-509
7276
4724
-6209
1111
1606
6439
-2141
-9612
7823
-6644
-2612
3175
6659
2714
8273
6192
3279
-4285
7230
3527
5463
6561
900
-5033
7744
-5945
-6058
1814
2266
6017
-508
4583
-825
7553
-554
8400
2851
-1021
739
-6148
947
3774
-227
5120
-8982
-7050
5625
-7279
7718
-9773
-7051
-3935
-9509
7174
2808
9868
6653
-2274
-8169
229
7687
-7396
-5451
-5972
2106
1038
-5815
18
6781
-2678
8041
6848
6699
-4393
-5910
2834
-8537
-3513
3758
-3237
8093
-4963
-9267
4519
1577
5457
3632
-7374
6409
-4207
-1864
6716
9299
-6474
169
9763
8118
6920
3122
2295
9344
-9489
635
6196
4728
9316
3626
8470
-9205
43
-7711
-3042
7083
6838
-6257
-1890
-5045
-1407
7701
-1309
8599
-312
7150
-2423
3302
-2065
8988
-2486
-3247
1591
5451
4930
-7142
-2929
5948
-1673
6617
-2318
3303
-754
-2327
4178
-5994
-6006
871
1936
-8
-3208
-9592
4103
-9967
8886
6921
3590
6814
-3801
3070
-4840
8556
-3023
-9626
9035
-1270
-8470
-6852
-2372
-9951
-7794
-4362
6201
2595
5573
4259
-685
-6412
-8933
-5755
5541
2005
9897
-6879
-2462
9968
1053
-1917
3787
-4447
9449
2949
-1192
9919
6014
9996
-6260
680
-4276
7156
2089
-7360
-2637
1364
-1362
-1154
-9077
6415
1682
4398
-5779
7261
-3375
5623
-3872
8712
-8487
8278
-5280
8216
2212
4953
9466
4560
9623
3105
7772
-3071
-1247
-4056
-6994
-3160
756
4348
-6880
5912
-6851
7395
3274
-7822
9270
-3842
9811
-1753
5784
-1022
6254
7729
-3026
5467
-836
-4265
-9050
-7576
-7291
-5597
-9613
-4199
4681
1393
-3380
3190
9527
-3321
-3452
3743
-5333
-7169
-3940
-7765
-4121
-163
656
424
-8262
-545
-4428
-2540
-8596
-561
-4017
3551
6577
-4565
3176
1408
4051
1120
-3004
-4931
-4114
1700
-6394
4936
505
8867
-6162
-2738
970
3661
2185
8511
2125
-5329
5783
7439
-9494
-6513
-1474
-8581
-6598
-3516
7240
9950
-1230
4412
4470
-3415
5405
7364
7871
-4745
-7834
7784
3809
7350
-4256
5726
-2779
3095
-1463
4260
7994
-9945
-5435
5469
7454
4130
2651
-3203
-1281
4013
-6332
745
9576
3941
6172
-7128
-8631
8950
893
-8027
-4902
5391
-7907
5850
-6870
-8333
-3276
-8945
-4606
3847
8216
-1674
5686
3215
-5442
-5533
3962
6519
9820
-6448
4591
-5057
2962
-4923
4752
-5618
-715
3802
4491
-4770
-5779
-3076
6276
-7997
-5108
-2384
4990
6776
3201
9616
2357
-6507
-7897
8430
-1061
9568
-4870
8329
-4214
736
-691
8475
5220
-6682
1963
-416
1594
7339
-9891
-5522
-3832
4557
5396
-46
7036
2650
-9828
-4506
-8684
6199
277
4300
660
-2772
-6471
-5364
-7460
2124
-8374
2067
-5361
-8848
-9710
4516
-9246
-2496
-2844
8961
4784
7690
4734
-8114
3697
6932
1994
-7833
-8970
-479
-5486
-2841
5014
894
1330
6951
-5060
-4728
5735
2601
-4333
136
5636
-406
-2921
-7191
-5744
1922
6696
7139
-5366
7833
-8103
7933
5061
-9380
-1208
5977
-4087
-2999
6987
8235
4433
-6869
-5524
-4572
6236
-3338
1518
-7553
-2350
3050
-8300
5766
-6958
5008
3411
-7198
4232
1774
-5743
-1174
-8265
-527
-194
964
4759
-8828
-876
-4247
8292
8566
7990
-5368
-6363
2797
6682
-1500
2897
-7971
8416
-4724
9374
8382
-6719
3345
-1364
-584
9469
-8731
-1849
-2993
9385
8484
472
9925
-2803
2768
9567
9917
-4421
-8292
3683
5319
2261
-3608
-9220
-3912
2818
-146
-4703
-3524
-1057
5725
296
-7523
3748
-1144
7187
2441
7485
5911
-3660
-8949
4644
-6160
-4834
3973
-1539
6376
7355
-4785
3079
-6672
-8631
5604
7328
-9047
-2606
3450
1566
-9322
511
-2758
8666
-6245
-5566
-7636
8910
5642
5173
6534
-7724
-5445
-2783
-6580
-4249
6894
4333
-3854
9123
8316
915
-1490
-2427
-476
153
9622
4352
6719
-3692
9949
1801
6828
7111
2947
-3897
-889
1635
7609
8157
-8294
4071
2016
6957
7462
2541
-7995
831
-3877
-810
4663
1137
-7569
-3237
3747
9685
6340
5755
4235
-6995
-7677
-5621
-5118
4077
589
-4197
-2800
-4828
8381
2482
4040
-7437
4794
-8730
6280
3586
-8836
-1126
-4589
3605
8183
6180
8577
-4283
-7028
-5298
3161
-3542
-1962
-7779
4259
2803
-8576
8421
-4194
-3571
2304
-1840
1883
9468
-9270
-3649
9727
8756
-6849
698
-2516
-5269
9023
-8753
-3655
7567
-8668
-6161
535
-7129
-7448
6339
3967
6462
4122
-249
6268
7081
3752
-2410
-8802
-5520
-3584
-456
2548
-2757
6133
8774
4648
8741
-6444
-1311
9754
9052
-8384
-7321
-7495
5178
-4361
6487
-6407
3361
-3906
-6655
-261
-9504
9200
-8218
-4888
-9270
-9803
4107
-2321
3158
-4598
3280
4353
6069
-6281
-8628
9455
-9708
-2606
7298
-5417
-3989
9022
-2571
-5030
-559
-9356
-1634
3670
-7541
4750
-2872
-5743
-9632
-6191
9609
1598
1824
-2667
-4638
7743
8160
5213
1331
-986
-9212
6966
-2640
-1454
-3226
677
8867
-367
6278
8107
8740
-5912
-6174
-204
6035
-4580
-3350
3059
5735
5949
9533
-2226
9567
6029
-1585
7204
-644
8034
-3580
8638
890
9691
4932
3084
-2939
3093
-6178
4080
-306
-6453
-6877
3708
-5726
7134
2024
5807
-7809
1848
4348
-598
-388
2987
-9930
-584
-7298
9764
-3664
-9275
-7692
-8994
-9288
7566
3465
3190
5915
7380
883
2952
-9330
-8585
-3081
6563
-1642
-3125
-8742
-2146
7333
-9809
-4973
-6812
7221
4270
-9159
2778
-4396
-1217
5423
-2634
-7815
-324
6181
-4622
-9911
-2817
-8265
4105
4286
3155
6089
-9224
8391
9076
-1424
-7172
3945
3714
474
2461
4744
-5492
-4168
-112
7536
-5073
-6842
4785
-6669
-3762
-1814
-1517
7313
-4456
-9749
-4974
-5276
4480
-7168
-1887
-3614
-9468
7974
-5704
-7582
-8822
-437
3389
9807
6223
-5740
1768
-6999
-3164
1879
4864
-7991
9556
8482
4256
-466
3061
3947
1641
-329
8016
-6183
6526
3342
-5555
2195
-2236
-3414
-8844
-9782
276
5696
1243
6682
-6508
5521
617
8650
2545
6136
-53
8154
-2333
-9165
3770
-9656
6957
1801
-7176
5746
377
-3811
-1673
830
5034
-5646
-8098
5478
9024
-6146
-7478
-5120
5897
4666
-4175
1280
4053
-7782
-4412
2260
-5168
-5176
2701
2826
107
-2777
-9729
-9257
-6409
-3792
-7911
6927
3543
9858
4997
-2497
898
-5240
-1861
-1731
-8724
6722
7939
-6987
4085
-629
6642
-5503
2334
-6311
-3503
-735
9525
2311
-1858
-4235
-2771
-7430
-4360
-4779
3624
3982
-3826
4845
-4199
-4595
3539
1870
-7021
-7130
-5436
3222
-7327
-4501
-4379
9316
907
-7486
-8120
8874
-1488
8986
5494
-4005
-9123
7596
9868
444
-5080
6868
-962
98
-9342
-4151
-5756
8839
3948
-9556
8415
-2411
9169
-1216
-9898
-7243
-9771
-7798
-230
-997
-5460
-2975
-306
-9762
-3033
-9462
-5528
-4921
7704
-2136
571
2966
-7636
724
3158
-5754
8768
2631
-4827
-7079
-6735
-5555
-8379
-3777
-8837
7732
4945
-6080
0
-882
-8419
2418
-864
-7226
-1387
8474
9914
-7308
4619
8918
8355
-9778
-1686
-2979
-5056
7778
1352
1738
-8806
-9120
2978
5909
-5143
9067
4411
7719
8605
5184
-7544
9486
4702
3477
4066
-4494
7742
-3831
-2805
-2853
9054
624
480
6169
5117
-1299
9711
51
-6651
1702
1681
-2774
-7795
1996
-5971
-1698
-9196
1102
6790
6496
-3
-791
-3070
9648
-1604
2767
9693
200
-211
3410
8526
-6377
6400
1174
-854
-6244
7099
-1094
7312
-3358
9600
9317
7476
-6098
7752
8133
8916
5178
-7653
-8584
4680
3781
3873
3423
-8953
8661
7525
-7898
-2924
8609
4366
9669
-6806
-8749
-4476
-2011
-9345
5271
5088
-6368
-3216
-5407
4618
-1342
-3212
1749
9098
5213
-4285
-8298
1814
-8228
8206
-8070
-3225
9043
-815
-8498
-988
-6976
-6699
-1417
9268
-7971
4461
-8996
2429
-7604
3743
-5591
-660
-8825
4604
-8253
-4138
-5647
-963
-5344
7903
6544
-2430
3563
-1809
-2913
3035
8590
8604
-8643
1120
-3479
8500
6573
-1968
1986
-428
-6395
3634
1063
-8576
-6466
-6863
-7917
7794
8856
2003
-2225
-2977
-3006
-9361
3368
-5617
-8371
4600
-5883
-5406
-566
7458
3704
-5949
8686
307
5243
1484
3727
2905
6869
5796
-9307
1061
1913
5457
-6280
-9868
-5995
6979
2231
-6681
7140
1514
-5348
-5047
-952
-1310
9693
-8460
6919
9304
-5533
-1968
-1827
-6953
4045
442
-221
-5696
-446
-4610
9846
-4245
3417
-9839
2115
-7381
1524
8099
3756
1829
-9286
-533
6032
-1366
-6508
6630
-2161
-6406
-4575
6108
1926
-2935
-2459
-1340
-4826
-1930
-3440
1355
9600
3152
706
3313
8460
-6558
-6349
-3697
-8947
478
3604
9411
-4981
-8193
6611
-8485
-1364
-3556
-5481
1137
2772
1919
-6964
-4593
-9102
-4760
2663
-9213
-3932
-5166
7381
-9282
-1802
-6553
9957
9079
3046
-8915
-7703
-3758
-1989
5242
3472
4998
-5456
5766
-1245
-3373
3756
9192
-2170
-2974
-5561
-8191
8004
8930
-1431
-1073
-3016
5169
8149
-2792
-8607
8014
-7449
-6207
7122
1015
8267
-8879
2620
7809
-1216
1586
-6762
-2722
-7627
2200
-7361
3346
-3201
-2636
-5645
5376
8085
7128
-5850
7621
-1031
-7292
-7319
4311
-5161
3136
-5024
-2530
6836
-9451
9102
4974
7144
3883
7846
2071
-7599
6387
1412
-2950
7767
9718
-5456
-1756
2787
-7184
-4888
-4364
2966
-6935
-7981
-672
-5999
1764
178
9347
4739
9591
5142
5148
9899
2579
7774
-3761
-7595
2215
297
5463
-6196
-3537
7789
-6875
5625
4222
4043
9546
4920
-3234
2049
5202
673
9354
-6016
108
9755
2064
-3383
5168
4650
-5971
-6021
4164
-8692
5264
-9498
9836
-1462
-6503
-8124
6373
-1752
-6489
1323
7355
6588
-6904
3836
148
-39
-8963
8195
1349
-4806
-9400
-3027
-2993
2888
3787
4781
-5927
9068
-4376
-3705
4995
-2349
-7480
-7114
-520
6046
-9707
-4276
-1920
6789
-3311
-7628
-2235
-6341
8362
-4443
6873
-7845
-3500
-1565
5915
9876
7596
-3358
6948
-7505
1856
-9658
-4621
9478
5553
6164
-3818
4563
8929
-4447
-5703
-8144
3599
-2566
-9728
-2208
-4228
-129
-182
8023
-5207
-3557
-2807
1014
-2599
-8321
5618
1597
-4711
4932
8165
4074
-4315
-4614
-5170
-8086
-1756
8732
-3721
3550
963
3307
8043
-576
-9753
6234
2191
379
-1677
-192
-9016
1884
9174
8638
3196
-1420
6815
-5797
7236
9657
-8994
4072
1930
-770
8629
3938
6998
-3727
-2105
-2048
-3338
-4525
-1007
-2992
5678
-1225
3029
-9013
3239
743
2851
-9751
6534
7448
8738
1112
-346
-8861
2176
8256
6564
3011
-5914
2810
5636
5319
483
-8488
-2112
-276
-454
-2492
7995
-4668
9484
-2293
7424
-4563
7562
8690
7607
7902
4751
-6431
-3848
-8164
3220
-3053
-1015
2269
3358
5139
9870
7661
-393
-8708
4302
-9347
5082
-7065
4683
-7550
-5747
5132
-3350
600
-9241
-3988
487
5689
-5245
-3177
-2604
-2215
1735
-1180
-1208
8572
-9402
6377
6299
3443
-9356
-1817
-7847
6938
1543
7166
-8591
-5225
-946
293
-3126
4722
-4880
-9154
1539
8349
7469
1852
-662
6862
6721
-9069
2376
-2900
5565
-8392
6338
-3955
-635
-4527
4032
-3259
-1663
2842
-2070
4284
9905
-6241
-5329
-5412
6215
-6994
4678
6227
-8064
-5807
-9816
-5821
-127
156
5045
6533
-4860
2711
-4681
3621
7954
-8534
5261
-2500
8455
-6669
3676
398
4939
-7703
-3952
8542
-7182
-3958
-518
4305
7443
3064
2482
-169
6686
-8844
-1698
-7775
-8869
-5668
7229
878
-757
-3763
-149
-591
5622
-3278
5632
-9956
6689
4375
3712
2563
186
9073
-6198
-1730
8476
8127
-4860
2580
897
2854
5163
-9232
3667
7455
-605
3290
467
-2154
5017
-7830
2207
1264
-4053
-3163
7835
3121
2568
-6794
-8070
816
-1534
200
-424
3563
-6758
-9331
7024
8657
1767
-4041
6360
3042
8911
4085
6329
-1712
-6003
-5736
8732
7385
623
3617
-4699
2195
-579
6929
-6464
-7517
6977
-7860
3348
2450
-5842
2722
-8864
-4977
-5287
3073
-1439
2369
-7888
4965
-3423
-9013
2061
-9293
-1753
-508
2049
5244
8940
2633
-3380
1790
-4900
-2547
-9587
9311
-8524
7502
6389
4538
2899
-3213
-1533
7223
9578
58
-2096
-6215
5439
-313
-6115
5947
-292
3735
-2170
1724
-4639
-1994
8729
-3681
4756
4676
4941
4758
-6640
881
-5887
-7663
1233
821
-8285
-9407
-840
1206
-7097
9707
679
6744
-9607
-1327
87
7579
-1113
6246
-5079
9137
5601
-1457
-7670
6520
-5506
2116
-7658
300
-6987
7822
9401
4396
999
9862
9549
-9554
5928
3399
1635
-7887
4504
8803
-9991
4920
-6312
572
8530
-5614
7327
-632
-9607
9984
-9599
-5190
-4374
-2073
7460
-793
-8859
-3302
1432
-5709
-9301
7492
7424
-7405
-6232
246
-6693
-5455
-9214
9759
-1601
-1986
-3223
9667
3223
-8497
3229
-7038
-9506
-8728
-5703
-256
6877
-2150
4481
-2219
-3927
1599
3732
-3986
3127
1602
2581
-2835
-5412
-1006
-4381
-6531
-2897
4687
8575
2560
-7005
4300
-4643
-7018
2831
7307
5702
-2952
-5717
-6862
4004
2023
2689
-2497
1789
-6541
-9650
3039
-8736
-1175
-5067
8674
1593
4918
2229
8689
-2490
4261
-5129
-5036
-9904
7953
-7491
-9578
254
-2207
-559
-4652
8754
2762
2867
2405
-5249
-6824
-4415
-8239
4523
-3577
-8413
7705
-835
-6703
-6092
4126
-3281
6133
-3925
-6387
-1996
9130
-8080
-2425
5180
2712
7890
4161
-3465
-420
-8719
3914
-1219
-6484
4716
623
4081
-9543
3640
6634
-8196
6264
-9190
2245
9427
-2423
1097
-5713
-176
5328
9600
1035
7324
6804
8873
4423
-7292
417
-3477
3123
-3266
52
2963
6983
-5193
-9564
-2395
-4020
-5348
4784
732
6100
-971
9870
4782
9833
-762
9707
3734
-782
-3874
-8875
8172
6167
8439
5548
-7892
-2402
1643
-5640
-4866
8984
4902
-8454
1244
-9544
-5771
-192
7428
4184
-2896
5752
-1926
4625
1523
2442
-2964
-5146
4872
1449
-1617
-7804
1028
4234
7647
-11
5897
1350
2117
6192
270
-634
5405
-2941
3047
186
5266
8862
3284
-9114
-7243
-6132
-873
5627
-8901
-673
9400
7739
126
-1827
-4992
-6564
4030
-406
-1831
6017
6883
-6085
8388
-5550
-946
-1243
-8446
-4525
-1062
-8578
-7476
7771
4442
4062
8034
1949
3196
-5158
7526
-1441
859
6593
-7883
674
7416
2459
9483
-6995
-2129
3907
-1003
-4554
9861
6293
-2788
-4968
4531
-8280
3801
-4999
-2823
-8095
1242
-4946
2347
-8913
7531
-4003
1084
6175
1498
-457
-9110
-4528
-9349
5253
-9382
1038
6256
-7209
-1647
-4348
1279
6954
2450
-6522
6711
-4528
-4609
5466
7925
-2492
-1583
-1026
1346
-2410
5675
-7112
6231
-7581
-4165
5566
-632
9044
4147
-4823
-3132
-5017
5112
7939
9698
-6204
8103
-27
-9394
-674
-1675
-4734
-3550
2388
7825
3055
485
-6881
5539
5456
-1916
-6084
-5694
67
-7769
1806
-8674
-5523
3265
-4054
5229
6930
5882
5976
1884
-7392
-92
-2009
-4501
5533
4569
-9579
7487
-1565
-34
-7564
-1571
-551
5832
6673
80
-1748
9874
7855
2197
7179
-9699
-4929
-1842
-898
-2026
-6700
2461
-2823
4432
2052
1301
7446
5547
-8685
1540
8276
-9497
-2510
7026
3420
6272
-60
-2310
-6370
-2117
691
185
-8760
-3117
-8834
-9966
8627
727
9145
2413
8548
140
8933
1371
2898
1152
-3021
-7936
-2446
-6414
5828
319
-7523
3832
-4346
-1393
-8067
-8302
-3494
-6406
-9995
2898
2268
5309
-2565
1185
-5104
-7715
-650
-448
7908
3662
-9178
223
-2319
9994
-4388
-1817
-4946
477
8001
2216
-571
7537
-5932
171
-9571
-4915
2736
3143
222
-3460
6634
1253
-5936
6781
-7675
-8439
5973
9558
3331
-1585
5748
8910
1689
5582
9412
-8450
-2267
5962
-3122
5366
8455
-1069
-2086
3205
3582
-2546
-8334
6915
4710
6340
-8969
-2132
4380
-6394
-6611
-7694
759
9731
4727
-8952
880
4724
-578
9545
23
4014
7639
1026
2661
-9749
7512
2945
6857
-1607
8586
-845
-4509
-7404
-5021
-5976
4426
-2015
-4955
-8477
-3868
2773
-1289
5297
6864
-8581
1880
-5161
4416
-5546
8516
-5540
2509
4103
-5670
-752
-8754
-1326
-688
-6094
7433
-7404
-6825
200
5736
-7099
-9310
6711
-1066
5416
-2519
6773
-433
-1697
3230
5889
8137
-7851
-929
-2208
7252
4572
-1196
8466
-3708
4022
2296
-6485
-9197
8687
8272
1379
555
-3901
4104
2435
-8810
-5873
9743
-9031
658
-7965
251
2852
8770
5440
8649
2212
5044
-2915
6602
327
-2676
-9390
-5584
