2071
5407
42
-7853
1521
5319
5263
138
894
-3447
3524
-7659
9468
-1218
5161
-8880
2400
0
8140
6529
9703
3967
-906
-2117
2484
2916
-2327
-2068
-324
-8391
-6535
-7770
4403
1680
-6990
-2882
9565
-2522
7190
-1236
8618
-7676
5103
7837
-3880
7484
4635
-3587
4206
2931
-210
1623
558
-6236
-9897
-9464
-9579
2573
8422
-6496
-2522
-9174
-3878
-775
-6435
-768
-967
2597
-5543
7087
-9234
-4843
3395
-8965
-6860
1713
-545
4506
-9359
8134
8277
5703
-7770
-1877
6202
-8920
2781
9196
-440
9751
-9659
2681
-9518
3886
-3799
-6940
-7151
-820
8250
-3687
-4594
6541
-2682
-2906
-424
4615
-7902
823
-2268
2515
-1243
8632
3262
1488
5966
8137
-5831
3755
-2110
1768
-6766
443
7184
4808
507
-7277
2524
7072
-2040
-2756
5207
9780
-6898
-5341
-5973
-906
-3348
-1958
-801
-8906
1087
66
-7481
380
1462
9456
8809
1996
-6597
7987
-891
-766
8652
-7532
8443
-9640
5892
2564
-8934
7326
9254
3991
-3975
-2188
1632
-5156
9428
-173
2277
5205
5393
-5781
357
-7455
-3418
-3309
-4977
6822
1103
2802
-3816
905
3574
1466
8850
-3890
-7235
-6645
-5621
-1095
-3675
892
-1998
-4654
-629
3166
3425
7650
2494
2698
-4301
-4786
-5073
-3722
-9322
2619
-7905
9919
4343
1310
-2865
7154
-3670
2871
9534
1905
9542
7971
-6255
-622
-11
4501
772
2190
3428
-6308
5859
-1661
-1314
-9767
-3475
8452
-6510
-9202
-5601
-6338
206
-9551
1167
-5720
9680
-6129
-6251
-908
8413
6856
-9062
-6441
-1605
-1907
2147
6833
3081
9361
1737
-3555
-4038
3175
8144
-1562
197
1515
-1770
-5197
-1509
9368
6392
9946
-7783
9203
-5159
-2170
4333
7439
4980
3677
-4077
-2474
1849
1818
-6380
2106
3051
8622
8383
4356
-2184
-4428
1557
5851
-9424
2456
4791
6246
-2609
800
5440
-5458
4322
7452
-1463
2897
6430
2115
-1012
-4329
6257
5833
-677
-2511
7973
5731
-9937
2346
8653
7548
7330
9926
938
-3045
3339
7529
3274
-2877
6084
-3439
4288
-8052
8496
-6251
-24
-4725
-9869
-8235
1484
7730
-436
1279
-5196
8011
-4914
1962
-1386
-7893
-9846
9371
-2733
6011
26
433
-1647
-628
-1256
-2721
5580
-6059
293
-3988
-7911
1976
7939
-980
6687
9475
7921
7502
4641
-956
-2480
3136
1746
3108
-5383
9563
-5899
3593
-4442
985
-8212
2376
8599
-8814
6894
8072
-9091
-8477
-7708
-8189
-317
-7980
9618
-9647
-3619
-3672
-1355
2630
6410
8578
8397
6438
-9810
-2584
113
-786
275
-1825
-3667
9768
-4593
6652
-4706
-8602
-3027
-3744
-4804
-5137
-2431
-8107
-2186
9155
-9691
4981
-5328
-2502
5990
9998
8724
-2213
4086
-8345
6289
-6973
4030
-114
-686
4475
-7586
9566
6180
3563
-7969
-586
8569
-371
9472
-9290
-8164
2135
1059
7402
-868
5805
-9046
-6820
-7971
-1160
-6629
-6617
7444
9720
2229
-8596
-8253
1437
-4325
6495
-4457
-875
7819
6943
7744
-3395
5808
-7351
-5445
-9711
1107
7072
-6026
4120
-3847
-3350
5618
7690
5058
-2868
-7227
2730
1253
-3022
-8917
8994
1737
4443
-8486
-5234
8601
7744
9949
1956
9188
2989
-1473
2521
2185
9957
5319
125
-1447
921
-7821
7581
6146
-5365
-1473
-5325
-1908
-7826
1763
629
5236
5886
-8594
-7604
-2702
5224
-5807
-3234
7131
-2598
-2637
9462
5327
-5644
7768
-5098
5777
451
-58
-4219
182
-4035
-9973
-9625
9684
9001
2326
-932
-5233
-2006
3965
-6899
-1626
5907
-9776
723
6490
-7912
-6522
5206
8693
-2483
6874
-1910
5493
8286
5312
4752
-4135
3019
-3469
3826
-1500
8638
-5008
9673
-4953
2173
9096
-1702
-8585
-4113
-7179
7014
1666
7156
-9910
-7503
324
-3023
-9778
3767
9216
-3987
313
4097
7270
8769
4547
-5638
447
9577
3842
2635
-4925
-8142
3163
-3644
-6105
-3884
400
-5536
-2384
6531
5446
-7202
-7808
-8917
-9392
9953
-4359
-3027
5433
-4814
-2923
3829
-831
-9098
1777
-953
-3669
-6008
2807
7866
-9002
-1319
-8643
-1800
6503
-649
8343
-5438
-5733
9307
-5372
3104
5734
-4255
9231
41
-2861
-4315
-1268
3251
-4409
466
-5972
6329
5954
2767
1369
-8737
7108
4275
-5985
-2055
3854
5159
5332
-1866
5528
-2176
7814
4164
-1132
-9605
8570
9419
-2684
-7846
-9861
5784
-3003
4941
8318
5291
1562
-4504
-2598
3382
4779
744
9846
-2594
6520
-7574
5692
5827
436
4174
-493
-3253
-8283
-3783
-4002
-9637
-7361
-5992
1732
5594
-5836
-5341
-8886
7158
6846
671
1951
-2918
-1033
312
-3756
6924
2401
7952
5156
8602
-4266
-2831
5347
-7981
467
-5744
-3279
5695
-1977
9288
-4622
2401
577
-6753
2301
1552
-9370
-9116
3774
-2773
4558
-3712
-4865
489
-4120
1311
8265
3908
-6834
-601
4600
-9980
-9404
-325
-5347
-527
-392
-9742
-9828
-8398
7084
-7454
3007
5184
-5504
7149
6864
-4814
-4345
6369
-5792
3186
751
-1007
5594
-3852
-9632
-3905
-6451
3770
-8434
-689
2539
1119
6176
9752
-4833
9279
-8936
6158
9090
-7204
3962
-1182
-8007
-6621
1114
167
5105
-776
-3430
-1437
-8023
7744
-8275
-8123
-586
3757
-6752
2915
-6285
-8401
1826
3008
597
-4115
4989
8793
5959
-6954
7150
5225
-1156
-4247
-1962
9201
-6379
7480
-8792
-9774
-6264
5492
8143
-607
5882
-3932
4519
-5619
8785
-1762
400
-9523
-2031
-4621
-328
4638
365
-7806
-5906
4172
-657
8765
960
-48
-8094
-112
1039
253
-7679
9373
3014
-6670
8089
964
-8589
-9435
136
9215
209
-7926
-8712
-8642
9094
1707
5386
9145
2869
6957
-8611
9298
-4631
-5227
-9906
519
6216
-1731
-7272
-8492
5862
-9788
1654
-5985
4524
-6534
-8289
-2916
-5691
-2556
2419
5389
706
4726
-8043
5299
-5310
7185
9122
6055
3420
-138
4980
-8006
993
9971
5502
-9209
6243
7001
-7193
-3347
-2429
9151
8139
6792
5999
783
-8497
1084
5932
-6001
-3254
5422
-9808
-4827
-5689
-6165
-8343
-8850
3231
6774
-2914
154
-2200
-2183
9937
3657
4321
6116
1884
8340
-5823
-8562
7174
-7271
9443
3279
-233
-9821
-716
-1995
-8590
-2012
2563
2803
6046
-2539
6378
-5117
-9670
-2714
3566
2533
3670
-8277
-8791
-7952
-5007
9844
5090
-2398
-4057
-6607
1421
-106
-8582
4849
-5247
7664
804
-8790
6280
4253
5472
6354
2693
3386
-1482
-6552
-7734
3881
-811
8342
2982
9341
6319
3082
4265
842
-4332
-3957
-7652
7190
-8797
6167
5871
690
1299
-1052
9992
4118
-5248
5823
7307
-6323
3151
8132
3928
-9734
-3013
1314
9856
2942
-3689
-1799
4981
5461
-9225
-4948
-6833
9823
9114
-9357
4738
8197
4807
2521
508
6922
2740
2699
2777
-2486
-739
2796
-653
6808
7704
-2103
-2509
7969
-6162
-907
-7400
4948
3494
-1080
9855
-1375
409
-3061
3612
3833
-4615
-5903
-6227
-4794
3509
-2425
4453
8971
2208
5951
9747
4505
-2254
-8579
4371
-7241
-1947
-3493
1151
7116
-1385
5423
-4159
-625
4040
-4058
-3327
2257
1977
4916
3327
-815
3640
1016
-5924
-3615
-1590
6527
5441
2720
2497
500
-8987
2530
3255
-4791
-6660
-7362
-5174
-5308
-2059
-945
-2863
-9843
141
-7180
-5632
8919
-7692
-2945
-7038
8316
1517
-9252
2526
3243
-816
-6656
6052
-4485
3148
-4428
4010
-6260
7915
-749
-8856
-4048
7326
-2902
5387
-8154
2449
2323
-9805
5412
1150
-9213
5422
-7101
5463
-5409
-9132
5877
-8243
-2197
9629
8324
2849
1863
1759
-2599
-5027
-7886
1364
-2555
-3176
8906
1503
717
1735
-5868
4039
2545
2562
54
-245
3517
869
-2120
272
8738
-5514
-8723
4151
-2031
8289
3807
6307
7753
-3191
6237
1491
-3939
4633
-4075
2509
-9811
3030
8524
-9142
4168
7264
7328
-3268
3723
6184
-8230
7343
2064
5434
-8007
2119
592
-1717
1536
-4767
2524
-3867
-8377
-410
9846
9000
1421
8486
966
2457
3325
-332
3740
2249
1622
-5898
-4524
2265
-2686
-5632
-8967
3663
-8071
8180
4354
-520
-4093
5830
6500
-4092
7045
-7350
6421
9827
1872
2264
-3302
2693
-1799
1495
664
9253
9975
6771
2035
9509
1938
5245
-917
-7510
-9477
6345
7414
7425
-2275
5061
-462
920
3625
9569
310
2442
459
1396
-607
-1358
5962
3158
-3270
-3711
5095
2324
2168
-1869
-9527
9430
-3559
-7280
8648
5682
2236
-153
-7639
-8018
2366
9996
-1863
-9309
-1110
-2619
9276
-7653
1318
2503
8976
1450
6788
4191
-4553
-6330
-9914
2790
5463
5891
6886
1577
8307
683
29
-4221
2590
-8906
381
185
-2305
7890
-6112
-4512
5524
-7571
4051
7384
-9065
-5920
2213
4582
4253
1530
995
-7311
-2823
455
-9474
8726
9086
2769
1128
4905
5625
-9293
213
-72
-4980
486
-6014
-9383
9079
-7566
7237
7746
-1458
610
-2936
9837
4755
-9584
9512
4698
7372
2049
-5586
8156
-8751
-5628
-7833
-7643
2272
-4235
-1236
-6964
8427
4517
6614
-3046
8637
-3035
-6811
2771
1826
5254
-438
5616
1729
4605
8702
-7035
-2769
3599
6502
8231
6317
-9241
3743
324
7155
-1855
-6582
4762
2047
9822
1207
-7280
-8462
2721
-4661
-9723
1701
-1890
-8215
2574
-2949
-502
8839
1211
9101
4954
-3438
-556
7591
-5520
8677
6059
5939
-7085
6482
-3780
-6223
35
1582
8666
-9255
7366
2821
-8125
-1931
6492
-4399
7440
3853
-3276
-6687
-4672
-6178
-1433
-8807
-5303
-6394
-2568
6772
1071
7681
867
1679
-3203
-433
1726
-2148
7557
6543
5446
4031
8071
-4150
-5555
-8269
-5343
1651
6245
4678
9185
-5040
4989
5459
-7554
1847
-4480
7260
9366
8321
2673
4741
5432
3880
-981
-1740
-9967
-8301
-8401
-8420
4965
2644
-3738
-4026
1091
-4491
-8977
-5279
1684
1713
-4338
-9844
-992
6693
-9566
2783
3776
-4683
6626
1492
1096
5838
6108
1170
6245
317
3389
8616
-5584
-9830
-864
6815
1294
-7021
9410
-6631
-7005
6143
5670
-4744
2635
4639
-1684
-8924
1830
5444
9957
-2688
-3914
-4085
-137
-1476
-2423
-2990
-3122
-1551
-3957
-7818
-4666
1030
4358
-7057
3307
-9685
-4020
-6673
6805
437
527
-6167
7170
848
-4744
-1037
6857
7322
5995
9354
7702
8227
-3019
-6909
-9801
-4688
36
-6254
-9675
9416
-1430
-9818
5792
-4611
-4304
6245
4786
9722
5508
2135
3589
-8630
-8572
-8418
-1061
3691
-6458
-1767
7711
-1002
-8007
6629
3603
-7231
-9573
-2753
2661
3416
-8395
6389
-6237
5218
1023
763
-18
2332
8292
2849
6143
1960
8220
-9011
-6742
-2554
-9526
1643
-6023
-4421
-1445
2591
5486
3182
-10000
-6842
899
-563
6944
-1736
-255
4575
-5250
2776
-9085
-7704
-4175
7021
-3226
-7453
7693
-8988
9431
-8277
-2420
2008
-1043
7775
-5008
72
-9380
2858
4433
-1335
-1418
3522
1612
-4652
938
2866
-7340
-4784
-3350
2024
9660
-268
-4104
-7797
-3481
293
6789
-8956
8513
-3418
-9838
-4395
6375
1466
-57
2647
4143
-6516
7151
-7618
-9530
-7551
5858
9812
2384
6028
-1355
-5816
-8268
6414
9180
1376
-2507
-8536
-3082
-4968
-7274
-3517
2933
9488
-47
4001
112
9384
-9066
2399
9620
9374
-329
-7966
-6596
-8746
1064
4665
-9873
-2164
6645
-6966
6739
-3879
1481
13
-1179
7320
9519
3911
2514
6115
6706
-9278
-2599
5797
-6010
2675
-7480
7664
5387
6017
-3824
-7577
-501
3681
-1268
-2839
-6905
-4647
9367
9699
911
-4715
-1814
2553
-4442
-5628
-1220
-3425
-6783
-3732
4899
6940
5326
714
-5803
-1675
-8189
2924
-3078
3505
3855
-3768
3509
-359
-6903
-5792
8560
674
-4301
-5160
1686
9739
-3774
-1490
7107
-9131
-4274
-242
-4354
-4465
8764
3193
2535
-5826
-1161
4931
-4499
3396
-2580
9753
-3871
-8031
6814
-3870
-7243
2864
-1351
-2392
9753
-7333
-8204
-9223
4731
9495
-8294
700
-7127
5945
-4216
-563
6041
1225
8824
4687
-3823
215
1295
-8901
-7939
7654
8033
-2154
7077
8722
3137
340
-4811
3349
2005
-3134
2566
-4835
2102
-7368
-8570
255
-6896
5664
-1033
-6120
2577
8301
1886
7822
-2237
9651
2063
5481
8954
7880
536
2005
7394
8080
-7092
1413
3434
4531
-3202
6743
-2635
-7327
-6206
-7258
-1349
2300
-9550
-4076
-8758
835
5814
1829
-4195
-7959
9884
1515
1710
2914
6756
6312
3078
-6308
2221
7805
1145
-1912
4915
-4800
7757
-9162
5095
-713
-4386
-4529
-8914
8367
-8994
-6049
-6905
-2973
9705
5517
-1959
5041
-4387
7110
5144
-5020
-5394
9539
7396
-584
-407
-1225
1312
-5649
-3552
-4435
68
-7440
5806
-4857
9844
4230
50
-7648
8016
1743
4114
9637
-1872
607
4603
90
-1630
-775
5410
-9182
-7136
-1327
-7412
-4175
-9778
5739
60
-8172
-9866
-3313
1305
5301
5023
7250
-9628
-9171
6965
8631
-830
-8532
-2472
-3408
2639
-5230
9299
6477
-2248
-4727
9340
2850
-5408
8744
9421
-1013
866
-2895
-4788
7661
-615
9603
-1549
-6188
4656
8010
2126
3516
-8832
-8128
2125
1184
-5609
-6068
-7923
-6952
687
-797
-1758
2605
-2763
-617
5122
2141
9874
-9282
1889
2054
-3362
-7547
9709
2054
9686
5795
1991
-227
-1071
-7371
3018
-1389
-8284
-253
-5622
1156
2719
-6776
4241
-1162
-393
7272
-6152
-2731
-7489
-3684
208
-7327
5604
3492
-5497
-2145
-5022
2599
2015
8317
-6008
-8251
-1652
7379
1363
9479
-562
8888
-8321
-3104
-3378
-8370
4205
7907
5577
-146
8235
8206
2836
-3998
-1376
-810
-5198
8143
7150
6054
-9502
-3509
-9009
-4483
5673
-5925
-4013
5611
1178
3528
-8341
-4181
-3265
-6404
7449
2308
421
-4278
-2596
3036
2912
-5962
-5870
1932
7217
1144
-7876
-8553
735
1136
5774
8923
1201
-214
-4534
3441
9938
-3301
-915
2064
9268
-8939
-7951
-52
-2201
-8701
7552
3089
6876
-5520
171
161
9104
-3744
-3461
-6217
3874
-3190
6337
4369
682
-7913
-907
9106
8165
7988
2385
-7874
657
9197
6283
-8247
3031
1187
2917
-1861
-438
9418
-1596
-4309
-6443
-9989
-726
2293
6436
-9331
5506
5426
-3163
-2631
1896
335
-7792
5893
-4101
-8947
2974
6532
-2935
-1181
4064
6569
-4127
-4663
852
608
-8884
-544
4959
-8068
3834
-4994
-7394
-5397
-3845
-559
6666
9389
-9171
-173
334
7125
-7869
-9364
-1884
-1561
5488
-8914
459
4335
6667
-1112
3079
-8953
7476
7583
7746
-8228
3064
-5675
1086
9545
2512
3371
-6049
-339
-1661
-9792
3579
-4045
5117
9488
7137
3680
-645
3931
515
-6221
2727
-2877
7430
-5988
-7185
-1610
-6109
-9344
-5458
7456
3228
6211
5371
435
9407
-6124
5071
-8399
2771
-7857
8131
-6629
-8027
2007
-834
5468
5939
5346
7080
-7293
2157
-4242
-2470
-5894
-4922
2000
6739
-7155
8345
-1574
2879
9817
-1668
792
2074
-9084
-5194
-1960
5856
-3805
-447
1504
-799
109
-5489
-8196
-6468
-439
6330
405
-4386
7206
-1866
-3818
4307
-4492
-2921
1110
4233
-9613
5562
-4183
-2307
-8697
5153
7721
1929
6931
-333
-95
-6320
4615
-5475
3910
5063
4761
-6112
-3870
3149
6612
-4236
-4060
-2527
2149
-9462
213
-7227
9454
-7608
5105
5754
-7583
415
6804
-8646
2529
-8853
200
4830
-2807
-7743
1957
-7728
-6187
1252
-7846
-948
6210
7260
9253
-3828
8242
3532
2621
-9112
-45
-197
1519
-8573
-1099
-1095
6131
7578
-8236
-1243
9034
6223
2555
-8877
-9321
-2947
-4031
-8304
9361
6362
5747
-4161
9786
-2366
9265
8569
8661
6601
6288
-154
-199
-6781
-9481
-7932
-6900
-5493
-7066
3654
6507
-1698
1667
3363
-1813
-8361
3738
2636
-7011
4370
-3885
-277
9012
1227
-6419
-2053
5976
-8890
-8518
9488
8127
-541
5570
-8704
-7895
3109
-3425
810
7355
-8900
2597
-8464
-1045
3833
7740
2871
1302
-9465
-8168
1706
1466
-9249
1584
-1230
9511
4256
3759
-5238
-994
18
-1439
-9335
5533
4027
-4424
1570
-5485
2986
5455
-9429
-8958
-9923
-3321
-8837
1857
3951
-5431
-2942
5258
-9599
-971
7187
5092
8441
-4744
2461
848
3014
4789
9968
8817
1942
3971
-9841
3231
-5579
6866
532
5615
-3519
-8470
-7520
8619
8866
-536
7963
-5676
-9285
-4673
2625
1912
-1567
-8715
7566
4946
4652
4355
-5924
-6414
-5906
-9530
-4428
6386
-6815
8627
-198
3175
7180
-7246
-874
-488
1422
-5918
5113
-2333
-6658
8995
-1140
3665
-9851
708
-8146
1345
-492
-321
9078
5673
6074
2254
-3648
7495
-9876
5035
-7215
-9668
-4519
-5085
4615
4544
114
7406
-7996
1052
2904
-5515
4220
-5929
8813
7186
-515
3736
6463
-925
6703
9367
-5898
471
-8566
-4949
2534
1088
9667
277
621
1923
-8331
-2220
-6932
3285
-2356
-3872
-3288
-6344
-6524
8692
-6068
-5463
-7000
-8326
-1884
115
-2314
-5363
1255
-4210
-2770
-3893
-6288
-5513
8844
-1415
-4134
6795
4437
5351
5287
3411
2667
-6260
-4696
9021
-301
-7673
-4072
-2364
-1926
-9420
-5802
-3172
-6441
-7286
2415
4591
-6588
6892
-694
-2793
-6889
3818
-6226
-1873
-6557
-5123
-2394
3566
1768
-9709
-7681
6847
-5987
-6222
-6484
-2041
7983
-7569
1619
-7738
4616
560
-1169
6484
9527
7658
-8398
7012
-9440
5365
1101
6589
-6975
-396
5914
6961
-2545
-469
3894
-1319
8240
1251
-5971
-7743
3419
4828
-769
-6641
-5146
7915
2702
-5867
6572
9941
5299
-7389
2916
2141
-3231
-3640
7767
-8823
-6669
-46
-2113
1118
-3278
-2581
-4699
-1639
6415
5673
-5130
-5783
-2896
6312
-438
-1648
-91
-4759
1789
5930
42
-935
-442
7588
7789
8248
-1112
4526
-2169
3393
6492
1132
9975
1494
-8852
6086
8541
-837
-3330
541
-7587
412
2839
-6522
8466
6497
-6351
4166
7823
1575
716
-4321
-3136
-68
-1161
9907
-9584
-513
7140
5455
-1279
-3122
8306
-9287
5005
4984
13
-6891
1308
-2542
-9021
-7252
6026
2462
7809
-6096
5170
-7503
-289
-1345
-7441
3601
-2585
6408
1591
7995
55
-6377
381
5949
-5720
670
8899
5399
5899
-3234
-2667
-4641
-5979
7993
-144
-8129
2997
-2952
4978
9356
-1954
-1049
5683
7837
9687
-9692
4288
-9283
-3456
-3757
-950
-4201
1459
8739
8514
-354
8937
-1764
-9589
8795
-6698
-8180
-8809
1502
-8501
593
-4654
-1053
9981
-5367
-8463
-9210
4579
8838
-3065
-1833
1274
-1819
-9848
-2090
-4843
-6299
-1026
2591
-1828
2688
3349
9778
4422
9436
-589
667
-106
-9410
-4738
2870
6989
-9012
64
-3706
-3558
-6703
-9918
-3190
-6804
-7339
-3472
8692
-4558
-7512
-8505
6115
6257
4966
6728
-3644
-1341
-2056
178
9245
6018
9238
772
-2442
7235
-9601
-236
-4153
7321
-9571
-4303
5820
-4034
4095
3336
486
-8491
6847
1358
4010
-7815
7292
-6820
-4170
-261
-6810
1396
9074
-8021
-5509
-7607
3977
6960
9835
2098
-7396
-3142
8635
-9080
-3212
-3130
-1962
7576
-5378
-8800
2536
6912
5778
7665
-4580
7182
-3815
6570
8481
5288
-8378
-15
-2635
-2626
8985
4342
5732
7456
3109
-5545
-3747
3576
-941
-1569
5916
7057
-7208
9614
3130
4452
-2023
5192
323
-9186
9212
-2440
1678
7611
-1099
4587
-3766
2617
-3272
-9324
7119
-604
-1534
-6341
-1118
-7143
5911
-3308
-609
-7708
3405
-2175
-5179
-2482
1947
-9827
3647
8441
2962
-5850
6996
7682
-8866
-5440
-2707
-8227
-4848
7358
-2265
-2486
-1392
5193
1449
-8932
-5083
5230
9961
4585
514
5694
2920
9455
5319
277
-1814
-9217
3723
3482
-6593
9074
-1380
-6584
3773
53
5724
726
-7660
8730
-1583
8081
3087
2818
1376
-2866
-8440
7963
-2863
1505
-7141
5583
-5124
-5235
4293
-7685
5198
9080
2670
-2187
3669
-8247
-8926
-1481
-7342
-6732
-6495
-7724
1145
3217
6460
644
9383
-6155
1403
-7546
8559
3386
164
-628
129
-1562
-3319
-3720
-1745
7219
211
-9130
-9823
4422
-8378
5400
4597
3546
-5365
8476
1206
2023
1062
2034
-6836
-614
-5962
-7524
-4427
-8162
-7006
-879
8070
3634
8080
766
3819
6802
-6619
-2752
2402
-7869
-1275
4842
-7027
-2001
-8158
2461
348
6857
-4765
-5132
9530
-9936
1374
2877
7318
-7829
-9452
-7657
24
-1353
5374
-4074
-422
-8884
-5659
-3956
4710
5249
6825
-1498
-7858
-5011
-8958
9147
976
7117
-7140
9592
-7636
-2512
-8993
5864
3478
7564
-9770
9847
-4902
-3900
8654
-9273
-8142
-9636
1240
4699
-9616
7849
-3510
845
-2083
5656
2067
-1236
-8838
-1255
-3859
1101
9954
6908
6175
1149
-394
2993
-4308
-4010
9733
-1975
-9966
-5879
7157
-1424
8228
8243
3450
-2062
-4653
8402
3728
231
-7007
-2979
-872
4120
-8008
5595
9748
-9663
6451
8444
6643
-5085
4149
-7641
6618
-2734
5233
-3906
-3898
-3072
-2497
3394
6881
-8471
2772
8290
9843
3812
9540
3179
-8012
6770
6419
1132
-1329
3189
9539
2947
4894
1924
333
-4057
912
9168
-2801
-6244
7716
4417
-936
5473
6411
-8953
2656
-2937
-4570
-3019
6327
-3690
9479
9679
-4777
6143
-491
1790
-9533
6140
-1179
3479
-4964
1297
7207
9031
7986
4913
-5092
224
4031
-3821
351
7773
-4106
1292
951
-3777
931
4324
3393
9869
-4376
-4479
-4314
-62
-7748
-2789
54
8254
-6783
-2225
280
7781
-2691
-5682
-9461
4450
-9022
-3539
-1768
-5102
9722
2442
-788
-880
-2330
-6186
5344
-8122
5946
-283
-6659
71
-8347
4159
130
-9444
410
-8762
7054
5306
8877
-2829
7781
7674
-422
8056
7993
-9798
936
-1962
-4056
1168
-4050
-7396
1740
3962
1968
-9299
4974
1846
9904
2595
7788
2852
2616
-9902
-3072
-7386
7860
4126
-6398
-8324
6924
-8946
-1777
-2636
-6841
-9689
8925
-3014
2359
8173
8389
3547
-8298
-7713
1711
-5688
4533
8679
-8690
-9448
6519
739
2786
-33
4006
5252
-8682
2007
-9398
131
3151
-1466
5059
9946
1473
1656
5805
6055
-6885
9036
-8809
-5075
-9799
4850
-8174
9179
-6845
-1970
5566
8353
7214
7935
1461
-3034
5207
-2958
-3793
5338
-3428
-5973
-2092
-8479
623
2723
5572
-6909
1835
-7344
3032
-4226
-6227
-2969
-943
-1944
-9700
-7421
-3621
-9856
-5271
-7262
6013
7912
-4049
-7173
5296
280
3634
1916
2205
-4571
-8742
-4987
6841
-3096
-972
-1463
-6536
8457
756
-2542
-5292
-2768
4751
-5767
-5310
8379
6174
-8065
-1135
-8097
3947
-8361
-6104
4589
-8890
2760
-8919
-1903
1643
8067
-5423
-6851
-7550
-8766
6940
-4393
8294
-8484
1930
9080
8709
-9439
-2097
-4128
-9926
2400
7603
760
-6748
5287
8578
-3066
-8009
701
1726
-7839
-3528
1376
1503
-4596
273
-7860
5088
-8277
-3304
4538
-9147
-6039
-4222
8560
-4271
-9966
-905
-1178
-9885
-9529
7608
2529
-8407
-1203
-3687
-9030
-2492
-7753
2611
-7157
-3304
-6419
261
8655
-930
-3462
-3002
9963
-298
2345
1522
-3020
7243
-4226
-6022
5491
-9735
2335
1956
-5968
8717
6364
3262
-3685
1458
9014
-1765
2910
-7916
-4495
7277
-9342
-7176
-7968
-2801
9537
6734
-5655
3214
-4686
-2111
7660
3812
6909
-8100
-9438
-7186
9650
-5791
3267
3026
-3700
1463
8087
5683
-6935
4390
-4643
-8561
8951
-696
2989
-2744
1404
-9471
1088
-9682
1136
5542
-6526
4170
5899
-548
8134
-4413
-1867
244
-718
531
-8036
1322
4032
1497
5050
-5490
-6605
-3218
5062
1986
-6143
7230
4824
-2303
814
306
6328
-2483
9923
171
8099
-9010
8263
1481
-5464
4096
-5696
9224
8
4919
2434
-3792
-6819
9254
917
-3121
-3098
-6853
7171
-2482
-3236
-1934
-8122
1797
-3581
-7147
6446
-3662
-4731
3552
1241
-2670
-465
-4265
1034
8074
-154
1706
-5496
7336
5882
-9655
3549
-7718
-6390
-1683
8564
6681
7436
6986
5780
9584
2189
3078
-3198
-4933
-5893
-2390
4778
-3262
6166
6438
4010
5633
-4030
-6843
-6631
1668
1076
7300
-3611
5070
4963
-4325
-9388
6669
8910
-7504
5791
1150
779
1889
9056
-3845
-3886
6165
5954
-8239
-4786
-262
5132
3150
2914
5200
1483
966
3208
6130
4609
-4741
-5601
-6769
-7245
2507
-4638
9718
-5904
1712
8359
-2533
3928
-5346
-8078
-3817
6647
4018
9704
7106
-9397
5033
-2875
-2875
-1784
-314
6290
-572
5775
9940
6388
-3301
933
-7003
-1778
7476
-7443
2522
-7687
8598
-6448
-6216
3084
-2141
-7646
93
-8128
5472
6120
7011
-1101
2718
3907
-5630
-2105
9535
-6976
-6527
5437
-8839
-4944
1597
3801
-1756
9118
-365
5267
259
4288
2315
-8275
-9270
-1034
-3945
849
-6373
-8285
-2880
7686
-6691
348
9107
2793
-8984
8696
5127
5982
-6561
-6438
2695
-8627
3215
-2571
3659
-7878
-66
3872
6410
8757
3932
-4608
7449
436
-1643
-8109
-9659
6383
7580
9687
5016
-8072
-3636
7409
9683
8425
1801
-5763
3684
-4313
9598
7400
-5704
7057
-7721
9839
-5938
6112
7406
7238
6366
3896
-2287
-2186
8379
-9059
-5799
8818
2206
1429
547
6522
1289
4292
483
-2975
-7432
8748
-232
-6347
9308
443
-8428
9116
-7764
-1153
3560
-116
-6239
6421
-1500
-7239
-3573
5705
3598
457
-9486
-3376
3053
-3776
-117
7293
-5114
5124
-2127
6641
3611
5203
-9086
2290
-2260
9885
3139
986
4288
-5875
-8253
-9364
7994
-6033
-8776
-5005
-9056
9018
8457
9511
2619
7720
-612
2946
9516
2329
-9707
-9891
1311
-6815
-8253
4816
-8293
-2131
-633
8532
3036
5462
-7229
8068
-9684
-2524
-8066
9463
-5723
9061
5072
6713
8707
-8480
-5997
-368
5087
4841
-1091
-6145
-2166
4327
5663
7304
-6977
3740
-7844
4529
7882
-1570
-1036
-3579
-5636
5774
4827
-4059
-704
2484
-6462
2346
-2761
-1599
7372
7898
6451
8438
5701
-4978
4729
-5455
6283
-1145
7408
-4391
4147
-9817
-7892
7193
6191
-6620
-5507
-3495
8463
-8339
4311
-3575
3163
-8810
1835
-8265
-402
-8328
2811
1546
4553
1786
-3593
7254
4070
-6119
-2757
-8675
6609
-9411
-2137
-8677
8386
-2476
-404
8449
-7856
8663
8255
4938
8995
-9189
235
636
-8732
-9392
-3275
4487
-6404
-5948
-6145
-9387
524
6331
7176
-9978
-9576
9566
-9874
-4296
9082
1678
7308
-4148
-6772
135
-6553
2097
-1327
9081
-3865
7382
7859
-1159
9764
9202
-5072
-2328
748
-3398
4882
-3260
-978
7768
5145
4576
-2931
1997
-128
3517
773
498
-1339
-6442
3993
337
-3455
-5002
-1699
1863
-6183
-3758
-9917
-6651
-3139
3594
5183
-5942
3054
-8332
-7818
-2885
-6996
-1638
-7348
-3581
-7627
7522
-710
5174
-3041
513
-1144
-4056
-8178
945
1952
3619
1439
6689
-4651
-8947
-2747
-5146
-5519
5306
2001
-8339
-7958
8409
3661
-9546
-707
7001
3994
-2073
-3491
-2540
2443
-9479
-2425
-6488
-7514
1867
7171
3038
589
-4661
-695
3978
8180
4764
-291
-2849
-4244
3883
-5499
7534
9416
406
-4492
3992
-3273
-9274
-5603
-8975
9062
3969
4718
6264
7738
5937
2492
-9183
9592
-4583
7535
2017
7287
5284
3045
-4269
3678
-3796
4704
-4700
1463
2898
7094
-6543
9375
1148
4373
-1371
1448
-4221
8481
-6735
-1665
6446
4792
1855
-6233
3918
767
-6406
-9644
785
7919
9771
8744
7213
1207
1994
-1077
904
-2801
-3095
9913
-4024
9140
-4454
8614
-3938
1126
-4475
-1207
-9225
-7414
922
4397
-2138
9807
-3980
8637
4847
-7985
7349
-2328
-9636
-8005
9492
3728
2538
-5324
-3563
-9755
-5809
-8451
-2418
-9479
-7114
3758
4694
2834
2336
-5467
-8934
-1820
-4500
-7387
-5407
-2323
3489
4562
-9450
-9555
9904
-3704
-5894
9067
-1763
981
1488
-8328
-4527
4552
-1065
-926
3381
7103
3674
6586
-1646
548
-6886
-5420
-767
1055
-1035
-4081
5366
7613
313
-4828
1554
-1438
4298
-5893
-7892
6738
1757
3014
6183
-5539
8389
7492
3613
-616
1534
-5731
8684
-916
7823
-8850
836
3275
-4246
-8663
7696
-2742
-9179
8100
4489
-1347
7529
-9959
-7298
-1779
-3364
7769
5596
-8101
-4126
-6528
9724
-379
-2854
-9062
5877
3880
-8719
-5838
-4533
-6386
1603
2242
-8253
9063
3471
7481
1298
7326
-7832
-3583
6614
8201
8727
1275
-5395
-9763
-2371
-1920
645
6445
-7806
-1143
-8953
1210
7772
-301
-4040
-1906
7346
6532
-1536
-4470
5867
-743
6925
77
7136
-5639
-7633
6804
3984
-2611
5807
8957
-5883
-7190
526
8786
-2506
-7612
-6871
6000
1863
34
-4594
253
8971
-6933
945
524
-9893
2315
645
3217
-6407
-8505
-955
-7719
-8582
-4470
1322
4120
6102
-4930
5185
2883
4291
-2818
6176
330
-7501
-5046
2173
7012
763
-2996
8456
8243
-421
-4670
5544
7394
5852
-5003
8206
-2892
7289
4506
9628
-9317
-9312
-4096
-8719
1424
-5586
5731
9157
7545
-8084
4321
-5937
5349
3213
-6266
-8877
-8685
-8019
3909
-2856
-8930
1942
-3251
1384
-8069
3498
-4315
-3506
-3605
-6680
9710
4026
-7309
8883
7148
3584
817
724
-5931
-8158
1126
-8247
-5755
7305
8140
9702
-8571
6598
4617
-2329
-710
-2542
6079
-9402
-2972
-7598
4563
-4159
976
-8822
5435
-5180
-6724
6139
939
-7298
4987
5259
-7607
3146
4962
-5884
-7236
3141
-8411
7977
-2723
5815
417
7601
-743
6223
7864
-9118
2977
7432
-3717
-2382
-6411
8979
-2310
1973
-1060
6652
1958
-472
-442
9896
6424
9340
-6058
6780
-6049
9032
-2227
1513
2667
-4652
-1715
-6261
9833
4663
-5772
7203
1335
7966
-4432
-4622
-6497
-8992
-4237
8192
333
1363
-883
-1548
283
-8162
3737
-4752
8943
853
7646
9306
-3993
-9536
-5012
-8020
2329
4330
-7712
1196
5319
1433
-4128
1384
-6055
-7673
1274
1232
-7479
-4221
5819
2881
2353
3536
-659
2746
2186
-3586
-5612
2560
2419
9924
1806
-6115
5460
-9298
-9372
1244
-1480
8108
7159
-8301
9267
5293
-1388
-9640
-5898
1950
7357
-9394
4519
-9392
4648
-9254
-4063
3219
1620
3874
-3435
3473
-9418
9034
5341
-9959
9190
6759
-1758
-7431
-8777
-4208
3823
-7483
6733
7360
-3856
-2723
2223
-6246
6147
-4062
-9066
5820
-6198
-3840
999
-5407
5138
5876
-3106
-144
7227
-8517
-1256
9795
-3530
-8310
7413
-3907
4122
-9991
-3697
-7397
4528
3148
-2217
-7343
9470
7157
837
-19
8468
3745
7311
-7002
3354
-904
5493
-591
7330
2754
7688
-1679
8858
-7484
-6666
7765
1362
-9455
9307
4804
-1499
2216
-1419
-4272
-4577
6290
-9877
-5986
5602
9348
3903
-7960
8378
6637
-2035
6924
3114
6403
5158
-6983
-5064
-8432
-8797
9348
-2871
-3829
9818
-3063
5489
-671
-3675
5221
-831
-3260
-8357
-9292
7613
2392
-342
1870
-4263
-228
6010
1401
-5216
-6196
9214
7260
-5427
9636
-2001
3950
8533
871
850
-3088
-2721
-4804
-5201
5391
-1057
202
-8541
5913
9834
-3431
4871
8426
-9279
-7530
-4974
9001
-5890
-6272
-7595
4640
-4617
-8125
357
-85
-2100
-6854
-4063
4821
-9296
-3961
-1879
-2743
2929
-3067
-1812
8932
-430
7944
6903
1576
-2288
-3928
-2580
-2175
-9070
7171
4755
-3889
7754
7354
-5387
6093
3478
7298
4512
-3076
-8329
7260
8993
-6149
8369
2571
-8655
1388
3743
800
9846
-9742
-4407
8605
4982
2295
5814
9073
-4175
-1089
-4677
-7474
-1653
-5132
4869
-7111
5344
1927
7432
-7184
2764
7219
6732
-1484
105
9482
-6828
100
-4317
-1160
8294
6315
9884
5640
-5946
-7393
2978
7507
2160
-1053
-5736
-3782
-8831
-9088
-2508
-5491
3398
-5809
-8094
2212
817
1768
5241
-7014
-3885
2577
4946
-5630
-8896
-8520
8498
-1592
-2257
3165
4585
-8601
-6384
-8177
-8321
2452
-9985
7153
-1545
-7451
-8649
3448
5404
-6476
6566
-5694
6873
-9554
9148
-9976
-611
3180
-9349
9492
-6361
-1434
-7546
930
9952
-437
6006
1760
-2873
-9652
-4157
-4171
1420
7128
-141
9493
-1398
897
-7482
-1578
-8548
-5418
3062
8864
7966
-245
-4087
-2599
-8088
-7858
7212
-3075
6056
-9031
2593
-6605
-1682
7004
-9275
3474
6629
6261
6020
-1102
-3918
7749
3457
7265
-426
