-8897
7255
-373
8867
-9109
-1654
6992
-7049
-9628
-4986
9047
-9586
5271
-6615
-7752
7836
-6705
-8673
9403
-8290
-9210
669
9704
-2946
-4146
2629
-2701
8802
9068
7621
-2108
-8765
1088
-4714
9352
7313
-6671
7726
-5765
-4268
1176
-3400
6010
9142
3128
5075
-6023
-6727
-1480
-4362
-1584
-1796
8928
3836
-2925
7099
706
8371
6729
-4219
6257
-1352
9319
-1224
-650
4725
3894
4604
-3698
8607
-236
5473
-7339
-6999
-7495
-1661
6047
-1065
9372
-7982
-798
352
6286
-6710
-4399
-5392
-992
-9080
-4901
2162
-2489
-6498
-4237
-63
-8058
7081
-1233
-241
4768
9109
1696
-378
-9933
-8042
-3430
5391
4604
-7860
701
-868
-5452
-638
924
-7549
-8147
557
6185
627
-9697
-9772
-3547
-7299
8121
-4004
-1070
9558
5292
5072
942
6988
2836
-6132
-7210
-6051
1537
2885
-3212
8210
-1898
656
2994
-9097
7198
2927
-1777
4928
670
-1611
2806
-344
-5290
-3192
-1856
3971
8062
-7679
-6027
4109
645
-9280
544
-7184
4725
8669
-5786
5850
-3612
-6761
-6910
1972
-1207
9050
-149
-2100
-5698
7708
3072
-9507
8150
-5899
-946
-7384
5462
-5046
-7698
-2353
3103
1171
7922
-6118
-5505
829
5865
-5764
-1004
653
-8419
-9993
3848
-7092
1732
9412
7918
-4494
5278
-3869
5545
-412
2965
-8816
-98
-6700
-8152
5665
-2832
-3800
-8372
-8204
-2933
3462
-5939
-8271
-4638
-2064
2676
-9095
6854
-2709
-515
-3981
-8790
-9277
4884
1337
-9781
9777
-4470
-4453
2707
-9478
-9192
-5869
8162
6549
-8048
-1714
932
4241
9872
963
-1186
3988
2966
-8202
301
-3253
-4089
-6204
-5247
409
3338
-6373
-6079
-6509
9091
-965
-8207
396
-6368
-858
4880
9293
-2714
6631
-5552
-1740
8031
8696
-2696
-3544
-8655
-4340
2996
277
-1420
5646
8848
1765
449
2491
2614
5017
-7972
9078
-9187
2085
610
-775
-2062
-8436
-4248
-462
4355
-5633
-3860
9994
-8965
-9323
-9483
2955
1443
9834
-5909
9419
-5040
8067
-1582
-2098
-9847
3766
-1728
5955
-7023
6748
1773
-129
4654
-4224
-9752
-1852
3971
8945
-602
6919
3380
-3603
967
-243
3008
-6614
-475
3039
-4369
-3251
4322
-248
8090
-3935
2424
-2975
-7688
-8408
2416
-5912
-8852
-516
7324
8975
-1824
-3380
-3896
5732
-9116
-8815
4215
-8570
2015
8073
-1524
2031
-7123
-3188
966
1241
-8524
9517
-7345
-1936
-2060
-428
-4941
-2268
-5695
-4515
-8912
4217
-3960
4186
3892
-4258
5081
2057
-3009
8747
6532
-8152
-9748
9350
-8500
-6620
-5816
7847
5007
-5389
516
7623
-9309
5997
964
1251
3558
-3686
7978
-9708
-2738
9777
9421
8984
9365
9328
1379
4099
-8584
7123
-7663
-8873
2909
-4160
9814
-2196
2113
-4968
3065
-7985
-6542
-3326
8487
-6560
-1454
265
-7966
9713
-5930
3568
6563
-415
-2343
2436
-6342
808
-1417
-4467
6783
-8880
-3508
-4625
-9551
5074
-8888
7513
-9564
-4955
-8532
4923
72
-3019
2211
-378
-6750
-5764
-2508
-1170
4706
-9191
-1813
-6282
-2737
-7066
-4306
-5476
1165
1484
6467
836
-3148
-6528
7774
-7103
-4507
9148
-7863
1235
3761
-8793
7697
4821
2361
-8771
-31
-5195
-4886
7822
-8826
2396
-376
9997
-8182
-9513
-8884
-4543
-8800
-3315
-1858
-5229
4049
-628
1021
299
8290
3403
-8023
71
7278
-2074
-6365
-9104
-4170
-2459
7820
-3782
-4968
6199
7897
4228
4053
8532
-8772
1486
-3899
43
-3557
-7102
2992
990
2767
-2402
2545
-7747
-2408
-9058
5685
-996
3265
-848
2425
4383
2610
-8915
9997
-537
-2847
9285
867
-8590
-6406
1916
112
3632
2559
-5147
9761
3888
-9815
-8021
148
-5851
6999
-5723
-7368
-1060
7227
66
1548
787
-1592
-7852
2745
6494
-3584
4798
69
-4601
-988
1670
-4873
3843
9364
2295
689
2281
44
199
-1052
8915
6049
-1766
1249
1748
-1326
8999
-1628
-152
2264
-4261
8160
4433
5573
-2674
-624
9594
-3311
-5276
9985
3478
4082
-7462
4355
-1712
9258
2777
7222
3162
-4439
1691
-2587
-9977
9310
8644
9101
-5720
-3566
8339
-9308
-3572
-2630
-4042
735
4157
-4505
-6469
2695
-9107
8330
1731
-6411
2217
-5903
-787
6333
-4732
-9810
-818
7383
-5116
5630
-1095
6266
-6536
-1144
-1965
4947
-7186
2485
-5878
942
-9592
-5712
3553
-2152
-5060
2431
6797
3635
8563
9777
1814
-9942
7530
8305
3342
9395
-5222
6188
445
-6068
-5709
-4445
-9398
-1117
-2788
5919
7698
-7575
9634
183
5995
1784
-9453
7632
1462
195
-9938
-8656
-6975
2465
5984
-7959
-5351
465
5727
-9861
6869
8128
-4784
-7706
1292
-8884
2296
-9420
2706
-5851
295
1657
-6628
4934
-4811
6991
4036
2482
3119
2200
6251
-7287
6597
765
-7919
1345
2753
9443
2753
-5017
3163
7005
-8125
-38
6309
-3032
-130
8129
-5586
-6071
331
-3906
-3109
3361
9019
-8241
-9409
-8862
7537
2255
-7531
-2370
3993
-2729
7665
143
2489
-6879
-4996
6629
-5924
8151
9168
7681
6352
4975
-8475
-7895
-4907
-1287
5704
-8655
5394
-1000
-5399
8849
1765
-8598
-4260
7262
9937
4564
-7357
-4194
8639
-7430
2908
9988
2337
3910
-7458
-9833
1667
-4791
-1495
-7478
-3245
-7054
-2751
-5286
1274
2008
-761
4442
-7915
-5175
-1579
-7079
-8058
-6096
6021
-1564
6808
5289
8243
-3279
4799
-1153
-4043
5835
-7252
-1817
9877
-1866
7595
-5601
4254
-8277
-5428
-9085
2900
-8163
-1621
3597
7911
483
-413
9349
-8933
-8987
-9534
-1433
1366
3943
4567
3398
2567
3737
-3029
2243
-2055
8567
-7006
3320
-5867
-5116
539
-4840
-8354
9391
9421
-9492
-6978
4662
-6611
5000
6922
2875
5997
6366
-2743
807
-943
-21
3673
6762
1704
4124
-7690
9650
7607
-9867
-7010
-9935
5698
5772
4286
-1126
-7453
725
-4442
-1210
-9112
-1735
-1838
-5793
9213
9288
6236
-8528
8969
-6540
-3919
9911
7299
-8598
2218
2474
-2498
4641
6708
9013
6824
8750
369
-579
8602
-4963
-3123
-2674
8827
-8294
-8342
-1344
5728
6241
132
-5654
-1233
4649
-1536
9437
7911
7710
9120
-3130
-3542
4342
3857
6004
-3241
2231
-1704
-199
-5763
-6411
-9802
539
-1510
1416
5868
-8356
4592
4768
-8994
-3261
303
4821
9812
-4130
-2352
7868
-6810
9446
1287
-7783
3386
-7591
6696
-6480
7224
9651
-955
-4966
-9499
-908
1582
-2898
6504
-2278
-2580
-9186
391
-9662
2527
-7407
8894
-7435
8653
-7598
6134
2101
1652
-317
7914
3517
5537
-9788
5262
4045
-525
399
9414
-474
-4615
-4875
-9908
9626
-1299
-3030
-5011
6199
-6683
-7161
319
-559
9171
-3878
7035
-4985
-8845
-2427
6155
-9145
-1657
6441
-8638
9494
-5672
9420
-4427
2695
2694
4258
-5176
-187
8871
-3621
-6485
9576
2074
1123
5508
-8659
-2243
-2858
-8914
9571
3230
-5111
-4343
-3820
1165
-6824
5742
-3747
-4861
4742
9270
2378
-8368
5093
1819
-1529
-4425
8100
8600
-7554
266
678
9781
-5177
-3994
8238
8651
-2489
-590
8722
5448
4357
-1483
664
-1621
-7279
592
2384
9067
-5998
-2761
1268
7662
-1087
-7567
485
2263
7148
-2657
5464
7309
-3277
-5957
-3996
3093
-998
-5352
-1907
2878
13
-7800
-929
-4081
8792
-7191
6584
9984
-5276
1769
1711
-616
2806
7395
5600
2790
-7728
-2567
9591
9599
8097
4702
7492
-9145
-7391
-4938
-3183
-718
-3209
436
8378
4222
-8564
-9043
-680
5238
-2548
1009
5763
3800
-7941
-6470
-7835
9684
-5597
5370
-9333
-823
-9363
-8622
4269
4306
-695
-5407
-9547
-1364
9157
1759
5177
8702
3544
-9808
-7345
8628
8499
5430
8000
-9485
-3174
-4389
-808
-6131
1764
-3574
6141
-7382
-523
4398
-7070
-3686
-2278
-35
-4288
-3633
-7365
-6808
317
2318
-9453
-2745
-2416
-8095
5750
3088
9188
-6766
3723
-3354
8041
-3909
-675
5490
9397
6672
8235
-1537
-8793
6135
1164
-2329
-9902
-124
8747
-5754
-9881
-4221
-7464
-288
-3434
-5653
5670
4723
3518
-700
4542
4237
-4706
1347
-4700
-6344
9878
-990
-4593
7587
2140
2187
4990
3356
1654
1689
3737
8683
-1398
-9265
6304
-7469
6789
-7235
-613
1242
-1577
-6990
9098
-6232
6448
7328
-7062
-9343
-7358
6935
3974
9400
-7806
9982
3585
-9979
2941
9455
-9452
-4048
3711
-7607
4796
8684
-6088
6690
-9510
-208
-3812
-5988
2529
-6226
3093
3120
4827
-1257
4198
8548
-6830
-6900
7995
-2266
-4186
-5848
5143
789
-7508
-1398
-1862
-701
4971
616
9003
-2277
-1442
-9793
453
2991
-4215
-5429
2859
-6067
-3350
-2623
-1098
-3692
-4132
-5437
2957
-7939
204
595
2099
-5054
-8592
-6681
-525
340
-1993
5914
-481
-1544
-9472
-4520
-1038
8409
-4026
-742
6409
-4837
-4333
-6621
1495
-7965
8471
-793
-5096
5403
-9370
-4794
2785
-7843
-5329
4588
9517
9316
4081
2406
-6708
1469
5529
1347
9755
1430
-6594
-6647
9722
-5039
-1353
-3066
7295
8542
-1106
-7395
7990
2200
-1872
8742
5087
-8685
1371
6951
-790
7617
-3597
-1296
-6699
-5179
-6688
-7390
1865
-4291
-9043
173
380
-6577
9331
-4786
-782
-2031
-8389
5137
-6358
6126
4872
2084
-8870
-6951
-1944
9269
-8181
-6896
-9333
-4854
6797
-4383
-3598
-1680
1435
-1196
9619
-6702
-3384
76
-7977
-2933
-5655
-5407
6179
-3594
7688
-7078
6466
-8696
-7739
-3879
-9331
8835
-8961
8177
9826
-9633
-7704
8013
3209
2988
-1528
6282
-7580
-8022
91
9163
3763
5467
4170
7630
-6871
-4139
-6839
6495
-9775
7067
6078
-5207
5983
-7890
9959
-3431
-8316
-5206
3945
2249
231
-3704
4815
-8815
8606
6106
-7269
8223
400
-9212
-7341
-1430
713
702
-1441
-2171
-6443
-688
1017
8998
8043
-3516
-682
-777
-1618
-798
-1910
5307
-5058
6263
-5401
1074
4776
-6629
-2614
-1576
4173
-440
1047
142
-981
-8530
8412
717
-8279
5668
8026
6703
-3169
-2763
1459
-5605
-7832
-3030
4744
1983
29
-3473
1333
-5001
3953
-5173
-8359
9725
7813
1983
2755
3255
-1497
-7430
-307
7744
6265
3932
-3811
-2431
-8512
-6715
6169
-5898
-1359
-7247
-479
7968
-1062
7452
1949
7857
-57
6466
-5812
1533
-4834
-6304
-1349
6565
-4760
1431
4557
7184
7492
9942
1081
-5764
-7671
829
-6567
9474
-8216
2625
3820
2468
7745
3626
-4803
4644
3366
2849
846
7771
5436
3869
-6258
-8520
9731
816
8945
5876
2929
-6884
6614
-7258
9295
-984
-8662
-3712
-48
-7371
-1968
9566
-1968
-6459
3443
6044
8552
-2403
3423
1539
5232
-4480
1768
3439
-9996
-4840
-2891
-7735
2148
4758
-6821
-2984
-4857
-5162
908
-4623
1657
4935
-782
4130
-3132
-2234
9792
5050
-7635
-9907
3306
4556
-9088
-6001
-7962
4840
-5646
4270
-6262
3418
5366
-7640
-3733
-5173
-8821
9666
9292
1887
4137
5146
9419
-6870
6833
-1260
3281
-3341
5498
4897
9049
-5216
-4394
124
1286
-8103
-5813
-2175
5536
6460
8235
-779
9007
110
-1181
-6165
-5591
-9619
-3994
5657
-9370
-5384
3746
7439
-3237
9719
6980
731
8286
-4702
-1018
8433
-5215
1107
-3245
-9086
1164
-5338
928
-9917
-4112
1974
9907
1674
2242
9265
7790
8981
-7542
-3706
6179
-7024
1306
7698
-6879
6526
-4175
1210
-9047
4150
4879
4356
7816
-4783
9966
2840
32
5428
1428
2338
-9452
7867
-375
-1062
-1997
-8697
2689
1983
-1453
-856
-6922
-7486
-7430
-334
-5647
-9606
273
-5428
-8877
-8395
-2165
-3569
2274
9484
-9719
-2549
-3418
9415
959
-8796
-6566
-3984
-8802
-5220
-83
444
-3907
-5139
-973
9213
2055
-6791
-7813
-4489
-5108
5020
-6777
-6063
42
-2865
5430
-6526
7543
-6009
5493
-9056
218
-7269
-8863
-1035
-609
6687
872
7840
-871
5132
-931
-9324
9253
-5807
3553
-8759
3307
8559
2024
291
-6147
6480
2968
-6335
7
2911
2480
742
-860
-9682
-3535
-7084
8920
4204
-3
-3916
-2461
3799
-4736
527
6612
-634
-7915
7327
4499
-9498
-7140
4780
-5449
-3731
-2583
3577
-3823
1673
-8934
6616
-2522
-7151
836
263
7157
2715
53
8375
501
3621
-688
7603
1905
3874
3453
6599
3115
-3035
1187
-4937
110
3971
5621
-9791
458
-7215
-9721
-9707
7023
-7212
-872
5166
1808
9345
-7587
5074
8230
4362
-6527
6779
-6165
8576
-7151
4785
1766
-4044
-8514
-9923
3190
2830
6424
-6440
4185
-3411
9486
-9168
-9754
5287
9360
6777
-2010
-9960
4016
9929
-9783
2579
2710
5120
-2519
-8735
7938
5946
7599
-5198
-2747
-3608
-314
-1679
-1407
-7556
7444
3113
-7684
5361
-8608
-8407
-7752
8147
-4403
2122
-4095
4188
6693
-129
-2685
8667
4390
-8928
8183
-1992
-7509
1016
941
2574
-3423
5469
-5186
2493
1786
3731
-9917
-6118
-8863
5480
-2766
-2405
-7685
8417
-2381
1327
-7820
8831
-6685
-3707
7392
-6872
2830
-1580
-426
-1614
9596
-3118
-4614
6183
-4541
-2163
-8151
-2511
6272
-7444
9403
8579
6924
674
-9890
8441
-1079
-5895
9285
6745
5213
-4671
981
-4994
6038
3031
-8108
-6381
7083
-6438
-2876
-9661
264
-8451
6573
232
-3263
7266
-3643
8368
4137
1869
-888
-375
1702
-6106
-2009
-8325
3996
4712
-8492
-8005
-7379
-10
120
-2689
5695
1856
2289
-2480
2311
-6209
-2742
5055
7833
-9659
7343
-3889
-2831
8242
-3062
4288
-7979
-8891
-6481
5891
-3718
996
-7820
2692
7716
3733
-3736
8095
-1236
-2044
-6940
3030
4821
-438
-7097
-9726
-9656
-9179
5370
-2405
-3398
1816
4493
-8842
-8337
-6508
-7326
-3509
5300
6164
-9459
-3866
-8931
-3995
5625
6237
-8631
1775
-5443
-6670
4782
-7843
1314
-5197
1686
655
-180
-8997
7090
-1587
1285
-1097
-3111
7589
4092
-6454
-4917
288
-4066
-6536
1636
3186
9155
-6844
8588
-2708
6503
9201
1180
-2030
-7177
2107
8584
-8851
6495
7971
9654
9578
8933
-5596
4465
2746
-9514
-9953
2290
-3930
8105
8985
925
-2869
9080
8934
2802
1113
-6470
5532
529
5066
3890
8278
-8216
5005
-9277
8980
-5201
-5385
6814
3767
5672
5529
2269
9840
-1055
-2675
-3426
4392
2036
1262
-4286
3316
3608
3350
286
-1601
-9621
-5077
-1897
5634
-2979
3204
-5664
-25
3863
3964
5007
-8031
-1110
3640
-7892
5167
1251
-6652
4889
160
-5611
2219
9051
6084
-8339
5173
-8568
7166
-7276
9897
4183
3560
5163
8996
6034
7204
-851
9839
-8722
6767
-8882
-2863
-9196
8638
1125
5190
-9342
3950
-5955
-1969
-4044
-8693
8909
-5685
5920
5113
-3693
-601
-9957
7815
3978
5492
4799
7234
-4484
-2891
2604
-6489
4543
-7146
6057
-5009
8527
6796
-9375
-3786
5323
8987
-9973
2633
3388
4953
8807
-9382
8795
5962
389
-4631
1206
-8526
-7927
3323
6679
-6185
5151
6237
6858
-2700
-3972
-276
-1240
8134
-6344
-6340
-2911
4928
-9430
-7540
8473
-5868
5498
8496
-9679
9586
-1841
8569
7739
2148
1470
-8017
-1210
5160
-2307
6251
4927
1848
-1198
5651
516
-2594
-9163
2734
-8707
-525
-6017
-846
9864
5938
-5735
5015
-1949
5553
-8735
-119
-4469
-8929
3660
-8089
-2879
9684
9162
-8539
-375
3634
-5678
-9885
3033
-9426
-8296
-4814
9880
9786
-4376
-4766
-1593
-3131
3849
3013
298
-5957
-5801
-4845
8166
6151
2317
-6417
4397
6181
9406
872
-8574
2971
5282
-1506
-3317
-8189
-8266
6950
742
8690
-154
-2597
5302
1854
-6009
-5849
-229
-4729
-8032
-140
-6064
-9008
9414
4155
7492
6155
3893
-8169
9088
-8248
8109
-9030
-1450
505
6793
-8932
-6712
-866
5329
-838
6408
485
288
5197
5300
-6548
6169
8383
1924
5439
-5758
-3244
-315
-9948
2281
6030
-7684
-8953
-3835
-2053
-9635
-1803
4458
-4461
-7950
2500
1636
-6689
5909
-695
7057
-9324
2665
7488
5978
6409
1292
-4106
694
-4536
4766
600
5298
-470
370
-9901
2171
-9491
-5800
-9822
5445
7181
9590
1855
3070
1939
4382
-1017
-7058
4172
4034
5381
960
788
4604
-7454
4721
417
4835
-2074
9668
5588
-3922
-7150
-584
2997
-3070
-4204
7558
1958
-2631
-5434
7653
-4129
-8449
2811
-5252
-4712
9470
2588
-444
-6448
-3611
5502
6761
-2935
-447
-8972
3186
-7074
-7359
-2611
443
-3778
-433
2500
8286
-3450
-2645
2844
8763
4228
-9622
5858
-232
-6474
-7637
2041
-8276
-2599
-9400
-3346
-2646
8924
665
1188
-3789
4017
-4718
-9716
-8672
9687
2405
2311
3149
-6651
2518
-5910
-7395
6803
1072
3395
-1598
-7938
8296
-9061
1494
-4823
8994
5942
-7141
2581
5370
-6650
3813
4496
1340
1319
-874
6556
-3919
7196
-3058
5299
361
-4517
-8720
3903
9367
-2370
1302
3793
-936
-6462
3506
5544
-2177
-7910
8501
3348
-5764
8502
8840
-1902
3639
-3214
-1723
3216
1004
5208
8736
3556
-4704
2011
-9265
-7470
5698
4130
-9406
-6723
-7445
8975
-2377
6823
794
3617
-2206
2787
1216
9672
9769
-8823
6081
-2365
9135
3662
8077
3731
2609
-4443
-5865
6797
-4877
-7236
4551
3600
204
-1566
6707
4929
1792
-9646
9288
3798
9051
-8373
-3033
7841
6834
3662
8713
-8022
470
2149
8951
2399
-1815
-4914
5212
-4003
4494
1506
7081
1340
-978
-238
4936
-8495
235
-2537
-7733
9382
2316
-4892
-4802
-7275
-5396
1910
-4233
-6460
-1589
-7894
741
-7537
140
-2395
2743
-1752
-471
-7258
1777
2566
-3018
-8857
7372
4596
-2788
-9360
7010
-1073
9123
5202
-3916
-963
5287
-9214
5064
-6076
3201
-5290
8030
-6589
-1870
-904
8069
705
-2885
3326
-6174
426
2758
-9938
-4765
-817
9767
-1736
128
-4519
-2520
1766
-9770
-6805
-8489
-7031
8421
8965
-3401
-3245
-8617
-9481
-6558
6672
-475
-3067
2921
6283
-590
7421
-83
2440
1796
6335
7169
5436
3971
-5642
3107
8325
1026
-5445
-3737
-3714
733
8012
-768
-3433
-2182
-5814
-759
-3343
-272
-8264
8940
-2926
-7895
8900
977
759
-4239
-6995
-5589
-2499
-1979
8870
2294
7571
-7047
-4543
1512
-4405
-2134
-4783
-8752
1772
9109
-2117
-665
5531
6129
6886
-8388
5936
-2405
6061
-2778
536
7257
-8197
6902
1672
-422
-2648
-3446
5563
-7401
4969
8597
2093
-7044
-3264
-9392
-519
-8531
-2204
-8517
-6544
1477
-2392
9108
-453
-5934
-2818
2252
-4367
-8759
3255
-1545
9015
-9025
1613
2333
6942
-7934
8518
-8080
-9520
8035
7673
2675
-9775
2468
5917
-5427
1625
-7411
1331
5015
-8884
-9960
1214
-9702
4112
9241
4324
-3776
-8242
738
-3347
-4334
-6808
-2527
4287
8322
7540
7390
-9160
-7016
-7127
6630
-7198
4033
-2016
9823
7613
3395
-9256
-9698
-3927
6154
8622
2893
5819
-7689
-6486
-5402
9510
-2860
5275
6208
-1835
-2940
-9702
3811
6280
6482
-2460
8144
1551
6075
7535
-4704
4494
4347
8931
-8663
-9583
-5500
-6182
4156
6588
3160
5782
-8003
6547
1398
-9408
7720
3689
3396
-5631
799
-7593
1437
1736
-6011
-5517
2624
-6187
7712
9585
7081
326
-1023
7313
9230
-9949
-9141
6811
-8207
-3562
-4001
9928
-468
4306
-8080
-7601
-6201
6844
8177
1693
1289
8777
-1698
6746
-8260
-8605
2203
3224
-2905
-8671
3700
-1084
8071
2046
2596
-8773
-2507
6909
2055
8156
-568
-605
-6013
269
8114
8269
9151
294
970
-7678
-4674
2689
-4972
-2822
3953
9045
787
3574
-771
1870
-2465
-7796
8225
-7293
-5992
5237
-8155
8419
2974
9652
-1399
-8983
5054
-6731
2145
-3836
6631
-605
-1153
8805
7033
-994
-771
-7495
-8424
6365
-9267
-6748
2415
-5879
-3267
5605
6577
-4350
-4840
4886
-1912
-9973
-4141
-5793
-3671
4123
-9414
6287
885
-6224
3636
3439
4439
4325
1109
-8427
9623
3863
7916
8390
-6687
2845
7303
-5995
2143
-1642
-4771
-3197
4281
-9497
-7955
464
-8722
-7889
-3195
6493
-3648
-2963
4132
-6320
-9858
-5393
-7624
7666
7737
-6239
8801
6322
1842
1619
187
1435
3886
7377
-9475
684
-6650
7276
6754
3477
-4534
4748
-4766
-7563
-1345
-8719
5140
-742
-2233
-8602
9426
-4722
-4680
-2231
6253
2575
2898
-3175
-4942
4771
1107
-652
1525
-1279
-3743
6108
-5255
-8849
-4877
-5392
2437
3274
-4847
-4430
9675
6148
-9435
-9325
471
-4450
5798
8861
-7564
-9142
-9797
-8572
-8288
-5876
1359
-702
1853
6928
-8113
-3681
-5473
8483
2598
8056
-965
1539
5108
3210
-4657
7857
2432
658
-1212
4622
2588
5232
-6339
-2778
-7029
-5044
-4250
4368
-4722
4749
-3225
-3630
7016
-4349
6635
5070
-8282
-7544
7411
9326
4924
9459
1080
4189
4545
3467
6222
3872
-7840
804
-1467
-4325
-8043
-4662
-5035
6203
-6692
2533
-6178
-9957
-9869
6752
-7901
9430
6113
-3326
6841
1349
-5722
3480
-9291
-8126
1345
-617
-2027
505
-1394
-7821
2777
4784
1109
-7473
8003
-6536
890
5064
-4982
9085
7899
3885
-1081
-354
4881
-5887
-5610
-6096
9640
6746
-8653
1047
9681
9911
-6877
-2048
-9157
-5244
-8480
8833
-9442
-2765
-8164
-8815
403
965
8289
1974
6772
2154
-4217
-728
2881
4429
-275
-7527
9459
-934
7708
9862
8220
2342
-7557
-8321
-3499
-7723
9476
-8426
5340
2306
-2161
-1042
-5137
-8032
-2283
-9382
3153
-4253
-6617
2803
-7094
1439
-6380
8944
-2249
-359
3715
6091
-6692
-2807
-7728
-7066
9506
7695
1510
-4465
6069
8057
-2181
4570
-2080
-374
3142
-3899
7169
7504
1454
8041
9705
451
-3532
7130
-6723
2258
-9197
-6123
-6766
-9330
7536
-932
8892
1707
7991
-3339
-8070
3945
6622
8654
-5787
2582
-600
-86
4783
-4465
3638
2943
8550
2618
1278
9922
-9458
2786
7751
6011
4198
4310
5470
7790
-1614
3557
4110
7338
5916
6785
-8719
-5295
7799
-2019
5324
1196
7010
6286
8099
1687
2597
-5388
-4311
8867
-1195
8278
1997
1671
9508
7064
588
-2948
4433
-6691
-6561
3676
3158
5408
4587
3626
6005
8301
9641
-4721
6784
1350
7046
-9291
9009
-2756
5533
511
1425
-1592
3064
-6391
-2997
-1261
-6357
-1886
5790
6648
2880
5898
-3921
-9425
8379
1276
8220
5498
-3949
6265
9104
2276
-4110
5265
-4715
1097
1385
5275
-7427
-1961
-3487
-1930
-9446
3511
6344
5643
7417
-1126
9969
4063
6722
-9924
-4407
1766
8441
-7497
9867
1920
5841
3289
8558
7506
-2703
-7657
-5711
1626
2774
-3864
3788
-7377
-8230
536
7007
-7870
-5131
406
2939
-6030
5552
3621
4172
2028
-9348
271
5821
3417
3262
-7388
3986
-9334
1550
-183
6202
5511
158
-5971
7374
1244
-6026
1925
3716
2968
4166
4565
2843
-1623
-7759
-9719
-277
2620
726
6592
-1390
7882
-7976
-8536
3065
9168
5847
6108
-1205
704
-4133
-5117
-8649
6973
-1526
3485
2984
8490
-8311
5941
5324
-4316
3717
-4866
-9178
-5161
-440
8908
3224
-5019
5563
-8392
-2997
-2437
5328
8000
4297
-4798
1063
-2725
-5485
241
-4900
-2662
-6690
-2251
6893
5865
-1494
-1354
9638
6182
-632
6835
2556
4770
-7871
8952
5627
9803
5386
-8742
-1568
8787
9676
-8158
6175
-1851
-9320
8045
8879
2404
-2763
5247
9452
3615
-7691
2991
-2207
5331
3535
-634
6080
6247
5203
9836
-7501
407
9188
-4271
-3134
5444
-2903
-9098
1212
2367
4283
-4600
3484
-3157
1497
5610
-4575
-2939
1945
4678
1947
8096
5643
-2257
7604
-317
-527
1628
2160
9287
6310
-9786
2973
-3491
-9043
8021
-657
9430
752
7563
-2505
-4452
-7207
-6349
-7062
7330
2181
-2658
-1449
-3782
8386
-208
-1873
-1146
3707
7154
-8240
7632
6292
8320
-5750
6723
3615
-6051
-9945
-6598
-8729
-39
6790
7766
-1542
-655
-6082
-9500
-4230
-3463
4694
-7105
7637
4821
-6016
7580
-9879
-9795
3309
-818
-9268
-3958
7622
7113
-1163
74
-5460
-9468
2343
-9154
7403
955
-7160
-2918
6541
-3206
-6817
-1314
-4779
2020
-6890
-4407
5787
-4
8466
-2700
-5721
4209
-5140
-3744
-6696
8779
-1479
5744
-3436
-8787
8598
819
532
-1647
8951
-1523
-6299
6718
-5603
-4317
9352
-2098
853
-2779
-5716
-9971
-5342
1496
7515
8311
1529
8866
-9136
-7305
4796
3272
-3107
3398
1311
-2509
-5881
-2528
-4289
741
3232
6820
9309
747
6004
5760
-4917
-1779
9615
3735
6956
4962
-4875
680
3718
8835
3460
1539
4369
-7362
8672
3295
-4873
1572
1007
5348
4103
3800
8492
-215
-7776
-471
-3742
-6697
9365
5324
3268
6950
5288
-39
-9690
2195
-6260
-3330
4181
9243
7992
-2754
4754
1405
-2137
-5706
5778
2937
2775
7380
5530
5701
-4613
-3845
-1479
-389
6554
-7776
7555
-2368
8329
2916
3670
-3939
8464
846
-5422
690
-9030
-276
-1083
9438
6337
-4754
3722
-9297
7016
9391
-8653
-5347
-5781
-1036
238
6519
4561
9173
-7549
5416
-2690
-6747
5364
-8013
4338
-1101
5574
5443
2495
5273
4161
8408
8456
9000
630
-7129
1987
-6939
24
-6246
143
-8889
-2443
-4534
2020
-3049
1396
-3956
-2682
-8749
241
1138
1928
9490
5459
7131
-2635
-620
6588
-8024
-8967
8534
5275
-9864
6955
9885
-58
-6180
8603
9963
-9301
5398
6034
9153
1953
8435
3967
-5164
4733
-3848
-7274
-6595
4755
9038
-5307
-314
8614
1257
-6240
1135
-2515
1375
-2738
7294
3173
6743
4968
9373
5865
-6855
-8127
3463
-4313
6982
-9507
-1616
-6849
-447
4423
3924
4714
9812
1247
-6916
-1281
-893
-3267
2421
-5485
-1184
9125
9480
8809
6104
-4175
9490
2818
-2244
2262
-1344
3389
6735
1149
-9003
8582
-5785
5108
8698
9362
-3457
5006
6735
6306
-3844
9672
1735
-830
5936
-2262
-7096
6499
682
-1890
-408
4531
-4015
-3890
6640
7748
7928
1722
990
0
4118
-9767
5510
2538
1116
-9032
803
4496
6381
-7131
431
-9246
9407
-9827
1010
-3564
511
3872
-5394
-4249
-2721
9932
-9850
-8804
892
-9977
8659
591
3064
-5659
-1196
-4154
3936
-2947
-7218
-2160
-9284
3549
-5823
-2731
3195
-5504
-2339
-4809
7034
3752
5268
-9627
235
6415
-2334
-8384
-8189
4124
-661
-9765
-1783
7749
-1175
-6084
6473
4602
1411
-3512
-6153
4385
4101
-116
-8563
-3925
1140
5229
-4465
4103
3841
5073
2422
-3290
-729
2471
4653
-9056
3584
3004
-7115
-3984
-875
-6027
-8784
-1970
-5342
6591
874
-8598
-9032
-3486
-6684
-2869
4819
-9409
-6668
7851
-8129
-1538
-1384
-4666
-6440
4691
7026
7642
-6934
4692
-4396
8421
4653
-6550
-2389
3353
4457
626
-1318
-1597
-154
118
9732
-1012
3276
-4834
793
5138
2153
9520
-719
-7361
-9158
-9798
-2305
7677
326
-5153
-1154
-3414
-6870
6357
-841
7705
-2581
4200
5983
-8566
4555
7482
-8925
7015
-7262
-834
-6600
-4828
1559
-7137
9010
1248
946
-5046
9718
3259
-7091
-9446
1771
-5853
5439
1560
9566
7165
9600
-5833
-8271
8286
124
-2760
-7671
-9127
-9249
-350
-6537
-9769
-8285
-2086
-6968
1442
-8371
5882
5533
2429
8543
6847
-9516
2043
7289
6422
-2053
-130
5031
-1886
-9568
456
-5388
3119
8528
-3837
2449
-8053
6249
-882
-9807
4280
-2269
-4807
4627
-1918
-2605
-1967
6655
2038
-9139
-1446
7730
-5686
-287
-5327
2114
-872
-7179
-8148
1736
8749
1608
7398
3325
-5675
-8175
-6934
6321
4819
3258
-1695
1435
9565
7696
-5209
-9790
1088
8411
1028
1685
-4138
6591
-5464
-2173
8375
6493
1766
-7928
-7353
-9468
5240
-6128
-3677
-2369
-4706
1459
-6754
-8153
-8170
-1792
9100
9203
9620
6528
-8205
-641
9431
4190
3586
1755
3062
7438
2861
-8548
-1409
4356
-6412
9362
-1481
4599
7542
8567
7916
-7792
3876
369
4238
9420
6228
5940
7766
6391
3138
-2275
3574
-424
2853
456
-1035
2468
-9651
-4327
-1116
-5477
8107
-7971
-3824
6025
7129
-1852
-2981
-7498
-5435
2978
9851
-8883
-1496
-4056
8056
-3545
-3922
208
-9681
1813
2765
-9568
6513
9655
-8276
5803
929
-3311
1289
-6479
-8147
-6325
8584
1034
5237
-1124
-7333
6126
-2586
2006
5058
4096
369
-193
-5404
-2399
5962
-4511
5445
-7983
8225
-3110
7297
-806
1104
-2700
-5309
-4943
2101
1758
290
4074
821
-3339
3882
-527
-9017
1235
9445
3522
6354
510
-669
2741
5433
-9716
5443
-7990
5559
7454
-514
4301
-7170
-379
-1923
-4559
-7901
3233
-7308
-8513
-6859
-4023
8747
-7830
5811
9094
-9054
-1772
-4741
-3516
148
-7022
-4501
-1913
-9462
8189
-1127
-3712
-9209
2636
4791
4603
3790
-4366
-1358
-2952
-2605
-6964
-6015
-5881
9108
-4814
6562
4801
-2071
-5168
8595
-4254
1700
1024
6048
-1144
-1527
6223
-8331
-3627
6775
9710
9647
-268
-1310
-5456
-6996
403
-8205
-8213
820
6083
-3461
-2947
-6294
4472
8477
7589
-3861
7091
-4512
4553
4757
-8952
-1544
-6382
-1008
-6251
-4710
4812
-9650
-6082
3792
596
7781
-5369
-5139
-3476
-8452
9142
-795
-7860
-7377
-144
6665
9944
6989
2786
68
-6312
7433
-4504
-7172
2346
3785
-6664
2514
-1199
-4978
5368
6014
529
-2700
9725
7753
4696
7904
-1458
7140
4724
8430
5081
1025
-6969
-3763
-2306
-4837
4121
-1935
-7811
-1878
8969
9217
-6079
-8529
-2143
5368
-589
-7323
-9987
5964
-7356
-5585
7645
8577
-4521
-4653
5452
1455
8499
-3577
-3828
1739
5077
1626
3004
-5224
735
-5936
9095
1220
-5492
4205
-7339
4152
3599
7449
6625
8198
-2525
4549
-6827
-2486
3857
-8542
1928
-2155
1957
-4450
7427
-4931
-7547
9798
-111
3778
3712
-1918
1892
-3640
-1279
651
-7152
-4361
8984
-1095
-4780
-2413
1405
8704
-1906
1266
4247
8213
-6278
3934
2222
-8618
-8114
1512
9544
-8771
344
-8369
6808
-2005
8184
8080
-921
-3645
-5174
-4131
-6656
-2294
2974
-5979
9401
-4305
-6509
-4145
8710
995
4371
7662
1380
-9863
-6782
3434
959
4304
9883
9854
7817
-1117
5614
-6333
-205
1522
1045
6367
2116
-9302
-9671
-4167
-8147
9197
9854
-3969
-9076
9755
-2391
-6704
4413
-7460
-28
-874
9781
-3153
6576
3207
-7669
7492
-2323
-9935
9837
9563
-5372
-1401
-8441
1563
5674
-1094
816
-2970
9638
5184
-9781
9597
-8417
-177
-7301
6481
-2217
-4388
4413
-8703
6352
3589
-4412
-918
-2098
2430
-9484
4616
6903
-986
3197
1973
-4010
-153
2566
-6496
-1127
-500
-3773
3639
1424
6691
5030
-9035
-7844
-3573
8591
-8095
-3486
-676
-1425
8303
6631
8985
-719
-4762
-8895
7597
6009
295
8945
-8135
-4518
-3695
2210
1651
40
3616
9134
-6157
8596
-1042
-626
2885
-5993
245
-9592
5925
3427
6737
1696
2965
-7296
833
-6810
4538
8510
7132
5033
5384
4760
3477
7594
4333
-6455
7771
-3477
-8435
3297
-7407
7194
3016
3883
3987
1754
-1759
-5087
-5547
-3611
9972
-1513
9527
-3118
-9805
7815
2382
-4839
-8315
8328
-5902
7003
-8006
-9107
-6078
8288
-4775
-7199
-7644
-3172
-1
-811
-6313
-4168
1962
-1845
-1183
384
6715
-9241
-1743
-7071
-98
7526
-7529
85
637
-29
-3567
-2517
7777
333
1450
8132
1081
8705
4131
-7730
-3829
-2476
2357
45
8790
657
-2006
8380
4856
3433
4573
-7818
677
6578
-7503
5574
5508
9368
-7195
-8775
8025
2060
-5055
-9840
1073
5675
-6240
-9487
3988
-2445
-1421
1357
4453
51
-4264
-270
8678
6581
-1152
-8207
2086
5965
5161
-8244
-2697
-5610
-3265
-6885
-5897
8918
4330
-9489
-2400
5417
-5578
-1842
845
-373
6901
3288
-2733
-3882
-5633
-3313
126
-6732
-9231
-3976
-5956
6560
9677
-5180
-2619
-3254
1347
-8390
7073
-6925
3622
7144
-9631
-5285
-539
9442
-9287
9812
2450
-7947
-521
-1689
8809
-8813
-5307
9184
-6992
8916
-9266
-7867
9346
4281
2820
3868
9539
-9575
6546
8235
9752
-9685
4955
7377
-2217
9591
-4413
559
-2190
-8039
-9049
-471
-4588
3809
-3117
7011
-3164
807
9548
7564
-9408
9633
-2157
9349
8116
8825
-3358
-639
7992
-8512
133
-8090
8551
2916
8460
6777
-9134
5787
-463
-8062
1862
-4665
9120
-7954
