115
-5507
2705
-8606
-3320
-2569
9563
6116
-6571
6252
-9519
9257
-9989
9623
-258
-805
4266
-2962
9109
-5532
-3561
-1972
-4722
-1688
-1828
9508
8341
6576
-2760
1695
-2471
-8559
8004
9482
-1275
8822
6796
986
104
-6224
-345
8258
1265
7753
-5953
-4551
9314
-5203
9121
-4587
1964
5965
-6699
844
-2039
2126
536
3486
1818
-7409
8989
165
3567
5928
3185
-4672
-9116
-210
5979
129
6915
-8497
4184
3310
7159
2928
-8827
-1501
4315
-905
3950
-2323
1633
1659
1793
9920
4110
-8843
1042
8021
4740
-7844
-5319
1507
-3892
3408
-1028
3325
-3169
-9188
7296
-2878
-3198
-5859
5825
5312
9475
-8545
5204
-8554
1584
7496
2442
6372
8927
-8184
4327
-1289
-401
8272
2583
710
6417
9292
9731
-3319
9088
282
7063
-464
-468
-9107
-2217
-9039
-9306
4767
-1452
-8197
3946
569
-914
-2117
-2731
3754
-1935
5008
3522
-1863
7743
-2548
833
9973
-2793
6036
2460
5742
-1421
1671
-7448
1181
9478
7606
3812
1009
-1207
5635
7474
7527
3713
2776
-3574
-1046
3098
-337
7513
3084
9569
-4545
5883
-6768
3647
3338
-6769
5201
1964
-8472
4830
3889
9122
-762
9033
7774
-1519
-8980
-9941
6874
185
9680
9063
-7107
2236
-6083
-4917
4477
-4791
9003
-9197
-1465
-920
1810
-1694
-4226
4508
-4373
-4500
7968
9817
-8075
-4388
5760
-1942
-5076
-7281
2956
-6381
-252
-210
5375
9476
3472
-4291
-4455
6650
3218
-6899
6696
-2005
9959
2420
-7882
-1146
-9112
8774
-4819
-8871
8975
1229
8608
-4767
8578
5942
3840
-2690
4042
3121
-7538
4597
9745
-3760
-129
-5269
2367
4470
8310
-2101
-1700
-2100
-6248
3304
-2010
-3552
7270
8631
1716
6505
-2887
-9056
-7109
-3563
-9843
-5694
-7991
-5795
-8703
-3705
-9191
-1578
-9438
-3934
-2155
3196
449
3568
-5070
-6746
7514
-7270
8302
559
8265
1886
-4330
3557
5951
-1124
-7809
-7757
3528
-1367
-1913
-8494
5345
-6208
-1694
1798
-9134
5190
3819
893
-5370
-1786
-4780
-2757
4595
-6652
-6413
-1329
-5836
-4887
-8408
6075
842
164
2370
3351
9578
-4385
-973
-3309
-2103
-8795
8734
6886
-801
-1417
8030
5894
4758
6039
5135
-4127
-5030
64
6231
-8992
-5529
-2025
-2640
-1235
-9275
-4754
-7849
4998
-3916
6847
-6268
1670
3566
-3325
-5159
8772
-6237
-6223
6660
9465
7480
-7196
-6408
9169
-1167
-7168
-8931
-3276
7792
2590
7660
3934
9163
3875
9191
4520
-5881
9260
-7256
-7538
-642
6515
-1755
-5424
-6040
-5650
2151
-4019
-318
8133
2552
5301
-8294
1951
-7890
-9403
7548
-7345
-6732
5882
1890
-4991
-6479
772
5112
7028
982
-9016
8071
1400
-8900
-1555
-1270
1706
3565
-2563
-3270
-8005
-1541
5100
-2502
-8807
7580
-2797
6363
-893
-8295
-1113
-6808
1519
-5457
-4144
-6115
7087
2580
2027
9951
-3403
5194
9568
7438
-5287
-6042
8863
9521
7490
1343
-7437
-7611
4612
-3199
8672
-4216
5039
6254
-3175
-6083
2798
-3787
-8109
-8202
1654
9577
-6528
-3997
-7790
7054
-224
2957
-966
-6550
-7770
-2068
-9179
4777
4029
1466
-8555
-8052
-8658
-7944
-8417
2246
8924
2157
-1332
7957
6459
-6686
-9279
8977
8538
-2461
-54
-5775
1880
500
-2492
-3415
-1065
4372
-5185
-5102
4202
6356
987
8380
5666
-6900
-8780
881
-9459
2612
4731
-6519
-6993
2794
7608
981
-9969
-8306
-6554
-7515
-2432
9415
-5197
100
6038
-1210
2957
-1318
9109
6145
2988
-6514
3164
3317
-6302
4150
239
3223
-3321
-4656
558
-4865
7372
6546
-2896
9373
9415
-9056
-9298
-545
-9712
-5187
-1763
-8124
61
-7629
941
4022
9717
-2782
-5937
5191
-9216
4842
9918
-9406
8902
2758
-8361
-1812
-3190
7745
-5520
-794
-7309
8016
-9951
-1416
624
-387
-1804
-3536
9480
-5510
-2984
-9506
2958
4624
6241
-3334
6963
909
831
-9142
-5576
7822
-416
-1824
-3780
92
-3591
-6904
-2331
467
-8613
9773
3802
6750
-1698
-6725
8644
-9185
2598
-1507
1491
7830
-2083
1459
-864
3190
3417
-6731
-9938
1106
3949
-4594
2101
-4650
3544
8342
2654
1604
3733
6967
7207
-6002
-5176
7398
8049
6170
-1328
5880
2119
9702
3022
-8847
-8055
7914
2131
-6490
5246
8432
2382
-4180
4828
4803
1994
7864
-1100
-6264
5853
-9609
1989
9150
4636
-8581
8873
3797
-4477
-926
9324
-7271
3602
-9248
1139
2762
1647
-8668
2420
1048
-3330
1844
393
8117
-598
-9715
-1156
5678
-6392
-8242
3618
8133
-8800
-3967
3511
346
6491
2811
-7561
5476
-5073
7218
3621
1093
9279
-6478
9939
-4794
-7748
3872
5546
-7634
5561
2130
4249
4827
-4684
5629
6675
8375
3964
3739
8385
5534
8478
-4768
-7229
402
2633
-4090
-9757
-3246
2675
-3171
4800
3688
-2036
-8507
-2112
-9369
-7297
716
5369
1281
3436
-4447
-1740
-623
-4530
-9163
-4758
-9723
100
9341
3278
-1336
-7860
188
-6948
-6477
-836
-1589
-7784
-808
-505
8666
-8222
-3595
-7895
-2061
-8305
-1230
-1450
4871
8568
-9405
3841
-6009
604
-4196
9910
-1695
-4293
2460
4435
-7764
-9270
-6289
-1529
-5539
8289
-4519
-7115
3101
-1880
6762
2162
2001
6900
-1807
7145
-6656
6432
2824
7529
-9995
-4837
6326
-5994
-4278
-9723
533
-9586
-428
-2078
1455
9017
-2701
-6889
-1798
-2917
-8086
-9208
8614
-2021
-1411
4778
518
6979
-7833
-137
4244
8765
-4100
-4374
-3340
2510
-8788
-3646
8858
3982
-9585
9953
3070
-2928
-2584
-7706
-2422
-8989
-4577
-5173
-5216
4043
4360
3009
2831
-9447
3178
-8788
703
-7889
-7619
-4668
-6724
-7351
497
-5187
-238
9010
-6567
-3515
-4408
-1822
260
7451
8351
4020
-2087
-965
3148
-5756
-8799
3121
7620
7745
-9974
-3868
-5566
7916
310
5374
-6070
-1780
2551
8305
2430
-2538
748
-4805
-3282
-3775
7319
3777
-1574
1001
-258
-9510
3189
-8273
-8760
1728
-7208
2661
-6511
3653
4095
2420
-1936
-4844
6388
-4392
-3840
7237
-8904
2363
9000
6078
1886
-921
-5551
-2247
-1076
8662
-2274
8847
-3235
-528
-9285
2884
4320
1536
7
-2343
191
3161
7842
63
6522
-9259
3463
8400
5389
-567
-307
2894
-932
-5529
6454
-8880
-5426
486
904
2320
-97
-4129
-968
4993
-2152
9483
5429
4621
-564
-1707
-5008
-2529
-8416
1497
7660
-4972
-8857
-1983
-1298
9421
5023
-1671
626
-3757
1733
-7211
-7957
-4604
-8159
7525
-110
825
-6225
-5220
4802
9596
9062
-2066
282
5394
7482
2846
1405
-6768
156
-5873
-3827
-1789
-4913
-9079
-5521
-732
4455
7761
1472
-3716
-9641
3747
3046
-1793
-7451
6068
-8275
-2264
8781
-51
3116
-2925
-3271
5144
-6568
-5328
-4538
1784
-4493
4197
-9357
4123
-7944
-8659
-8649
-8540
-1867
-1110
6410
7528
9154
1215
-5158
4740
-3196
-5776
-2884
-9800
-9310
-41
7053
-797
1742
2400
5756
-8303
8274
2334
-4749
7236
8911
1001
-1858
1890
-8609
4922
6946
-5095
6537
-5811
-6513
-4589
5990
3836
6862
-8420
-9755
-7315
-8735
-6490
5437
9171
-9339
-7177
4080
9364
4752
-6394
3270
2932
6851
-1411
-2826
-5303
4114
3299
-7166
-68
-4897
-9950
-3515
-9578
-5136
-6290
-9187
5376
9810
9503
4387
-3746
-8942
4912
9186
-1483
-4471
2444
-4652
8343
-3856
4583
8444
5592
9954
4125
4630
4561
-4416
4129
5958
-5192
-3585
-3024
4383
2168
1748
-5004
-2218
-5429
6452
9558
-2005
-2621
-4577
4269
7900
3325
-5855
-1866
-5175
-8823
2618
-5899
-7323
6553
700
-9411
2123
5458
-6609
-7490
9079
6947
368
7684
-632
-6359
-1754
-1930
-8696
1465
39
9860
6220
-7850
3818
6119
-736
-5771
-7998
3717
3121
9509
9638
1285
-200
8160
-2923
-4631
4206
6293
-6318
1992
-5624
4003
-1665
7979
-8479
-8477
5848
-3391
-8752
-3411
-527
6759
-7272
8348
4413
-8796
-8168
7323
-5548
-2759
-2781
-5101
8161
2144
6765
-9693
-9804
2087
-5070
1879
-9664
-2424
5445
5997
-8234
-8383
-6182
1409
-1851
-9633
-7916
-732
-2987
9538
2472
-9171
8660
-4335
-3987
9119
4821
6234
8831
5552
-4174
5389
1230
694
-8533
3133
-885
929
4485
-2924
-7399
4992
-2958
6026
3852
-121
-9063
-6124
8488
2006
8516
-773
9146
5163
872
-7896
9804
2636
-7838
-2343
2397
7844
-7001
-992
9953
6802
7464
-4783
8988
5953
-4061
-2654
102
-9432
-1129
-5430
-5770
-9675
-5106
7352
3418
-7011
7641
-9198
-68
7098
7348
9688
-2053
9897
-8858
1241
9619
252
2399
-2035
-1570
8077
5775
-8828
9574
-5649
-3329
-3977
5180
-594
-3231
-5749
-5200
5750
-5271
-3127
2683
-1302
-6230
5062
1401
-322
8844
9394
1491
6173
3408
-8514
-2713
9110
-8151
-7254
-9619
9836
5626
3444
9888
-9796
7608
-3124
-3022
1546
220
-502
-1704
7655
4360
7376
2164
-3288
3900
7994
-3139
-5894
5546
3089
-5201
5193
9822
-1173
3540
8083
-2167
6091
7668
5979
6817
7302
-908
6646
-3818
3375
1031
8603
-1311
9813
-955
3849
1038
-9444
-5021
3819
-4924
7363
2047
4233
4539
-2673
1094
6844
3268
-6137
9666
-9929
3077
-6244
6938
4822
3946
-6184
6540
2817
-4200
-728
4376
5276
4260
-5141
-7055
9959
-4671
-7891
-5572
-8258
1638
5138
7094
-1255
9777
-7788
4911
-7379
2284
1218
-2930
771
-3323
-3711
6439
7425
-6067
2088
-5307
5687
2539
-2074
-9245
-8735
8148
6524
-7346
-9296
-4679
-6794
-5671
-1067
-354
-1252
-7401
-7020
-4553
243
-9724
-2121
-7812
-8611
-505
-6864
-4761
-5344
-5587
-8421
8849
-4844
-4534
-8282
-2882
5872
-8596
8758
-8661
-2311
9724
5874
2379
4541
-3581
2888
9763
1460
2673
-6872
-6474
940
-7940
-669
-4731
-878
-8467
3860
6754
3897
-9337
9350
9234
-6226
-7044
6676
-759
5324
409
-9190
5877
1396
-2457
-9927
-5327
-5136
5355
0
-1847
7704
6145
5083
-4927
-9297
5799
4601
-5888
-9434
7854
8579
6766
-5570
5808
-4487
-2595
6558
341
-9875
6908
4043
8437
1896
4547
-7962
6499
5925
4170
1992
8709
-6983
5284
972
17
-996
1051
-5169
383
-7683
8634
-5533
-3235
3273
3461
-65
-6409
-9171
-2392
3832
8305
2216
3490
-4233
-5461
3217
6879
-8709
-298
-3096
-1986
-4233
9404
-144
1359
6660
3392
7665
210
3276
-9109
-8569
3855
3757
-3772
-2396
-2297
-3129
8471
635
-2336
-5312
5378
-8257
-2811
-7361
-9040
2924
-7821
2595
-7121
-8438
6136
5494
119
5748
-2371
2431
2722
-2999
-6961
125
1737
-6011
-7507
-8001
-6786
-1873
3619
-1606
-365
1339
1042
1654
3253
172
-8547
-7330
-9760
5673
-2845
-3072
4859
2241
2603
-5214
-1827
9020
-2539
8583
4743
-3407
-2524
-3433
-4873
-6559
4647
-9956
3820
862
-3261
984
9138
-4797
9187
-3509
66
-7638
9458
-6153
-1994
-4962
-8228
2822
-8347
-6102
2842
2444
-7678
6345
1415
-900
1913
9937
4758
-4052
-8965
-4773
5970
-102
-9202
6029
-5635
-5446
634
-3910
9173
640
2085
233
5615
2126
-7143
9585
-3838
-990
4177
-3444
-3123
-2135
-9369
9846
-9789
6025
-355
-6919
625
-394
7809
-5920
6838
1189
1116
8308
9333
418
2123
1791
-7280
3529
7898
-2328
-7116
505
9399
2588
-8416
-2926
8011
-2533
6381
3947
-6025
-4464
8097
9312
-295
3110
-1165
-5349
-553
1185
-8814
-4223
-5158
2174
5217
7614
7430
5102
-8327
-7495
5104
-477
5310
-6676
-3988
-2719
-7358
-2419
-4397
-1994
6556
3542
-5574
7535
-7331
-5191
-9001
-5336
8964
-5719
6192
5373
-3699
-6958
407
-7411
7017
2593
-4556
-9879
-2831
-9296
-9499
3309
6515
1832
-7929
-8393
2999
6431
9085
8833
-5444
-6382
-8627
-877
2445
30
6223
4631
-8129
4131
-578
7117
-60
-4876
7985
-3374
4431
-4799
5813
9863
6662
-6248
6771
-3927
8241
-1144
-3280
-4135
7398
2336
3836
-8950
-2039
-4034
4851
5364
8266
-7496
2133
4884
-6753
-3468
5916
1579
2266
-4677
2124
-5762
-8711
116
445
-7331
-3203
-7834
-6686
-4792
-7909
-4437
2894
-9547
7619
-7657
3744
158
4379
2960
-1847
-8008
-7898
6414
-7762
-3980
1889
3792
-2768
-5659
2023
-263
3730
-5883
-767
-5915
9755
-6427
-8009
9814
9778
5122
-4073
-9363
8669
-753
3515
-2298
-7044
7703
-3894
-5825
-6530
1540
-3636
-1132
7943
-7441
-7022
1762
4558
5698
2401
1227
-6447
-2422
1762
8601
4737
-8988
5965
837
-6536
-782
-139
-7075
-2301
-4361
-8010
3285
7430
2276
-2251
5289
9003
6490
-369
4379
-6748
4573
-2036
-2568
-4566
-7684
4375
3838
-5223
-5710
6203
3663
6197
-2880
942
1553
9100
6674
588
400
-8536
-3914
-9884
2002
8868
-538
699
309
8933
5764
-1490
2628
-5429
7101
-5689
4344
5441
-9954
-5853
4525
7370
4488
7539
8227
7385
2822
7958
6225
5444
1637
-9696
-4513
919
-8849
-9057
3923
2910
8130
1912
4937
4431
-1730
7307
3959
2854
321
577
5100
-1191
-8405
3208
5870
-6134
5180
-6260
6095
-9116
-3723
7835
-6837
-6067
5831
-2751
-114
-52
-5946
4369
-853
-8511
-5198
-4342
9618
-3429
5791
-5945
8415
8453
-6734
-615
-2142
1695
4194
-5319
5084
6757
3656
488
-5306
7405
6504
4356
-9710
-3186
635
-9781
9097
-4340
-3290
3865
-5662
4340
-4403
-9056
4991
7551
-471
6761
-871
7650
2195
-996
-3996
9699
-3945
-94
-5004
-5042
-9500
-9074
8175
-3585
-6434
3927
-4609
-2420
-1040
-1768
-2726
3246
6722
-7578
9523
3599
1445
9088
-8187
8499
-3992
6246
6386
-9808
-4551
672
4833
321
-2454
-3512
7573
8414
-2780
7196
3845
6942
3959
-7729
6357
6984
537
9372
-2310
-3042
-8794
-2813
1645
-1331
8077
1283
1626
-6923
7355
-6440
8075
-8665
-4787
-7317
-1393
-3050
-7894
1150
9826
-9490
-3314
-4451
-3340
9836
-8030
6383
-8947
-4376
-8512
-4151
2373
5062
-225
1930
1513
-4242
-7624
642
-4318
3801
3920
5832
-7460
-5277
665
-4803
2406
-6252
-9520
-2220
2383
-2141
2438
5455
-7105
-5332
-1936
7103
-2149
-5567
142
2283
-6335
6451
-3858
2625
3624
3007
-3000
7167
5661
4316
1485
-2776
7338
3453
2871
-3167
520
4167
7875
-6099
-424
55
-7273
2935
5065
7324
1629
3359
-627
6690
8781
783
-4677
3423
-1111
715
-4719
7094
-7225
-5208
-1739
4230
-6869
-1396
-7142
-7697
-3654
1085
6722
6416
-7491
-1367
7188
7803
-7494
-3325
-9166
-3163
6563
7028
-5545
3232
858
6228
-5622
-7004
-935
-5424
-3525
-2070
-6444
5310
4124
8766
-2987
9991
-798
-3649
-7969
839
-7261
10000
-2101
7334
9950
4404
4595
4864
8427
8786
-3015
-3061
8684
-6719
3268
-5975
-8304
-1295
1268
7161
2989
9420
5443
-8555
1170
-3980
8437
1948
7091
-1022
-7123
5790
-3076
3801
2340
8078
-8510
-9388
-3659
-8192
6488
6340
-9918
-6634
9048
3910
-3261
1883
8445
-4213
2992
-7804
-5013
8860
-5669
3411
1816
-642
-9574
9151
2523
9041
-4912
-350
-1716
-5587
5947
8978
-6182
1361
-7624
-9442
-1661
-4310
7195
2811
1977
-8482
842
-6532
-6528
-749
-6384
3488
7692
-3153
-5745
5077
-1883
608
-5092
-7881
-6676
-4384
6268
-2451
1764
1512
477
5743
3277
-9070
-4053
5837
-9476
145
6583
8699
761
-5224
-3657
1947
8468
-8722
-75
9884
5050
-5422
-4488
-7327
2871
-5703
-3106
7235
-75
1622
-8401
8513
9764
8119
-8502
5949
3090
-4967
4399
-3790
-7731
5388
4968
8107
748
-6723
4387
816
-8792
7024
-2504
9981
-9276
-8963
-6428
6858
3264
-9095
-729
27
4544
6156
4438
921
-9642
6839
-5316
-3073
387
-1274
5772
9494
4041
3300
213
8707
-5957
-2556
-643
209
-6305
6377
-5871
4374
5459
9563
9825
-134
2321
9170
-6156
-6198
6074
9660
9570
-7989
4628
999
-9140
3023
2393
8545
5210
2020
-5886
8988
9486
-1687
-8188
-976
-7358
7804
-2272
2585
2597
-4043
-8829
-313
7186
-2733
6380
5911
-3238
-8725
-178
8017
-9694
-6437
-1687
5317
3829
-3171
-2275
6735
-6444
8914
3161
2032
-94
3914
8636
3106
-1676
-604
1086
2284
4271
-5639
4489
-8921
-8282
-1190
-7656
9776
8568
2028
-9758
1759
-2552
6356
-8434
7908
4076
3892
5128
8759
-9165
4289
-3225
-1611
-2812
-2590
1997
-9625
349
-6158
3442
-1193
-3114
9264
-9650
7527
5668
-7348
-5537
3074
1060
2881
-5462
9010
-1378
8683
-2564
-4787
-3115
2589
-6467
6562
-796
-9425
8447
-4131
-7710
-2409
-3087
-9958
9627
-6283
-2014
-4871
-5929
-8759
-8372
-5019
-2698
-5198
386
-3841
-4026
3814
8549
-919
-1037
5169
3774
-6866
2932
-232
-3207
9679
753
5863
6258
-3353
-2487
-5220
-5947
3967
-7653
3281
-9628
-1962
557
4481
8799
-1847
-4044
228
9841
2217
9758
-9030
-6244
-9607
6670
852
8186
9462
-6962
-390
7152
6303
7217
-1000
1701
-3018
3299
-2177
-5457
6139
9351
8667
9933
9953
-4831
8592
-2893
7336
-8714
1269
7609
9325
-6608
-2805
9610
-8600
-4835
-9024
5272
4293
-5301
-762
982
6844
6400
-6185
2473
-1973
8091
8407
-1446
-2275
3823
4382
-580
3422
8033
2840
-8672
-9501
5566
-4837
4768
-8646
8570
-402
3897
-5773
-7152
-8707
-7276
3987
2406
-7214
6737
-1
4315
7315
6483
1801
2424
-160
-5305
8682
4242
-6518
8889
-4793
4850
-8839
4946
-7364
1333
1983
3567
-9896
7357
1475
1413
-8786
6442
4620
1141
9076
-7305
-308
6806
-1321
1040
-7931
-1892
6947
-7807
-4473
9098
3860
-240
1538
-30
-7585
-1824
859
8554
5764
-1131
7637
-3720
5404
6981
-5979
6880
3026
-5372
9648
-2930
7503
6297
-4339
-7413
-4265
-7487
-4813
-9670
-7345
2527
1322
-7172
-2691
-2804
-4996
-7691
2166
6314
-1103
-4100
2673
-1485
2453
-1210
8990
-837
-2581
-5299
2045
-7598
-9818
-4751
6624
-8161
8865
-4599
-3773
4672
-6075
8639
-3541
-4980
8288
-269
3133
1668
-2757
-7254
4004
-7946
7492
-6187
-9015
5841
7156
-9587
7336
1278
-9563
-2306
499
1406
-1767
-4180
7708
1859
2742
-2716
-2326
-5477
1764
-3023
-4327
-9499
7708
-2137
-5402
-5206
-4722
1472
4419
-2568
3951
4159
-973
-2588
-9386
-3763
3873
1698
-8234
7040
9592
-5855
-2712
6186
-2939
6742
659
5406
-8515
-8923
6951
2498
6863
4684
6339
8645
-3669
2822
1042
8637
3836
8710
-3189
-9330
-4809
5570
3047
6315
5148
1114
-8835
7499
5007
9419
2919
7556
-4920
-5254
-2166
-9093
8101
6936
-7332
4741
9305
4235
-7512
9386
-244
9848
843
3257
7535
6533
-1982
4727
-4176
-7111
-148
-6283
-9707
-1242
8952
-8403
-7353
1133
681
3813
8673
-8139
3211
8963
7583
-3614
-7319
479
-5932
280
5790
1798
2270
-4930
-3448
9232
-3906
-9289
8960
-7322
9932
-3524
5152
-465
-9471
-6076
-4418
-1558
5102
4229
9779
8649
-6141
-2145
174
-7458
-258
-6992
-636
1035
-4775
9204
-4132
-7768
906
-9925
2093
5522
-5196
7272
-4885
-2770
-2457
3136
1823
-7223
3610
3976
-2728
8713
-27
2286
9459
-5839
-3191
-227
6398
5257
-4791
-3317
3420
8381
7739
9981
-3543
2748
3023
2293
-152
4326
767
-4277
-5437
-2645
-6465
6802
-2566
2774
-4923
-2240
8941
6922
5144
7868
-6903
-3672
9117
4256
-1222
4762
-6275
3807
-9809
7681
3237
-5005
-5240
7362
5392
-9986
9855
1754
-2844
-6552
-6500
4177
-8321
922
-278
9996
-8716
4187
-4092
6410
-5148
-3667
-2196
-1874
-8637
222
1516
-6089
9798
-3924
46
-2348
1310
-3417
5303
-1523
-1369
-8848
3510
-1001
4767
4253
-1938
2486
-5851
2962
-2693
-9722
-4173
-8738
-6099
-929
9356
-6146
-5799
1027
-6402
5939
-5713
5550
6505
5139
-1066
1587
1258
-6936
-1839
1039
91
-2498
-7223
8020
1745
5403
3885
-5323
661
9466
9226
4538
-8242
2494
-3172
-621
-7146
1684
-8519
4498
-3992
1248
-343
6639
2166
9203
-9599
442
1767
-8191
4638
-6726
8160
4733
7121
-9697
-4106
-2342
-5526
301
-2950
-6580
-318
-5088
2003
4319
-9719
-7380
-5893
5214
-3979
2860
-9421
-729
-9065
-3524
-8238
4909
-7761
-2353
-3532
-1549
-7330
-6022
-3837
4410
8068
4523
3051
686
-6378
4634
-8824
-3065
-9285
-8867
9550
2416
4757
2713
1412
1369
-3593
-817
-9138
8898
4201
7026
-5428
-7365
-1153
4195
4390
6446
-2044
-7094
3725
2847
4891
-5772
-8903
779
75
7374
-109
5816
-6661
-1521
-9367
-3912
2819
8102
898
8124
4030
-6629
2530
7916
769
3110
9761
-9758
-9454
3836
6942
3219
-6569
5451
1968
3711
6097
-7169
-1862
1651
-4654
-4146
6670
-7880
-7045
647
-8206
6932
-7361
7863
-8361
2937
-7189
4033
-8923
7794
3018
-3869
1144
-7625
9519
-179
-8683
-1430
-4007
-3059
-1931
-5414
-94
1068
5255
7471
-5332
-4384
-1219
-8973
-8445
2094
-7460
5187
6673
-4510
2570
1393
-2670
6668
-7082
9099
3456
-1014
4427
-5615
973
5714
4626
703
-4936
9945
395
-6000
3915
-9126
-1289
6503
9795
1068
-6636
8498
4127
8755
-2045
-5046
2284
-6615
-7491
8348
-2741
4999
7219
-8156
-4391
1855
-2969
-6763
4305
-1565
2433
4050
-2063
-8316
-4244
544
-4434
5473
-9302
2560
5977
-2963
5780
-1062
6957
-1872
1774
-5122
-9871
-9170
-5225
-1568
9815
5742
-5488
-4754
1957
7791
-4707
-4255
-1471
5041
-38
3703
7390
9164
9658
-1040
2091
2390
6516
-8960
-2346
-9348
3802
-4494
-6248
-4835
-5234
8348
2672
6446
-1449
-7873
6412
-3786
-991
-2356
2650
-5296
-714
5692
8980
9685
-5775
9443
1865
1381
3796
-8797
-7109
-8480
-1288
-4984
687
7262
2962
-363
-7108
9474
-6165
6559
-7386
7359
3356
1781
7639
-6617
-5277
-795
-2363
9403
6265
9863
3496
-7819
-1007
-9431
7541
3370
8993
-9327
-8218
-9345
-8863
-4822
1384
-1231
-9945
-6995
-2282
-4867
2334
-7574
-2586
-3327
-91
6651
6154
-1244
-4350
-1488
-7917
9693
-4405
-6011
9934
5598
5252
-3535
-2239
-7155
9443
9744
-3872
755
9626
-9041
1202
-5511
5671
-4990
6500
-8632
-6914
-4772
-9629
-8632
-5697
-8322
-9639
-3620
-3163
5134
-1095
-8781
-2010
-5599
-2051
553
3807
9166
-6702
-4993
392
-8650
5975
4327
9850
8527
-3573
8823
7613
5240
3322
729
2360
9174
-6060
-3285
-4547
-1258
772
-567
2626
1926
-5173
3300
-8352
-6578
5545
-1648
-7879
9603
4254
8486
-9828
8532
-6096
5695
-4955
951
-1379
-1586
-4607
-9448
4484
9758
-6788
4025
-1521
-8381
-9288
7192
-9694
4200
-9105
4248
3958
7392
6164
-155
3652
-1819
-7210
4824
-2959
-191
-2668
-652
4192
-5185
-5255
9717
2234
-5656
-4175
3145
-1743
1757
-2849
-1871
-6161
3967
1280
-6265
-8986
-8850
-6423
1888
3316
-8687
-5204
64
5239
3030
-5205
4838
-280
-7733
-7449
-2443
-9832
-990
4210
-5419
-6265
-6563
2330
-1204
1225
-1502
-9107
4140
-1546
-9398
3534
671
1132
-491
-367
-9737
5209
-6797
8322
-4325
5399
3821
-6558
5513
-232
414
-5515
7396
5911
4844
9181
9799
6401
8247
-5895
5863
-267
6307
3916
3223
-4060
6202
6152
-800
8495
-8659
5684
7999
-4226
-4298
20
-9521
8550
9352
7378
-6908
-3049
-8327
-2712
7459
-4877
-192
4678
2197
-1150
291
-7318
-7240
6766
2319
1799
7054
821
3439
-4268
3879
-5786
878
5586
-4891
-6617
-217
7518
7559
-4029
-3958
7819
4101
-7335
3964
3571
7924
7447
-2869
8117
8510
-9888
7662
-1985
6350
1023
-3321
-2322
-6188
8084
5563
8486
5115
5036
-9585
3753
-1852
-1827
-6019
4322
-4941
4187
-6194
7204
-521
-4724
6333
-8002
-4824
3832
-4270
-8065
-2645
636
-2945
-8036
623
87
2029
1471
-3384
2154
2784
7817
-1339
-3064
1553
8832
-1247
6528
4092
-6283
-4532
-4986
6386
1652
-3776
-7041
-7561
482
4822
-7453
-7025
-4999
-476
-349
1080
-8676
-1923
-4607
3888
5532
-5683
2788
3929
-5125
-7145
-1450
9814
-1441
6572
1151
-8736
166
-9823
-9094
-6677
4208
3985
5955
-2014
-1742
-7607
1167
3175
4554
6296
7697
-6596
-6994
7064
-8169
3378
-7465
8990
9110
-1803
-5059
-3537
9006
8084
-3669
5158
-8923
-9647
4711
1704
1480
3578
-7468
-4607
-5142
-7902
2962
-782
-5983
-4843
-3276
1776
8344
3351
-3273
-827
9150
-2805
5781
-5151
-8011
-1050
4499
-9069
-6744
7686
-1081
-3377
7397
7903
-4200
-7729
-7513
-3018
8704
5773
4942
-1393
-2455
7262
-2284
7406
-6874
-7418
-2740
6767
-4809
-1481
5057
-3605
-5923
-1536
-5068
8515
-5490
-3489
-5349
6974
7219
4349
-2487
4452
-4519
-3883
3551
7889
-7494
112
9516
3225
4858
5162
-3549
-5176
970
-6508
-6396
-8564
-8222
8795
-9377
141
4137
3118
-7941
6105
-685
-3878
5151
3257
-600
-8143
-4998
-1098
-1726
8851
-46
-8099
-5849
-1085
-6504
-7815
-2826
194
-2575
9567
-4354
1575
-2672
-4000
4271
-4561
921
6000
-3851
-7054
-2291
6152
1284
-3298
8590
-7223
-4223
4486
-9664
-3985
3112
-786
-7130
3117
838
3814
9184
-4873
1212
-554
193
-9771
-4736
3344
8057
1606
5171
5609
-5671
-2798
4557
9763
178
-9271
7471
-1932
-5194
-9863
-7571
-7964
-6678
-9589
-766
-6575
-2719
7025
-9713
8410
-1133
-3511
3767
-4320
-6492
5933
6994
-2192
9956
5420
4403
9325
-1123
-1470
-3180
-6506
-981
4724
-1357
723
-9045
-1893
-1108
5732
-5726
-3196
7642
3606
3102
-6065
-7543
5807
3378
8856
-2322
9340
4539
4823
-3931
-2100
-6971
9726
-9033
1667
3135
-6076
-7959
-3471
-4795
3279
-2416
7524
-8750
5681
3286
-7715
-2520
-9896
-6121
-4038
-6042
-8689
-7334
-6089
-4061
1159
-8480
-5629
6601
-8012
9522
7114
-1682
-6290
4523
-7686
5272
-97
4825
2346
-8347
2575
-5428
-5735
-9915
9668
44
9314
-7832
8066
-9075
-1567
-6369
-8106
-2660
-9320
596
7409
7806
259
2864
-2542
4670
-294
5935
4096
-2048
4541
-652
-5234
6276
-7404
3401
4980
-916
5447
-111
-5294
6810
-6614
9025
-5356
3435
694
-4075
7333
2786
-8876
4324
5444
6515
-4750
2652
-4105
-5457
-5172
-8621
-1581
-8308
-7018
-6292
-2707
-2755
-5082
7666
-7952
8084
7084
6348
-6420
3007
4084
4090
-7175
-6250
8493
4912
-6744
-302
7274
7674
-561
663
-4968
8154
-2713
-3894
-9708
5961
1375
-7846
-5543
-9953
-7053
6525
-6060
-8205
6906
261
-7548
5046
1251
9049
-4788
-8176
-7680
-3257
-8877
3486
-4114
1241
4502
3821
4628
-7835
3510
-638
-873
-1175
2743
4291
-7532
-7858
-6710
-9484
-2426
-8049
-9841
-7343
566
-2838
-8859
-4502
-6765
5847
-3082
2624
-3259
9943
-9369
8854
-7174
-7713
-8851
-8842
7695
1337
-4603
-9174
-4261
-3428
-2955
-5341
-5271
-5510
-6285
-4674
1396
4865
1833
1076
-8834
-3706
9299
9864
5631
-6810
-9830
-6500
8520
5107
363
2618
8659
3029
-240
6377
-2105
6882
1496
1855
4896
-9968
314
-4022
-3210
-7753
-4736
-1588
-6247
2963
2928
-9977
3150
6197
-7053
-602
5635
-2345
98
-629
-4775
6928
6901
-9523
3852
9326
6052
4786
-9108
1780
-6347
-9521
6812
-4047
38
-8707
8104
3636
5242
9422
-2775
662
-1581
2607
9349
-4525
-6354
477
1604
-6863
-3367
4130
-1029
-1530
-2931
549
636
-7701
-9460
-6807
-7968
-6632
-2622
-1971
4236
6107
9045
-4016
-2077
-9121
4214
-9843
-6589
4988
-8392
-1422
3029
-1721
6123
-12
-9830
8276
-6234
-3442
7465
4043
-8081
-8512
-2046
-827
260
1715
-7577
-9512
-9985
-6694
2256
9533
4912
-6095
-2366
4398
-4315
8836
-1910
549
3184
-1179
-7404
78
-1113
1463
-4994
5
7618
-3868
1427
2169
6926
-6154
1312
8093
-8200
-9979
-567
2664
-1688
82
1
8905
7328
407
3549
3699
-9971
-1052
2865
-916
-4585
9848
-3675
-4085
-5552
-6290
9589
-5476
6467
3599
5914
-2247
-751
6744
-9411
3218
-8807
-421
-9920
1686
-4470
-1155
6309
747
-2050
2006
-2287
7611
5394
-6651
7292
2493
-2107
2019
-3883
-5873
-9285
-5127
5844
5124
-1960
-250
559
-7819
-1823
7170
-5115
-4389
-1722
-9875
-8079
7221
943
-7779
-7906
6782
7355
8329
4559
-7894
5100
-647
-3036
-901
-728
-4808
-6275
-3146
6415
253
-148
-5897
6213
9896
-5119
-689
158
3535
7541
-6879
1528
-5341
-8559
9148
4489
5389
-77
9682
3001
4471
5397
4791
6920
4757
6747
-9852
7967
6267
-3165
-9628
6450
563
-9975
-3256
-9486
-8602
-5460
-4495
-2789
-9255
1199
8181
1079
8651
-61
3270
6648
-8208
9837
1322
1675
-974
1123
-6847
7528
-1744
-5182
-2525
3470
-6293
1292
-7999
7940
-9039
3305
5677
7886
-6458
-2044
765
5528
-5653
-3539
-5630
-7332
3620
-3080
503
-7018
-2968
-1614
3530
-2955
4110
-4085
3219
-448
-2266
-8999
5442
1088
36
-4686
5333
-4623
2719
-550
-1653
3574
-4111
-917
7490
-7243
-5055
5004
6533
-9675
5707
9020
-8567
5639
5133
5411
-1341
9760
-8658
9896
-8495
-6578
-4215
9060
-4852
3455
3804
-25
-1043
-4068
5171
8978
9198
-7466
-1797
7190
183
-6618
6385
1575
-795
-760
-4174
-1801
6174
7891
7615
-7491
-8745
-7308
-3197
7166
4
-7206
4570
5228
5597
9071
3475
-4501
-7315
8814
-1459
9636
-7844
-4443
-878
1031
-5444
-1423
-3261
-9822
-6044
-9829
-6742
-1974
-9718
-1887
-1999
-3541
-6945
4567
-7880
-9741
7633
-9528
3741
-7666
-2500
1880
5405
-6176
2047
-18
5618
-6774
-3150
-1054
7874
6150
7025
-283
4594
4450
-5262
-8548
6752
-3329
-2466
8361
2262
-4354
-5103
8217
4723
-1439
6143
-4663
2410
-637
-4232
-3350
9834
6847
4295
3592
-622
-9769
-3696
-5720
-991
-783
-4397
6944
7678
-8354
-6908
9335
2820
-2011
-6244
-3064
995
3998
3596
9099
387
3287
-9978
-8176
882
-8801
-9697
7058
6794
7407
2205
8849
857
-7547
592
-1441
-9163
1179
3811
7041
3789
-5159
-7549
-6191
-998
-8125
5629
1658
-8120
489
9766
-1172
-1458
-3255
586
-3089
-929
6014
-6906
5761
4521
5706
3458
-9646
7089
-5511
9477
1000
-3578
-7589
1862
7364
6280
-4278
6981
-8028
9432
-9854
-4639
7104
2115
-8971
-6173
-2970
2234
8495
-6230
-5404
136
-6629
4350
985
-359
-6909
8204
8024
-3938
-4961
-5019
-4668
-1715
2750
-1558
-7630
1179
-8453
-5863
-4502
5516
-66
5920
9559
3733
7382
-1346
-1552
5009
74
-4300
-2117
-8745
9293
-4883
-5098
4170
-6364
-4508
-352
-9845
5019
-7921
410
3875
-2871
-879
4745
280
3809
5838
4342
5557
-5426
-2437
-8764
2222
-4633
-3035
-8963
-2852
-216
6134
1737
9002
3244
2097
-5896
4243
-4958
6284
-5969
9544
7054
-4418
6589
2217
-1120
3846
-9575
-6743
-2400
-2165
-6180
6929
-8008
1665
8943
-4047
-1282
-3964
-1186
-4892
2032
-4326
-7304
-7004
-7116
9198
3680
-5701
6980
3737
-8329
9036
-1603
8286
7171
-2288
3613
-4082
6214
-3187
-7261
8841
-1880
-2729
-9407
2273
-6189
4109
2703
83
9599
-4103
-1760
2545
-1907
-7042
-230
-382
834
-1408
-482
6302
-8639
3055
7799
5335
9431
7058
7894
879
-3748
-2288
-9952
6232
-2368
-8942
7348
3322
8361
-9468
4766
-1316
4925
-7584
-3500
7847
-6698
8449
6399
4716
3911
5381
-142
-8084
-2006
5040
5290
420
-4159
-3453
3928
-7760
528
9872
-611
1196
-5966
-4094
4800
5945
7473
-5562
-2007
-4820
-3693
-9347
6451
5489
1416
-4945
-222
2508
8207
-8695
-2622
-5794
-6077
-9608
-8667
6936
8361
1387
-7582
3547
-931
512
501
9716
-9217
-1410
1587
-7544
-4591
4928
8301
731
7192
-5594
-4647
-6247
7397
6481
5889
4194
-4846
-7891
-4433
-9196
-2182
7523
-4387
8824
-470
-5300
6617
-5922
-4635
-5626
-7060
-2021
217
3475
-8495
8475
7221
-8424
39
-420
-2923
2505
9195
-6225
