-7526
6964
4646
6328
-3142
-2774
5653
-240
6577
7435
-8936
3131
1436
6403
-7624
7539
-2784
-6690
-9284
9962
-3753
-2182
4078
3197
2098
-9983
-26
-270
-7882
-8633
3155
2310
6920
9282
6877
3659
-3152
5135
-8009
7599
3260
2831
-6521
-5151
-8522
-1820
2318
-7619
-2151
-4240
5124
-744
5186
8311
-2933
-4652
-367
2878
324
9163
-1384
-9319
486
-8399
-4373
-9807
-3778
2172
9608
7612
1268
4137
-3965
6030
3841
-8339
-8910
-7351
-6213
6438
-4541
-2296
426
-7633
-7497
3311
5297
-2115
-9448
2240
6648
-6736
3313
-3995
8174
-8499
-6345
3093
4284
7461
2804
9140
-4374
5708
-4046
739
-2658
3139
563
-4630
-8874
4010
-8759
-8366
-2991
381
-5038
-327
1377
-9948
1197
-468
2800
-6083
8018
-8815
102
7323
-8483
6466
7419
2060
-8077
5580
3421
-1699
7303
697
-8201
2197
676
3621
-5153
-9543
-7262
-8026
9485
-9490
119
8010
1836
-5643
-5865
-6851
8884
-2870
1062
-8403
-2805
-4930
9093
3749
-7975
-6187
-9760
7
-6389
7345
-4003
6520
2962
4236
7757
-6023
-8050
-6872
-2305
4897
-7369
-3211
-3211
7055
-8780
-8383
6360
-668
-1353
-5474
7547
-5512
4587
8420
1538
-1475
-4685
-1004
7639
5494
380
8546
1390
-5044
-2993
-438
-6211
1182
-4074
-2404
4583
-3109
-9317
-7052
-5652
-9231
-9241
110
-5021
-6779
-5560
-7600
2946
-3182
-7129
-6116
-9128
-7616
895
4364
-5906
-391
-1354
-9177
6712
1179
-6708
3317
-3414
4496
1104
-5556
-4370
-2277
140
-5774
-4853
-8916
-1167
9089
-2881
3722
-804
3415
-6435
-9395
9600
4260
-2516
2798
-7739
9062
-4616
6109
6365
907
-2730
-2243
6180
8097
9298
-8324
8752
-1691
5168
4970
-6214
7896
2002
7127
1904
5970
-1437
4312
7883
5170
-6721
4240
-5269
6201
9586
4024
9814
-3592
3642
7409
8301
5511
5743
4817
942
6590
-8430
-5394
-1224
7563
-9843
-6680
7400
2697
2270
-8059
-9187
-2355
-6915
-8733
9138
3331
375
-9563
-617
-4079
7848
893
-3351
5394
9129
5175
-3114
9682
6098
-4088
4282
3571
4588
-4714
-2680
9251
-9271
8294
-1468
-9718
7515
-8113
-4623
-1861
-7041
-134
-1004
9203
2657
-1131
6950
3024
9331
-4323
6892
6607
-2449
-1708
9564
2353
1215
-5694
2045
5657
-7848
-9975
-5096
2603
-3482
-1066
1024
762
-1487
7432
9680
3687
-307
2726
9061
-57
851
-3290
4505
-7836
7974
7772
4461
2326
1658
-8501
1447
4504
-1100
-68
-3932
2682
-4160
-463
8624
-6172
5299
-4085
-2930
-4397
-7535
-3931
-4170
-8674
-7737
-2380
-5580
6760
-90
6119
-9065
-2182
-9520
955
1240
-1345
5447
-6527
-2338
-1479
6364
9287
-7295
1575
7426
4468
-4458
6658
-6483
-4250
231
-2960
-8810
9835
-7239
7872
-7158
-9715
9570
-3898
-1694
5093
-1073
279
3909
-6068
-1741
-9416
-9603
9020
-2825
-7801
8739
-6417
-3441
2738
-4085
5188
190
6846
6374
8735
6575
2057
971
708
-849
3607
9963
-5703
9334
2407
-3992
3237
-7236
1089
-167
6508
482
5000
-5959
6758
-243
-4488
-4098
-7358
-6427
-8920
-191
9141
-7672
6046
3035
9964
-3142
-2564
-7388
-6989
5768
3040
383
9758
-7510
4697
-5655
5787
-4643
5007
-3804
8093
-5159
7515
-3852
-5848
914
8862
7971
-5187
-4361
-6598
992
7071
-3382
-3032
6894
-3079
8063
-5131
6853
8024
-58
4235
7253
-336
8624
-2277
-1527
-7350
-7374
-3045
6703
2783
2320
8091
4075
-8008
-4883
6870
-3565
-7011
3199
9850
-3010
7358
1279
-1483
6886
-5914
8347
7182
3778
-8598
-53
4725
8279
8027
9138
5889
956
1555
-5609
8531
-9512
-4902
5539
2824
5337
-3349
-3150
-7895
2277
3304
3046
6734
8623
-1925
-8168
7919
9098
-1462
4303
2420
904
7970
-3856
-2571
6805
-1153
-9998
-8127
-8620
3220
7245
1290
-6539
-9856
6093
8523
3212
5662
7412
-2069
-6715
9759
6953
-8165
-3145
-4647
-1563
2143
7907
-2849
6464
2826
4505
-1407
7316
-9931
1083
-3863
1685
8571
7862
3004
2000
4339
-3144
5357
6128
966
-1601
197
-2296
-91
6215
-1632
2217
9292
4404
-2257
44
183
9628
801
5013
-3160
-2093
-4214
2522
-9123
-6037
6731
1762
-1408
6516
-4567
8030
3074
5630
5140
4342
5649
6679
3949
-96
5541
-4860
586
-4178
3373
-4823
-7758
6119
-9726
-8651
-3618
1704
-7969
-2625
-8270
8783
1190
-7535
9847
4923
5563
-5239
4231
-1040
-6958
-3639
-5188
4152
-1041
3359
8438
-8010
9690
-1992
-4039
-2521
-8155
6001
-6327
-1590
8059
6090
-9645
4287
1082
-9204
1061
-6118
6964
9153
8416
5541
7323
8341
3133
-5891
3715
5038
-2448
-4372
-4333
4238
4998
-7875
8821
5238
-7007
72
4750
5791
-3728
-5408
2513
919
-2238
3432
7614
-4288
7210
1242
-629
1444
-854
2719
5467
-7116
-1886
-717
-6014
-3320
6055
-2384
9692
-1059
2552
-8404
-4038
-6019
-6453
4097
9009
-7884
-7214
-4039
-3395
-3618
7241
2153
8472
7394
2515
6052
5789
-3705
-9382
7838
8890
-5669
7739
-3530
663
7491
-1052
9814
9012
8665
-7905
9924
-3584
-7575
-8130
-103
5402
-3884
8942
4323
9435
2317
2952
7730
7352
5301
-479
-8611
-4030
8246
-3122
-4605
-6732
9249
4233
-1337
296
4462
4612
-704
5166
-1449
-8518
-1609
-7653
5478
-5930
8135
-3397
-7892
1876
-8836
-5719
1436
2596
-6136
-241
-4759
-1345
-6639
5983
-7155
3694
1602
1005
5079
3357
1750
7563
3947
4754
2188
-7759
-2316
-7796
1219
-5706
650
3725
-1575
6331
3584
8198
-3752
-4134
-2828
-9294
-8959
-7423
-7690
3626
-3496
-4892
1569
-3310
7336
-1718
-5684
-212
7095
1820
5850
1568
-7663
1378
-4133
2871
7336
-6285
-4883
-9715
-8442
2792
3793
214
-9203
-6301
9420
3536
2824
-7977
8896
8144
6668
-2676
-3438
5373
-7788
4506
4724
163
1025
-8317
-160
-937
-2466
6346
-3687
4885
4097
9328
8854
-3277
5188
-494
2587
3765
-2141
9022
-1362
-3150
1321
-6783
-6262
4556
8756
-8494
-9796
7566
6458
-755
5319
-8503
7631
-9890
-9343
752
2043
1972
-8139
1773
8436
983
2643
4304
-3002
2653
9849
-4133
-1698
2213
4662
5772
9426
-4019
-3462
-393
959
9811
9525
-7455
6918
232
887
2606
3053
1147
-3236
-9638
-2631
2305
3979
3543
9817
-920
-8752
-5056
-6602
6865
-8359
4450
7052
9347
-2332
3820
425
7166
-5166
2591
9064
-5960
-2625
581
7861
6209
-8465
-6589
9594
5160
-6438
-8172
-4423
-4384
-8480
-67
2469
-2151
-7623
-4504
5539
-6486
-3373
-6607
-7781
-394
-8030
1962
-5339
5509
-4742
1524
1928
-4208
-1982
-1057
646
3090
-4547
8467
-2327
2655
-8203
-2605
-7246
8992
-3656
1354
126
3340
5652
-5177
7996
-4503
-4704
4660
6731
-7257
-2204
7085
4846
-7141
-4461
7538
-2469
8319
-7634
-4661
9352
6541
3409
-9814
8208
-3698
-4832
-1080
8737
3905
2715
-344
3261
3617
5709
-2503
7082
9914
-1300
-740
-5374
-1713
-732
-771
-3706
8462
-8206
-9981
1149
-9619
3539
4435
-3320
-6112
7942
-7922
-7690
-1889
-4567
2358
5011
-9647
9012
-8182
-8821
9898
158
-6661
-9636
6606
8325
-3460
1669
5856
6068
4263
7686
-6183
6673
-8744
1961
564
-6842
-8781
-2210
-371
2980
-453
-8831
-1047
4982
-7034
-3841
7742
-7511
2007
-2467
-6691
6369
-6923
7522
-4732
6741
8826
-425
5030
881
5938
-2982
1826
5077
-8284
-918
799
9646
2053
-3543
-4524
-1131
2606
3905
4404
2877
1258
-327
1462
-8732
5232
-3308
8420
-4740
8500
1432
4583
5385
3642
6162
3273
4199
-1277
8142
8728
3359
4166
7033
-5725
3274
-7656
2753
-545
-1106
6768
8517
6289
-6669
2959
-5073
-9084
-5210
-328
1137
-4230
-9214
1889
-7181
2972
5551
1418
8470
1257
52
5334
-8494
-1542
8888
-2090
-5813
7563
5040
-3639
5736
-9802
8552
-4676
3210
6323
1288
-563
4859
9638
452
-4110
-6169
-5308
294
-4717
4507
2108
8071
-782
9876
6723
8615
7712
-3065
-8238
-1669
-9429
5240
-8919
7517
794
3897
-8187
9380
2074
-7581
6106
5564
-4214
-5816
1160
387
-5515
-1275
4697
-564
6089
-8370
969
-2890
6383
-6196
-7425
9848
-27
4007
4610
2048
9257
-4260
8849
-304
-3250
1702
-3739
-5594
5870
-6887
-8403
2124
-9494
9099
-1447
-7327
5891
-6721
9606
2704
-3432
2751
-9187
1155
-2305
-9408
6566
9644
-5884
8521
1268
913
-6888
3767
1421
-4293
-1568
6722
6773
-3623
-3798
1160
8842
-9784
3646
-9061
1304
-6415
-1775
7402
6230
-9
-1839
6951
3418
-9785
-7970
-3002
-741
-8464
-3345
3281
-3150
-2404
8905
-91
-6784
8434
-8337
-2188
-2507
5150
6572
6819
95
8440
-4295
3927
301
-4587
-178
-2581
-7058
9405
-5920
-4391
-6221
-8560
6549
-9851
374
-2486
9898
1357
-1519
-9115
-4695
-985
-4725
9010
-6271
-2032
-6186
443
-2547
778
-8571
-6460
664
-8968
-5018
-2024
6370
-8121
-696
6969
-4142
-3906
-7438
9693
5869
2564
2657
-7245
9934
-1639
-8466
9803
-481
4109
742
-1396
-8802
-8445
715
-4184
-4875
-7058
-3605
-581
7299
2174
-9807
-6105
-4163
1227
-4174
-5944
5677
3549
-8067
9917
1824
6353
-6990
3775
4711
761
3910
9585
5856
8020
-4603
4333
-3182
-1918
-6781
-3801
-1166
5902
9150
-8296
-290
2430
33
-7868
8690
-7676
-7763
7260
-9751
6890
6639
-5062
4277
-4393
2924
-7252
4828
0
5105
2654
2818
5653
-1411
-6693
6068
3795
-5480
-294
-5642
-5383
7961
2751
-5988
186
7835
957
1693
1560
2291
2547
7482
1809
8098
7134
-5477
-5683
595
8139
-5196
9827
-8636
-7474
7298
311
5171
6744
-1628
1320
3447
1571
3801
-5513
8290
-133
2230
-635
-372
-3085
-9305
-7518
8954
-9655
-6235
-1801
-5177
3896
-957
5405
-3664
-5824
-2506
-4073
4924
-4492
-3199
-4153
-4851
-3924
2133
5188
-481
8273
-9570
-4863
-3072
9570
-2055
-9385
577
-9984
-2332
5471
1634
674
-6458
9772
2272
-951
-2953
-7789
4763
4767
5202
7114
-5229
-6340
8927
9176
-2950
3102
-1049
-9592
9671
2107
4964
-9663
-1615
-5513
-9931
-630
412
1861
-9035
-7863
1713
-2448
1037
-4339
-1823
6318
-6302
1475
-3426
-3139
-5954
-660
-1148
-540
6423
-703
6560
1351
8639
-4771
26
-6672
-2249
5423
3790
2639
470
-7830
-6613
-2355
-419
9395
5384
9591
7135
8628
-3188
-7511
-6859
7367
-6533
-3968
6622
8212
6624
4710
-2697
3371
930
7210
-54
-2061
1599
-797
8593
1038
6722
-3237
9649
-6880
-8949
-9990
-8009
-9260
3469
-12
541
-1571
4022
1126
-2399
9005
1249
8779
5732
-4477
-2438
4269
3861
-9614
5534
-2456
5931
1444
-3114
4363
-3231
5403
3976
7103
-8536
-1784
969
2131
4137
-5882
-3733
2924
2514
1709
-4153
-4914
-6026
5417
463
-3736
8447
-7301
-3219
2642
-1664
653
-2630
-6371
-5490
-1594
2097
6636
7116
6522
-7250
3933
9505
2833
-3256
1439
-4726
-4149
-5697
-9367
9129
-3489
-1957
-2366
2087
-6486
727
8288
-9033
2086
6945
3965
-2523
-9981
8331
-2508
-2123
-2427
7496
-7098
-5086
-3122
-561
-8213
4959
-7273
9182
4826
-4571
5154
7953
-5224
3126
-6060
-3240
9787
-4571
-808
-2697
6309
5835
-8718
6941
-8289
9057
9346
6164
-7960
-1500
153
4817
-8779
-512
-8760
-6936
-6614
-8552
-2483
-3152
4909
-5124
8427
-7979
-6740
8250
-4577
2610
5884
-8026
6057
-4071
9740
8746
-987
-6384
9287
-4119
7245
-3135
-5124
2156
-4820
3740
4079
2467
8439
-7604
-7885
-8906
1647
1363
3968
4774
-6671
-4454
-8535
-6101
3996
7357
-3840
-960
1843
-5029
4735
-9174
8515
-5303
4459
7333
9900
-8297
-5976
-8591
-367
8257
-3109
-5375
7717
-3682
5244
5837
1930
5056
397
-1634
-3005
-2071
4127
-5476
5373
3826
-5897
-1753
-5074
-6170
-299
2519
1176
85
7834
-4123
4755
3813
8830
6863
-7168
-9291
4513
-1174
4318
-364
-1269
9069
5148
-6261
-7665
-8824
-692
8850
-8947
4221
4665
-6301
434
7068
-7818
8959
9434
3139
-6024
-5471
5180
-7247
6455
8518
-7612
2689
7087
9827
-8800
-3975
-2245
3614
-5296
9462
-946
6057
-5762
2250
5379
5958
-5857
3570
4028
8375
1549
2751
7665
-8655
-2780
1822
-6711
-9063
-1704
833
5333
3985
3625
-2032
1021
-2535
-4177
-7215
-8389
9352
3307
-2726
2468
-5319
5165
-892
9834
-18
-3166
-4993
-5614
-6830
1139
-7247
586
9762
4758
5758
5418
-8325
-2261
6908
-8402
-3091
9815
-4207
8952
9904
4876
-3323
-1643
5147
322
-5647
-4534
-7972
-3283
-9585
-1183
7926
5152
-9544
-7872
-8015
3478
-7504
-6296
3960
-2214
1009
7273
-80
-4056
4435
-2832
-1080
7544
7468
2496
-6861
-1983
-5868
-4510
4402
-5295
4804
-4312
6744
3420
4302
-643
4163
-5074
9704
-4346
-6718
-2300
7383
6118
-548
5558
-7477
7277
-2520
-1854
843
-1947
9126
5849
-7107
-9951
-5903
-6774
-4230
-7219
3047
-8505
7793
4492
-1413
-6225
9940
-5761
-615
-693
3726
-4975
-7551
377
-8566
3337
9385
2409
6379
-9728
9702
-5677
6065
-3701
-401
-3219
-6053
3845
-4722
6538
-745
4331
-8727
-1449
6945
8962
-9566
-3648
-596
5148
8880
2289
2484
-9889
-8820
1599
-3963
6068
-6325
-3739
215
-145
8552
1018
-9065
-1673
-8637
-1855
7961
985
6334
-2910
-372
-3854
2493
9233
-5546
977
9844
-5397
-2360
5720
5089
3180
8817
-5711
8905
5555
3621
2616
-1160
-2514
-5241
9691
-8367
-1539
6874
8548
-9191
4443
-2814
-5008
1703
-2704
-2851
8853
2987
-5466
6562
3839
-7700
-7893
8591
2429
7216
-2734
-9374
4353
5136
-4613
-3133
9335
-8059
4833
-6435
2097
2817
4282
-6125
-2104
2608
-3418
-5013
-1429
4868
1239
-7354
-1564
-3139
9652
3855
4065
-3646
-5722
7703
-501
4895
1894
-8960
-4317
-5170
3501
4545
991
8506
3578
-4975
-3087
-4447
-7367
-7085
-3701
-688
2732
-3979
5187
575
8168
9652
9998
-9349
-7084
-5907
-7066
4010
-5592
3447
175
-1733
1191
7382
-4495
870
-1384
-9763
-3624
-6741
4551
8202
-2299
1677
-204
187
-9265
-5049
2124
7243
-697
4397
5815
1768
7062
-3179
1234
-2039
-5315
-4181
-2790
-7696
-3935
-126
1263
8797
-462
-4679
6447
6467
9906
7697
-5118
-2097
-7714
-8307
6195
5062
-2773
8194
-3886
-6045
4397
-5365
-9998
-4135
-2162
-5546
-8648
-1132
9027
-4370
135
-5726
-6251
-8570
-5871
-3551
3281
8497
2975
6511
-7008
-7445
-5352
-6245
-2573
5518
7939
-2078
2245
7068
-2129
-3429
-9800
1095
-3360
257
-5321
3406
6337
2847
9329
-7852
9431
4003
5811
-1481
7420
2533
800
-5063
930
6838
6955
6126
1676
1315
4807
-6371
4936
-6367
8222
9134
4554
4838
5038
-5415
-1205
3867
-3784
8947
-1671
1349
-3936
1728
-5426
-459
258
1506
-4973
4016
-1449
1823
-8036
2883
9494
-3395
3004
9022
-8956
-2816
-3795
4362
-4760
-926
-6716
1210
-2915
-8487
9821
8581
1137
1277
4769
-1523
-5320
168
-2267
7283
3432
-4335
-4769
-3002
-542
-7317
-4354
4485
-7447
6360
9386
4601
598
-5184
-937
2826
2912
9121
-8795
4574
3452
-9443
-7312
-63
8908
-614
-3396
7697
1392
-169
-2450
6201
5096
6021
3245
-3070
-9072
47
-9366
4294
-4581
22
3146
1779
-3266
-4199
-7801
392
6717
4100
4860
-6147
-8939
-1504
6932
-676
689
-4974
-350
-4864
-8669
9804
8282
6258
3184
2792
-2546
723
-5012
-9860
1552
8679
5964
-213
2532
244
7879
5472
8548
-1590
-1682
6015
4639
-6926
-1485
-9611
2909
-6646
8742
9364
-3360
2400
-7950
-8974
5830
4103
-8526
-3363
-8550
2228
-7117
1823
-474
-1136
-827
9033
-7851
5616
-4662
-6508
-267
-3382
-5774
3351
-7788
-787
-3062
-551
8782
7716
-3107
7468
7474
-287
2489
2663
1382
-6770
-2095
3754
1380
2969
-1214
2599
1351
8196
-7927
2797
117
-1919
7568
6207
5680
4197
-2902
-3991
655
80
8056
5582
-8222
9309
-3222
-5837
-9954
7832
8673
-6687
-395
-6964
-4734
-4603
8426
9286
9012
9325
-2143
7835
3408
-2468
-2188
-6550
1207
-6862
-8347
5462
-8904
-8782
-5548
-3725
8318
5565
8372
7179
2027
-580
7671
-4890
-9190
5945
8956
844
9398
981
9860
2825
-9391
990
-3130
380
-1159
6596
-2416
-7749
-266
8668
-370
-5637
36
7595
-2507
-7806
710
8585
-5670
4578
-2579
-6553
6990
5581
8706
5174
7736
8304
5890
-4706
6652
-7383
2206
2309
-8992
-1918
5681
-6764
784
-4572
-1432
-6718
-2601
-6746
-3957
-7898
3564
8667
-7156
-82
-4182
-1906
7160
9046
6171
4513
2038
2199
8443
-5756
-8094
9155
-1091
-8253
4587
102
3389
204
7444
-5519
-7549
-9362
-7822
507
7342
3412
-3211
5812
9519
8511
-7189
5476
6432
-8875
-8893
7976
-257
5506
-4829
-3687
2777
-1417
-3716
6585
-9803
-4069
9734
-2173
-6040
3071
750
-6819
4387
-2716
-5898
5934
-3557
4389
1222
-9677
9201
3491
-3001
-5296
-6729
9165
5850
-4574
8468
2804
-6719
-3395
3888
-3089
-6515
-7941
9265
-1153
-8216
-8680
-2305
-9335
-4093
-8968
8035
-961
4897
-9805
-4570
6598
-771
6123
1239
-4309
6990
-2803
7004
7581
7664
577
4090
-4805
-7024
-2927
-328
-8442
-1043
-5172
3823
360
-1774
6021
-5264
-2205
-3022
-55
-6431
-6118
-8755
6832
-8276
-1656
-4991
-8624
8329
-9310
-1813
4123
-5132
-9714
-4640
9915
-6876
277
-2903
4982
2509
7799
9882
-6049
6214
6425
9616
3205
299
-5192
-5503
-5897
-7360
-8381
526
-9140
9841
-4911
-845
-8573
-4001
80
-2929
867
5769
4097
-9367
-2899
7928
7077
37
9106
1656
9418
3378
1474
578
-9807
7216
729
-2168
-516
-9776
-476
-9595
-1079
9311
8263
6912
-6978
-5120
8838
1885
9538
-3652
5264
-3676
6863
-831
2916
7099
-3377
-5803
-9948
-1261
-7277
1877
5298
7979
-1036
-7616
-1958
4594
-15
4723
8879
-6537
8153
-9678
9649
7317
7767
-2907
-9832
-7484
2534
2700
-7783
9553
-8905
-1022
-5614
2879
-1381
4942
8008
-1042
1353
463
-6637
-4423
7556
-5221
-6999
2339
-8551
2723
2737
-2364
4126
3588
-9663
-9275
-3020
-8592
8074
2435
8945
-4241
7266
8369
5534
-4049
-591
-4790
-3544
-7741
-2890
-3393
-410
6194
-4680
1372
3075
-2099
9082
5785
9922
5016
-8165
-668
6570
4819
5086
4098
3343
9339
7254
1281
-9271
-445
-3547
191
8636
7750
5589
-8280
1300
-700
-9055
-2345
-7281
7839
6011
8766
-9409
6783
-3432
-8015
-5266
-9566
-6200
-5599
-1079
5889
5122
1396
-5740
1080
1802
-736
-2727
6528
2585
-3512
1329
7804
-3178
-2113
-6273
9709
-4070
-5015
-6647
-8112
-4417
536
823
5563
-8647
4393
3974
-1419
5745
5509
-8742
-7480
-5892
-6784
-7643
-6996
-2945
-1455
7846
8308
-4091
1087
5127
-4339
-9949
-8263
4006
5722
-9365
-5565
-5327
8410
-3209
2625
-887
6294
580
4643
-7092
5567
9002
9092
6109
-359
7444
2085
3451
8509
-7277
-2299
-5566
-2247
1651
8257
-9589
1050
8202
-4306
176
2931
-3479
-1658
-5057
-6049
31
3506
-1810
-4684
-8709
7432
3237
-2307
-9416
-4030
7666
-9810
3249
-8037
3559
-8764
7820
-7104
-4832
-8005
5355
-3780
4486
6805
137
-8314
9319
-9436
7818
-3407
-7772
4002
4174
7197
-6296
3104
-5018
-7446
-6996
-5105
2113
8131
-802
2547
2209
9497
5889
-8618
-7592
-3951
-689
3483
-6925
-3167
4455
-9757
-4542
-6246
6047
426
-4901
-4838
3394
3131
-6398
-8780
1881
1877
-5374
-4972
-9844
-956
-6840
-2977
-3284
6148
-3150
3145
9931
-5126
-5670
6927
-4879
2380
7341
-4503
6155
-3956
5981
-1839
-8772
3844
9118
7839
-111
-6928
1237
2417
7785
3085
3400
7980
3544
3243
-3402
-63
3223
969
-1835
7692
-3268
2524
5750
-399
-8936
4232
6967
6786
-7933
-8462
-6487
9006
5924
8571
-9976
8618
-7161
-8749
-1819
1870
4255
6861
6859
6699
-6060
-7104
-9607
9440
1549
-4578
-456
-6583
615
5722
-7221
5779
-9781
6971
8181
748
1972
-8953
9749
6724
4673
-5089
-7854
6658
-116
1550
-7180
3518
-4411
194
-6524
701
9962
7288
-1698
858
-6977
8670
-9644
-3201
5348
6283
-8719
792
-7820
1966
-496
-2194
8956
1840
7803
-6425
-2149
-8663
-2257
6171
-8668
126
-2077
1873
-8591
-8221
-7559
-8480
-3339
-8517
-7300
-7408
3482
8496
2962
8576
-3540
915
-4200
1241
-7535
1575
-8196
-7825
5230
874
-219
1895
-9164
-5011
-2564
53
-6904
5843
9302
-7600
1200
8033
3395
-9528
3202
8351
-853
-1667
269
-4787
3919
1585
493
-2453
-1498
5281
587
-9193
453
-3574
2449
-6262
5794
1662
-6433
-8481
1281
-6341
6098
3878
4500
8031
-51
4968
2105
8923
1394
-2546
-1555
4336
-4241
8173
-5458
-1662
-9773
3349
3394
-179
-1404
-1803
-3962
-5431
-9746
6274
6739
3889
-3292
2719
9795
-7166
9991
2954
-3479
187
-8212
1414
5284
4401
2999
2916
-3801
5388
4972
6112
-1971
3999
4741
1657
1179
-1586
5284
5022
-8062
2774
8384
1359
5366
-3766
8919
-3849
-6625
-208
-2572
-7575
2027
-6292
-8356
8105
9426
-5942
7252
7695
-123
-7706
2178
-2311
3792
7254
2584
9516
716
5304
8982
-651
-2369
4204
-8918
752
-3286
3406
6060
6144
-8171
2653
-8362
-2767
8225
1792
-9601
7921
-9797
7847
-941
4396
-6628
3229
-5686
8653
4202
-3755
855
4144
-1009
-1554
3816
6723
-6896
5868
851
-1586
-3087
-4234
7241
-200
-1970
-7647
-5202
1306
-7265
5873
6858
-2187
-6816
3318
4322
5178
937
-1592
-7907
-9616
-8931
2203
-6502
1315
-5264
-1741
-1253
-55
-4685
-2293
4792
506
-2533
1881
3499
-3610
2448
3251
9530
-3464
8758
4478
-2677
9472
4931
1541
-9524
-4701
2627
-1269
8802
9199
8161
-2882
-7399
1354
4454
7725
-1012
1292
6934
-9717
7116
-7780
-1250
-3575
-5592
-4136
9167
3894
4166
9238
6556
-5825
1594
6886
3994
7262
1456
489
6169
3217
-3359
-349
-1025
5360
-6383
-7617
-3385
3585
-1656
2459
-621
1916
7120
-3906
9912
8038
-7727
5388
7582
4334
-8597
-3091
-1061
8423
-6973
-3880
3141
-2870
1218
-5795
-6365
-7019
-1561
-6880
2614
-8694
-7788
-7479
-9259
-9892
-3688
-7010
-8631
8537
6683
8728
-1937
7873
3779
4991
-2293
6107
-1759
1184
-4040
-1592
354
8548
7165
-2976
-2008
4956
6294
9522
853
7898
-3472
-4138
-6472
5823
2739
468
-5148
-2376
-2387
5926
2425
3045
-7671
-4459
-6010
5265
2792
-6484
-7321
1116
-5942
8480
-3300
6420
-5398
1493
-7531
-1262
-7744
5987
1121
-4729
-1604
345
-9358
-1024
1514
1664
-9706
-5011
6972
-457
361
2725
-1081
5347
6293
-6395
1719
-9927
-1465
-4158
5711
1577
1741
-1764
-3084
-1217
-2903
-7310
-4157
-3725
-2153
336
-6974
1075
9463
-3434
6360
4119
-7262
7948
-8761
-4368
-3063
-5312
-8942
4145
-9828
2105
-5615
2044
-3174
9993
-3101
-740
-2818
1385
5257
5907
-8068
7869
-6063
-8242
-3618
-1249
-8510
5398
2429
-6373
-9711
7032
7039
-839
5543
-4082
-9319
9140
-2528
2917
-1368
-7834
-8171
6043
-7012
3946
-3489
3701
-4233
-924
-3119
4862
-3695
5242
-9027
-1882
-7531
1983
3605
-398
-5561
9608
6718
4927
3176
-2512
-9150
1047
-6288
-4945
-1801
-7074
-3934
-1409
5980
-1689
8408
6726
5190
-9095
6092
-3655
-2915
-7
9596
7126
4082
-4970
3228
-1969
-116
-6383
-9360
5348
-8814
-6924
-2832
6013
585
-5057
4158
9976
-2100
-2766
42
-6217
6792
-6755
-1439
-6661
-9274
-1968
5249
1786
-7313
-5466
5629
-6972
-669
-9453
-4832
-4971
872
-4583
1551
6722
-9781
8504
6771
6160
7649
-89
3308
4603
-3331
-6771
5418
6881
261
982
9114
-4432
-1875
1802
-2157
256
9277
-9648
-5106
-6850
-2081
5044
1228
1013
-668
-7362
-3621
-8774
4313
5777
-2467
9589
-5065
-2628
3963
1433
1656
-8897
-5223
-7432
-1202
2532
6157
-311
9013
3026
208
3035
8446
9824
-706
2806
-3398
7863
8532
803
-5776
-919
-9852
1939
-9081
-2248
-9694
7304
-7108
2502
-8355
6919
-3684
6865
2771
1987
5342
6941
4289
3898
3900
8041
-7582
1923
13
9209
-2876
-2728
-1929
1582
-5063
-2657
5939
493
8850
8040
6295
8090
8624
-9724
2731
6206
5376
-5472
3158
-3705
750
7915
-7567
8579
12
6357
-6762
2731
-1592
7846
-6098
6539
745
6702
-149
-1065
8808
1920
-8878
-8070
-7584
-8766
-9772
1904
-422
-4235
-3192
2739
-7742
6071
-145
-7652
-4945
1520
-2682
-4600
4893
5151
7148
-4483
-5529
4661
-9629
8156
-5530
9878
1140
8512
7402
-2895
7290
2587
-7915
-6663
-3500
-4993
342
-5237
2180
1928
-1649
1375
2728
-4531
454
6208
-8656
-1399
-8347
1280
8747
2707
8010
-5448
-713
-2582
6444
7829
-6531
2100
-592
3261
8356
-2638
-5631
8619
2698
8127
3323
6690
8444
5262
8930
9337
-1192
2659
415
-3163
-2377
-3569
2918
9015
-6704
1850
-4819
-1312
5520
-7603
9106
4412
6938
-7130
-5209
1001
-5735
-1676
1980
-1849
-7386
810
2084
-7169
917
-9221
1714
7311
4716
229
-7222
-4523
-7904
-5353
-2065
-8138
7429
6913
-3258
2683
-7656
9849
6445
2132
4900
-9663
2639
3825
-4073
-5724
-7701
-2384
8447
3046
7721
7409
6347
-1103
9586
-8665
-561
-5208
6247
9050
-7219
4601
443
8676
-919
-1474
-8990
3112
-2041
-6874
2114
-5000
-321
2669
-8796
1091
-6001
3573
-9563
6056
-6192
9614
2799
-352
9419
-7362
9241
1894
-5761
-7727
2060
305
3478
9224
-6690
-8136
-5564
8200
5384
5573
1284
-1734
-6394
3896
-8411
4665
6588
8233
-1638
-9492
9391
1982
1424
-6825
-6954
-3702
5387
-4427
6648
2229
-1308
-4975
-7152
-7326
6762
-6151
-8704
1245
-5470
-1867
5365
1258
-4564
-69
4602
4430
-121
858
-892
3683
593
8433
5605
8556
9001
1798
-4983
-4966
-5198
2043
1702
5749
-8849
8590
-3154
-7794
2333
-2781
1432
2181
-267
-4877
-5752
879
-9002
9682
-8004
7304
-5088
-6790
6024
8294
6465
3733
-7248
1929
-3904
-4224
-7443
9010
-3118
9094
-5387
5994
9870
-4554
4557
-3715
-1383
-941
-7150
9317
7426
5276
-4111
8467
-3541
2622
7216
1172
7069
-4482
5705
7264
3852
-7321
524
6999
9799
-633
3743
8103
-6862
1935
9433
-3073
-7384
5583
4934
-9588
-4284
-3339
-8247
2449
7074
-7273
8098
7667
-5325
-9757
8118
8003
-1884
-1068
5540
-4563
-7841
2424
7830
-898
-101
1165
7746
4468
-218
-5222
-8472
5280
-127
-6020
-5661
3081
6345
-2520
2510
-2538
9306
-4253
7303
-542
8571
-7865
261
-941
7854
9949
-7981
-9851
6023
8768
9286
-8975
1541
-8832
5859
-5330
-8178
5245
-4698
3200
-9242
9231
7136
-8204
6060
2321
-903
3945
4003
4299
7599
8866
5947
9203
7773
-4667
-8741
-4427
9803
-7907
-2984
290
-6773
-3285
-227
1292
-7630
466
4560
-5751
5027
-6323
-7470
-7491
2501
985
-5860
-1828
7854
9165
-3144
8209
-7985
-7930
-2455
3593
-2770
-8258
-9188
3852
-2070
-551
-7314
5338
462
-3575
-212
5112
8845
-2252
-2137
6282
-750
2158
-839
4385
3862
7642
5369
-1825
-4037
-6068
-5620
11
9933
2834
-1798
3004
1261
-555
-2657
-2262
-2611
1066
-1107
9374
7850
-768
4556
2536
-7124
8213
-5265
-3001
-9697
-7838
2855
9691
-1012
5256
7150
3758
1655
7630
4552
9984
-9234
7290
-5266
-8625
-1559
8014
-1870
9529
987
1127
-1961
-186
-5291
2954
-8892
755
15
-6072
5011
2021
893
4236
1191
-6782
2648
-4947
-4962
-1182
2224
-4172
-7100
-171
-341
4919
3106
451
5189
5079
-1746
4995
5961
217
-7482
-5589
2033
-3872
7487
-3673
-5590
1299
-6775
5240
1713
2578
-6873
2512
-95
7547
-4510
-3720
6853
8098
-6781
2404
-3220
3051
-8406
9363
-294
7031
4845
3625
5473
-7557
2286
-3628
6746
3897
-1813
6175
-5543
7157
422
-8663
-7546
-3548
5977
-9610
-3522
-1773
-6696
-3518
9032
1128
-8286
-8812
2691
9022
-3465
-1703
-7546
-5362
9301
4638
-9107
-6531
-7500
-5288
-6559
3528
-1605
892
781
7257
-2906
3242
-3948
8904
-3809
1575
670
-4900
3373
-4201
-9914
4036
4786
4848
-273
-8976
-8673
-6360
8552
-5626
9268
-2659
-3062
1602
-2765
-9695
-8591
-9374
-8428
7474
9525
598
3399
8198
1305
-5589
-1602
66
8067
5940
-5593
-2323
6094
-8887
7757
-4799
8537
-9159
3890
4346
-6763
-7805
7854
-1355
7625
-7744
737
-1824
-3988
-2640
1743
4352
7902
9126
-916
6854
1986
2341
5703
4796
4749
1310
-4367
-1329
9897
-3772
-9285
-9808
7942
9724
-2319
879
-883
-9171
-2566
9582
-7139
2361
4088
-2701
-4449
112
-7468
3011
3043
7773
-4443
4967
5
-8804
9261
-5924
-8485
3006
-3907
-8005
-2160
45
-6888
-8390
6188
1025
-6886
9961
776
9646
3244
25
2475
9713
5012
-2112
-1269
7645
9047
4751
-8677
7014
-5566
1554
-3179
7141
-6418
-8946
4491
-9283
7384
1436
-7515
-2058
-824
9450
-57
2416
9115
1458
5876
9660
2504
342
-6004
-7839
-7220
3804
-6862
6149
1009
-9960
-3228
-7910
3592
-2225
-7784
6146
-8997
2093
6659
7820
-5180
4459
2169
9400
3911
-7802
-9763
-3554
-507
-682
-6090
-521
-8675
-6806
-9064
7982
-451
-3193
-8802
75
-5037
9880
-409
9661
3182
5014
-5714
-7851
-5694
-6215
1268
-1403
5638
-7619
4194
-1632
-3838
2182
5794
8192
6415
470
5215
-7267
1242
446
1935
6509
-7466
-7568
-6352
8401
-8530
-874
2320
9650
4477
-8706
-4142
-6643
-3767
7182
-3214
6091
8313
5625
6304
5520
7981
5771
-8260
483
-2421
5762
6837
-4033
8780
5694
-6306
-9341
-3554
-8795
-9499
-8121
5669
-1194
5042
5997
-5720
-3668
7674
-869
-3221
771
-4725
1893
9728
6303
-1142
-4780
716
9209
8737
-3776
3215
-685
-2747
1911
-9399
1521
250
8871
-8532
8525
-486
225
980
249
6733
-2606
8390
5181
3009
6955
-3504
-62
-6582
-5945
-1622
2053
-9060
-2303
-3235
6115
4614
-1915
3968
-8132
-3844
9309
-3682
-5088
-5689
3393
-1249
5896
-7846
-8194
5400
-370
-8224
6712
4824
-9267
-6098
-6010
2692
-5328
1845
8177
-1704
-3804
8405
4901
-5859
-1102
-5938
-3040
-4216
1838
3545
4816
121
-7879
-8370
9020
-6588
7740
2937
8979
-4838
-1082
-6116
-8932
-8346
1023
1802
-2942
-9179
-6429
-2065
9493
6904
-7467
8302
-538
-2856
-297
4761
-5881
-4229
966
-3692
-2562
3060
4352
-333
4113
4964
1287
-8971
6490
1245
5869
-8371
-5812
-5892
-5447
-6048
-8066
-5870
-7704
6011
-2442
9124
2893
3934
8067
9749
4357
6983
8564
-3891
-7183
-2963
77
-3134
-3077
-4882
-6202
-4331
-9370
2549
7584
6175
-1441
-2415
4879
3142
-770
490
1221
6865
5364
891
4392
-3495
-5324
4331
-9470
3136
3987
6701
-9902
4081
-4243
-7779
-8658
-208
-379
4055
-1412
4681
-8133
7697
549
6848
-9502
5727
2185
-2139
-4287
9667
-8373
6652
7385
6068
-3203
9121
9353
2646
-4588
-3003
7958
3053
-3201
-542
64
-5710
-6222
-8816
6482
8598
-6383
5046
-7232
2395
6092
4717
-1018
8938
-2362
-1423
-686
658
734
1796
5899
-9286
-5403
-2338
5376
8946
8363
7539
-3625
-9561
-2552
-266
-1310
1384
2675
6099
4150
-432
-2699
3003
-2540
-7613
-821
-6535
2987
-1428
-1163
-8656
2877
-5245
6368
-5128
2088
-5385
-6861
-2463
-8548
5486
571
446
9942
5984
1636
364
-471
-4900
7770
2251
-9831
-7624
-3806
6672
1356
8843
3239
7911
-7701
-9416
518
-5745
-5324
-4567
4307
-2434
3577
7529
-5960
-45
238
-4503
-8060
-760
