6608
923
-372
6015
9206
3684
-4274
-2564
6355
2006
1065
321
5579
153
-7149
1716
-4037
-5955
4599
-2339
-2874
5507
-3690
2651
-8149
8879
2533
-1294
-2900
-7716
1603
2334
4955
5787
-7490
-9753
3690
-7796
-3294
-2544
-9012
150
-2751
2890
7597
-9701
1383
-8082
-4594
-2999
766
4043
-3897
9065
-1348
4661
-6396
3305
-5145
6463
3598
-8798
-2136
2604
-3498
-3924
3204
-3627
-6649
2053
-8041
4993
-2996
9837
-8644
-3004
-4244
5563
-7689
-1398
2274
7960
-6414
-653
1422
8867
8432
-813
1352
-282
-4347
6533
-7645
7413
-6990
9940
9256
-4578
8634
2918
-5566
-75
9646
-5453
-846
9460
2693
-793
-671
-4061
-7818
-1367
-3069
-3032
1529
-1607
-6988
2743
7336
-5156
2062
6895
6131
4282
-6577
-4403
-2235
-8742
5060
9761
-4993
-9848
2965
2413
6390
-2997
-3551
7446
-2314
8590
1259
-9845
8810
-6882
-6625
-8481
-4967
7094
93
4033
-911
4869
5962
7121
2787
-5067
-3142
9080
6594
8759
-6406
-7983
-9260
4322
-367
6829
8441
2549
8564
9097
2187
-4807
1705
-9303
-5852
1469
2384
2614
-6377
5054
-8395
-8120
3450
-8824
3149
-4926
2956
-6950
9631
-8884
-558
6775
3843
466
2356
-7191
4744
-1082
5087
9695
-319
5941
552
312
3600
6468
7641
1220
-8227
4249
-618
681
420
1459
4174
-8649
-3150
9857
-4177
-3325
-8706
1542
-7995
-804
7871
9868
9814
5993
-7477
8211
-4476
7999
3248
7569
8009
-7308
1509
-1426
-4244
-5240
1618
7689
4690
8423
-766
3116
-3215
2297
-4183
-5141
7939
-8046
6728
9725
-262
-6774
6327
1504
-4955
3213
5809
4314
5851
8817
7303
5992
8821
-705
2552
1222
7460
8580
-3245
-189
-7157
-6489
-7809
8797
-110
-106
-4935
-8280
7226
-3052
-9594
-8208
-2817
-7721
-4284
-7062
-4565
-7030
-6799
-8839
4285
3610
-5968
2477
-4706
2004
8480
3273
-3682
7681
-3162
-1929
66
-3844
-3908
7383
4781
-3364
8819
-4145
6566
-8495
-1060
3526
4327
-5473
6440
-831
-7061
4573
-3779
7360
-7921
-8761
6779
-6898
-1140
5666
-263
1273
-9257
8310
-9433
8485
-3375
9716
8107
9962
1021
-5378
-748
-572
-4583
5369
3575
-6134
-8284
4847
2010
8417
-3173
7670
5310
6862
-7704
2889
-4344
9579
6157
-7997
5162
3602
8350
-6001
9274
5797
-1879
5596
-1344
1366
-2486
5032
6402
-6462
9043
632
1610
5062
-7115
-332
-2123
-7963
-9112
1101
6635
3527
-9617
-6661
5854
5643
-1643
-8517
-6314
4234
-3301
8997
-2697
7643
4626
9741
-4156
4197
-1176
-2856
-3992
-2370
-4404
4838
7487
5080
8790
5280
9708
-3872
2249
3348
-3633
-3016
9425
5110
-9109
1854
-7140
-3843
4810
6144
7489
3683
8649
5607
6848
4173
6881
-5367
-8424
9587
-8532
3605
-1866
-2263
9711
-6348
5939
-3598
1891
-3029
-9282
9852
-9278
3250
-9900
-2446
-3029
5964
6141
-4065
-4276
7220
-694
2534
3658
1552
4382
-4187
2366
5128
-8379
-7238
8604
-5826
-1916
-3526
-3799
6580
7456
-3934
-4889
3517
-6918
-8758
-2591
9695
-568
9373
-673
8562
-4891
1620
-7953
-8665
6958
-4546
2976
2589
594
-346
-1169
8606
4000
-2658
5626
-3135
9381
727
5610
-5700
2619
6370
1397
-5842
5038
9175
95
3145
9937
2903
-4761
-7412
-3686
-2671
8277
5913
-4944
-8180
-4217
-8549
5804
2987
9269
9835
5531
3600
-5620
-8673
974
5064
-7177
-3001
-7694
1608
-485
-6653
2380
-1921
9772
5
238
8670
-5685
4308
668
984
8958
-2031
800
6803
3504
1951
9208
9223
8264
8287
-1498
7282
-3479
7720
5344
-6964
-5034
6800
5049
-2661
-9990
-4959
4706
2776
-7517
-5075
-4662
5742
2031
-4413
8132
4305
-9561
3629
3518
6623
-4111
478
3302
2443
8084
7910
-2188
-1453
9736
3284
5627
-8711
1046
-6603
-4769
9043
1408
-855
5476
-8239
-6095
-6832
-7090
3941
3594
8106
-1314
3237
-2587
9268
-2799
-7130
-7603
1941
807
4316
2190
-8657
5641
-7960
-9829
-4204
-4489
9569
5745
7756
-8759
3458
-7285
6740
-9029
3775
-6589
-5214
-4339
-3654
6897
-5331
-9699
-2615
-3052
371
9411
4040
7482
-1756
-4094
9291
5283
520
6130
-8807
5871
-5739
-1681
3416
-4150
8608
7363
988
-1113
-1037
6247
-4567
-2367
1903
889
8146
-3211
-2439
815
-5385
566
-4627
8049
4727
-5327
-2910
-7103
1600
-3505
-67
5154
4725
-917
2667
-4084
-8862
4109
166
-8473
786
-9719
4415
2735
8772
-5525
3108
6126
8377
-9066
-1534
-6535
8983
3915
1902
2703
-6166
-9437
-8434
-9772
-4760
-7149
9470
-4919
6234
-5729
-4881
8259
1883
-7117
-8255
9137
-262
-8161
8511
-9496
3268
-5851
-4849
-4075
318
9275
-2321
-1871
4206
-8142
2645
4512
-5374
-5975
-6373
-4959
3576
-5858
8041
4328
-7205
-8049
5484
-5498
-944
-1655
8178
9677
-1774
7116
7146
-6099
1910
-2274
738
-5636
4759
2448
6450
6278
6593
4123
-8799
-2128
2348
2609
-7258
7865
-8639
-6339
-6265
7463
-930
-4362
-1384
9367
-4629
-9018
-1869
-293
-1815
2779
50
6356
6280
-6824
2265
3323
-9631
-9012
-4362
7450
304
-651
-7206
4580
-5504
-4656
-4074
-7958
-3334
2557
-2332
-4578
-8681
4164
-6392
5762
1766
1641
7557
-180
-2709
9250
9084
6498
-8937
1082
1581
8498
4816
-1726
4635
7619
4492
9014
-5520
6631
9616
-3722
-4733
3399
3336
8449
1172
5578
-777
-6732
-6816
5453
4052
3935
1919
-9136
6792
-3428
-6955
5846
9175
5141
6777
1109
9463
-8701
-5830
2356
2183
76
609
-6642
6256
8849
7045
7962
8616
3126
5988
6011
151
389
9553
-9134
1186
-5612
-4742
1675
3108
-2406
8441
9985
1268
9055
-9675
1924
1800
8915
835
-1865
-1651
-3856
9468
-6933
6737
153
6187
-461
-7941
-8576
-2287
5551
8409
4274
2695
-4971
-8489
7519
6082
3637
6595
3360
4110
-6438
-5225
-6798
-6101
-7269
-1454
-232
-3712
4789
297
-1610
-2623
-6642
7545
4969
4675
-6673
5878
9873
-4414
-8986
4397
2606
8612
8655
-7036
9964
5915
-1302
-9775
-5944
-6543
2841
-45
-2720
8679
6265
-4259
-9922
-9044
4500
-1027
409
-46
7092
8285
-6493
-4831
3760
2292
-7878
4588
9703
5267
1457
9558
5945
6279
-3553
6306
-2997
-6944
7182
-9052
-7616
-9463
496
2105
-563
9574
-7672
3777
7907
1124
221
-9556
-9645
2118
-4925
3762
7198
4353
-4448
4433
-5675
-41
8015
-5761
7719
9179
-2510
6057
-3211
863
8860
-6901
-3145
-206
-4589
-937
6581
-98
1113
1571
-6748
3630
3489
-7730
-6069
-8700
1110
-822
-194
1033
139
-9009
7949
5671
-2351
6022
-7527
-9828
517
-7872
-9206
-1944
7420
1027
-1442
2744
4199
9875
-240
4181
3827
9640
1392
1219
-7213
-3312
1396
-9621
2685
7588
-5613
111
-4409
-3350
-1630
-5610
-1692
806
-1632
3579
-9038
8013
-126
-9941
6351
-4265
-2331
-4541
9722
6542
-4198
-643
-5874
8102
7137
-2579
-7528
-3122
9285
6349
2714
327
404
-7676
8329
1493
9365
873
-7183
7844
-1565
9671
-8150
-8458
-8610
8141
1082
59
4116
5810
1702
-6773
-7593
6085
6802
1822
-3009
1284
6788
459
9884
661
838
4970
2521
-126
9781
8015
7338
3602
3157
223
9173
6356
9874
1558
4903
52
6375
3693
-6756
-7759
2288
2394
8272
-4706
1172
-4760
-3060
-7172
3140
-6017
189
-7592
6915
4582
347
-8670
1170
-2061
-3746
3129
-8904
-6986
-4163
-8530
-4007
7199
-3469
-8591
6216
-6005
-7539
-3350
-9188
-1506
7531
613
-6568
6815
168
-224
-2610
-1287
-6907
866
-7159
9331
4619
6334
9623
3882
-9793
4542
-2935
-6225
4159
7853
6448
-2454
2098
7777
6212
-9611
9257
546
2126
1267
7351
2642
4120
-3170
-2336
6941
-3679
-4468
-1817
842
-2789
-8960
-2850
-7457
9697
-3868
3171
9752
-9751
-677
-7242
5383
-31
3749
3523
-6917
-8479
-7625
877
-8066
1795
-3180
134
-1667
-1519
-6142
-1491
9216
4365
8873
-9631
-4950
-1166
7758
-6256
-9699
8584
4078
4050
-1050
-9113
5822
-7007
-6698
7854
-1515
9526
7299
-9034
-4877
-717
-3633
-1312
869
940
416
-8537
-9521
-4778
5718
-1804
-3841
8355
-629
9440
-2029
9176
8537
-3818
-2274
-3564
7181
-7807
475
106
-9524
-9108
7348
7554
1376
7692
1639
2120
4731
-176
369
2221
-5789
5040
5423
-8369
5765
4327
8142
2152
773
689
-65
-999
4272
3474
-8458
-4794
-1901
3912
9885
-6297
3864
-7410
3669
9824
-4462
457
9840
1627
-1854
719
2904
1060
-3665
1512
3628
3750
5700
6042
-5887
-6702
1663
-2562
4615
-587
-1529
-8880
3899
-6258
5044
3568
1329
-999
4622
1631
-5881
4944
-8918
-4411
-1792
9650
4256
-7063
-175
-8907
-6224
2065
3433
6528
-7772
3916
4932
7064
3408
-8426
-7857
3196
-1258
-9818
2672
-7896
6087
242
2208
333
6734
9226
-7024
2015
-839
5112
1406
3647
-8209
6577
-2139
-3814
-1757
9966
7993
7729
-1508
-7351
-7794
8034
-2891
-1001
8867
9905
-5238
-2230
5688
-9556
214
6499
643
8675
-2791
2065
4939
-7246
9250
-6482
-7916
3797
-7750
-3829
7293
5172
6982
5644
1169
7592
7593
-266
5053
-7014
-9199
8510
3592
-9535
-3075
8424
7228
-1982
-6881
8267
-8571
-8704
-3165
4762
-1922
3066
-7788
3203
2099
1171
7931
7041
-5459
-947
1858
-7215
6871
1874
-4248
5679
-1260
-9364
-1569
3317
7317
3075
1710
-9778
-3976
296
-879
1604
7338
3953
-8643
5507
6886
-9737
-8899
-5608
4994
-8408
580
-7048
3068
-7416
6900
3498
-908
-643
6103
-2783
3351
6271
9824
-3072
9642
608
7416
1944
6552
-9991
-5900
1968
-5800
-3854
5545
-9394
-12
9459
520
-7072
9125
2887
-2543
8748
-938
1407
2992
9532
-5330
9582
-5578
6530
1548
5106
-7315
4350
-1945
729
302
2558
-3546
5411
-600
-5983
914
-1287
3359
-4252
-9917
-2989
-5275
-3909
2219
2403
6440
5062
4563
5029
-3704
4593
-5274
3783
-6759
9708
2772
2285
6360
-8798
7358
2475
1315
-1437
8051
741
-7164
-5706
-834
-2633
4861
-8974
3305
8745
2158
-7760
-3431
-3340
-3921
3384
-6893
-2914
104
-2710
8313
4052
1770
7525
-6550
8635
6180
1777
3236
9746
1740
-3292
6695
-3492
-2373
-5396
512
-320
-8747
4349
-7126
-4425
730
488
2059
-1343
-1409
-4540
-3619
-1948
8074
5690
-6298
-5701
-9659
4683
3424
-7249
3343
3499
6129
8227
-5206
2928
-1177
-488
-1164
-781
9784
-7871
-4757
-6391
3239
-1111
-7801
1569
-8771
4496
8361
-4243
-955
3514
-8123
-8624
9704
9852
-7768
-4965
5854
3854
-4703
2679
-9251
4816
2184
2953
2296
-6351
-2696
826
3977
7455
-1306
2169
5562
9886
6624
-7988
9320
-8991
8014
7044
-5919
8222
-7702
7916
4478
7231
5611
3309
-1636
-9665
2834
-2668
-2450
9544
6989
3977
6488
-4489
8917
2000
-6996
9933
-5603
-8138
-9741
-941
8585
6626
-768
7304
638
-2791
-9122
3148
-6022
-1793
-1385
4474
-1254
394
-9800
6753
-3978
103
-4682
1
-7286
7326
4858
582
-5626
-5042
6923
7410
6287
-968
5296
5189
7389
9159
-207
8870
9291
-5585
-47
-1573
-1361
3325
-7849
2917
189
-9713
-9025
5902
8476
6044
8979
8261
6088
236
-4712
8568
6038
-4234
4113
8282
8548
873
290
8378
5750
9445
5975
-3257
-8067
-5231
4832
5212
-885
5943
-2305
-9902
6711
-7159
8546
6972
-3715
-9621
-9919
-301
-6260
3570
3591
-9128
6847
-9161
1790
4786
-1757
7444
8481
7696
4584
3419
1386
5834
2852
-1195
-6556
8960
2960
1457
1038
-2572
-7798
3104
-1558
-1762
9562
4174
3601
7931
-7518
2014
-5807
675
6793
8984
-9142
3047
-9592
-7978
8982
-889
-4696
-1488
-939
-5955
-4571
-9060
8017
8120
1966
-572
-7536
-4173
9484
6976
1130
9366
6304
5897
110
3213
5936
6784
1470
2838
7727
-9208
6913
5627
2663
8306
8417
-7870
-967
3418
-9049
-7623
-4944
9480
-7024
8143
5612
-5905
4330
2847
-5739
-4343
8610
4041
-5092
4978
-8492
-5387
5944
837
-8027
2450
8170
-944
-5508
-6578
-3643
-6126
-5585
4826
-9049
5731
-1261
2671
-4737
9635
4170
6865
4752
-7507
7341
2938
9843
-6490
-4534
-5564
876
9246
4224
294
-4831
-6566
4292
-2032
-9384
-2684
5580
8984
-4890
6831
8612
839
4551
1596
7974
-6429
4513
7188
3123
9240
-5696
-874
-2728
-8787
8267
-2502
2033
2093
7843
-310
9182
2302
9746
6015
6980
783
-3933
-4560
1127
-5015
8579
1841
-4611
-6987
4726
-3222
-661
5906
-7884
6737
-3405
4582
5027
7471
-6232
-1029
7046
-3839
2744
-5532
7363
2200
4115
8725
7203
3576
-9743
8064
6748
5122
5093
8475
-9326
-9431
-1843
7963
2667
-6751
590
457
-7264
8771
5677
6296
-6916
-7745
5021
5396
657
-1424
5214
9388
-8424
-2517
3614
6754
-5080
1200
4697
-9382
-8692
-595
7458
9847
-9315
8062
4371
-6181
-3991
9649
42
4961
-2121
-1129
9521
-4115
2934
-6645
-2037
-4015
3398
-5215
-5812
-9138
568
-6067
-3583
2873
-7122
6099
-6460
-4883
-2624
6655
5837
-3849
-5926
2211
9222
-8391
-6031
599
6036
5490
9727
-2947
-3726
-8839
4367
1638
2840
9202
-3264
6291
-2137
-5082
-9341
-1008
-1210
-4788
-9942
952
-8686
330
1962
-2692
8574
9475
-1862
703
-6042
4788
-9524
-1896
-6547
-7490
-8413
-1122
-9066
9571
7034
3228
-4958
9769
-8321
-1428
8923
7713
-4220
7494
7437
5851
2524
-6609
3093
596
-1751
8577
338
-2549
7773
7537
9256
626
-2802
-4336
9228
-6448
3318
9260
3588
-3450
8597
7973
9725
-9815
5587
-182
6450
-5571
-9063
-8813
1932
1980
8227
-7298
-1002
-5649
-2225
3933
-219
-773
-7389
-5219
2727
-325
-8479
-4611
2628
1070
4642
9137
395
7891
8376
4003
6636
-29
2408
4467
-1452
-5612
-5040
-5032
-557
-1086
9282
-8329
-7366
9034
4870
-9901
-2325
-1275
-5140
592
-6911
-4087
2645
-5200
9916
8954
-8399
-4648
-7924
-5319
-9666
9036
-185
-1491
332
-636
-524
-6062
-6079
9143
5343
-4995
-3797
-6299
-7305
8864
993
-3408
8873
656
-6288
-3166
8518
7004
-6549
-6764
-5102
4761
9669
-8267
2736
407
-4551
-897
9214
1963
-1491
4063
-6031
1782
6801
-5698
6957
-3875
-5260
-1796
-5141
-1307
-2782
3930
5793
-7543
-9552
5945
2670
672
796
-3037
1753
893
8347
9999
4796
-9810
-1215
535
-8760
-4697
-7473
-6219
4515
-2128
2964
1957
9674
3155
4539
-4606
-5927
6566
6873
2769
815
-7636
-2235
-8764
-7559
7299
-2028
8216
4219
-664
-7398
8838
-5254
-4405
3760
-7542
-4398
9727
-703
4254
-7607
-1315
4396
1533
8848
-2953
4383
1419
-9482
7373
413
-4812
-4069
1253
-7852
-4109
1605
6320
2122
6859
1350
-3977
3608
6719
-6733
4024
4521
8169
9088
-7671
-8316
3079
-5429
1274
441
525
-882
9998
-6428
-6030
6927
9970
-9625
-2802
1182
3387
-6254
5459
3111
-3505
9873
-6273
-2721
5492
-837
4975
-6108
-4691
-8877
-5844
-2520
6030
8537
9943
-2509
7019
-7894
6171
-5700
-2053
695
2049
9714
-7598
874
4105
8870
6246
-6259
-8105
-2428
-2574
5185
1409
7347
-5307
5768
3292
-9792
-8360
2567
-4188
-2961
7985
9559
-1515
-6183
4502
1443
7983
-1715
4841
7593
8100
1162
-6483
4229
-9980
3036
4309
776
2488
6607
-9303
-5765
2255
-4907
2126
6161
1162
1519
5150
-1506
-2536
-1601
-3698
914
-3464
7508
-979
-6606
1397
3302
-1466
2422
-5533
488
4320
9528
-7341
9367
1870
4433
-25
6563
8141
6305
-3725
-9467
8937
1607
1841
-2623
8081
4098
-3953
9395
-4107
-7357
-2538
4667
-7868
5175
3906
-771
-4342
2374
-8624
9343
1263
4944
3032
-6425
-3089
3705
1439
6725
1320
176
-8056
5695
-1181
-6775
-8803
4828
-310
6049
5750
6412
-7232
5239
-1143
-8880
6115
-3148
-3712
-2831
9610
6036
7283
843
3408
-8047
-587
1248
-4541
-9538
-7592
-7202
461
3618
-9698
-7585
-7431
-7169
4694
5526
-4871
-7687
-2504
3683
-6966
1385
4429
-2809
-4048
-1177
-862
1567
-4067
-5391
2257
-1103
-8783
-9372
9504
7443
264
-2479
-2813
-8439
-694
2427
2707
-9680
-2563
-7376
-2789
-5562
-6904
3767
-1574
-7540
4377
-4470
-9861
1469
-7748
-7500
894
9907
4586
318
-2836
3268
5829
8478
-7008
5781
9307
303
727
8373
-7261
1146
638
-788
3432
1820
945
-9519
8401
5797
1118
6468
1509
8897
-9308
5634
3901
3387
-978
1595
-45
5599
-7059
-4052
-4392
-2520
2321
-7295
5782
-8135
2588
-2093
-4634
4753
8937
205
-7041
-8015
8057
8497
5434
6841
-613
-446
-7678
-1175
3616
-7747
-5164
-1073
8560
-3661
-5744
-417
4417
-2765
-9207
7306
-3428
8875
1409
-1084
-8108
-3997
-8123
2852
9836
6436
-1221
-2314
3014
5399
7893
8843
-3872
-2796
-8271
8792
-9693
329
-8028
-4203
-2503
-1389
336
-359
-1059
-2849
-5881
865
-6347
-1361
-567
9365
-8784
2453
7987
6363
9740
8415
7801
8162
-6154
-2714
1729
2436
4558
-4529
6046
-1598
85
6882
3173
769
6732
5793
5244
1916
7498
-5911
-9387
9513
-6895
142
7843
5929
-3732
-6954
-6046
6709
-9126
-9227
8281
-6849
3215
-2802
3679
9256
-4207
1187
4932
5675
-5062
-5304
8338
-8547
-6371
3584
-6592
-9491
8816
-8257
-5041
-6412
-4955
8253
-8080
6586
-8018
7778
-4794
7507
-4931
2326
2011
-764
1797
-671
8514
-6762
2743
2192
-6322
9721
7190
-3793
3674
3042
6393
9640
-9621
-4893
-7368
9922
-1997
-2643
-1243
1964
8926
-2638
3482
-8145
9007
8758
5447
259
6858
-9139
-313
-9269
8765
-5543
-1492
-2690
7880
-3920
-8418
-9257
-9610
-7923
2758
1981
5620
-9345
-7986
6207
9228
761
6579
8884
5881
-6000
-2075
8877
9857
-3534
7714
5884
-2386
-6311
-9441
-7259
-6967
-9139
8707
7898
-4833
-1324
9655
-8220
-7214
-7964
6058
9234
1344
7984
-5688
1712
4013
-866
3651
8550
9852
6828
1684
5554
-1524
7171
7408
6091
-5525
2468
-6088
-9307
-392
6350
7581
-9950
3776
1730
-2849
233
-1054
-4484
-7654
-608
942
6860
5879
-6865
2925
-9165
-1285
-5526
7193
-3652
4465
-8174
-302
8956
1240
-8026
-8747
6900
-9835
8864
-8285
6057
6764
7240
8964
8053
5572
3780
4556
-3286
8328
-8364
380
-2444
7058
6959
-5316
9036
1211
-4999
2262
5993
7672
-3310
-6217
6317
-1845
7807
742
3756
-1901
3450
1603
-4528
3381
6270
1116
5206
8093
4689
7873
5095
9417
2785
-4363
-3624
-6024
-3687
9305
4596
7331
874
-2463
9499
6987
8770
-7136
1511
-5175
1749
-9586
-292
-6589
-2435
5246
5240
-8554
5995
-8711
-1475
2963
-7036
-8238
8500
6459
-9645
-5758
6212
-5578
9168
261
-6759
-7487
-6369
5801
3567
2351
-752
-5377
-818
391
-79
8422
7623
5251
-7324
2800
-1189
-5412
4671
1790
-2400
7096
6556
-2830
-5391
-5338
182
7525
-9942
4732
-2489
1793
-1807
7728
-7110
-926
-1471
6293
3505
-6819
6226
2257
3164
-3628
-3979
-2734
4541
-3768
-9708
-9615
-9197
-8250
7147
6344
6552
-4134
8901
921
-3570
7130
-7973
1411
8730
9233
2451
9078
-6729
9685
-2988
-4759
1486
-2518
9621
-6032
227
5493
449
-6342
-709
-3310
9776
-2370
6960
2649
-7387
-2581
6301
-7803
3843
8207
1886
3478
-8893
7658
-504
5628
1394
-6803
4961
-2167
-9529
447
-4020
2815
-9478
-4861
-567
1391
-9244
-7287
-437
-4476
-1839
5944
-187
-7497
8674
-3283
-1963
-3020
9652
-5962
7584
6332
1217
-7343
1986
217
-7401
2181
-8233
4257
1760
-8630
-2455
3948
50
9672
7283
-1455
-4438
-4644
6600
2947
120
-1688
2785
7065
-4321
3606
-9989
-5356
-5820
2871
3462
8238
-395
6363
-5448
9426
3857
6764
2767
7682
-9733
5492
-9823
-7164
-3056
-1563
-3493
-6752
5226
-1810
-3124
4264
-7434
552
-9687
-3672
1775
-967
-3031
-2136
9843
6170
-5137
-8949
-8308
-5350
291
352
-9837
9152
-172
-2558
-5513
8955
-2996
-329
1875
-6698
1055
-9952
-1677
-5453
270
3572
-2503
6102
-8702
-6494
1499
-2126
-8348
-295
-7651
-2798
6013
2350
5271
-4876
-4579
6745
3665
4257
5541
-2442
-8302
2010
7346
2040
-8228
3699
1786
8508
-2981
-6975
-2414
-7852
-9774
-38
4856
2857
-8344
-2762
-8713
-6745
6556
3034
4752
-5879
-4538
-3157
9074
7501
-8985
5072
8044
-1880
2069
8546
-3904
8238
1374
3538
-1186
-326
8206
6459
8334
659
1725
211
7239
-2039
5427
-9558
5827
1232
686
-6641
-5246
-2452
-9303
-6260
3764
7642
3318
6936
-4029
-6456
-5677
1683
-9013
-1315
9797
-1930
-4657
1939
9545
9128
-3990
-9357
-3688
1142
8354
-1566
511
-4777
6221
1700
8927
1509
9087
-4889
-2199
-803
-6903
-1808
9133
-4306
-2612
-5339
5505
-4597
-6494
-1731
5394
-4226
6222
-9183
8072
4302
7810
-4856
1160
-7039
5955
-6012
4877
3345
-9665
2151
5362
4797
535
2835
-7303
9168
6538
239
-7407
20
-3778
6333
581
-3857
2298
2120
168
-2804
-9748
368
-1993
-6848
8471
-3849
-9616
-7313
7404
8300
-4707
-2426
-81
3004
-2210
-6578
-3994
-2185
-4638
-7200
4546
-7265
3692
-7067
8970
-3427
-209
5249
-1666
-3906
-5413
-6964
-2667
-1956
7397
1140
-5183
3547
-6824
-4598
-6504
-3497
-4954
-3511
8946
3964
-5264
5976
3978
-7008
7172
4414
-3167
2287
6679
-2856
-4193
6842
-4088
2108
8789
-6409
-3409
5319
2194
6728
-1509
7510
-472
8916
7663
-5268
-2856
-5116
-5725
6990
1203
9374
1834
-9813
-7585
3970
323
-6699
4034
3271
9261
-5979
-5602
5582
-4950
6149
8963
8462
1605
-686
4052
4467
-8439
-1208
5464
-2415
-1434
-2453
3696
3911
1155
9234
-3668
-6081
-1184
-3753
9465
-9259
3959
1527
-9711
2725
2100
5483
7604
-2480
-3679
797
-3252
2520
9314
7483
3687
-5122
7441
3850
-7668
-6228
-1674
-1558
8248
-9183
783
2178
5939
3799
-7472
-5940
9294
-8007
-6904
-5651
7723
-6195
-9688
2636
3448
-1749
-6939
-7016
-5640
-1268
6899
-1617
-9994
4489
-3655
7382
-1258
7004
-8473
-8281
-4563
-2569
3433
5399
3802
7966
5190
3143
-1740
-6217
3932
5318
7089
-3245
8916
5195
8325
-9029
7304
-1640
2693
-6739
-7465
2880
1535
2382
-1368
-526
-9856
-3094
3286
-9128
-8870
4350
3587
694
5143
5110
7101
-9398
-8938
5183
-5277
8969
7357
-943
132
-4171
-4963
-3938
5885
-8202
-5718
-1918
1045
9838
5260
3308
9760
-7742
1820
-4283
6250
4434
-7419
-2243
263
9166
8354
705
-4683
-7152
5459
8417
-8631
2444
135
-9852
715
3101
1719
-5120
-7453
-265
5419
-4862
1294
-7229
7729
-9640
-1160
-680
-8019
-4031
-5995
-3878
-825
-2706
8392
796
-3240
9537
-1064
-905
-5781
1071
3646
6692
-3129
-2512
1127
9813
3182
-7794
8069
7252
9055
-5300
4675
5850
8829
-7288
-1796
-2133
-2124
-4207
-1963
4504
-921
-4729
2697
6531
4430
8563
6463
3349
4259
-1861
8937
7967
-6669
-4429
3491
-692
3259
3800
5209
2778
101
3757
-2149
-4952
-8001
3881
-5044
-2499
-3385
-2324
9219
-1232
-93
6142
4067
2859
7283
2272
-6132
4017
7596
7492
1584
545
-2747
-7560
2643
7451
-781
4152
-394
5473
403
-3154
-3365
7133
2955
9431
-7187
-8729
-1920
-1279
-5766
9883
3135
-2406
8434
8890
-6297
550
790
421
9815
9579
9133
-1918
-6551
-6300
9706
-6396
-7591
-4086
-4315
-2323
-4838
-2927
-3349
5729
892
-9514
-5662
5785
6494
-1586
2360
2692
1590
7916
8153
-5937
6017
-9035
9567
-1695
-9727
4076
-4099
-506
493
-5966
-8149
197
9142
-606
-4458
-4489
8471
-5635
1697
-4709
2228
940
9810
594
-4802
-6114
-4824
-6328
596
9799
5876
-9597
-4446
-1984
5444
-4740
905
3194
966
5858
-750
3788
2352
-2149
7596
-2535
-5236
5647
-6216
6073
4256
1065
6809
-9928
-4135
8505
-6256
7324
8864
2408
-8235
4213
931
-4329
8945
7631
3187
2864
4152
9828
5692
1362
-6288
2392
-8675
-2948
-7413
-3065
-610
2809
4991
-2881
-7324
9707
2637
2781
-4049
2244
-7264
-7003
7381
519
-7374
5143
8196
533
-4653
-6051
9793
6925
-2473
4482
-7708
-9445
403
-5784
-9015
-9952
-3453
4804
-9221
9660
-8376
2656
4330
-854
-7090
9058
-4128
3366
-9017
-8501
287
-3733
-12
-5707
-9481
4135
5385
9518
-7424
-8975
-8546
4689
-4422
9279
-4751
7844
-6878
-8951
1569
7323
-2015
-2386
-3776
6565
-5030
-9926
-636
7248
8863
6214
-7769
1470
-6819
6627
4129
1946
-7399
8662
7046
-5370
-8851
8402
4690
6938
8220
-6990
5881
3304
-5936
-8434
-1703
7210
2367
-8000
-2072
9457
7194
-9938
-3066
2945
-5911
-4370
-7621
-9097
356
5795
-3028
-9127
1746
9825
3535
-1366
-5390
571
5341
1096
-5969
-8358
-4267
-1240
-1098
6359
3480
615
8715
5181
-9786
1470
-794
-6392
-2201
9523
-1847
-9615
-5806
-7841
-5726
2872
7182
-546
-8380
2598
-5160
3552
-7344
7970
-2017
-7335
-1017
-4025
5845
1054
2072
9418
-4308
8298
9679
-7594
-3734
2145
-4698
-4670
5124
1304
418
3378
-469
-9670
9030
49
-8581
8817
-594
-799
9537
6620
-6939
-3847
793
5549
-7697
-7199
-6043
965
9427
4803
-9969
3182
1694
9726
8189
7040
-5853
9925
1895
9239
3293
698
955
6800
-9951
8090
-7574
-9681
-2994
-9167
5006
6768
-3768
-8359
2268
7288
8326
3862
-6315
8991
3162
-4478
-7717
397
9134
5218
-4533
6835
-979
-9478
1772
9077
3315
-6674
-587
8925
-6567
6849
-2219
8298
7879
7947
-6535
7064
2727
7212
-4040
170
2712
-5469
3176
6440
-3767
1944
1874
-9834
6939
7688
-3423
-8950
760
7703
-1932
-2043
255
-5421
1953
-2959
-2671
8290
126
-8048
-4112
9966
-4131
5305
-4457
2800
-5673
-4817
-150
4159
9731
-3889
-5788
1507
1926
1188
5743
4066
9441
1652
6527
-3428
-8694
-8006
-9061
-1525
4685
5269
7581
2003
-2803
-1830
8505
216
-3745
4381
-8279
-7853
-6168
-4267
3929
456
9713
9680
-3894
-45
3116
-1511
-9502
-424
-8259
-667
9454
-9820
1236
-1159
-611
-4002
5748
-6413
8455
-3221
-2504
5863
-9689
-7931
682
5134
7639
-1577
3937
-5908
8332
3478
4012
897
1438
1276
9542
-5262
5616
306
-6294
-8293
-2242
6783
-7820
8188
-4967
2747
2218
-8377
5107
3339
-1572
-5980
-4492
-1170
5509
1720
8044
8297
9270
5896
8136
-3638
9713
-6860
-1523
2527
9753
-6850
7563
5555
2866
-5009
-3315
-5849
4508
8949
-7124
-7493
6569
-4309
7322
-2932
-4285
-6430
-6819
-3895
2465
9470
-7505
8599
-9308
6079
-617
-7851
-1623
5105
-566
-3998
-4844
5687
19
9647
-4856
3589
-3503
-7570
-6387
-9640
5263
-9264
-4454
-756
4666
-7270
1203
1177
9029
5551
364
-5252
9469
-2974
-5512
-3423
50
-7241
-6311
-9875
-4365
-534
-9051
3739
-6492
3519
3867
5712
5233
1411
-1285
-8476
-1505
4333
4987
-2403
-8806
4337
-6012
-7697
5808
-3151
6011
333
8267
-7958
-3635
1935
-4712
-7342
8635
-3103
-6658
-5889
-2848
-5568
-9442
3898
5879
-1072
4223
8140
-5997
-3862
-5158
-673
3531
9304
8321
5350
4872
-3278
-548
5847
101
5738
7049
4778
6193
7088
6385
806
-780
7902
-194
-9496
-8542
888
-2914
4136
-3409
-8991
-3666
-4727
5002
5068
-8476
6915
-6974
-6625
-6019
7774
-8261
-3821
4226
-2017
5636
114
8224
-492
7433
-2741
2353
2608
-3788
-4548
-293
-5733
-8367
9608
7659
-7534
-168
2530
921
-1730
1685
-5400
4903
-3804
-1522
6875
-8748
-842
5321
5132
6778
8846
-8828
89
-6399
1632
-809
-567
-9912
-7748
1593
-8967
910
5691
-5085
-9386
8768
3175
-8220
5101
-6703
3190
-2058
7878
-9833
8150
2970
4643
9714
3571
704
6731
-977
-4398
-2508
-3136
-3820
347
-8945
-1975
-3364
-1461
7553
-3723
3203
-1442
-5075
5673
-5791
4255
-7642
9576
-6774
9026
-980
3407
-3854
-9286
-9497
-3839
-3291
5279
-3917
8140
8811
2206
2034
-2930
-8310
3046
-6114
2534
3523
-1919
-3485
1502
-6596
-2806
-3934
4267
5370
8911
-8676
9901
6130
-9922
877
-1449
8507
8023
-6942
-7424
-2343
8606
-1170
-7691
-357
8346
-3702
-7214
3710
1541
-3203
-8896
-9719
-5435
-1197
-1100
2341
6620
4568
-6355
6366
3552
6396
5205
5689
-4727
2964
-3204
-4534
-8106
-6588
9650
8029
-5026
-9717
3818
5163
-1016
5650
-8160
-2817
-6686
5185
-8223
-4293
-4172
6519
-5910
-9586
8502
7794
-6070
7480
8688
7859
6415
-1486
-339
967
7274
-2629
-164
-5448
795
2125
-2870
-4707
8861
6120
2623
1270
5224
2824
-4526
-1092
105
-9607
-6343
5840
-4905
-3938
7124
5429
-532
-7387
-7264
-1767
-5363
-6358
4105
7340
7847
-6695
8173
-9046
4400
1834
7840
-8527
5360
5840
4356
-5112
516
3258
4931
6482
991
-7541
-8922
5141
6127
8527
974
-5890
2403
-7358
5486
-623
6399
-4135
-8711
-1988
-5362
-9589
8404
-6701
-7007
7106
6031
-2647
4860
-5535
3268
-1298
6656
-6423
-2749
-8413
1106
-1496
-2843
1526
-2675
7570
7628
2287
-4932
-6390
-6150
5391
-503
6326
9572
3490
-9687
1381
-882
9309
-390
442
9440
1968
9201
6394
1859
-4424
-7137
-336
1438
-2911
-3881
895
710
-7253
1187
2438
5516
-3023
9505
-8830
4477
2653
1896
-1317
-4728
2813
5794
101
3339
-9628
-6298
-9221
-3994
1665
4328
-3457
-153
-2973
-9185
-4168
-9217
-4944
-7872
8188
6999
6275
2828
-217
8188
-4884
-5695
4507
6440
4270
-7152
6050
7235
-9540
-1931
-4993
-7673
5060
3687
-505
-60
-6536
6578
-1994
-278
-5220
9124
6184
7703
888
-1186
8352
764
3266
-6779
-4776
-1082
-8638
-3808
1352
9594
-9533
6806
221
-59
586
295
2266
-8896
-2935
-8457
-8359
-5467
-2845
1490
-6382
3549
7641
231
-4181
-3058
-3502
8404
-891
-844
-5157
-6220
327
-796
-7132
9935
-530
6407
-9831
9470
2963
-3466
-1422
-207
3346
-6597
-8294
-5688
-3662
-1020
2668
-5094
1480
45
-5825
-3103
-8427
-9626
-9398
7
4342
-3563
-5167
6817
-7495
-6849
-5884
3500
-4067
90
5802
-8443
2041
-4916
9792
3787
-5631
-8891
4171
-4380
6422
-8520
-739
-7718
6511
-690
7874
-8518
7104
6082
9009
4295
3275
-2941
-9343
7708
-1879
-5952
6181
-7306
4974
-2924
-6994
818
-5536
1459
1936
-4126
-5737
8877
-4377
-4684
-595
-1281
3798
280
1432
-1834
320
2791
4242
4071
-9063
1819
7792
3396
5582
-4993
-5115
8777
675
88
9875
7098
-4022
-9100
-6040
-4619
1312
5960
-5256
-3592
-8785
-7641
-1391
7148
2434
3092
5817
-2332
6528
-5641
165
9349
7551
-2294
-5536
4949
-5176
7715
-8444
9222
-1478
1559
-4136
8029
-3227
5313
7341
-7797
9813
-8843
9003
5469
-1109
7419
-5096
4014
-5428
7156
229
3124
-7605
-550
-4424
5429
1200
-4033
-6185
-930
6836
-6350
8775
-6178
756
-9959
-9489
-199
-3835
-7612
3615
6154
1491
2825
-5773
-6286
-9194
-6048
1384
-7837
6608
-7964
-102
9316
5809
-7626
-1241
-9723
5442
5864
8459
-8183
-3231
-3791
-7249
7800
3830
-2107
4162
-5485
7614
9396
1113
-9011
-8777
-6621
1587
-3627
7789
657
-8129
3159
4184
-1796
-2112
4761
458
-8960
-7446
2183
6885
1558
-9623
9769
-18
8836
303
8271
4764
5946
5501
-3983
1033
917
-2355
-4738
1199
8287
5451
-9834
-3843
-3209
-8723
-6122
2600
-4521
-3061
-9135
6335
-6494
-2918
6443
-8284
6750
-7483
-175
-7376
-2174
3238
-7072
-4467
5591
5105
-7346
9918
-3393
-2813
8145
0
8393
7599
-3465
-4275
2740
1890
