199
640
-3411
-3657
9439
1707
3912
4997
-3926
-1471
-2686
9631
-8651
8692
6966
9913
1959
4304
-4529
-4531
940
-8373
-4122
8734
6498
579
-5482
8661
2054
-5082
6760
-2101
500
830
3659
8994
2597
-2646
-7721
5046
-99
-6751
842
925
-8627
6777
-9314
-7689
8524
-2786
3485
6334
6757
-6309
-8465
5635
9314
-9020
-7214
7838
-1464
1298
9828
6166
2770
9615
-1869
-1596
4799
-8490
-162
-8898
-2096
-3552
6679
3582
-1194
7155
9812
-2001
8166
6948
-7633
6677
2554
814
-9612
7641
4373
8683
-1611
8488
-1343
2844
-4019
-2763
-5494
-3618
4354
-2253
-1848
-6491
-3810
3852
-7030
152
1845
5740
-2321
-2282
4157
-6809
3949
1366
-7157
-5506
-3192
-8352
6401
5559
-290
-1534
7358
6399
9049
1693
4346
-5548
3574
2238
7524
8693
4588
832
-8393
-741
459
-4859
-1450
7742
7212
2940
3335
-5265
2586
-8688
-1108
3517
1487
895
-8130
-3325
-4072
-6434
-9441
9934
-3151
8292
8480
-3527
4575
1365
-3553
6332
-2860
2909
5523
-6244
4405
2859
7868
6006
-2383
-1651
-6477
-5151
592
9604
-9327
9158
8419
-2459
-5536
-6568
-5386
-2232
-9197
163
-1758
-1212
-5855
2744
-1118
9606
-8556
-1525
-1957
-4114
5934
-7707
-7874
5560
7035
-9409
244
-8579
-6226
-6819
-2918
5316
6872
8131
-5833
8132
4285
-3677
-3329
3357
-6860
-3490
-3352
9314
9287
470
5772
-7000
3263
7321
-1580
1116
9221
-450
-9868
2440
7248
-8161
-6183
9943
6593
-3630
-4097
2509
937
-5392
-1649
5612
-957
-9359
-5692
7920
6615
6773
-118
6401
-9076
-1891
8446
6245
6190
1711
-7291
-3650
-6069
7587
-4908
5389
-463
-5180
-8137
8923
3325
4894
1888
-821
-281
9657
7563
9239
-1531
-712
728
8304
-4139
-4962
-3770
-8381
-9626
9299
6281
-6413
-9317
8383
-4472
-4794
-3000
-2338
1049
5560
6095
-9974
-8681
9068
6758
-1309
3415
-2814
-7146
399
9252
-6525
2375
5783
1423
4264
6658
1216
3885
-2922
8550
-3783
-6047
9175
-6258
-9973
4774
-3755
9599
-2844
399
-2707
-7314
5014
-9602
203
7186
-2901
-3813
6448
1688
7354
9083
7194
-3729
4633
-2260
8520
-5490
-9535
-8733
-1611
-8285
-9415
-9029
7519
2937
-3817
5078
-1152
8257
9480
2133
7039
-9850
-4611
-8983
6843
2718
-9461
7368
45
-8893
2522
1314
4706
-5693
2907
-8488
-4853
1097
9888
8605
4612
202
9943
-8425
-6972
762
-202
-8947
-6800
-6404
-4673
8016
3560
3285
-6295
-782
9093
-9640
-3489
1162
-9766
8007
4665
-9801
300
-6713
7891
-7890
-8703
-633
-5834
-1643
7827
-1219
7977
9236
9321
-2297
-3119
-581
-9992
1249
-5212
415
8918
4854
-4690
6909
-6063
5276
5630
-1213
9578
4457
6316
-8203
-9520
4566
7082
5050
-262
7990
-4658
2172
2549
2908
-6682
659
-8831
-9437
3516
1274
2280
-7010
-7066
-2822
-748
-5748
-7894
-1811
-1771
3352
-2614
-1119
-3727
4276
3275
-2687
-1250
-9848
9249
-8119
70
6354
9988
-1531
7626
3112
-3963
-978
969
-4083
-5048
-8367
-2766
4657
2697
2867
9521
-9906
6351
9549
-3555
1854
-7697
3201
1707
-1025
6615
-7133
-9249
-1962
-7999
-8087
7112
-3245
6930
-1398
4113
51
-9160
4961
3625
-1314
-2329
6704
5874
-4144
873
-7839
2884
-5319
4234
3378
-2982
-3391
-3597
-2145
-5730
5217
-7180
-837
6183
-7598
-7843
-546
9414
-8072
9690
9627
-2436
-8938
-2233
3748
-828
-5060
-1684
2588
1645
9149
-8986
-2701
-2515
7826
-3314
7831
9249
8056
7939
1145
701
-6246
2590
8720
159
1727
-2756
9959
7136
-2181
-1703
8570
2046
1087
-5453
-7247
-8973
-6280
-4405
-233
-8509
-4305
-7865
608
3457
7415
-9347
-3291
-5102
8787
1188
-543
6683
6802
-6744
-4032
-3755
-1082
7247
-6428
8172
-1400
-8261
5916
3582
-5525
-7592
9022
-5537
-3630
2496
724
-8577
4941
-9087
5927
5975
7018
-942
-3081
5234
9230
7094
8976
3871
9803
-1816
-3554
-5559
-148
-9918
-4964
-6241
1092
-1637
8014
-3521
-3106
-611
3691
-300
-6642
-6930
3467
5420
9318
-4796
-9752
-9895
3817
-943
-3036
-7199
4098
5628
-7015
63
7812
2765
-5306
-4195
9643
9534
-7248
-1485
-3704
8715
-5706
-1345
-3118
8851
-6815
-9069
1395
8398
-146
-4353
-3363
-17
7921
-1448
3034
304
-3588
-4822
-2032
-8424
3311
-630
4968
-4329
-8752
4864
7511
-3582
5905
-3566
-8812
-1113
2658
-9196
2398
722
7293
-9897
8691
565
1181
5217
-7905
7468
-1537
2625
4236
4468
-4342
-4098
-967
-6713
3232
-985
1403
535
7505
8371
-2403
9339
-1270
7260
5672
-7816
6187
4030
-6940
2891
2252
-1801
-4724
5817
4678
7664
8415
4875
-9982
3011
133
2240
1161
-1612
-5986
-1772
11
1556
-169
6694
-4529
-2660
9669
-7435
-654
553
8271
296
-594
-2283
6011
6974
-4441
5987
-4261
3517
7888
8941
7239
4789
6439
-4140
-7874
7168
-5742
-5439
-9689
7854
-8388
-5257
6663
-3906
-9848
-6849
-9835
7919
-111
5234
2871
-145
-2993
7022
-8755
-8725
2124
9568
6310
-753
-1160
4170
8337
6897
-5902
6335
2847
-1418
-7698
-8554
5048
7634
749
7456
550
-6062
752
7762
9601
8822
-8709
9999
-8063
9198
1641
7609
-3315
-9721
1470
1787
-2296
5595
4396
9134
-4515
2839
5701
-8058
-4982
-2152
9137
-4742
-773
142
-5771
-8448
-183
-9347
4495
-8962
5317
7221
5295
-6036
-7312
2161
6768
-1853
-8431
1559
1451
2733
-6735
2841
-6009
-5558
-7166
3522
8518
-7752
7543
-402
1744
-7005
9169
-1210
9565
8424
-9535
4239
-3510
2282
-8976
2805
-7761
-5128
-4007
-1740
3907
-676
-7565
-2540
-1229
4568
-408
2276
-4374
-8895
-8504
8933
-7901
8187
-8431
-2453
-6359
-8471
6501
-6407
9319
-4946
7612
13
-3104
-1863
-6697
-3939
4818
247
9011
6265
-9726
-5264
5502
6860
50
5243
-6033
9416
-1785
-8606
6300
455
-6286
3309
3982
3712
5057
-5799
5854
6479
-9437
2911
389
-1743
-1672
-685
9715
6226
255
-8648
708
-9817
353
6728
-7466
-6298
9639
-4722
-6442
8766
912
-946
1122
5681
-5510
7584
-5267
-5092
5730
5094
-2495
-5287
-186
7026
-5223
9803
-3396
9598
7861
-3578
9714
-7467
7554
4857
-2212
-8264
730
-4409
9090
-3698
-5252
9571
-3750
-4246
6064
-5727
-9834
7841
-6887
-1885
9165
-306
-1732
-250
8836
-6779
-7783
-1869
3452
8859
-5553
-1771
9952
1814
-3122
7354
5351
-9808
-8729
3211
-2260
4818
-40
4065
-3084
6695
8990
-5049
1455
7621
8277
5140
-8627
4147
-9277
-5281
3304
-3907
1473
7422
5717
-2161
285
-4519
-613
-5374
-3657
-4408
9270
-5198
-7670
-2373
-7660
6405
-8016
8226
6432
-6625
-7266
3757
-8530
-4022
-7500
5540
1936
-1493
-4110
6231
8294
-2370
9353
4750
-2970
-3170
-3604
-2030
-8492
-3495
-8118
-4378
-1253
-1826
5641
-909
-850
-8673
4198
5026
2512
5294
4997
-2428
-5686
7045
7550
-9780
-6047
5296
-3833
8822
-3943
-818
8569
448
9600
-4557
-4607
2078
4305
8789
730
-9512
7198
-2804
4227
-1363
-9329
2451
2086
184
187
-2169
-2764
-9421
-7043
-1438
5149
9442
-4134
4990
-2540
-9092
-6962
-7566
-7267
-1422
6813
9530
5919
-3562
-1957
-9228
-6036
-1071
-4948
-1617
2620
6499
-9929
405
6834
419
9926
2708
9861
-691
-1730
-1043
-2044
2371
5164
-7400
1172
-6331
-4277
8060
4028
-9390
-330
-5869
-2185
2572
-306
-8736
6439
-6956
-118
9281
4227
-8494
-8709
757
-927
4199
-7760
8646
-9028
2105
1905
5643
8808
6558
-5984
149
381
-8523
-9176
-4851
9782
7884
-601
-2458
1053
-956
-7433
289
-2257
-1838
4428
-4005
5785
-624
-3343
-3504
2350
-4994
-1732
-773
-3693
4256
-3265
303
1139
6509
-5896
-7571
-5892
-284
9945
65
2240
-1752
-5503
-8318
-6661
-7379
-7412
-1507
4268
9781
6532
-3346
-8971
1454
-8018
9143
-5267
-7032
-854
-4225
7703
9776
-8073
7222
-8659
2127
-3737
-9111
-6363
3301
1018
375
-2811
-9161
-5549
-4140
-5624
893
-9572
-2752
-8761
9370
5349
8869
4513
-1529
-822
9889
-3190
-3544
-6565
-6260
7561
3151
-671
74
-6210
88
-7464
-240
-3744
-9273
-6613
4466
6031
-6098
-1591
-6322
5520
6999
271
7722
-5083
-1341
-5890
-3301
8802
-2562
3641
-3394
4659
-7521
-6683
-6544
-7167
-3037
-5496
857
-7658
7717
-6228
-5862
-6145
5350
6879
-3014
1484
3370
5027
3496
-5878
-6211
7156
-6548
-5689
8703
7592
-198
3003
9122
-4548
-8972
-1408
-4965
1860
9935
-5049
7074
-7600
-9235
2184
-9367
4958
6219
3189
-2070
-6537
1151
-8226
-6110
504
-5566
1660
5121
5939
-1392
8691
-9370
5147
-6093
-4667
2829
2696
6316
-9046
-638
4541
1766
-4101
-9197
5668
4387
3092
-5292
1440
-5303
-3881
3802
6021
3437
1710
-5775
-1123
-5239
-9251
-9965
9658
-4536
2907
1283
-1830
-5161
1841
-9037
-5713
6721
-227
6320
412
-5627
3820
-9456
7536
9351
9102
-3028
-5897
1761
-6964
1686
5125
1331
-3209
4653
-6149
-2058
-4945
-2684
-447
-8984
5408
41
5331
-6376
9680
6027
9591
6804
-323
1555
2363
3648
5044
-6327
8203
-7870
8148
1270
-3070
2306
3783
-9066
-9140
-3163
1740
-2858
-1209
8938
5930
-9490
3804
-1556
1569
-9027
6085
-3167
9558
6696
-1084
-4724
-5602
6905
-6937
-9285
7183
1527
356
-3738
3683
6243
-6794
7624
3646
9437
7501
-6602
-8488
-7838
1000
1194
-3776
-1935
-5359
8482
-7617
2033
-8102
5577
681
-2745
-2593
-8903
3897
9703
-3288
2599
-7962
7327
-7385
-2647
3470
588
-7084
-781
1682
-6882
-4927
-3627
-3730
6374
-4497
8081
418
-466
-139
3499
-5679
-8388
-2296
4923
-4197
1370
9565
9248
-7784
2303
-4635
8043
5650
6371
8898
6528
888
-4731
-9713
-8134
-9209
-9007
5066
8003
6257
9083
-2654
6820
-6648
498
4338
-8448
1332
-587
-2315
953
9805
4453
-383
-869
-252
2836
2219
4743
3804
3986
8740
403
-8724
766
8289
-2736
6590
2389
6634
5243
-5301
7420
-8609
-9139
-3094
975
-9584
-6365
3651
-4414
2875
-1504
-4871
-247
8759
-304
2881
-8457
-1754
-9283
8501
2998
5515
-1726
5479
8826
-8839
-247
-8594
-507
2061
5085
-4957
3178
-395
-297
-3713
-5434
-9706
7085
-7760
-1574
-584
4660
-6036
-7568
8626
4233
-6512
1097
2387
985
-8072
1045
-5595
2232
-4160
5965
-6888
7340
-2262
-4187
-8631
6462
1105
493
-6135
625
1776
5570
-3
-5328
9877
-4814
7277
3411
-3330
-2486
1531
-707
4422
5722
8151
-9696
5346
397
8645
2278
-3584
7534
7036
2611
7264
-4539
2129
-4970
840
344
1758
-9558
-8348
-7302
-9010
-1301
-4866
5555
-5843
-2810
-6779
-7513
-6529
2862
8000
1075
1917
6069
2377
-261
-5637
7695
-2175
-1055
5044
9986
8763
-8397
2976
-2841
-4388
7554
1195
2162
-3285
9333
-2765
-3795
-6284
4016
8556
-9634
-5521
3289
2571
-5143
-4918
2935
1855
4347
-7687
-1606
-9370
-9130
-4260
2601
2409
-4630
2773
-6259
-4878
1413
9533
-296
9091
8175
-8710
4221
-1580
-5773
8931
-1844
-7908
4536
9414
-2779
3404
-2024
-9805
9869
-384
-7643
-6003
-4467
-7483
-3889
8874
-5671
-3446
1353
4025
-2726
5968
-6100
8545
2091
-6004
3538
-5007
1938
9305
2474
-3899
-7236
9932
6713
3149
-7956
-4955
-9228
-7424
-1477
5630
5731
485
7769
-7979
291
1053
-2571
4868
5524
6323
-9442
-2445
3866
-7597
-6310
-6116
4423
9302
5938
5096
-2004
-6119
-2571
41
-1055
2863
-8992
-5231
7449
8341
9153
-5380
-5321
7472
-1636
7237
4504
-5635
8284
-7867
-6471
5412
530
-4719
-3189
-8693
-3180
-7433
3774
6454
1717
-7686
8432
4412
4534
-1351
-7807
-5245
5949
6708
8570
7103
9330
3536
2846
3714
-2205
-531
-9898
-3562
6853
-2692
-3395
-4331
-537
-6055
6539
4091
-9280
-4493
336
2537
-7883
2146
7389
-4036
-6744
-5513
4728
9153
2969
1223
4389
-2910
-9237
9074
-9745
-6106
8944
5052
8886
-671
255
5730
-3777
1283
-4871
3711
5345
-3225
9550
-3572
187
829
-9717
-9162
4160
-1737
-4880
-6047
1748
-9721
-4959
-7368
-7834
-2789
5146
7494
246
3930
4462
5417
7274
-9001
-9778
9088
4286
9988
-2739
-2586
-7465
2134
1784
-384
775
297
-5237
-6793
4280
-3294
-4311
-4164
8125
-4975
6786
383
-6687
-7268
-3128
-4778
-1649
-3586
-6830
-1696
-1103
-588
9902
-2669
-4185
-2553
2588
1359
7159
-5379
3642
-292
-7449
-6585
3767
-4744
-6633
-3575
-217
-7106
2108
-4939
-4963
4546
-9804
8549
-2304
3845
7108
-5832
4388
-9923
5997
-3763
-4667
8756
-1245
-4824
-44
1132
7560
-472
-2144
-1010
2490
-5498
-6994
-1133
-9043
9075
223
8968
-3088
-3251
1839
8071
5833
-1183
-596
-3505
-918
-5519
-3063
-5114
9005
-1954
-6561
-9091
145
4256
-8353
-6575
-5639
-4795
5676
-7809
-6650
8991
2539
-1757
-6374
-2977
9521
-4031
-6262
-1270
2289
-492
4441
5243
-2978
9916
-6294
-3825
-6185
-6790
-2954
-4981
-7889
4452
-3388
-269
-1316
-9564
9685
5031
-8490
1221
3179
3653
-18
-1861
1123
2691
-8499
2593
-9789
-4692
2904
-2564
-29
-1999
2232
-536
-5656
2996
-6800
-6988
3286
-2859
-4652
6738
4704
7110
8734
5328
9269
-9081
-7709
7244
4362
1693
9609
405
6518
9908
2865
-9299
4449
2657
3679
-8652
7955
2090
-2195
-581
3413
3580
2481
782
-7410
2091
-2926
3546
4961
9216
4346
1091
7714
-491
2824
-51
-553
4431
3114
-6833
-2109
3147
6281
3967
-5799
9364
-2203
1623
3253
-6199
-3514
1978
-1245
-4160
-2649
9301
6547
4474
-7736
5253
572
-9074
6264
-7211
-7071
-5374
-7700
-7189
-1704
8277
-7523
336
-1872
-2805
5482
-4925
-8834
8179
349
238
-1857
8228
-1898
-4823
-5885
-3598
-8384
-5244
71
8393
4435
4592
-4403
7584
-9917
-827
-5587
-1837
5078
-7287
-1401
3224
-1083
1626
4794
-8705
7907
4837
-5144
-8249
3464
9047
4319
968
-8868
-1331
-9405
5764
-4737
-899
-2361
-2620
-2581
-8738
-9183
6917
-3492
1999
-7675
1903
3573
263
3398
3829
-1856
-7199
-7978
144
-1825
9030
2573
3611
2056
-782
2029
4278
5012
2296
1999
6775
5549
-8663
2141
-2616
2312
-3884
-3408
-5879
-5868
2350
6383
5932
7181
-27
-648
-2706
-8790
6104
2234
-8444
8964
-6332
-7374
4806
-5985
-1245
5939
5755
5732
6045
-7263
-4734
764
-4055
4330
-9326
-3223
2321
-9754
7774
-7058
-6213
-8370
9551
7276
-9684
6836
-6503
-5277
-9211
177
1999
-9634
-2395
-8872
-2989
-1154
6706
-7782
-3907
9502
9891
9981
-1961
-6240
-1237
4387
-480
-5749
-2020
-5985
760
-1151
4266
-1374
3072
7119
-9244
-417
4397
-5222
-977
-6820
3825
-357
-5529
-6619
6538
-8697
-3791
3791
-3833
-8616
-4090
6409
9733
6071
-1030
-5155
-4392
5031
8712
-8355
-714
-1746
-9683
4179
-3419
-8849
5823
1143
-9076
1608
3718
-2671
1608
3993
5030
-53
170
6665
1880
-922
5389
2440
8294
-7055
-5522
7392
-1432
6206
6256
7304
467
-7526
6595
-9898
6770
-9091
8551
-2998
6350
9099
-226
7555
-4368
9329
-254
2368
2011
657
-6550
4222
-7992
-5574
-3867
3166
510
1964
-2725
-7702
636
5691
-6951
-8766
-4773
6966
8300
4552
2112
-6909
-4386
-482
-2772
6236
-518
-9891
-3757
-7582
6934
1398
2733
-6614
-399
8331
4186
-4810
-3167
4063
8552
8503
2907
-4673
2546
4680
-4333
6959
-8120
3864
-7031
5485
8211
-4390
4225
7109
-9757
-406
4093
-5212
-8370
-7997
8640
-8720
4432
9972
-5112
2944
7447
-76
-1472
-228
3994
-1639
-533
8466
4797
-4014
7036
4645
-8077
-2538
8151
8743
9633
4224
675
-579
-4902
-1891
7550
8448
-4620
4021
2226
-3815
-3654
-6293
-1865
688
2081
-3424
-9418
1838
-8631
-6729
-206
6547
-9271
3644
774
-6182
-7870
338
6551
-4587
-1650
7506
73
-9985
1438
2439
-3430
-3928
-5612
-7574
6962
638
-7080
6820
1225
-7061
-4609
6233
-775
-9906
-3430
4798
-6404
999
-5115
4483
7136
-6404
-3468
6061
4506
-7923
-1379
8702
-9411
7819
3431
6800
6206
-8944
-415
-7145
-9582
2744
-4858
-3129
7267
-7118
1158
426
5613
4525
9985
-324
-5714
8337
4258
2746
4887
-1994
-3158
-854
-2040
1248
1429
-3123
5759
-4469
-3492
-6751
766
-9814
5822
8389
1830
915
-6436
-4291
4180
4658
7352
2194
5982
5629
4474
1521
-1573
1825
-9429
6800
3764
-5363
9629
1625
-9785
90
-6040
6897
-8188
5224
-2979
-7638
-3399
449
628
7222
513
3284
8886
6526
-5379
-3918
709
8217
4081
-6238
4113
-3123
-1496
-6287
4675
6508
779
1025
-4546
-6948
4345
-943
9727
-9435
-2196
-9774
-4705
-7405
5287
3416
-2387
-5415
48
7968
-7741
5368
5121
3761
-5530
4383
-2936
8214
-6111
-1666
-6822
5423
-8380
-5076
9014
-4480
-5639
5477
-6154
-1707
8426
8406
6628
-4213
-8140
-8126
8482
3501
6688
8692
7507
-8191
-318
-315
2609
4362
-290
-7008
-9571
509
-9125
-3273
4944
-1623
8776
3396
-8924
-3583
-6274
6848
9839
-4633
3129
-7205
-3106
5544
-7116
-41
-4401
-3778
-8918
7326
174
-9909
-1555
1994
-8609
6404
7537
-6560
-683
9921
7215
-3934
-4047
8284
1971
6892
-2130
2425
-7540
-5091
7082
-1757
6033
-4926
7946
-8673
-35
-8089
4808
-4169
-8529
-9233
5586
1943
2336
1815
-4560
-2761
-6279
-3876
815
-4347
6301
2292
344
4620
2456
-4871
-7724
7710
2824
-4538
-1982
-2838
9181
8831
-6586
5919
-2573
-937
-5300
2509
5809
-5567
4087
8600
323
4132
-4184
2691
-6877
8885
3031
8527
-3114
-4927
7815
-2980
6132
-2361
1063
7632
4896
-8227
8912
5806
-5602
-9322
-509
-9014
2882
-2521
-1296
8113
-1148
-8818
-3874
-4804
-3286
-900
7598
8526
-8441
1829
-2088
2305
-6657
4134
-439
-8659
5820
4462
-5071
-3251
-5485
8818
2886
-9692
2958
-7408
-6668
-3599
9300
-6071
6520
7839
6804
3407
-8546
3721
-4934
-8830
-7926
4858
8719
6980
-114
1377
2152
8214
6933
2218
-9282
-3189
-4036
-2370
7360
1993
-2416
-72
-9683
-4683
-9405
-6237
-554
650
3991
-4651
-1173
8782
7154
6884
3241
-9054
-410
232
6492
-8868
-4776
-542
7505
4249
7987
-4293
9739
6821
-9910
5912
-8911
-2370
-4876
-7007
3627
5789
-4882
-3902
8461
184
-9506
8686
5557
5012
6752
-6826
1284
9278
-4019
1334
6464
-992
-9958
-9456
2252
-3393
-6003
-2912
-8888
1743
1107
6799
-1229
1908
-4360
-5480
3198
-3392
-7998
5993
3141
-4996
7629
818
3426
-884
7438
-2202
-563
-8442
-5567
9680
6658
7050
-8932
883
-9018
-8648
-7327
-3309
2420
-6792
-3802
1325
7686
817
2050
-8338
-1004
-5649
1818
-8829
717
5840
-175
8718
2193
-4499
9914
-5415
6841
-3877
-6315
-806
-8306
-4654
-36
-1445
-7475
-5152
6991
238
8035
-106
5729
3036
-6015
965
-9069
-1729
10000
6181
-9495
-2650
3519
435
-7198
-5427
7478
-6366
-5523
2748
-8466
966
-1089
5958
-8241
1552
4843
-4880
790
-2961
5942
-2788
5962
-8466
-2483
-9107
-2888
-1788
-1847
3043
-2123
-6545
-8692
1125
2793
2495
-476
-413
9875
-5001
8808
-6986
-7206
5298
-9891
6281
-3793
4349
-8839
-7787
4587
2332
786
-1699
1979
9145
6315
9217
-1001
-8695
-9984
-1351
-9442
1201
-8508
3349
3903
-3265
9498
3138
4220
5020
-2555
-2548
1577
7330
2006
-9507
-179
-9729
4591
7881
-8399
1507
-6019
-9172
2923
4251
-7434
6927
-8649
3978
6606
-346
-7794
-4984
-8902
8346
-4039
5553
9953
-9123
-1362
7733
-5343
-3106
2674
-9544
2617
9147
-394
8172
-7430
-4746
9621
-6993
8765
1189
4717
-7574
-7801
3559
1808
224
-1230
-3779
-2932
3077
2615
-2072
2418
263
4710
8513
-2422
4246
-1594
-1723
-2500
-6104
1918
6179
-7608
-181
-3616
3086
9970
6349
-6013
-2323
-2880
3930
7434
4567
-8717
6215
-5126
3401
9165
3479
-9596
-6916
-2994
-5430
-7310
7139
5573
1051
-4120
-3469
4799
5016
6719
3237
56
-4994
-1015
-8476
-4436
-3469
-4351
-3054
5548
-1011
-3204
8422
6954
-5342
9177
-9403
-502
-1977
-3924
-3702
9656
-7750
-7951
84
5294
8121
9173
-555
8380
-2784
-4563
-1302
-8430
1813
-2275
-5615
2739
6361
-2208
-9586
8992
3724
-132
7982
-3021
6515
-4237
-3353
4291
9616
3233
-6192
-3944
6618
1973
7749
4151
9513
3995
9959
2955
1570
335
-8891
-5771
-3520
498
9076
-3284
-7437
4582
-6155
-5632
-1045
5190
-4373
-4420
-7564
3999
-3637
-7367
2670
635
8086
5241
-656
-843
4413
-7051
6454
6864
3548
-7463
8853
5374
-3744
-9865
2900
7412
-6563
-9613
6290
-283
9852
-4561
5356
-3601
3365
4233
1153
-352
-3400
4689
5114
9144
2527
-3490
-6748
5647
-9302
8023
2946
9645
712
-901
-9585
-9084
-7017
8134
-1358
4048
-4657
-9367
4980
-1666
7930
4557
-4298
-7633
4248
-8208
3187
1242
980
-488
3591
8602
4098
4390
-1576
3071
-153
9475
-3854
2837
-3488
5657
-850
-3045
9971
5027
-145
3913
7072
5733
-5816
6870
7622
-9600
-5111
-7906
1210
-4329
-3719
1036
2856
-1904
4888
-5097
3329
-7108
-5650
3888
-9275
-3966
-5506
-3125
-4184
3337
-9023
7625
3158
1912
-4075
-8661
5404
-1406
-1642
-4551
-8456
6896
1486
-7180
7214
-4907
360
-3382
-9079
5133
5901
-2895
-3698
4478
9842
-3946
-2115
8474
-8788
3426
-5510
-3098
9426
1092
8114
9473
-7746
6272
-2385
5038
-8617
1121
-7067
-7388
-2903
-6665
-373
-1152
-4186
6569
-1216
4070
-6113
-8857
-1131
5711
-4418
-7656
8326
-1164
4739
5437
3203
2475
8490
-1223
1548
2598
4264
1722
7636
0
1499
483
-4513
8777
-6483
-4811
2830
-256
8144
-1390
-2790
1445
-2555
9367
-6003
1597
575
-3972
-5327
652
2649
4688
1156
713
8410
-9417
-2030
-7775
-6458
-155
5915
6826
1430
6267
6091
1039
-1331
8612
2133
4975
-7965
1504
-2215
-2475
-7285
9751
-7644
2212
-4470
4884
4368
7777
-648
8086
-9043
-4596
4302
-7306
-9180
2982
605
-2564
7873
-5184
-6217
6567
3647
4440
5382
7402
-5113
-5704
-5570
-6294
-8242
998
7355
6208
1339
7121
3755
-6401
9096
-9864
-8813
3968
2444
-6779
3868
5868
5362
81
2650
-3958
-3302
2317
3116
-1180
394
59
4748
-9156
-4259
-5064
4977
6233
7891
-8122
7284
-227
7828
-8087
-6612
-2038
6621
-7498
4751
-4647
5477
-6614
-9545
7033
9867
-9708
6927
-4039
6893
-1004
-4115
-1336
8228
-2799
-5560
-9289
6598
-4974
709
741
-6898
-3362
-4024
-5516
-5311
-4270
-3281
8802
-1075
-3783
1705
-1462
-5921
-3486
-3170
7803
-5607
8671
-7378
-374
-6480
-1215
-3718
-1940
-7537
6912
8319
1951
-5070
6238
-8706
8548
2650
-8290
4436
7421
3948
-9937
-100
5680
-9682
-6118
9145
2326
2846
2638
-3136
-6853
-8303
9837
-1273
4071
-3799
4066
9228
6305
9519
-4009
-4738
3830
2403
-623
-9728
558
9623
2668
-5259
-4855
-2862
-4667
6034
-4622
-1319
460
5862
1775
6735
3503
-4051
-3652
8173
4529
-5435
7951
7736
-8272
3529
-3393
998
3584
7087
449
-7494
-5436
-5269
-5206
-7325
-3099
5577
-4716
9641
6051
1706
-4030
-7583
-8091
-5569
3520
-2118
-535
-8892
-69
4125
-7413
-4957
7224
81
9106
-371
-7543
-1734
-6025
-42
-4965
4285
-609
5958
-6320
-735
-4165
1797
8817
-2338
4905
936
4744
6352
4887
4991
-5491
-2691
-6537
-3670
4483
443
3898
4424
2660
-3776
9849
-2150
-716
-4242
-8139
5030
9470
-3138
-8275
-2474
3486
3242
-2072
5113
-3306
-3975
-2968
-4772
-8529
7855
3089
4467
7387
-8951
8493
-4584
8399
-5980
-21
-1633
-6265
-3674
-5751
197
7226
-6102
-1164
-7072
-8785
4713
-4850
8951
-4906
-2082
-789
1481
-588
9546
-3110
8021
-9057
-3231
-5563
-1037
727
-8317
5897
7679
-5556
5841
4846
-3815
-9453
-9784
479
7555
978
4778
1290
-4131
6762
-6345
-5614
-8886
2759
-6280
695
-4085
3757
5516
2039
8283
-5401
5594
-2574
-4048
-1398
-7759
-1583
1006
3541
5581
-5353
6354
-3722
-3028
5080
4265
-5206
4929
2672
8957
5085
920
-1788
3547
-1065
7091
-9719
-8315
-3508
-1823
-5501
-7487
-8013
3601
-1050
-3241
4703
-8925
-5055
9280
7897
7889
3829
4008
3827
-3488
-9430
-5151
4705
8225
-2953
3434
-4563
8256
-118
-2884
6043
-935
-6984
9230
7572
-6384
5990
-5920
7216
7515
6352
-9353
-2909
5767
-8320
1035
-8735
-1777
-7767
-4633
3452
-1162
6190
99
-571
-5661
-1279
-5424
-8934
8974
4951
-8934
8976
-4840
-8946
-1533
-2633
2093
-2951
8766
4189
7767
-6541
7206
-5299
4672
-4213
-8288
-9849
-4273
2252
-5398
-3387
-9217
-7265
-6845
7438
-2371
8817
8111
-1162
-878
2819
-1731
-1571
4380
8043
-2043
8753
-6323
-5485
5130
4453
6023
-9143
1311
717
-7082
7229
8692
-322
-4609
-4855
-1511
2199
-9735
-2754
-6252
3209
-4945
1771
1853
-2236
-7832
-9515
7712
-3817
-4116
-3830
-4660
-6298
-2931
7556
-9583
3855
8749
-420
3957
2621
4628
-6857
-197
-8642
-906
3030
-7435
-9408
1971
2409
100
-1299
1239
6902
8521
2467
1139
-9678
-629
-4351
-532
-6629
7842
5360
6757
-5690
6184
7060
-3272
7136
-5810
-6627
6750
3405
8208
9311
-9373
3999
613
-1159
-3102
9587
-1366
-5368
-2695
-9544
8348
-5290
3413
-8868
4954
-3317
7479
-3666
4571
-7682
628
-9190
5021
8531
-6349
-825
9005
-562
-831
-6330
5241
-1956
5988
-7153
7686
8397
1478
7708
-7006
-6555
9149
-4122
9275
-3561
4958
8150
-1787
-7729
4111
-7715
4827
-1079
4857
2831
-1241
6021
5227
-4558
-2749
-7011
4819
-5074
-3083
-2940
690
-8938
3215
-7541
2379
9207
3239
-3220
6151
-7170
8794
-8355
2649
1171
7269
-9329
-5324
8243
-558
6366
9249
-2072
6582
-6553
1211
2211
1409
-8365
-2356
2386
7453
9476
-4069
251
-900
3657
-6259
-6993
3333
-3176
-4776
2848
-8297
267
-1302
3742
-3482
-4952
4701
5049
3148
6780
7600
-759
-3409
-4913
5726
-232
5112
-4372
404
-160
5152
-6236
6557
6330
-7304
6131
9505
-8398
7884
-8425
-3942
960
-9919
-3211
7557
-5920
1865
-9385
9944
-4411
3391
-9901
-4700
-1328
1247
4632
8884
-1911
-2838
2184
9374
-7757
3732
4463
-114
-9149
-8070
-6847
-7687
1640
7602
-2399
5221
-7472
-5887
714
6250
6582
-9119
729
-818
7723
3960
-2081
-5835
7515
-5811
-1474
545
4143
-8020
8907
-5748
2843
-3644
-3582
2419
2310
6643
-855
-1307
-4772
-8592
-9690
152
7528
362
4722
9296
-512
5613
-8261
9589
-2641
-4378
5363
-8789
-9553
544
-9421
-3886
-6701
-6635
-6649
7214
-4713
-2904
-5311
3562
-8436
-5493
9548
4055
7138
140
-8293
-63
968
-3785
6894
7058
7975
-6297
-2795
3967
6726
-8490
-6911
-8343
-1887
-645
-9160
1460
3998
-7801
-69
-284
-124
-4247
-275
5228
-9060
9832
6337
-3558
3330
4994
4335
-8377
347
-9728
2400
2232
-6802
4106
-9543
2537
3587
4432
-925
3284
-3372
9606
-9072
3766
9359
6876
6427
-429
-1626
4785
-7113
-2392
-7025
3837
4822
4634
-9644
2149
9319
-5432
-1453
4231
6226
-6217
-6969
5870
-3474
2708
1518
-7102
-3073
-5900
-9980
-8245
8714
307
1788
-1049
8130
-4699
8388
8169
4093
7504
1367
-9369
-9468
-5043
3030
2127
9853
5792
-6320
-7656
1965
7999
-7673
722
-7182
1147
4648
3130
7410
-3985
-5
6236
4806
-3163
5232
-7438
-7784
6855
9533
9242
3221
7182
4716
-7197
8778
3738
-2553
-4765
9893
8063
8753
-9028
-3121
-5520
6917
1008
1239
6719
6581
-8353
-5805
5340
1769
6147
-9720
3047
-354
3687
-5742
4993
9964
-1202
-6853
-1399
3183
714
964
-1620
3343
9493
-5474
-7209
-2337
2882
6908
9563
3588
-5691
7064
-5927
6535
7778
9861
4777
-3828
-9968
2466
7875
8795
1058
-150
-1675
-8697
-5256
-6808
5174
8758
2164
2129
-4786
-3054
8121
-1949
-9364
-962
-8607
544
-121
2039
-6263
-2277
-852
-7991
8060
5343
-3617
7671
8149
-2175
3827
-9945
29
9500
-6548
-9689
-2782
5977
2760
4195
1354
-6930
-283
818
-120
3726
9146
-1837
2295
-55
5282
9165
5152
8567
9594
-9828
-2469
9098
-1698
2935
-1130
4089
8914
-213
-8393
-7677
1480
5171
9985
2435
-4336
412
-6884
-1761
4362
-8699
409
-6502
-9476
-1008
-1085
-1572
-2599
3986
6628
-2049
-9206
-9974
8362
8483
1869
-5100
3375
-8045
9043
-4786
1846
1507
8183
1473
-5056
6053
-5192
-6379
9861
422
-3225
5647
9631
2000
3884
-1376
-7
-5129
-2972
-9727
-217
6128
-1139
-1541
-7152
3285
6999
-5703
-9907
-9461
-6577
1906
7089
-806
8337
-7358
-7828
-7608
7423
-1513
-122
2293
-6282
3958
6945
5207
-1335
-3213
1332
-963
-7022
8399
6603
6856
9180
1472
6781
-147
-9476
-5035
5337
-2827
-1404
9633
-7422
-932
-6222
-4854
-1938
-396
4117
-570
4957
3010
-1899
8223
-5300
-4109
3532
-7182
6412
8311
-3968
-7876
-6038
801
9889
-1683
6690
9490
3209
-7352
5402
-7685
4500
5113
839
-7828
-3842
-2578
-9483
-4343
6043
-1035
323
-7636
5652
-6789
-9227
-1928
-4737
9855
31
-6713
-3006
1477
-9252
-5399
5540
2705
-5287
-4939
-8129
8578
-995
-7118
3992
-6344
623
-5577
-8553
-1571
8179
2615
841
3019
4575
6340
-1081
-5707
5117
-1856
4086
-1725
-7248
9805
7183
-46
861
-1824
9564
-9824
9922
-5246
-7195
-6508
4701
8738
3726
-6448
-8445
6446
3191
3625
1016
730
-4714
-1648
4676
2562
-2936
5194
-4003
4293
399
-7732
-2743
-1622
-9779
6533
5273
-342
-4483
-1731
-9357
8714
5889
3519
-9825
8170
4327
-434
9955
-3437
-8695
2116
8422
-8170
6614
1957
4924
3697
-2934
8585
6850
6587
-9498
274
2661
-5397
-3178
-3072
-5097
8177
2350
1655
8731
-119
-4226
1768
1933
-5040
6766
4468
2883
5337
-9238
5332
2916
2491
-4933
6285
8174
4260
-8010
3787
2330
-5264
-4020
4727
8963
4856
248
-562
-2053
-9872
7693
-1013
-7040
-136
-1248
900
2877
1458
8425
-7642
-7630
4263
-9854
-2305
6270
-5938
-6693
-4161
9551
1567
1068
7236
7110
766
5732
-7461
-6266
-8022
-8217
749
-379
149
2951
-5548
-7099
-7262
-2034
-8257
-7334
-3010
-1660
-6237
-366
5715
-6561
-1137
9164
-4549
9234
-4705
2679
-3904
4234
-353
-8635
-4692
346
6363
1191
-3508
-5052
-801
-2737
-9269
-6413
3977
-8019
-2242
-7195
1575
-1838
2240
-4867
-493
-8625
1123
-8992
-9835
3347
9775
4404
1512
-8399
-1201
-4607
-8494
410
-9527
4832
-3845
4211
-9322
8333
395
-8626
896
-2659
-9125
175
4988
-4879
4196
-6310
4635
6044
3880
9402
2895
5519
9638
-6292
-2585
-5249
51
5987
8211
-2509
2411
-9783
884
7233
2373
3991
-4161
-6634
1291
-5286
-2458
-5499
1577
2675
4007
5274
-2770
-8096
7117
8857
4860
-9747
1968
883
-849
8359
-79
5204
7557
6877
176
2243
-2204
8228
-2240
-8979
2474
4239
1212
3393
-9416
1107
-8008
3412
5814
3334
-8322
-7609
-7462
-8497
9025
-1206
1156
9861
7854
-6320
1164
-2448
4602
9778
-5419
-882
1007
5339
3777
-4133
-2168
9704
-3260
-3049
-4451
3296
9441
1540
3582
-7486
-8858
1144
-1901
-9653
-4654
-1802
5603
6285
6524
8694
-1192
-2184
-6499
6159
5350
-747
-4077
-4915
-3955
-6309
-7793
8073
-4077
4558
-5444
4750
7441
1153
1864
-7502
5067
1858
1415
1244
573
-9723
-2151
-6825
3984
6153
13
2037
-8793
3081
-4328
-6453
-2488
2843
-413
4208
-4787
-897
-1128
606
8448
4020
