-8635
-4488
-5764
-1989
-1382
2325
7866
-2277
1798
-6671
4449
-6229
503
-5139
9273
-308
-293
-5628
-248
-7188
887
4932
2126
3871
2511
3357
-1285
6404
5613
-6227
-421
3533
1339
-3336
-7449
2591
5939
1671
-6058
-1007
2412
5082
4991
5892
4395
-6931
-9353
-2357
-529
8250
-34
8447
-2386
-4426
-6684
881
5370
-8014
-5564
1133
-4
-3934
6100
5823
-448
6009
8977
-8885
8233
553
-4203
-5508
-1747
-3576
9756
-9457
-6259
-3039
-125
6081
-4992
6568
-9336
3019
9061
8030
4933
-9437
-2999
-3488
7740
2472
-2999
-8155
-7261
6507
7038
1204
-4047
6858
9574
4543
-8510
4524
8671
-5000
-274
2758
-73
-6740
3420
-9389
-1000
-2229
721
1048
6281
5528
4345
6789
768
1318
1381
8902
4964
-6683
-50
-8189
-5269
387
-6451
-9431
6313
-6146
2339
-331
-503
-2233
1537
-3831
9047
-9636
6354
-9376
9528
-4952
5623
3425
-7370
2213
2851
-3320
2443
-9935
-6358
1484
7476
5784
-3269
-8821
1963
1519
5745
-7217
-3800
-5075
-934
-1057
1022
-5032
5804
-6791
7707
-5069
-4194
-7771
1345
-2496
-6267
-8792
-3815
-5421
9820
1105
-4449
7757
-8888
3983
1652
9852
-7488
-3390
9001
5278
-5427
-1765
2836
-1045
-8664
-5491
-991
9375
-8892
8210
-6471
-4025
5714
-8869
5662
-3134
-92
-3047
-7970
3560
9551
-4976
2640
-8784
-4090
-5495
-8983
3566
-6652
8112
-8207
3774
3610
1320
-8628
9045
-8755
-399
1170
9310
-8981
5993
-8731
-3542
1060
9979
-1270
-620
-6676
-1342
8262
-7649
-7257
6087
1565
-697
-1029
-5578
-4660
-6551
2197
7119
-8749
-1773
-6194
-9068
-2248
7129
-5526
-340
7839
1297
7911
754
436
-7620
-2108
4355
-184
-1665
-7160
-2588
-6894
-5347
-7551
-7981
6236
-5450
-268
1874
-3405
-534
9658
1650
7027
419
2540
-3893
4584
-6697
9131
-9980
-810
-1060
4977
9695
-2167
628
-5330
-6640
-3788
-5900
6169
-6453
53
-7489
5432
-5149
6395
2368
3914
239
-7804
9004
-7782
1737
9067
3453
-3646
3625
2797
5274
2788
8904
-3948
-2923
3236
-2983
3720
3213
7152
-805
-1473
8354
-6242
2869
612
7115
-9773
-4100
3284
-3741
8169
-7368
-9133
-9368
138
-399
-5414
-5934
2819
-796
-9273
1802
2521
8934
-8187
-1665
8298
2625
1185
-708
1815
-587
-1783
-4421
4748
4029
-3337
-1010
9308
-6922
8909
-2921
8376
-5924
692
7610
9230
-329
8521
-5458
8848
888
3085
-4414
9393
-3941
7049
6862
-9628
3845
-6526
-4040
-1738
-2432
-6059
-7331
3316
8894
-2593
3731
1114
-7347
-7812
-4917
-6572
-2164
3631
5453
-3108
-3081
2649
-5883
1681
-3089
3940
724
-4244
-2160
4660
9730
4345
-8965
-9664
-3139
379
930
-4576
8124
9756
-189
2546
4141
1603
-9317
-1334
9492
1534
6066
5282
11
4478
767
-6251
-3544
597
-3541
8641
-606
-4928
1004
-6268
2475
-3521
-3774
-3052
-2843
-7596
-6755
5190
8113
-2482
3912
-9870
-4447
-3
-8047
-4384
-6757
1329
3954
9993
5950
-2315
236
6872
5979
4878
1093
-34
-1479
6045
-4382
-1263
139
-980
6415
-8759
1312
-7507
-7109
4480
-3863
7439
-1329
-8954
-1727
4348
-3590
4710
-5266
8360
3629
2449
148
-5973
-9775
8534
-3147
-6987
-5557
-8474
6092
-1184
-2507
8690
4939
-4594
-8754
8049
930
8855
8657
1390
-4659
7524
-3480
9601
1968
9964
-6900
4660
2617
-6920
-1992
3511
8849
1797
-8287
1637
1150
8236
-8452
5770
-2801
7654
4216
5270
-3123
-85
259
3460
-1718
7866
2966
3370
2473
4511
8182
-7242
6595
452
8400
5457
-8540
3236
5175
8541
7326
2233
-6990
5346
8450
6966
6265
1644
-8360
3722
1783
-5917
4305
7324
-4380
-3387
-7239
3610
-4449
5023
-4439
-3476
9527
5631
1510
1180
-9042
3962
497
-8020
1164
8233
2036
7443
3600
-2483
-4595
9218
-6195
2688
3200
-8350
8230
-6755
3320
-9128
-7423
-9157
3008
5867
801
-9241
7825
-9717
-9885
-2060
-8617
-5263
3875
-1939
1780
-1518
4928
-1946
5280
-9412
9025
6925
-1438
1905
-4411
-3817
9211
-3430
7149
635
4563
-2558
9925
-4614
-7400
-5480
-5937
-854
-7496
8182
-4411
5056
-9865
2055
8108
7832
-2101
1059
6045
-3530
2358
8562
-6550
3490
6854
-8491
6800
2224
-28
8523
-5007
5155
8838
2722
-538
-8198
5057
7226
5437
2770
-5894
-5392
-8038
-4590
3772
8131
5674
1021
691
-1101
8830
9657
1231
2861
3530
333
-965
7157
-2221
-3835
-3813
8091
-5968
-3174
2703
-9068
-2397
-7522
-2800
5171
4478
-4616
5504
3861
4988
4783
-4464
777
295
8600
1897
-5785
-4962
653
4678
9437
-5579
-3841
-4862
-1484
8256
-2264
8540
1238
9204
-5833
-317
-4189
-2006
6457
-8029
532
8282
-3883
-3823
-9025
-767
9107
3206
3971
-9047
4636
-3274
-3980
8609
-3827
-4954
-8689
3258
-6020
1818
-3619
9462
-270
9774
3943
8712
-8071
-7781
5118
605
-4708
-9641
-2040
-5046
-9568
-835
8664
-6671
8095
2436
6877
8424
-1943
6185
6830
4058
-9300
947
-897
-1264
-4392
1019
-9954
-8125
3709
-958
-3797
5623
-6641
9991
7125
-8058
-9894
-1432
8802
1391
8314
8979
4824
6787
9543
2299
-4824
2902
-6346
-8891
-7810
5840
8338
-7838
5332
122
-4385
-3776
-9297
-7508
-7993
-6195
7240
3024
632
-9977
22
9220
-2134
8008
5659
294
-3057
5620
-8244
-7494
-1214
9676
-2798
6004
3448
-2155
5266
-1355
-4177
9258
-1871
-374
-4227
2250
3547
7605
-7041
5531
-9299
3265
-4482
-754
6957
2820
1118
-3190
-1049
1530
-4166
8020
-5275
-9466
6048
-9722
-1423
3863
7903
7329
-7472
-6006
-5360
1948
-5105
-9264
2337
-672
866
3397
4736
-2739
5819
7779
3497
-9661
-5713
-2838
-5694
926
-7372
4615
3086
810
-7311
2172
-9861
-9900
5451
-1289
-5175
6954
173
-816
1560
2914
955
-9935
7222
9065
-1357
5594
-8881
5600
8205
9395
1871
5216
2510
2375
-5945
8697
3844
4239
-8479
5958
-2706
883
1554
-6507
4749
334
-5815
-7856
-6635
-2563
-1915
-9089
5776
3113
9862
9460
-5233
3898
7652
8691
-656
7151
3199
-6454
-8300
-41
-7773
3426
1864
-8208
-4871
-5242
-1202
6167
-5818
-3715
7782
-1351
2219
-6742
198
6405
5857
9488
-7975
1295
-8611
4624
3495
2748
-8553
8660
-9902
3609
3500
-4774
-7569
8823
-9971
9885
-2874
7889
-3788
-5219
849
5897
8337
5100
7602
-6563
7905
8292
-9318
-1002
-6441
-9868
-2120
-5446
6582
9274
-1101
-9573
9876
-2019
7437
4670
6730
8288
9633
7465
-3812
-1605
-8720
1138
-7405
4698
7436
9748
3495
-7678
-333
6130
-9274
5760
5120
6152
6174
-9887
-5548
-4182
1544
3800
2647
-5547
4649
-5420
4260
1889
-2800
8665
2439
-4346
5123
-4285
4511
7751
-4685
4708
-6405
6204
4579
8433
-6156
6705
-9878
4066
-1449
-2910
-5350
-2757
7483
5458
8316
489
-532
-8838
7094
8441
-8110
7287
-8099
475
8863
3854
-8868
-1694
3986
-7397
-22
970
-7283
-2054
-6487
3357
-2802
-2506
7191
-5392
-7412
6217
2873
-7411
642
-767
3654
-2241
-5638
360
1585
-8869
3201
-670
8503
3037
5510
-5268
-6228
4088
-7370
58
4385
8868
-602
4401
-931
8979
-1527
8879
-1875
7280
2434
31
9594
-3153
-5349
1817
3648
3790
504
2025
-4099
483
2459
-9439
-4899
4763
-4009
-4130
-4180
-9112
1737
8970
-8959
-919
-7322
5157
-4142
6399
-5610
8358
9548
-3224
3802
-4949
4136
-6821
-6144
9730
-3615
-5429
4996
7499
-6172
3337
-2257
-904
1201
6
-4818
-6123
-7575
5210
-3872
-6063
-1287
-6746
760
-8050
-7075
7820
1331
-9236
-5048
5771
6715
-8335
1227
2444
898
-6728
486
-9227
4482
5448
-1356
6543
9656
7105
4868
8403
3517
3449
3726
-7535
5632
9896
3916
-5543
1007
8124
8118
5584
1461
6626
9205
2110
-6836
6950
2529
-3398
-2419
322
7706
-7750
-509
-5292
4173
-3555
2135
-2119
9917
-6722
-9609
-3709
9476
6353
-1807
-6103
5535
-1054
-1855
3741
-8289
-3704
1248
-6023
8109
-2175
5335
2074
9969
7069
-2569
10000
2623
5282
-3973
-5460
1567
-9954
9831
-1877
2449
3207
7821
-1272
-791
7957
-483
328
4621
-9035
-224
1081
-8949
-1896
6904
9374
4872
9233
6442
-7137
-1565
-2006
-8872
6422
6378
-1547
-795
4137
6864
3724
-276
-6481
8659
-4427
1900
1159
-4829
8068
-5900
3666
-5582
-7232
8080
-1149
-2003
-2114
6589
-3638
-3903
2988
7497
7846
-9762
-7582
3626
-3103
-6302
-7930
93
-2521
6227
-8046
-5631
5015
5357
4615
-912
5417
-4528
-7751
-3815
602
7395
-7847
-6862
9272
-2607
7580
3898
1853
7668
5168
1492
4807
-2260
-6154
5513
-606
-807
-6193
-4858
-570
-7605
6571
2423
2861
2986
7522
-8042
-1997
5680
1816
-9366
9448
-4753
-2510
4406
-7103
4371
-4324
3850
6698
-5965
7628
2130
8660
-5342
7714
3714
-3232
-6779
9701
5127
5258
2194
-1209
-3782
-1513
-1139
756
-1893
-6131
-6517
9732
7428
5290
1707
9751
4368
-7125
7065
5208
1371
-6562
7685
2943
-1363
-7697
-9706
7058
4517
8207
-9467
7143
-3655
1324
-8390
2412
4178
893
-6573
-2630
-284
4206
9787
-9033
-5480
5418
-7806
-4970
8146
9647
6824
-6467
2282
4103
5085
-7501
9450
-7996
8795
3435
-429
7373
4883
8746
4093
4526
8245
-1956
-6655
-4163
3734
1509
6547
-146
-7334
-1223
-8960
7273
6744
2906
-9310
2313
8856
-6738
6785
7315
-551
7103
-7500
-6045
9625
2709
-1788
-1377
4686
-5004
1657
-7392
6421
8222
-2568
5039
-7767
7653
8331
4284
7181
190
9134
-8880
7496
2610
-519
2100
-2640
8594
5449
-3092
-5869
-5058
2524
-3868
6119
2016
-875
-6360
3580
-7894
-6305
7474
1645
-3983
-3823
7612
41
-7566
8896
-4745
-3107
3110
-3450
-1794
7968
4914
-2947
9819
-9640
-2578
-7698
3295
-3991
2775
4980
-6656
-4935
-6926
-8522
3148
9208
4596
8410
8094
665
-6686
7608
-8651
-6158
838
913
-1314
6729
3858
8403
-6535
-1135
-2405
-8209
-7119
-3502
-3737
-2793
-3313
-3302
-2862
-8829
2889
3793
1094
-3229
8942
4537
-3718
-6934
1604
-4704
-1234
3631
-2430
-6477
9496
2765
-1823
-2082
-8913
4898
529
-3685
-1889
2782
-5991
2764
-651
3326
-3127
4389
-4723
-4074
-6964
-2311
8427
2768
-1501
-2760
4011
-100
5131
-8415
-5271
3859
8033
-9132
9843
7342
1020
2697
-5769
6107
8546
7159
9370
-4931
-765
-6061
6973
-1196
879
-9310
2650
1818
4327
5331
7733
8302
5842
-4680
5597
-8569
8836
1340
6963
4750
9172
-5543
6808
3344
1951
1184
3843
-7833
-5641
1598
-7514
-4130
2616
-9826
5455
-6106
-8932
3356
-6420
1807
-9093
8750
-9886
991
3420
8611
3681
-1113
-6657
1858
5284
1995
-6503
8442
-791
9078
-9833
-1312
-7879
-1370
2596
-1684
-5624
2990
-6562
8501
-4485
-6540
-2435
9324
-4392
2481
4177
7851
-7483
1104
-3823
2763
4778
-2786
-9570
-3646
-2797
7747
2436
2383
-7009
-8754
8435
-2583
3864
-8868
-3851
5380
2108
-1679
-971
7236
-7123
3258
-392
-4283
9101
3523
3919
-8131
7000
9634
-8959
-137
5434
5600
1334
-4631
936
364
8457
-6766
-7341
1288
-8953
-7323
7430
-1189
7954
5075
-9450
4847
-9559
7100
2626
-5274
-9219
-8841
5357
908
-9213
8634
3451
2404
-9747
-5922
-3441
1701
6747
-8447
-7794
-6642
-4932
-1349
4673
-1601
-1384
252
-4762
8271
-493
-1228
1684
-1052
-5893
2779
491
8349
8815
-8912
-835
-4449
-5134
7779
7547
6683
-5306
-7381
-1563
9038
-2397
8389
8403
-6550
-3431
4269
9745
-4413
-8410
-569
6011
1989
-9539
-8506
-4359
4681
395
-2790
-6980
5973
1123
9987
9176
-7851
1061
1690
-5355
-293
-4642
-6247
-3755
9541
-9913
-3868
-7515
-472
-1537
-2561
497
548
1768
-6530
-1199
-1518
-3582
4431
-7016
373
9840
2178
4158
2853
1196
3896
-5580
-1254
-3308
-5027
452
3226
-841
3615
3884
9792
1719
9365
-4889
8937
-162
-5170
3913
5727
1130
2532
8625
1192
-1976
-520
8153
9947
-9362
7725
1424
900
759
-8080
4901
6287
-252
4315
8590
-1748
-7758
7337
-6948
-4201
-9283
5889
3075
-4858
-3364
8473
-368
-1872
-5481
-8688
5780
-866
-7873
5929
-2698
-1823
6952
-5654
9547
7715
4277
-7357
-2247
3613
9953
3777
-4847
-5017
9203
1908
2800
680
-3870
4931
7691
-8269
655
-4297
-474
-901
6993
2911
-2748
-8776
3666
-3595
1984
-2945
-464
1837
-7194
7574
7517
-8191
6071
-2979
291
3659
-3291
-4191
636
-866
2366
8811
9798
4917
-214
3560
1822
434
-4425
1028
7405
5489
-8118
-6905
-8926
-8879
-6210
3208
7113
-4495
-9968
-4915
8613
-5457
-3768
-5768
-1583
1065
-9135
-4040
3350
1681
6366
-531
182
165
-3258
9215
-4238
3658
-3842
-5564
6898
6173
7391
8838
-843
-706
9421
-2378
-5482
9406
-1941
324
-1632
1709
-9771
-42
-1717
3285
-3396
7057
-1166
3147
6535
3294
5194
2340
8357
45
-2678
-5248
6119
-4212
5473
3750
-3890
128
-7166
5213
6975
-9520
17
7611
-9685
-9025
-2634
8951
6149
8096
-3776
3624
-53
69
9620
5275
9345
5753
-2808
-4408
6254
1929
-1632
-8998
1272
-6868
6827
-8126
2165
1156
-1640
-1886
-5512
-4917
-8036
-5615
-8803
-1860
8243
2901
-5698
-6502
6165
-9733
5706
-3351
7652
-1688
2225
-5931
2060
-7093
-9676
-9047
-120
1740
1278
-9921
4729
-4905
-3904
-2491
-1947
2205
5428
-4498
-9226
-8099
-2970
-8780
-6705
9759
-7541
8663
-5240
-4441
-1732
-2233
1798
-4510
-2278
-1892
8790
-7831
-8624
3616
-9008
-6361
1928
-5048
1902
2472
6342
2754
-148
787
-5843
-6760
-7648
3117
5458
4830
-1457
-5476
-5222
9858
431
-9083
-8948
1215
-2875
-1762
7510
4922
3903
2224
-8152
-8130
820
7318
-7168
518
1394
-1569
3163
8976
5616
-9029
2074
-2192
6237
-9808
3174
-8633
7190
7520
-7300
4793
1874
9328
4764
-575
-5174
-7252
-541
5195
-4116
-7996
-8652
-92
2053
8657
5946
4987
456
7378
-7917
9461
483
1249
-5604
-5199
-3804
-8596
-3191
3382
-8413
-9146
-447
-7649
-532
3515
2841
-5486
-8151
2967
-4834
9952
-5210
-1449
8637
-9252
-7995
-4533
-1558
-3796
6923
-4099
-9921
-9151
7573
-3328
-6553
-8526
-4540
-3899
-1784
321
-517
-6161
-5045
-4630
-828
3477
-5257
-7619
-610
3969
3410
-4173
-7785
6416
26
-7345
-32
-2222
-3491
7775
8087
2032
2672
7478
845
3855
-8649
-181
16
-9331
5958
-4733
-3341
-6191
-3278
-9013
-5768
7874
7155
-9262
-7399
-5785
-72
3750
5509
5720
-5921
325
5471
-7644
-1776
-4536
-2074
7156
4752
-8735
-8332
-7768
6699
2860
3684
-5409
-7488
4426
-7235
454
9729
-8696
4569
-8025
-3907
9928
8597
4299
-3123
1162
5871
-5123
899
-3101
-9849
3377
-3825
2275
-1724
3209
-3238
4934
7581
-2498
-6560
5869
7884
-9756
9446
722
-1627
8019
4477
-6249
2787
-6233
-772
-5465
1202
8148
-1591
-3651
-3433
-9786
3789
-6778
-1747
-9179
3782
6072
-966
6269
-9610
1163
-3590
6609
-7608
-9550
-3339
9810
-5237
1940
-6082
2583
8692
-1459
-4942
6620
5052
9670
-3323
-3611
-3944
-3890
5582
3224
2956
-8386
-108
-4999
4367
6685
3693
-1833
8157
3455
9249
942
-7710
2204
1162
8025
-133
-9383
3875
-1731
2731
-6382
9647
8452
-753
8399
-867
2003
9315
-3162
782
8757
4085
3123
-4051
-6499
-1221
-1854
-5144
-4397
-6890
9142
-8281
2259
-695
-9514
7355
9578
-5306
5824
8045
8706
6731
-2891
7232
-1977
-5741
-6179
6730
9567
1222
-7033
-9326
-3469
-467
9086
-5182
-3073
9754
-98
5774
-9538
-945
-9722
-680
9384
6323
6470
9815
-2572
-4359
6497
9969
-6679
3711
-2725
9876
6745
1399
-5317
-2489
9867
-3786
3522
6587
-4662
-5778
4511
-2412
8360
-4489
-7011
7638
-8491
8494
-6218
-647
1845
2760
-1794
7831
-747
2360
-2575
421
5513
-5160
34
-4227
2446
-4791
7517
-2583
8683
-456
-3781
-8771
8810
9362
-7510
-9269
-3265
908
-4066
3265
-5232
9153
-7038
7038
1019
-1541
4858
-4088
8677
-7378
-7162
-3137
1034
-9139
6437
6537
2237
-3312
7983
1014
-1397
-5226
-5265
-1169
-3017
-4018
8302
3715
1474
-9797
9910
7031
-6056
-4889
8338
6294
3770
-5049
-5115
-9170
9480
4513
3781
882
-6796
871
8561
282
-8572
1854
-2037
-527
2894
-6357
-7404
-8908
8967
6281
-3955
-457
7475
4094
-4164
9045
-1659
3432
-6884
7887
-8598
6480
-4021
-8562
-5024
-2429
7355
4012
8347
-5843
8094
6292
-1532
-2458
-4230
4303
9947
-2600
9781
204
-9383
-9205
5621
5765
7073
-8232
3722
1518
1717
4175
-5412
-2257
-4277
2318
9454
2148
-8627
-2391
-7695
-1538
2
-5397
4336
-5378
9658
6477
-9947
150
-6116
-1912
-2806
-2115
-6984
-7646
8268
4785
407
-9986
-1550
-7640
-1963
6593
-488
-1250
997
7300
2645
6220
-267
9793
5488
-4693
-4107
4828
9243
3459
-3274
9230
-9528
-7191
9136
-2681
884
8787
-5933
6048
-2923
-1352
-7471
4818
7984
-2965
3774
1143
2874
1061
-4010
-1892
-7596
7973
4285
-8197
-784
-2995
2806
-3978
-4982
-9187
327
-7164
-4871
5051
-809
7444
8095
-2216
5799
8720
-1405
308
-6127
2726
4530
-9279
-6246
-2674
-385
7672
-9771
-2260
-3007
2511
-9591
5859
-3979
-2812
2310
333
3971
4079
4707
-7511
8546
5551
-9403
-9109
-6366
-5491
-8010
2627
-3559
2313
-2627
-7583
160
-981
-775
-6337
-3250
-4789
4580
2734
6700
-2347
2368
4770
9304
-8425
9665
-4618
1439
5136
-7085
443
-5409
-6894
4536
-9675
-6142
8550
-4804
2668
-6996
-1160
4628
-8989
-116
3960
-8137
-5994
1976
4284
-5726
786
2539
-9407
-1276
-2184
809
5593
-2018
8894
-463
9977
8238
-3735
6710
357
-4577
1453
9566
6431
-691
9459
-9330
3592
6708
6615
7205
-6971
8069
-5123
-7711
-9135
-5126
-4499
9859
9531
5162
4652
852
7620
8385
-7152
-9528
-4465
-4884
-9921
-6706
9478
6530
789
-6146
25
-6404
9621
2911
1612
-8389
-7047
-5596
5513
1348
226
5098
-8864
5472
2533
5388
-9473
3258
4557
-1085
3915
3921
-8409
2567
-2827
8004
5951
1770
-1747
8436
4279
-932
9327
-5353
8557
2061
-7303
-4649
-3132
-7125
-8205
-4373
-6742
-7645
-7477
-8873
6603
-7668
6406
7892
-9145
-5938
1061
-6683
2305
-1515
293
3683
5353
-2007
2795
-4255
7495
-5191
-9188
2583
-5739
-2814
138
8942
-5825
-88
5662
6242
-7451
-5580
3901
7995
6443
3982
9923
9690
2061
8607
-6375
6901
-7198
-1355
-8210
6429
2885
-5361
-3084
1268
6205
9580
-7567
6228
2492
-5151
6797
8717
-8536
544
1875
8334
-3382
6215
-4930
9704
-7283
-9778
6537
-5283
7378
9540
-3978
8745
758
-7669
1680
5013
-1701
4227
7096
9966
-90
-9817
6283
-1467
2273
7734
3478
3432
3972
6109
8086
-6391
7225
6807
-656
-1211
-9813
591
-6685
-7509
-6135
7423
3351
-4594
3066
-6687
9679
790
3003
-4563
5020
-6439
-8970
4859
4266
6975
-3460
-5145
-717
-5076
3485
2262
9164
-5092
-9234
-9920
2415
8713
-2661
-6467
-4230
8122
5367
-2668
411
1798
-2207
7831
7688
8536
8200
-7505
6947
7275
-1519
7573
3314
3884
-4628
7623
-698
-1181
-8917
-1135
2483
5142
5639
-1285
3224
-8535
7355
8888
-8464
2994
-9639
3398
1063
-1953
-2368
8771
-2821
9775
-3570
-3470
9556
-6948
-6492
7913
6335
-7234
-2340
-3294
7068
-345
-6947
-2820
9301
-2842
-9555
-162
720
773
5804
-196
-8605
9822
-5079
3932
-7276
2663
-4430
2970
1447
-8611
7415
8775
5302
7712
6440
-8589
-8109
9929
-1423
-2918
-7253
-246
-5934
9162
-8633
2177
-4385
-2201
2600
5437
-258
-5515
804
8332
5912
5774
5637
-1810
9067
-9731
9322
-54
-9719
4745
-4108
-1995
-3935
-3245
-8536
-9193
-7758
7115
-7273
-8163
5267
62
3631
9394
9734
4804
-4560
1095
-5788
-7177
-7646
2983
-3493
1096
8425
4321
2343
6750
-4212
854
-4308
9323
7554
7288
286
-7130
-8385
-5525
3558
-6108
-9053
-3989
-7206
2272
-459
-79
-9814
-4987
736
-6013
-5251
-1642
151
8177
7839
-8731
7167
1437
3801
-5162
1025
-2831
-3507
1186
5566
3541
6764
275
7550
4150
5152
-1955
241
-5753
-1230
698
-9671
-8741
-4353
9737
-6643
-1796
-6762
8929
2274
-5956
-1664
-2649
8708
2478
-7068
7091
9431
-8702
5300
6352
-5606
-3056
8324
-3164
-5802
-8983
-3271
-3290
6520
-7633
-884
2193
90
889
2002
8879
4610
-9538
3665
-4532
7913
-6215
6911
2953
-3776
9113
-2943
-5698
-3995
-414
-2983
-7291
-4361
2874
9818
-4909
6037
9074
5829
-2555
-6425
479
3121
1864
5178
7615
6247
436
-1728
8456
-7006
-3848
405
-9402
3785
-9359
-8040
-2125
-4996
7731
6802
9974
7331
4542
1930
-9675
4724
3924
34
7571
-3207
5738
8655
4827
151
1862
-1924
-2672
-3811
8486
-282
-7037
-500
-9100
4528
-1727
-2288
-7187
5682
681
7663
8573
-2583
-2776
1246
-816
8521
-7165
6362
-1096
-6700
-3169
6034
4609
-1889
6416
-3788
-2687
-2208
-2056
5569
-3530
695
-6681
8001
-8762
-1009
2861
6249
-5844
-5456
-4098
6843
-9789
-6342
3436
6925
7616
-3630
5972
1617
5465
2828
-4071
5473
-1460
-7099
4209
-2288
6986
-6690
-6082
-9952
5347
-6962
7842
-3478
-9481
-3520
6149
-9861
-9809
-9257
6113
2992
9181
-3485
-4116
-5510
4340
-7740
-6037
-7157
-2393
-6345
-4437
6005
-6333
2365
906
-9705
-5849
-1178
-3969
8854
-8360
-4598
8669
-3481
-501
-8181
1308
6711
2126
3181
-1646
6720
3328
2444
-5360
-9252
9899
-6503
1506
-8158
-4237
2067
3343
708
-6764
-192
-5967
7730
7610
-5511
917
-6046
-9496
1069
6155
2115
-587
-5565
9637
1315
383
1092
6074
6885
-2643
9807
-9421
6165
6825
-7436
8125
9520
3526
9947
-6237
-9044
-18
-7321
1125
37
9144
-4932
7690
8078
8543
8735
-9771
8506
-7452
-5196
1719
3152
5202
686
-6991
-1190
8916
-7943
6091
-7189
7884
9105
-3128
9590
0
5832
8889
-7140
-7820
-7044
8405
9133
-9671
-3966
-2691
-7690
-1021
-293
7615
-6778
9674
2554
-7627
3194
1225
-2057
8483
-9280
-5367
-5128
-1031
-5843
5184
-2818
-7636
6383
1956
4710
3852
-572
-3600
4020
642
-5698
-7047
-2800
-6546
-9720
-3533
-6709
-5051
-8519
1127
8575
-9631
2941
599
-8757
7889
8335
9190
8175
6604
-385
1791
-6811
-1543
6303
-573
-6464
-9413
9650
-2222
-1588
-4499
-436
6568
6154
-9186
9515
-1633
-7662
5854
7752
-7900
-1654
-7401
-5957
8966
1366
5074
1166
-6609
7558
-5200
-8474
5836
2942
915
5363
9436
-4128
1050
-7198
-2223
1583
-5984
8416
2270
-4662
9422
-3831
-184
-4485
5852
8407
-7724
2146
-5710
1898
3943
-3551
4193
6813
-419
5043
-5072
-4321
-7131
-5876
7877
2904
7037
4630
5386
8837
549
6649
-8466
-5922
722
8751
-7026
4252
6223
-5601
9065
-4295
-1893
9370
4644
3049
-6114
637
-7961
3640
40
-3808
-8659
-8355
6276
4779
-3008
7818
-3580
2052
-6644
-5774
9793
5053
3197
9794
-7331
5012
-7316
-3088
-4316
-4462
-6355
-1570
-9689
1108
-2305
3354
-2515
-665
-4418
4928
-4064
1077
3423
-9375
6271
7502
-234
-7269
-1656
-3380
5605
77
-7929
8002
2325
9281
-5137
5082
8229
-1793
4426
9993
-6561
-3708
-5307
-5610
14
-9955
-2617
-7958
-6200
6973
5304
3245
-5176
-9210
-6631
7276
-4221
-7911
-9419
6751
1058
2464
551
-9456
4411
377
6112
-7018
9908
1863
-2270
-9526
146
8975
-7278
-6093
-18
7217
6819
9191
-2302
9684
8342
3500
3909
9880
-9992
1897
-264
9614
6257
-2213
3760
2586
5604
8441
-2454
-2674
-4962
9175
6777
-8254
2184
-4245
5338
-396
-391
7745
-5697
3269
-7425
1947
2350
9673
9582
-1959
-2124
-3252
-1226
5418
6684
1676
968
-4971
-2888
1806
628
3864
-4399
8706
5422
-6583
-2122
5281
2480
-7120
-6774
-8226
120
7227
-4264
-9032
-2141
-5786
-3366
5854
-9790
-8286
5663
3194
9053
-2338
9719
1554
-2432
1140
4994
-8486
-2488
-1832
-6162
-5794
9058
9826
-5173
5036
3310
-3350
6640
4925
9546
-4674
-1975
-9754
53
5812
-9037
-7542
-9155
6824
-7038
244
-148
4291
916
6076
-2786
6001
5462
-5769
-9612
-5459
7142
391
-6563
-6415
683
8287
7026
3301
8317
-2623
8781
-8196
1830
9044
115
-8731
1481
-5041
-4825
-4223
1263
-8756
5756
9235
-7022
5167
3099
4745
-2464
-1863
6730
-7185
-8242
4929
1556
4666
1007
7891
-1045
7947
2519
-3093
-6892
882
-3784
-5404
2141
-1420
5516
-2747
966
-9563
-4181
6566
803
-3143
2382
8067
-1542
5735
3409
2822
2107
-3590
2388
7164
6886
79
686
4703
3204
-6806
-5941
-224
-6324
303
7445
1262
282
-1991
5427
-4738
1306
6981
3295
7148
-5506
-4191
-3826
-2054
-4066
6248
3907
-7832
-7281
-2710
7542
2023
3422
4215
-3520
5981
-9628
8385
-2398
-4986
9826
509
-7282
4507
9020
-3354
4234
2874
-4185
804
-1102
-4274
9485
9448
8063
3662
-7572
734
9215
-6992
-9299
3845
2222
5947
-1361
-6069
2155
-6296
-5085
-3114
6467
-2908
9872
6536
-333
2519
1652
-9283
-5458
7392
101
3168
-917
-9166
8375
-4067
-1576
-2404
5590
1566
8200
1598
5452
9882
3520
3741
4018
5953
-160
941
-5852
-8788
9633
-4042
-589
1406
6406
-8707
1274
-2978
7391
-9998
-1766
-4151
-5207
-162
2934
-2970
3011
6991
-6447
2289
9788
-6929
-514
-2104
7619
-7915
4133
-1865
6606
1837
5076
8506
-8929
5439
-2174
5629
786
-1537
4271
8134
9862
9468
-6645
-4395
-6419
-4871
661
5043
-8073
-4054
3944
3378
1924
-7522
6477
7505
2812
-531
-2665
-8376
-3151
5943
-632
-1112
8079
-6116
-7825
9203
9438
6068
6300
2499
-3505
-9740
-2014
-239
312
-4829
9899
9822
-6915
9365
-530
483
3022
4967
4787
8606
5015
7553
-90
-7997
-3612
-6164
5488
-4131
1139
-4528
-3162
6121
6716
-7987
780
3946
1526
510
2503
-1340
1785
2660
-6455
-6682
-4036
-1555
-2976
5186
5925
-8179
-1079
-5770
5790
-5685
-205
-5063
6053
4758
-563
-9212
-8645
-8540
8147
-1367
-5566
136
9873
9029
-3971
-331
147
803
-3211
-1735
-2704
-6530
-667
8339
-546
-8252
-4356
6189
-2417
2013
-2862
1724
6422
-2106
-7360
-9246
91
-65
6250
-7894
1516
-423
-228
-1553
7977
-4057
4495
-2203
-6934
-7807
5260
-8326
9203
-5990
9667
5233
-5673
-5379
-1877
-3422
-7028
-322
3131
4402
-566
-8735
323
819
9483
2903
-5867
-9184
-7696
1268
-1446
9000
-7707
-8648
-9628
-1676
9856
-2734
237
6268
-8804
4096
2916
6775
-7135
5451
-3340
7485
6536
3469
8197
8731
-4182
3010
3218
-5245
-5684
9378
9315
-3326
-6230
8880
4172
997
8384
-1804
-540
-7438
8455
-4793
7906
4118
-3264
1480
-1206
-248
-5725
1293
8845
9446
-704
-6322
-2372
-2851
2322
-5321
-1882
-6280
-40
2024
-4459
5525
3703
2239
7767
4356
7019
-467
7316
4416
-4872
-2148
3825
4808
-2355
-2062
6637
-1899
2424
-2915
-195
-6620
4667
664
3200
-7375
-9853
-4764
-4298
-1575
-3653
2192
-3854
7749
8167
3828
8713
3214
1803
-587
-5716
9369
-6398
4546
171
7808
-5478
7237
-7505
5662
9082
3274
9849
7850
8666
-2505
4476
-7234
254
8018
-7672
-1084
-5248
-496
5886
3701
-6058
1639
5812
-568
-8090
688
6445
-8988
-523
-8442
9074
3782
-5772
-2568
5695
-4373
1583
6519
2378
-1291
-288
1897
1759
-6023
6910
722
-8015
-7971
-1532
-9745
-8415
-6284
-1628
3666
-7893
2305
6884
7929
-6923
-484
2480
-4630
-8446
-1749
-6725
6974
6578
-3498
5524
-8745
8421
4696
9203
-5248
396
2847
-6917
-1353
-2221
2022
-56
390
4918
7580
-8863
-4917
4018
-3735
5827
-6671
5551
4691
-5300
-8363
-310
-8736
1290
4419
1399
7348
4389
1244
1140
-8195
4397
-138
-6032
-1667
7378
7601
-2651
-5547
-4573
-8455
3133
-1311
-5911
6909
-6187
8628
-2684
9540
-8477
-1659
-2357
-1988
-1632
-1941
-3490
-8102
-2173
-7804
-219
6260
-5175
-9579
3909
2630
-7635
-3145
4200
5248
-4208
-1795
2904
-5986
6199
7819
-2003
9674
4543
745
1328
992
-8864
-8748
2420
-65
7648
-3389
2533
7145
-9075
5534
6789
5238
8096
-2085
-7069
-7089
3008
8989
3397
9544
3920
-5858
7298
-3981
-6299
1531
6877
-6258
-5075
-7870
230
-3378
-8660
-1226
7196
-7002
-7698
7092
9422
5786
331
-3716
5284
9576
-4363
-4680
9235
8494
6809
-8800
-4887
-9082
3019
8080
7291
-7837
805
930
2703
-9724
-9825
8347
-3443
5508
2865
-5365
-1385
7175
-3554
8703
-6069
-5065
-4618
-4257
-2465
3879
-1779
4841
9025
-7252
1071
-9419
8788
-2179
-1525
9966
5071
-5286
-917
-1028
-8507
-2656
9596
106
4086
3715
-6296
4034
-5227
7559
249
7680
-6901
-7013
5948
-6517
1352
-1708
442
-3838
-8058
6512
8212
6769
-4222
-5749
5319
2589
-3335
6832
-2808
-8336
7094
-9157
-9148
-2206
-336
-5420
2855
4797
-9549
-2854
-9410
-1939
-2976
1346
-1065
8525
4391
-3836
-4208
4523
3188
-1983
-6562
205
610
6685
-5728
7499
5655
-8697
1268
8335
-4470
9356
4915
-8860
-3909
5195
7301
509
3315
3111
5083
5017
-8595
-4650
-9338
705
9132
-8995
-4635
1605
-1241
4244
8374
9353
-1471
5729
-1603
-132
-9335
-8255
5841
-5442
-1772
-6404
-5201
5971
-1048
-3332
9512
2409
-3677
-3860
-2071
5725
408
-2073
5149
2090
6401
-7133
7449
4441
-6251
-3562
-344
-3466
-725
-3855
-3904
-5716
-776
1974
9475
5490
9683
5981
-2887
-168
6013
-6900
-1255
-5721
8518
-8736
6757
309
9029
-1511
2794
9049
972
-5162
-1491
-2313
-9196
-7203
6627
3260
1485
-1143
2770
-7681
-3335
5853
9656
690
5363
-8295
640
334
-7061
-3317
-5455
7742
-1508
4609
-437
7112
-3149
-302
3867
-6506
-4746
-5212
178
2214
236
9250
4358
5265
7361
-8155
7111
8568
7686
-8365
2061
-7107
-1872
-2586
-8614
1643
4936
-6410
7960
8443
9648
9205
-5148
-3723
-6143
-4413
-7156
1659
2421
-5382
-5452
9133
-3447
-2916
-1665
-8668
-6258
9817
6677
-3433
4684
5894
6690
-4627
87
-4126
4656
-2092
-3857
-4980
1809
-3567
3320
-1240
-2003
-6644
-5184
-130
1038
201
9664
2993
-4242
8834
4058
5357
-8192
4662
-6674
1789
6647
-5760
724
674
6516
-9430
-3137
3722
-7012
1535
-4999
3867
4002
217
-8838
-3041
-2016
3444
2854
-8246
-8366
5042
3790
-340
7412
3141
8191
-4988
-8111
-8287
6497
-9348
-4705
-5869
5603
-1231
8625
-8962
-3316
9718
9531
3214
-2483
-7516
-4764
4958
3491
-5677
-9434
7416
-1256
-753
3869
-7529
6933
-2941
1223
-7725
-5089
1299
5643
2782
-4309
-8761
618
1818
-2882
5319
7857
-9403
-1514
-2497
-9372
-7795
-1865
-6039
9316
4410
-3099
-6583
7567
-4741
-8623
-30
4037
1168
-1719
293
1282
-2380
-1861
-7165
3074
6423
3179
1164
-8321
2820
2744
5364
-2952
-5636
-9139
1482
-7205
-9899
-1115
3779
-2140
-8347
2058
9689
-7118
-4137
-8431
532
-9517
-7840
-9442
9121
9000
3811
715
-3665
-1273
1876
-6965
-8938
493
5144
7361
6399
5189
3724
2538
4640
-9922
-7136
-4110
-377
-3747
-5285
-5888
-8047
-7013
-9028
1012
2981
9
6530
736
9134
-549
918
-8691
7393
-2713
-8038
9115
4586
5641
528
-8751
6506
-9534
5876
9925
480
-5837
1639
6617
-4336
-9947
-588
-6286
8956
-7733
-2193
7661
1053
1651
4539
-8750
-1270
8312
2575
-9905
-275
