2267
3531
2360
-7362
5350
3834
3845
6061
-5857
1487
9799
6679
7264
5433
-5634
9664
-9915
-3883
8249
6742
-8253
2597
5900
3725
-6592
9201
185
-9911
-1022
-4375
-7912
-6427
2071
-994
-7195
6808
-1299
-6538
5190
-3190
5130
2449
4570
-584
-928
-6468
2012
-9880
-3555
-483
-4817
-7476
-5474
-6896
-1062
5694
9853
-1128
4649
-3556
-4027
-6503
-9039
1862
213
470
-2536
45
-1420
7883
3538
4796
3133
-7893
-6375
2077
5524
-5886
-7030
-4815
-6703
889
3361
8295
-4853
-1833
6262
-4085
-5940
3193
6619
-1169
4143
1632
-7893
-9906
-4164
-498
5677
-404
-8115
8287
-3693
1965
4830
-509
-339
-4335
-6121
-1806
1114
-4717
2773
6591
-43
6686
2853
-2035
-7566
-8495
6317
6778
-3257
-8576
-2828
2402
9214
-5504
4180
2391
4001
8152
8832
-5095
-7607
-9319
3630
3021
-5048
-2739
7024
677
9973
-9028
8833
7152
9889
-885
3891
7640
-1499
1649
-844
-159
8027
-4180
2752
9921
399
-8953
3177
3952
-661
1243
13
2869
-9119
7328
-9407
5029
6353
8747
-3853
682
-7468
1819
1746
-176
8719
-6877
-548
-826
-6023
-7964
2039
-1596
-740
9089
6127
-3426
-610
7583
9127
-5702
2748
8571
3552
-6162
1191
-7126
-9019
-2355
-3667
-6275
8118
-7652
-966
-9730
-6816
-3779
-7565
-7904
-6272
-4846
-4031
4618
1850
-4934
-108
-9745
-5537
2442
-2387
9955
-9951
9596
-1968
-5725
5752
4812
5642
-7822
9319
-8890
8762
571
4308
3468
9207
2413
8929
-1558
-9599
6461
-583
5562
-9329
-5108
920
-7698
8792
-3048
7266
1435
-5759
2544
909
-244
-7814
-3235
8777
-1713
-5386
-6319
2680
-940
-7072
-9594
9464
6974
-2662
-5465
6193
-67
9556
8804
-6779
5479
-5125
-5321
354
-1685
946
-3984
-7132
-6978
-4855
8932
4494
8633
3243
7327
4609
3109
9170
9626
-5009
-4069
1488
-7890
5259
-7384
-6396
-5874
-6085
-8783
-5656
-1944
2139
272
5011
-2091
5989
6063
2273
-5753
-8813
-7402
-7015
1497
-2828
-8348
2844
-3177
-1502
-1372
8807
-9674
6263
-2447
-8657
2968
2585
187
5427
9955
4091
-2578
4029
3156
-632
-7828
-6455
4272
5159
-2967
2566
-2394
-4680
-4959
-4403
-5599
2547
4290
-3520
659
2939
-285
-8914
626
3472
698
-7785
-4180
8625
5562
2593
3789
-4850
6690
5639
1978
-8116
-9774
-6783
6295
-5966
5593
-765
3914
-9125
478
8116
6276
-2201
-3902
-7653
2601
9082
-2825
-9147
-8698
-6251
-8239
1931
4093
6437
-9277
8904
-6163
-5793
-4192
5709
-4714
51
5511
-1668
-4235
9044
-8793
2500
3913
-4393
522
4799
-7427
2142
883
8785
5532
-736
-1450
8941
-4469
-4818
6131
-1807
-2373
7036
6107
-6414
-4013
3292
-5967
5642
1434
-1695
8746
-6112
-4380
1828
-2174
-140
9712
8910
-7052
5750
3504
6918
-1414
9788
-2938
5794
-878
-4743
-7696
-518
6425
-2079
2154
-3968
-5735
-3572
357
-1295
-3173
7447
5479
818
6530
7941
4286
-5321
-5691
5346
4980
8116
-9576
-8539
3705
-166
-2875
3538
-1015
-8200
3372
-9747
-4630
-8832
4004
164
8921
-396
-1162
3093
-4740
-2476
-2220
-662
5458
-2900
784
-3780
-6352
-3365
-7741
4117
4863
-7792
9816
1112
8656
-2005
5070
-6092
6914
9399
6523
6136
-7830
-4899
-932
-7528
-1884
8678
9618
2312
-6170
-1871
-2233
-1778
-9756
8841
-2339
-7549
-3874
4402
-5766
-4337
-3604
-9892
-8861
-8410
9607
-8926
3943
2356
-9502
2295
-3534
9811
-8475
-1535
-3298
3488
7856
-2446
5966
-6048
8560
3026
-5031
6163
3532
5162
7465
-1445
9620
-5748
-9340
-5828
-4679
-871
6828
1472
-118
6189
7801
-4264
-2607
-7705
-6000
7635
1183
9748
-561
-1508
-7629
-1188
-8615
-1966
-8665
-6635
-7591
2485
-8223
6715
6906
-9426
-6886
357
5769
2897
3417
2518
5015
-9053
-249
2710
-6037
-1451
-774
-3313
9196
-7163
1322
1753
7399
-7998
4854
-7325
-7922
8439
-6523
1687
-7024
-9638
-3544
-1882
7411
3204
3063
-6090
-8188
-9382
2131
-5285
568
-1732
-3252
-8458
-344
-4425
7513
-5129
9856
-8881
4824
-6498
8052
3614
7412
5795
-7107
4905
8396
9104
-8040
-6163
1990
-286
5772
725
-5705
7480
6153
-6206
-7744
4114
-3632
8524
-4756
4347
8445
-242
-6057
-1438
6460
943
-502
7673
-3167
7057
-1297
6132
-5655
4733
-2203
7887
2924
2174
5842
2991
-5351
-7159
1089
-5
-8740
-1421
1915
6774
-7012
-5993
4460
-4625
304
678
2608
-9262
2013
6406
-4865
4231
9146
-1369
-6990
7042
5229
-584
-5470
3758
4003
3779
-6663
5211
5117
-8384
5280
6850
-137
2762
-3664
4683
-8328
-9860
-321
1772
6854
-2907
2092
3307
9332
-2966
9426
-3407
9991
2737
8337
-3490
8076
2268
-5758
302
-8621
9
7304
1514
-1180
6974
7698
-8178
-7746
2691
4506
6244
-4681
9117
5244
3888
-1215
2670
-6409
7427
8827
-5197
527
6234
-1648
-1786
-3923
-6275
-7935
-7111
-3611
2607
-6604
-2237
6405
-3525
822
684
7181
2895
2771
-5947
6070
2672
9802
-2637
-6270
4589
2415
-9953
-5189
-8571
8784
9283
-1643
5558
-8855
7382
955
4110
3447
2811
-7992
3414
-235
-6102
-5395
-133
-9029
3440
549
-2919
-3320
9597
230
-6325
-3716
8286
-6267
5396
-1608
7157
-9039
3245
8149
259
-8204
-6563
4488
-2930
-1632
-8207
-4059
2806
4223
1750
6722
5936
-7998
197
7529
-8819
-3667
9950
9996
-5583
1733
-1536
-4898
4534
-8121
632
-800
-9774
5298
6462
-1814
1744
4904
-9779
-1403
-5171
-2027
-9350
8438
-4127
-4423
4078
3173
1687
-2232
7749
-6320
6039
5014
4732
-3996
-5771
-3321
-7939
-4932
-4568
-1421
4811
-4065
-9562
-6288
-3198
8393
-8178
5521
-6607
-6786
5484
3461
-7481
5376
-7766
-449
7937
-4060
8341
4909
9699
7707
8449
-1744
8826
-7706
9500
-3365
-6302
5668
-2900
1652
-2529
1270
217
-65
2350
513
-9560
5226
7334
-8996
3680
6384
-3777
-7197
1534
9337
-8084
1197
7844
8645
6043
-2832
-4505
8249
8874
7795
-3631
-5985
-6857
8883
4480
-1884
865
4291
-5546
3674
-3188
-7593
-8682
-5402
1650
-6913
-4306
-6746
5233
-5667
5424
1238
-5136
-6204
-3534
-1350
2564
-712
1270
-7230
3369
813
-5095
3682
-129
8436
6308
-6960
4263
-5737
-142
-8897
-4310
-1126
867
-953
1667
1780
5441
-4879
-1736
-403
-9471
-9859
6715
5483
-7055
8241
-6041
9765
-386
-3252
1919
1285
5945
2461
-267
4927
-1546
-186
-1932
-169
2559
-508
5101
-2467
6204
-126
-7433
1552
-9996
6870
5653
-9780
4115
5403
1089
-7686
-7788
-6339
-1951
-1850
6573
8818
7020
-2308
898
9463
-872
-2857
-6126
2522
-7734
-7822
-985
-7025
9683
-3113
-4286
-6818
4956
7742
-9511
8441
3905
4338
3060
-9
-3315
-3685
-4769
1468
4675
-8797
-8606
2926
8320
8646
7392
-3087
-3330
285
-7864
-4269
-2582
825
1413
3957
-3373
7484
1446
5395
-6716
4764
456
-1327
2549
2694
-8636
5689
3881
-9047
1120
-7765
-206
-1441
2808
2138
-9385
2325
-8130
-5618
7642
-985
8072
9260
-9325
-1922
-8321
-9565
1637
-8212
-489
8006
4685
-1780
-3029
-2148
3860
9944
9664
4769
-9848
8998
966
-9673
1347
-1154
-9031
-4142
6970
-730
-6129
-8358
-5750
-9105
-5667
1551
-147
5693
-7838
3104
-1546
3919
-2937
-4395
5842
-7047
2455
3789
-5908
-8579
1811
-2829
-8497
-5900
-8862
6450
-5425
-3880
9146
-3818
-2787
7199
-2270
-9246
7372
6328
-3783
4606
-6459
2273
-3426
-5582
-5731
9503
3758
4219
-196
4761
2782
-9279
-4641
1886
456
4141
3464
-9217
1716
9168
-4489
6666
8027
-1801
-7769
-4123
-5347
2992
8330
1525
-8884
2990
1286
3574
-4047
-3010
8837
-8920
-8604
1858
1298
-4402
3187
8165
-8461
-9861
-6050
-9612
-3389
-7991
-3214
212
8018
6698
-7039
5547
8839
-8536
-4615
3699
1379
2917
2373
-6557
-4167
-2006
4841
2153
-6479
-468
3548
-3734
-9261
2583
-6766
5387
5309
-7616
1976
7216
-3056
-5806
-744
-5290
8126
-2832
-25
-2898
8181
-212
-4839
-9992
9539
2733
-4706
7141
8542
1698
298
8782
6696
-4570
-7323
8122
-6278
7391
-1840
-2661
2242
-6285
4914
4942
-7036
8265
4817
-7926
7268
9629
1789
-8142
5000
2266
-3842
2645
-1924
-4366
1999
-7745
-1647
2218
-9933
8426
3908
4057
6053
-7468
4639
5239
5748
-2351
7513
6434
-7698
6228
5828
2954
993
-6468
8442
-3885
9084
-582
-9800
-4243
2557
-4707
-2072
-2034
-5144
-4227
6908
-4793
6457
-9627
-5369
-6950
-493
-3199
-7247
205
-1151
-3849
5152
3972
4679
7904
-4505
-1921
4305
3587
-7897
-3668
-4101
-5601
-1140
7716
7573
-4130
-8775
2935
-1419
9495
8829
-1030
-6455
-9686
124
-1746
-5764
-3042
-639
-5882
4828
-2448
-2048
-8553
-9588
-625
3854
-6641
6184
-8280
-338
-9849
452
-8222
-4911
4384
6182
8895
9412
-1908
8597
192
-389
4137
3558
2922
463
-5200
3590
-834
-501
-9722
8975
724
-7524
4489
-5894
1821
4019
-5485
-3878
372
6628
136
-1656
-9176
6099
6664
3934
4640
-5773
-8591
1560
-5890
-2934
-2647
4116
-1417
-5876
2605
-7035
-8840
9685
9882
-5004
-2409
-5423
-4158
-9669
1126
-643
3698
2381
7518
-3997
-5607
-2129
3465
3054
-790
-4680
4786
2395
-7076
-1408
-772
-8566
6632
-5372
-8274
-9507
-581
-7735
2566
-8730
-4571
-9844
8769
-8682
3908
-4947
8323
-3512
5863
8854
-4705
-8745
9742
-666
-1427
4256
-2406
-3122
3165
7389
8072
-7074
-7831
-5040
-6427
6135
-3363
-7113
-2354
-5641
-8073
-8875
-3892
-4735
7483
-6418
-2470
-1586
-3783
-7698
874
-9551
-6253
1446
-9959
6429
2302
-7585
-4663
-9865
9145
-5771
-3559
9432
-5551
-3154
3855
-9959
1580
-8514
-5541
-1251
-1794
7582
-4194
6531
-4017
-3504
-1865
5627
-1405
7199
-9409
9240
-317
4657
-1645
7437
292
-2086
-8816
8963
5260
5292
-3949
7909
-7103
-6642
5940
809
3592
1553
2432
-347
-2844
-6548
4911
-1497
-5502
2650
-810
-2162
-4050
-1083
-3895
-3130
-5892
3118
4689
1545
3129
2239
7316
-7967
7333
4767
-7743
-9596
-2028
4569
1131
1242
-9094
8545
-2774
-1232
7839
-2226
-7911
-1610
-7113
8986
-630
686
-1490
-2133
985
1291
-2310
6462
2516
9936
-3141
4725
-9410
-477
7107
-4908
3689
862
-433
-6218
8027
3074
2557
-5238
-9054
-4465
8207
-8841
9343
3354
941
-7136
-3661
-2967
838
-7983
6525
-5582
-1245
4415
-3622
3107
811
-7693
9235
1188
-7370
-1649
-5442
1462
9676
-8489
-6589
561
1484
2268
4283
-5100
4
3911
-3980
9023
-7377
-805
4163
-3400
-9493
4769
3025
-9071
-1216
4506
-5603
9351
-847
2530
-6411
-3441
-9581
1982
8718
1149
-3558
-5786
1870
-6066
-7160
9106
-2277
7419
6229
6257
2065
-515
-8981
4853
1727
-1876
580
3265
-9632
-7963
4585
-2270
1693
-5749
743
8126
9141
-9269
3999
2284
-958
8788
-4008
2415
226
-8239
-7901
-525
-444
2171
-1638
-6531
-8658
5637
6866
9879
7181
9135
-885
-7529
-4598
6019
7065
3951
-9791
1652
1844
7645
-9804
1948
2309
-9145
3481
3964
-5281
7471
8048
-2685
-4813
-5544
5062
6307
58
-223
5483
6899
9571
-9300
-1001
-4634
1297
6044
251
-1484
9714
1711
4003
4669
2911
-7787
3053
-1048
-2747
2703
6145
-1094
-637
-2236
2970
-5144
37
8892
9068
-5216
4200
3188
-5269
2813
4439
-8930
4217
-6906
9749
-5361
-467
-6508
3444
-1331
-8665
-9154
-6188
561
-6408
-9976
7731
-2471
4506
6040
1540
67
7603
7159
-7503
4957
-2336
7462
7978
-9656
-8600
-1695
1492
9063
1823
-6419
-6655
6242
641
9072
6020
-2420
4886
-7191
-5960
7551
3352
6028
3986
-5665
9473
-5221
9339
-8791
5743
4254
-6186
4244
4463
2022
-1319
2754
-3260
-7961
9814
9050
-8684
-942
-2851
-2302
-156
7410
-1560
-1118
-9574
2082
9623
-6681
-8929
-2941
5170
8042
-9469
7218
9465
5597
1101
-6604
5852
2327
52
-8019
-7478
7522
-6077
-927
-6420
-4379
-7945
-3401
-32
1154
-7355
6934
2543
-5301
-6971
4331
1249
1486
7839
-5937
7001
7218
5087
6895
-8115
4428
8521
-2213
5314
-1311
6496
6959
2856
6431
-7269
-6109
-7638
-6259
-1938
2246
-3695
8045
7009
9657
-4303
2287
-2689
-132
-7644
2878
5032
9271
-4885
-8511
6252
-2001
1445
-5877
-7698
-2585
3180
3778
-4257
7471
9310
7401
-7293
-9017
2984
-3693
-5592
4309
8576
2007
295
6119
2039
9038
242
-2355
6919
3413
-8804
6287
4044
-3261
1873
-2290
7256
-9574
9400
900
-1112
9249
-9657
-2539
8971
4318
6184
-1461
1541
-8068
2340
-162
-6591
-4495
-7256
-9806
-308
4871
-74
4032
9553
4061
6395
1958
2140
-9665
-2007
-1123
-9187
9081
4194
-2684
9568
-3135
151
-9238
1555
-51
5409
-343
834
225
-2527
1988
-7274
-527
-1781
4080
-5038
6658
-1102
4344
-1956
3471
-2082
-7942
4406
-6107
2516
9589
-3403
9287
3657
-8988
-6065
8196
2120
976
-4181
-1971
2206
8962
8207
-46
4319
3932
-715
2334
-9070
-1598
-8018
6533
-4739
7107
-2532
-9740
7776
-126
-1266
6985
2222
3108
7781
-6298
-4105
2058
-5921
8492
-1147
-2225
3682
-9966
-6434
808
4701
8530
7110
4968
-3006
5495
5609
6238
3911
-2095
1436
-1757
248
-4678
6119
8679
-8471
-1045
-2568
-549
-3608
-9830
-2810
-3509
-5514
5840
4806
5757
1424
-6963
-9914
5862
1430
-2377
7432
4261
-4172
-7586
1636
-7523
-9746
9119
9709
6839
-5694
580
6077
595
9719
2210
-9778
5835
-9761
-8100
-6722
5002
-8029
-8769
-7941
2384
614
-1942
-8280
9397
8459
-1063
-7362
-9023
8615
9316
-6116
7542
-6929
6753
-7675
5992
4652
9491
1036
4748
1785
2907
9508
2060
9403
-5223
3686
-1414
1715
-3975
448
3194
6121
-5453
-5322
3273
-6180
-6425
5431
4881
8056
-8177
-4209
380
-5738
-5229
-7084
-6433
4156
-4973
-9401
9437
-2147
-9900
4015
-8097
9168
1101
-6169
6514
-631
-277
7565
-4283
-6786
-7637
9833
-9741
-9189
-4738
-31
-8732
-6967
4578
7242
4034
-2328
-6065
-9853
9947
1058
6374
-7688
-2436
9114
2621
-1804
7710
855
3815
7477
-1137
7904
-5069
2649
3996
-240
-8741
4950
7737
2663
1297
5322
-4110
518
-496
-5179
-4843
8235
-4773
-7100
-6374
-3093
-5594
-6120
-3545
4452
-3998
9794
-1167
-5612
4520
-475
3855
1477
3280
2459
-2660
-214
2136
8
-1683
1239
-7495
9646
-9044
-5011
-614
1591
4410
-2371
-6060
676
9589
2444
6355
6727
-9633
8510
3785
-7973
9348
632
4838
-8809
-4155
2361
8824
-4946
4824
-6357
9837
-4878
-2785
387
405
6428
6419
-824
5963
-1130
-9022
5535
-1537
-7197
-5996
-1806
5967
-3935
2193
-7850
-4392
6559
-360
8336
-6746
626
-8111
5389
-8559
9527
3991
6551
-514
6817
2835
-290
-4859
-7590
-6840
-7845
-68
-9495
-1582
7407
-9922
-4580
-5508
-2949
-9594
7667
-7387
-5371
9218
5652
8644
-8066
4974
-4798
-6556
-2467
8740
9875
-9859
1720
-19
9813
-503
2220
8028
-9453
-3990
-3418
7586
-5907
6024
-6057
9746
1074
5039
-7782
-7026
8937
-8597
2936
-3478
-7399
-6592
275
-1896
9637
-5759
8326
3973
-9200
8052
-3153
-4394
6429
143
7416
6503
-1153
-2495
-2777
-5452
8077
-4243
-9941
4556
6795
4486
1924
-1940
7944
-1473
-6503
7533
-649
8654
3215
4919
4119
-596
8774
8674
-8031
2360
-2309
5397
-2151
-3089
8458
-5874
5542
-8282
-1988
-6523
-9677
-5516
-2405
622
7758
-5217
-758
-3676
4673
-1481
-3746
2723
8112
-7949
2125
6382
-1605
-226
1446
-1020
4502
9477
-3141
8514
2232
-1452
-3147
-2812
-2602
1441
3387
-5716
311
-8427
8688
7145
-2409
-1056
8005
-1498
-1982
3953
-4186
-9692
-6015
5379
924
-5942
-6062
-6263
9060
-9407
7131
-6232
-6902
-3478
-1038
-4422
881
9645
5347
1590
3522
8652
-7988
-5290
5423
8954
-661
-1773
6782
-1361
-1206
6636
-1817
-9225
6266
-1241
6398
-5472
-782
3453
5167
1403
109
-9328
-9464
7287
3897
-7064
-1532
1443
-8238
-5730
3589
-2802
4089
9073
2641
-1718
5427
-9066
-3169
5186
-249
-4739
-232
-5572
1103
9334
4890
-6448
9601
2842
-2399
5205
1078
7581
-1132
9723
-1436
1620
6821
-5595
-8086
-8612
2377
-1125
838
-2823
-8268
9651
6650
-5049
2275
2620
-4179
8483
253
-2281
262
-3573
1490
9849
-627
-7457
3229
3591
-1415
6651
8959
1366
6439
-1304
4200
3891
7463
5594
1698
8214
1277
1587
-5132
5711
-7838
-3241
-6799
5306
-8325
3153
-53
-526
629
-7102
1723
-8543
-2452
474
-3217
379
-9020
6283
-1557
-4115
3181
-6604
3223
7099
608
-8007
-4338
8935
-1732
-6839
464
-4313
-5099
-2045
-8097
-3652
3875
1640
-7786
-9942
8398
-3901
5740
-2181
-2877
5895
6762
-9380
-3591
42
6416
-4203
-9282
-4079
4427
2049
1837
1011
4487
9574
-6784
3402
7896
-6528
8673
-744
9745
6098
-5965
9496
6716
-1948
3735
2903
-5007
-4593
-135
-1720
-5357
-5852
4416
7546
9716
-7717
48
-7660
-706
-1209
6452
3960
682
1477
-6745
-8874
-1968
7790
6962
7981
-3605
881
4283
2478
-2840
5582
-7928
-4600
1495
-3676
-6606
5624
8339
-457
-648
-9207
-8641
8615
-5319
2445
-1191
-4770
4147
-3264
1250
-7192
7621
5547
-5129
-8103
-3070
2744
-8388
-307
-6158
6602
5015
5831
-3054
156
-9367
3790
5041
-3125
6142
-5715
4097
-3466
-6195
9240
-8813
-1002
7625
5220
4917
7745
2240
9112
3589
-4837
-7235
-4743
-3829
7859
719
-7514
-2158
-687
-7588
-4458
4129
-3021
9170
649
7285
-8265
-6048
-4962
-4503
-6528
-8516
3343
9974
2166
-3241
-4431
7465
-6506
7868
619
-1964
4203
7556
7466
-1337
-5971
8702
-5744
-4189
-1407
5523
3334
3772
-3037
-4526
8712
-5491
6777
439
3799
-7328
-4599
-4689
1598
8316
-2336
4137
3233
-114
-9286
3457
-9726
670
-6572
9274
6210
6990
-8030
-7983
107
6085
838
2023
-270
-9359
-3056
-1315
-1081
5848
1765
7549
4052
-4036
8623
-9063
-9619
269
-9277
3156
-3497
-4211
-9324
-871
-5219
-8215
0
-6489
1303
8013
4282
-317
-1850
6707
6509
-8663
7343
-2686
8046
9371
1887
4798
1873
-4716
227
-4874
1516
6062
8478
8523
-8418
6261
2715
-37
-8720
6460
5299
-6155
3423
3717
6166
6498
7751
-4628
5126
5538
3947
8014
1729
2122
6704
-6671
1187
7756
1962
-4137
8462
4158
7907
-7505
-7724
-3879
-1648
1411
1079
5217
6296
-1496
-8726
4069
918
7894
2518
-931
227
-578
6258
-781
-1730
8768
-9032
-7272
5567
6017
-2354
-333
6280
1112
-7985
-8055
-6369
-2415
898
9589
-8621
-9940
1062
5623
7958
-5114
-8460
-7030
3792
2877
-8084
-231
751
-4632
5510
9950
9034
-3369
9114
-6132
-5626
4237
1971
2054
4142
-4806
-5066
4869
4158
9333
-3553
-8203
-546
435
-9499
8788
-9557
-9753
-7806
5572
-1174
6448
6797
-280
-6604
8615
-1353
-2968
5680
8139
4427
-4747
1432
-3865
-2226
2582
-8097
1493
-9478
7818
4452
-1140
-3770
-919
6495
-5107
-2165
-9812
2251
-9092
-9055
-8166
-6706
9813
-1503
-2957
6791
787
7233
-7765
-4688
-5903
839
-9371
-2714
-7333
-5797
-437
4607
-312
-3444
324
-6079
2363
-5176
9421
2196
8675
855
-9768
-364
-8490
-4624
6186
5461
9607
9169
7670
-8029
-9397
838
-8371
-7319
-1116
968
1126
-8483
-3665
3254
-4216
7219
-1518
-3098
-3791
5764
8993
2463
-232
1333
-9740
2968
6613
1750
-7929
-705
1381
-3376
2392
8585
5391
3230
8758
-5867
-5511
-629
7492
-11
3156
3651
-7660
-2944
-6314
-2235
-7233
-2438
-7892
2858
-800
-9403
1556
-9345
4662
-3580
8596
-653
-7450
3402
5849
-9169
1664
-571
5190
2492
7801
6295
-9704
-7517
-8131
-4073
-291
8134
-1585
-3388
9146
-6896
4700
9783
3351
6574
-6147
-9367
2624
9727
-3935
31
165
3069
5093
7374
4502
8764
-7350
-680
3264
-6583
1147
-3144
-6856
9271
-8144
-997
-1199
-8473
9363
8172
-3866
-43
2033
-6723
7224
5731
-9304
-8344
-5541
2825
-1068
9003
-375
-4606
7336
6982
-41
-2218
7815
4407
-4474
-2925
-2669
-3747
6355
-622
9780
-3697
-3050
1935
-3264
-3339
1589
5301
6470
-9580
-685
980
-261
454
-9629
-7137
3960
6098
3797
-847
2039
-9927
-426
-3140
4358
-4889
6379
-4086
1556
3519
-1671
-7285
-56
5985
8671
3132
-3094
-7285
-7113
-6747
5125
-3360
9308
-9547
-7046
-5972
-8277
-3113
-8774
7919
-3929
-211
-3875
-3394
-8845
-621
8220
3114
5764
-8761
-876
-222
3446
-6016
878
900
-6202
-3130
-7882
3145
-5133
7088
-8238
8209
5850
-2470
-538
-1840
8282
-9450
6319
6651
9098
-9312
2279
2694
-6185
3649
80
624
-7680
5261
8646
732
-5095
7157
-1676
-1542
1261
-1060
-75
-3692
-8973
-8330
4932
8367
-5537
4330
-1779
-4687
1698
-1896
926
-7141
872
-824
-1878
2409
-6006
8043
2064
-4722
6970
-7498
-1390
-312
898
9684
4525
-4401
-1595
-8227
2219
8727
-1795
4957
1457
-3624
3841
5491
1791
-6348
-181
-4544
1820
6479
-4969
3841
-5440
31
-2007
-5870
2239
6174
-2309
-3473
206
-4371
-6597
8757
1772
5186
4243
4728
6159
4971
327
9600
1950
-3276
6770
6838
-3891
-1877
-1834
3633
7003
6073
-4663
6736
-9304
2110
-8001
-7370
-1623
-9417
2733
-6261
-9332
2741
-2492
5771
-6167
-7152
5193
-8555
4718
8458
1083
1214
1683
2576
3647
-7007
8503
70
-552
3847
-9630
-6237
-6694
2526
1328
-2888
380
-5381
3678
-5264
6673
-7496
7208
6435
9036
-899
3486
1937
-1538
7213
-5895
-9429
9081
5752
2814
1696
-2395
-2128
476
-6480
7870
7116
-6880
-3265
-9675
6730
1323
-5450
3093
-2263
-6322
-6106
3488
3363
-42
-6923
-4932
8147
7660
2889
-6138
1827
-9548
9722
-9065
9337
2641
-7176
-7319
-8060
8892
-8933
7307
-3907
1342
9012
-5000
-7733
-3992
5363
-5112
-9321
-6422
3620
7501
3076
-7875
7894
-7726
2899
-8402
-891
4774
3756
6587
-2667
9227
3936
4353
5881
9390
-5122
9390
5548
1212
7034
-4884
2978
254
9645
4374
6817
401
-8728
6802
8974
-4528
9871
3142
9526
-6907
-1969
1332
-2701
5809
-3703
665
-5477
-7425
5535
283
-1456
9029
5336
-8971
5255
-110
7947
-5037
6882
5118
7665
5781
1271
-394
-7952
5742
-5530
914
4491
1742
-5255
-9498
-6146
608
-1774
2347
-3328
-2362
4142
-9907
-4813
7660
-3283
-1388
-2161
-3318
-810
-4549
5537
-3864
1747
-9781
-5941
237
-8594
8958
6675
8981
4052
5064
-1167
6595
-1036
8156
-5246
-4046
1594
-6888
-9356
5878
-819
-2528
-313
6857
7933
4134
2727
6610
4315
9441
7430
-9345
7478
-5845
7930
-1415
-706
-9867
-6221
4217
-408
-1480
6114
3716
7121
1763
5658
-755
1507
8490
-191
8224
3728
4474
-4120
2150
3123
7735
-2576
-3835
-5232
914
3793
9248
4943
-9737
9260
-83
7723
-6773
1478
8113
-5778
-7289
8509
771
-2317
-8525
-396
-1260
5047
2423
-5027
-907
-9542
-4482
-33
-4962
4170
8238
-2893
5603
-907
5653
-3624
7509
-552
-8611
3093
2039
6598
-5677
-5324
-5795
9356
1281
-3980
-8144
-758
1570
1645
126
770
2330
5460
-4124
-8281
-9558
-4236
9623
2949
-2558
-246
-5466
9582
2748
-3557
3109
-3336
-8764
-7986
-8549
2267
9898
5545
-2857
3557
5439
594
-2505
1173
-7037
5813
-1092
-5580
-4886
-9596
3449
-703
-6201
-8476
1616
-9343
-6256
8821
9726
-5912
8039
9160
-1447
4532
-6537
-8249
-9291
-1284
-7545
-4267
9859
1723
-8975
7341
-2869
8652
-4677
1076
-4692
563
6952
-8666
9022
8199
-4123
-5737
-8331
5201
-3824
5160
-9754
-8989
961
-8730
-8225
-9657
-1728
-6812
7791
7973
1486
-9872
-9333
8327
-4859
-5122
9165
8914
947
7430
-8383
-9315
5239
6137
7240
-5183
2469
-8409
2316
795
1472
5395
-6802
-2852
-3893
9597
-5815
-3092
-3498
580
-9363
3062
1822
1429
5284
1675
-8856
233
3298
5076
4606
-9237
-9175
8770
-8462
9321
-4944
3985
8536
-8966
-7032
3772
-2405
-4984
9317
-9511
-3997
-6921
2144
-5160
-8781
8299
1551
-4834
855
5612
5190
9118
1060
-357
2712
-6917
4811
277
8756
-2536
-1998
3487
6113
-2248
8997
-3140
5101
608
4608
951
-2759
-4458
-7571
-4988
2066
-1708
-3189
917
-7063
2761
-559
-6127
4506
-4751
-9921
3041
6460
-2650
1710
-1295
-1118
-6720
5048
-8474
-1049
2813
-3622
-5592
-9061
568
-1135
-6618
1913
4692
6892
-1012
-1244
6185
-4423
4441
-9218
-3652
-2551
-5634
-3665
-9619
-8786
-6690
3761
-3186
-9542
48
-2684
-8257
291
7802
8069
6116
1493
8087
-4615
2158
2883
-8844
5701
-9230
-9559
-1434
2520
4225
-8182
-5305
-9878
-296
563
173
7579
4426
-4927
4053
-5072
-8904
-2230
-3859
4937
5747
-6046
-281
-7692
5083
-9733
170
6387
2078
-3881
7760
-4503
2129
-342
718
-4798
-722
6567
8225
-9893
-2601
-5411
6086
7645
4735
1076
8204
-5645
8918
-1478
4661
9545
-2779
925
4126
-9332
2516
-4719
2337
-6169
6681
9072
-9008
-9963
-8001
-5527
-2654
4418
-9416
8994
6564
-2036
1238
2465
9441
-6241
-8678
-9458
1033
-1599
-2842
7366
-6547
-5990
-3761
-998
-3563
-483
-992
-5809
1710
-3678
5927
4598
-8474
-7312
31
-9761
-4152
-9034
-4969
-5599
5195
-6447
3786
-1623
7958
-3733
7155
8324
-4230
8479
-5063
-1444
-5821
1693
2254
-9444
-7948
-8414
5252
1556
-210
9804
-9837
-578
-9523
-176
-497
-5399
1544
-3990
-7548
-3146
5855
8569
3372
9779
5429
-7974
-6546
-986
-2774
2321
1503
-2332
3544
-4641
1800
8717
3370
4352
7092
8437
5234
2364
-7447
6395
2742
-7893
3784
4347
9383
1199
-9901
3440
5014
9588
-9812
5792
8645
6308
3910
7345
-917
-3219
8889
-3810
-583
8514
-9250
5196
6769
-178
2762
2065
-2822
4352
-8267
-8482
-8171
5329
1903
2412
1741
516
6943
4227
-4234
-9374
3259
-7964
-6818
-69
-4695
7931
669
-1387
-6521
-5421
-5164
315
-599
-6350
2542
7612
2851
917
-3339
4695
-6233
599
-38
-5189
-2510
6142
6007
-3621
7828
-2611
3029
-1921
340
4000
3508
1588
2938
433
-2789
5727
541
-5559
-2916
-491
-9312
-392
1660
9903
-4686
-2551
9644
-1501
-6163
6619
4001
2833
-9422
2178
9185
389
538
-955
4225
-3281
2802
-3489
1041
3687
3976
-8730
-266
-4887
696
-7069
-9419
5567
7153
8439
-3275
-6019
-7220
-2325
7764
-7812
-2710
-5812
6881
3593
5634
9095
-6698
-7772
-8957
-5294
1827
-2010
8652
-2867
7439
-1691
-9646
-4428
-4310
833
-9608
-5344
5260
3267
-7521
9170
-8830
-7338
8426
-4623
69
-9855
-1823
629
-8896
-2583
8840
-1750
-3681
1175
-2452
-6241
-1375
2106
5804
-2895
5840
7921
-5992
891
-2835
4908
4544
-8916
-3573
144
1275
5984
-8677
-6837
-5191
6572
-946
7798
4694
-6980
8403
7016
9445
-8126
-8782
8331
-7957
2395
-2807
8445
8216
-8620
6421
-8702
3472
-9775
-1447
6398
-1681
-2556
95
1707
5064
6658
-1183
-776
-5707
4262
4972
-8998
-4219
7025
9129
1019
1088
-8680
461
-5680
4547
6251
-5820
4723
-4537
-1856
-827
3860
-9659
62
6929
-3598
-2872
-2868
5710
5045
-2161
-5506
-4340
-2898
4363
1469
7588
3753
3952
-4451
-9910
-2945
3657
8186
-5789
-7244
522
-2606
7733
3896
-9245
-6147
9091
8730
4448
-9590
3230
7375
4918
-6384
-1500
-3958
-5789
-8036
9882
-1108
9141
-876
8274
-3556
9558
2256
-6928
-5190
-8804
-84
-1748
6008
-2986
-9469
-3846
1119
6296
4243
9056
-8651
7765
-9091
-9949
7232
1332
161
6295
-6583
-4953
8109
9893
6668
-1504
-7790
6219
1847
-2769
3038
8444
-6506
-7970
-3322
-9026
-7790
9930
1468
-302
9185
-5260
-8066
8303
-5973
9763
-8720
3319
-9873
6607
4876
-6717
5517
2772
7597
-5916
-5887
8790
-6368
8501
-7261
7841
-1768
-2039
6815
-2895
1704
8318
7625
-4804
-5759
-9451
6463
9968
-1185
-8573
9559
-3538
7089
9700
268
2986
422
9736
451
-7303
8543
-570
4307
-9109
8333
-756
9385
507
-1084
4347
4527
-8640
5737
9129
8639
-3608
433
7707
7341
9653
3785
-2691
-6783
-325
-2804
-1560
5218
9726
-4003
7712
-3289
-4877
-7814
1656
-3395
-8728
4197
352
7009
-9432
9065
3291
-6348
-9101
-6972
1064
3424
-4463
-5426
5911
-5163
2593
134
-3989
8035
-7207
8493
-5962
9417
4870
732
-5947
5781
-5928
-4265
8771
9731
-1970
6982
-2067
-8874
-170
9522
2821
-9602
5032
4855
-7634
7919
9695
-5926
-2195
-7668
2252
8563
8230
3723
7321
-7341
5552
4018
-9509
-6724
2737
-9649
-3322
8395
-2421
-6698
-3602
8440
6258
6929
1615
4776
-151
-7039
-4556
-6069
2553
7784
417
-8282
-7339
4932
5925
-3925
-8035
-3773
-2561
2126
-2046
-7698
4554
-4691
-1912
-9211
3185
-4504
-5626
-8675
3732
-7773
9536
2078
-4963
941
5492
4153
6188
-6382
-8535
-7278
3604
-8410
-2634
9804
5879
2576
-9802
9634
8785
6746
-2211
-222
4
-2042
-7895
6510
-8237
5353
8039
7718
5197
2855
-7942
2439
5159
-5711
-4294
-8995
4351
-4991
8595
-635
1676
-2705
246
-849
-2996
9839
-3131
-8775
3517
261
6359
-8507
6708
1475
3244
8941
-3620
9321
-2554
2757
-3460
3951
2620
-4088
4859
8642
-1975
-4489
7390
1369
9848
5943
-4581
-1445
-6074
-7784
-2916
-9978
-2752
1695
6155
-3418
-9328
5186
640
-4074
8703
-9378
-5229
64
-4414
1284
8998
-9941
7988
-4315
880
3931
1163
3245
8097
-4609
-9804
-1518
4368
4704
-5111
-9422
4678
-8666
2942
1415
-677
-7688
3968
9675
-9660
-4904
-5751
8801
541
8674
-2828
-3540
-2198
7038
2417
7377
-3158
5706
1430
-4874
-6720
-5274
-5172
-4784
2274
-754
-9307
4105
-1866
-7961
4457
-5488
840
6798
-7133
1733
-2786
1107
1649
1421
-1946
-8333
-5080
-9207
749
-8
1400
-2748
6203
-5804
-1529
-5802
6487
-9735
3156
-3649
-8299
-6980
7933
-2649
-6245
3769
3946
-497
-7894
-767
8159
7532
1961
-2501
6994
2310
-2575
1477
-3139
-6594
-9534
-5892
3227
5870
3052
-4056
-4131
-1585
1622
7025
-5253
381
3290
3283
-436
-3783
3914
-5821
-5885
-9059
779
-2435
-9859
-8217
-6318
4667
-5762
-7527
-4635
9451
2772
4331
3022
-228
-7162
1408
-1726
1072
3059
-1724
-7860
8179
-3557
-7984
3518
-7989
1803
-2085
3937
141
-6993
-9323
8834
6499
2002
971
-8949
-4556
-7858
-6743
-233
-4667
-5154
5556
161
-5770
-4112
9000
4185
3519
3026
-6978
5468
8083
9548
9078
7760
6262
-428
-8423
9493
-4019
3159
-6978
-7004
-1046
7304
-2583
6174
-8575
4167
8371
4709
5263
982
-4604
-1773
-3708
-9804
1509
-7781
-1910
1872
9178
-4760
-9817
-5403
7274
-6879
1006
-8462
-2898
1519
3477
-8868
-9750
-3539
1585
-9913
5508
9308
3189
4103
-7188
2468
-2262
7084
6198
-442
7392
-460
-5775
9217
-884
-5299
3546
4117
1502
7784
1053
5903
6274
4685
-276
4846
3244
9119
-4406
-205
-7581
6393
6435
8925
-8014
5654
-4470
-5308
-9229
5528
7136
2909
-8548
-966
5868
997
1991
4107
-3503
-502
5649
-4143
139
-8604
3182
9862
-7936
-6848
-9226
3856
-6257
-4986
-1488
-9215
-7347
-1633
-1412
7936
-612
-3246
-4428
-5241
-484
-4966
-6002
5550
8838
386
-8973
3932
-7987
2480
-996
-1521
-4378
-4583
-8311
-4604
6302
8583
-3475
4884
-1156
7291
282
2740
-9091
-9332
8588
-6237
-256
-7859
-5484
-6110
2262
-8848
6901
954
-2970
862
5548
7481
1269
