-7914
-7282
4897
-6398
4674
-3618
-9683
-3480
7118
-1578
6888
1941
8100
7801
3595
-6470
-3148
387
1066
9055
-6545
6083
9785
-3198
4752
-8508
-1586
9719
975
8246
-6683
6507
5479
5894
9919
-5504
4837
-3375
3666
305
3423
7206
-4445
-6838
-2141
9740
-6578
7774
2640
-917
-8959
-8561
-76
3541
368
9253
3865
-9689
4670
-1680
-3807
-4504
-9707
-5945
8458
6319
2742
-3676
-3695
-8848
862
-8062
-2053
-1980
6973
-2272
7594
-2625
680
8552
-6819
-6029
-8661
29
-3453
-938
-987
6037
3812
-9148
8236
-9661
9894
-1053
9226
3099
9341
4050
-735
-2447
4981
-9909
8651
8541
-1802
542
4675
-4624
5859
9030
-3903
4757
-7927
-4168
6409
-9146
-4467
-2356
286
3849
9889
220
4524
-2689
7024
-4985
7557
-8619
-7208
7352
1360
-286
-7469
-3355
1564
-7067
-9906
-7570
-1216
2478
-7567
-9856
9538
-1534
1859
-1849
7311
-2352
8864
-7385
7367
-6119
5783
3133
-2076
-2371
4194
1864
-9676
-8503
3805
981
7849
3352
-8929
-3202
6019
4812
69
4616
-7525
494
4665
7739
9020
8655
4308
3629
7261
3837
-553
7657
-2772
7966
-7840
-8102
5783
-3020
9946
5379
-2323
-5786
-5933
-2413
-7369
8742
-2584
-3457
7555
3614
2975
9457
8092
-5793
-4995
-2963
-7296
8467
9404
-4576
-7373
-5044
4309
5877
1972
-7272
1835
926
9434
4278
-3189
-9506
5615
4730
-339
-553
1706
-246
-6065
3409
569
3285
-9307
7935
-9769
-6825
-9371
1862
685
-6321
-862
-5242
-895
-6673
982
7362
1350
-8236
-2241
-1080
-768
-6251
6539
3168
-7161
7515
-1112
-6966
-431
6598
-2864
5407
-555
1431
-5265
-8310
-3066
-4752
-1162
-7735
7234
3519
5619
9134
2641
3181
5197
-4067
6692
-7449
3990
-2315
9017
-7126
-2139
7388
8666
3426
9574
9593
6577
2229
6291
5148
-8836
-5765
-584
-8100
-5953
-7323
8372
-4246
-9588
2753
-9979
2681
908
-9783
-5561
-1123
4170
2448
6747
5755
4961
-3307
-9996
-4952
-5050
-543
6674
8970
-4815
-516
-5929
4455
9803
8919
-9051
-3428
-157
5251
-8218
1340
342
6039
8257
7709
-1905
-1958
-7370
-5869
3828
2790
1675
-5485
3474
2037
-8809
-2563
6055
-9930
-7877
6954
-2122
9538
-6587
-6566
-652
5762
1521
-869
9959
-1090
-4213
3647
9912
5162
3919
6408
6674
-7447
-7813
9385
5571
3608
704
6654
-8572
6524
9299
-5505
355
-2327
561
7938
-962
-323
9758
3911
3618
-3211
-1439
-1795
-3497
612
5743
1390
6888
4614
3225
8805
517
756
3675
-525
-7650
1683
-8296
6069
-963
-3573
-39
4795
2173
-7338
3905
2576
4952
7607
-7572
-8401
-712
-2548
2851
9221
-6563
-6684
149
3796
-899
-7032
-1374
-2736
4913
158
-1545
-2450
7646
4002
-5713
5290
-8095
-3708
-5783
-6844
387
-5117
1286
-4001
-7043
3077
-9253
4207
961
4235
-930
7148
-8899
-5644
-7308
5000
7975
1137
-1145
-6314
-1951
7198
519
-1663
-5961
-8829
7788
-6223
-6708
-3800
-8298
5616
143
-565
5170
-6547
-190
-1131
71
3045
-136
-5225
-4985
2416
3001
6180
-6710
2459
-8407
-2178
4037
2898
1246
-8688
-7407
-9539
1801
9261
-2190
9221
7876
-2198
9694
-7284
-6967
11
-4503
-6971
-527
7126
-2800
-1959
-2999
-8779
3984
9039
5414
-706
7040
-7853
-7110
-4867
3915
-8570
9368
1216
4435
6362
1662
-9302
-1189
3677
-4565
6350
-8253
-7392
3376
409
4604
8170
3039
-8130
-1672
3605
8029
6782
4570
-5060
532
9237
8260
501
-6479
-8818
-3154
-2099
-1762
-8145
-9454
-7855
-319
-2420
-5929
-1119
-1673
2933
-6758
508
-7988
-1021
-9561
5405
9738
-6174
-8833
9032
-4666
4553
-1578
-1892
6897
5769
-6184
-3263
1760
-6490
-1275
-7418
-7176
9113
8642
4214
-4310
2614
3193
-806
-8584
-481
-3327
-2386
-7137
-7612
7119
-5020
-337
-4007
3294
2968
-3044
8162
-1055
-6165
-5998
7155
9564
950
-8901
-3625
6096
8589
-4581
-2040
1712
-1643
7924
-7980
4670
-7826
-4216
4509
-4738
-4622
-8980
-9135
6075
-5663
5422
-3343
2394
-1600
6228
4247
-5773
4073
-3568
-4480
9664
-1235
-4920
2187
-7367
-7276
2595
7625
9612
6386
1684
6774
8721
3688
-4570
5143
-2265
1816
-110
-6923
-6170
2008
2126
-5617
-5745
2860
4948
2322
-3253
8216
-3386
-6941
2346
-8057
764
5799
-2916
2718
1412
6349
-4737
-1259
-3340
5976
4651
-9421
-2777
7245
1
1225
4668
6378
482
975
2306
-5234
-1697
-9208
4841
-9600
6274
-6948
-3573
-8223
2646
7531
-6671
7688
-7295
4194
-7217
7980
-3628
-4683
1347
-2355
-9475
-1168
1647
3040
5694
4925
-5953
-1160
-318
449
3211
5323
-6286
-2912
6180
8298
-5901
-6226
5394
5372
1855
6357
-31
1122
-2915
6000
-9120
-3572
2179
2222
858
-6034
7182
8281
-8723
-7243
4075
-4466
-537
-9877
2606
503
-663
5988
-4692
3836
6118
-5458
-6994
3947
4553
-180
-7101
-2728
-5747
-2345
3695
-4918
8571
9968
-3347
611
2206
-6553
508
-3920
3821
4689
-2687
8035
4870
-5274
9790
7116
-4723
5062
5195
-9720
-3416
-5262
6227
-6805
-4993
3054
3426
9736
-9096
6024
-1201
-181
1288
6801
-7346
-4289
1894
-1435
5199
-8143
9086
-454
-217
-109
-4397
5922
-2220
-8399
7872
1354
-5626
-8963
-5689
-3841
2612
-9626
-5197
-9398
8367
-1285
-1092
-3184
3290
5953
1681
5997
-4365
-4436
-6077
-7250
6782
3509
-1538
-2487
7324
-3616
5165
-409
3047
-3309
-5681
407
2327
5909
9132
6593
-509
-7221
-6985
8488
9040
492
-6345
-1647
5253
6293
-9776
3776
-9762
505
6554
3179
-9830
3167
8122
-6736
9973
-4594
-7939
4029
5611
-2873
-9985
-2745
-1603
-8626
-764
7998
-5145
-8729
6812
-4849
1714
-602
3427
-8974
3457
2628
-636
-5157
-1778
-4253
9248
-7079
-9731
-1457
3255
-4772
-5258
9346
-4810
7968
3340
-3912
4557
-4629
3678
9194
-3162
-3931
-636
-4461
9569
2131
-3894
-8394
7725
7904
-1485
-3722
-6288
954
-1735
6277
-5197
4046
-6957
-6999
-8875
3919
9739
4101
8306
1000
-2137
5254
-3284
-1306
-9151
6485
-1697
6477
-500
-5251
-4882
-9490
8901
-87
-6811
-4290
-8786
8152
145
7285
-6746
5043
4039
7482
-3827
8299
6992
9882
270
-7172
-3005
3672
5277
-6461
836
-2762
-7949
1445
4269
-1245
-677
4295
5907
459
2953
9750
8298
-7543
-1807
-9270
3931
-7567
-4916
-8426
9997
2658
3779
-1833
4737
1870
-7328
3612
9646
4992
796
9049
-5847
-1974
-783
4883
3546
7184
-5044
1502
-632
-4330
-4744
211
203
3569
7646
2683
-7104
7024
-3050
-7737
-366
2778
-3136
2651
-1906
-225
-842
2375
1740
1623
1385
-205
6580
-5661
-3104
7747
-1699
-8894
-3436
337
5677
28
7522
6464
3810
209
187
-6216
-8780
9686
-6860
-4259
-6502
7544
5374
-7471
1014
6549
8527
-5973
4682
-9570
-6783
-9011
-9109
7538
-1557
-3912
7637
1445
-2161
-7167
-2589
2490
-3675
-1578
-9027
-5180
-8747
2388
2157
-7890
3664
8280
-7304
4221
7888
-272
9841
-6332
-6711
-2633
7362
8369
-8670
-5164
7987
-4067
2937
-5463
6747
7688
-7019
3107
6645
-1539
-1803
5105
2252
-6510
9215
3379
-1438
4285
-7595
-625
5204
-1200
1261
392
6485
4078
-3664
958
-6273
7779
8057
198
9425
2708
5642
474
3126
-8071
8819
-8369
-8146
-3265
6307
-3985
-6730
5483
7699
8504
-1258
-6330
-7308
6691
-4649
-4064
1033
3123
-6903
930
5434
7081
2130
6966
-5181
1199
6961
2671
-3632
-3297
4321
2953
-1397
-9099
6222
-3899
9460
-5961
-5419
-2074
-6664
-4181
-8602
-3299
-6178
-2978
3093
-4152
1964
-2808
-4968
4800
-4168
-4328
8974
6199
1899
7035
-9634
8170
-2879
7342
-8562
-7418
2131
-6733
5124
-6189
-5995
5482
6348
2891
-3578
-6403
7236
-5784
5015
-6127
4478
9622
4807
8433
5012
2995
8952
-5374
-5785
-1037
6575
7067
2665
-4172
-327
359
4502
8591
-4964
9836
-3028
-8282
-179
2111
-479
1614
-2054
-5709
-4622
-7693
-7261
-4445
-5226
-9019
5572
-1729
-6880
7342
9132
-6899
598
9014
-1478
2379
-619
-4653
-5343
-2223
-3449
-5451
-5916
-8449
3333
5095
-5398
1437
-2068
1934
-5489
-4653
-1353
-754
6696
1947
2717
7335
-7295
7760
-3472
1819
-151
-6751
-7108
8838
2673
9490
-3091
-3346
-3676
5220
4108
-1146
1105
936
8457
2195
6234
8479
1528
2992
-3212
-7777
3065
1518
-7650
4881
-6286
4577
-4304
-8026
799
2678
1875
3599
-3784
-2069
-2413
6581
2870
-6994
3907
-6824
9810
7806
7262
-3330
6138
2178
3044
-3598
788
7320
9124
-4081
-4871
-859
7697
-770
699
-6828
8990
-6054
-528
-1074
-9426
9096
5482
-7319
-4031
-2212
6620
-1102
-6409
4985
8255
-3861
-4754
-1176
-8234
3539
9045
903
-1158
1279
2839
-1991
8278
-5978
2872
-9937
2146
-9817
1071
5494
5031
8191
-6508
2533
7553
-6934
-9334
-6546
8048
-8192
-4800
-5909
-3745
3852
-3092
3879
2018
-2058
9889
-9157
-3685
-7999
3329
6834
-613
-4903
-5365
9544
6726
4977
9361
-718
-4933
-2871
-1241
-8002
-2458
6189
-8494
-5065
-3583
-8549
-9899
4345
-1921
-747
8959
-1551
-3981
-4670
5745
-5192
2019
2819
-5067
807
6949
3492
-3735
-120
1432
8014
-6037
-9912
-9165
1737
4490
4047
8875
-4970
2445
4798
-546
3479
-6179
6365
7000
755
6721
-4352
-6129
-5845
5881
-9810
7771
1225
-6666
-5446
-4524
-4934
5610
-4600
7637
9968
-3409
-673
-7508
-1825
-693
5832
-3316
-1973
7767
3032
7826
-1056
-722
-4648
1509
-640
1446
4340
-4781
-6463
-5741
-6195
-8378
-9291
-2026
6599
-9671
-1752
-2892
9855
-7083
-782
-3184
8106
-5643
-5705
1196
-9788
-4230
-1386
-4088
8543
-9052
-4378
4679
-6264
8525
-7538
4422
9816
-1870
-5194
6526
-820
-7460
6617
-3973
-1895
-7235
-307
-9465
-725
-364
5363
-8235
5418
2703
9115
76
782
8625
2081
-3969
-5307
-8270
-2316
-7219
2957
6407
-1268
-1176
-2166
-8738
2373
-7275
6856
7684
1771
-404
717
-2504
-7793
1399
6552
-7915
2144
-6870
7015
1318
1082
2478
-1767
-1170
9305
-5303
-8728
8112
-2767
-1987
3926
6037
-9147
1988
-5214
-2440
-6377
-9444
80
-6127
225
-2929
-6669
-5626
-1748
-9654
-214
-3498
4157
-9598
-4096
165
6550
-5441
5944
-5810
8867
6202
-4356
-475
8406
6059
1111
-552
-3308
4912
7060
-4539
2501
3987
7282
-2133
-4797
8011
2551
-8537
2050
-5285
9660
-186
2589
-8398
-2750
-9018
-1512
1227
-1421
-9880
3827
2394
9108
9691
4940
-1397
6978
7584
-510
1293
-4430
2406
4338
936
7176
-7677
-8589
613
-7826
-4385
-5418
-7148
1939
8851
2849
-8483
-4552
-6295
-629
3158
-8369
-712
3690
-7110
4987
-8204
-1855
8804
4795
3993
-4455
-3782
-9521
3018
-7653
-1480
-3804
-225
-428
-339
-8594
9451
-2420
-2107
-9738
9152
-3135
2573
-9657
-9107
7363
-3936
8679
-4746
6089
3486
5305
-4739
-5672
-4376
-1422
3106
-602
6857
9347
9260
-6761
2545
-2448
8097
-2803
73
60
-7577
-6969
-7733
411
-3019
5496
-7658
2398
5811
6602
-6482
-8126
9147
980
-9444
3403
-4981
-5699
8465
2592
-4453
3480
9838
7582
8719
-3404
-3878
8038
-8329
2308
-7128
-1505
7083
8329
-7518
-7515
-638
-9396
4268
-9380
-1051
-9787
7260
1020
5911
7328
5094
3872
-4747
-2280
-7125
693
-6000
6505
2406
8912
4986
8128
-7620
6057
7030
2577
6882
-3759
199
-5614
8569
-4840
8943
-7781
8239
-76
3315
2538
2112
-7370
-8477
-2299
2620
-6272
-5659
-7550
-6073
5054
8891
-4292
-2621
5872
-1456
4159
-393
5951
-2248
-9729
-8925
9169
-4984
4792
1825
-2948
-2594
5640
4983
-9924
4977
4782
4584
2538
-841
-2946
8680
1355
3318
8685
-7142
-4724
4679
-7473
-7437
8199
-7622
-3783
-7876
7039
-9328
-300
5702
4072
-9750
-8185
-4754
8199
7471
1073
-6253
5920
-4851
3381
-6757
9400
9165
-403
-9289
-9785
7979
-3654
7235
-3761
5065
-6
-5724
-4674
-7879
-7218
1885
-6919
-8777
-1692
-3651
-3764
9987
-6473
-6558
-4290
-6658
8852
-9412
4716
-3236
7257
2580
-3003
5889
-6570
7220
-3357
7723
-9475
9784
-9009
4136
-8995
-3779
-7469
2819
3997
9957
-2376
-6621
5104
6850
9969
7787
3196
5885
6286
8925
-6489
-9199
-3217
-9468
-5018
3695
-7724
6341
3305
1891
8721
4132
-2958
8700
384
-3096
6999
-3351
-8994
-3033
-6838
-7426
2792
-7270
-974
-3157
-816
-3765
1754
-1025
-7152
9722
2799
-2000
1671
-1967
-5090
7771
6926
-7852
-4114
-1763
-3598
463
3967
-4831
-3660
-7508
-6853
-2154
1237
-5408
-8026
-2002
6054
8876
6921
2855
-3303
-1489
4908
2622
6788
4659
8961
-2612
9271
-785
8337
9335
5119
1363
-8338
9225
-5507
-2323
-1167
-4918
5747
7026
-8976
6885
7618
1924
8291
-859
-6958
-1198
-8182
-9793
-8271
-4397
-6789
-8877
-3561
-5494
-2089
-3511
-2248
2659
-3195
-3097
2618
-5539
7844
-7994
2980
840
273
3048
2478
-7635
-1190
8743
7328
958
8179
-204
8125
5961
-553
5028
7874
5225
7389
3252
-8341
-8621
1292
6623
-4467
-8553
3293
9785
2698
-3379
-6216
-3004
9284
8336
4810
4608
-8891
6386
1031
-1445
2178
1077
-1934
-7365
3402
9716
-5826
-2967
5550
7928
-9574
4676
1028
-6055
6238
7588
-521
3713
7584
4473
-1256
-1330
440
-2800
8646
-6507
-9357
-2744
-2010
-8628
-569
1745
5945
7343
3874
5370
-3775
9206
-9730
15
-8491
2108
-8577
-248
-9594
-8919
-8222
2527
-1329
-213
-2968
-7410
8967
895
-5098
-4427
-4966
-7090
5304
-7314
-6133
-7754
-3713
-2451
-6214
104
7266
24
-5772
9221
-2371
-5708
2615
-9933
4005
447
1608
3429
-3727
-7313
2232
-2004
9425
-7352
5943
2743
-9056
-827
-3047
-5042
-9100
6342
611
-7426
-6036
-7943
-8729
6300
5706
-9492
-2377
-2967
1172
-6367
35
5564
-4341
-6833
8273
-9382
491
9338
3587
-2465
-7636
7393
8891
-3327
-4651
-731
-2306
-4208
3011
9974
133
-6321
-7082
2188
-4235
3260
-6993
6376
6436
4919
6308
1229
-9030
7077
3944
-2252
-960
1142
-6069
-1776
3863
-4447
9112
-3291
-771
-3990
-9384
-1047
3002
5503
8365
-6933
-7510
5361
5184
-9263
7824
-4998
9507
2300
-6564
-6189
8653
-1099
6518
891
-2550
3543
240
-1123
8901
357
-5237
2826
8822
-4302
-2955
2576
-109
-1761
-4953
7576
1307
-3476
8955
7452
4778
-6366
-782
1013
-1088
4985
-5554
-2383
-213
-9488
3025
8683
7277
6742
-7415
-5781
1871
-2630
1691
9552
-319
6510
9885
7544
-9719
3319
8760
9993
-1053
-4845
1871
-9721
-6215
-9338
-4935
-7591
410
-7832
-1284
3966
-7066
-6256
-153
-6823
-7125
4789
8557
4098
8377
-9732
9605
-1195
3368
-8652
-6230
4578
6340
6530
-9522
-8906
639
9226
5128
-8248
8079
-682
-9492
-1600
-858
2001
129
9120
-4806
3754
-556
-8288
-9980
7729
1034
8565
893
-658
-855
-8995
4070
455
6544
5700
-5017
-4951
-3063
-5225
174
4201
-1852
5309
-2000
74
-394
6791
6907
-991
2865
9107
-6479
-5469
408
-7092
-2113
5420
2550
-8673
2032
-9023
-8408
1413
-7493
-3462
7428
-878
1905
9782
-4650
-5298
-2592
5707
-4707
-9107
-9968
-7387
-2157
-2594
3000
7721
-3079
-6129
-3022
7165
-4372
5209
182
-2739
2673
6899
-8114
2335
4416
-9176
-2797
4363
2184
-2139
960
7261
-211
-4079
1903
-9486
3676
-6012
-4146
8205
-2222
-5421
-4920
4110
-8078
-3693
-6205
-525
-3075
-1993
-5738
7284
-6871
7187
5227
-3761
-817
2829
859
-825
-7973
183
3125
-8553
-62
-806
3948
-5043
6343
-5292
-9189
1842
-7793
-2462
-3671
-3156
-2295
-9468
4066
9294
-3073
6105
-2223
9583
-3044
5941
-7793
-6391
-2422
2781
-4404
-9822
-5479
-3489
-8020
-2144
5120
7170
9645
2104
683
6357
7054
-1861
5190
-7985
1854
3517
3200
-647
8857
-7923
-9328
-9939
4473
5794
-558
-5508
-9634
12
2520
-1858
-628
8464
1059
9931
8135
8735
-5631
7994
749
9563
-337
8488
4316
-9087
1693
2133
-2543
6589
-9704
1812
7478
-2710
-173
6541
-721
2915
-1778
164
7533
-371
-967
-348
-6329
-7332
1406
888
-5517
8631
2387
4406
8096
6946
-2401
-3078
-1983
7130
9886
2225
665
-6091
-3073
5291
4418
-5442
-4788
-9035
-7098
-6485
6100
-4603
7302
-942
-4786
-3549
5530
6301
-710
-7852
-958
1638
-446
-9507
2362
-8359
-7706
-8366
7812
399
-4501
6555
6873
-139
-331
-4020
-7195
9540
-3166
-2547
-4635
794
-6487
4919
-2342
-7199
1257
-1824
9608
-2873
-308
1544
-5687
-9452
5354
-6553
7308
8949
-3603
-6675
1117
4620
-1769
-688
-3924
5831
-171
6908
4297
-8700
-8586
8628
8763
1582
-8499
-2097
4713
3376
-3522
-3142
9921
3011
850
-3525
5558
553
-1866
9623
5539
3853
9246
-4147
91
9855
1262
6262
-5558
6324
1363
-6694
-5616
8034
2584
-2182
-1321
-1250
1829
-7995
8695
1741
8670
-8133
-2934
-4463
6952
304
-7740
7599
-5166
6798
-6750
9659
-3374
-2979
-1618
-6019
-240
-2285
7874
415
-3660
310
-5396
-7716
-2423
-881
5051
-6560
4332
-3834
6851
-4360
-8342
-7634
-7848
-2595
4358
9952
9906
-7314
-4589
5827
-8482
-8357
4595
6163
3585
-896
495
-8934
-3204
4622
1211
1743
7662
-9123
1064
-7099
-604
8843
8566
-1182
8597
-7367
1820
2737
-6724
8721
9595
-1210
1923
-2888
-9840
-2310
-9370
-3795
4170
4715
-9699
661
-7700
-3855
6496
7763
-8462
-7394
-4170
-3476
9635
2327
-6039
-6705
-815
-5443
-1261
-7729
-1627
-7340
7112
933
-2135
5107
-42
-8861
9713
365
4901
637
1294
-7419
6801
2891
-3251
-960
-4184
-8035
8571
3944
4838
2986
-2405
-4103
8831
-1227
2631
1838
3649
2514
1619
3195
7178
7430
9048
-9063
3587
8522
3319
-5804
5659
-5811
-881
3060
-4678
-2087
8615
-1728
5571
2599
4313
-8710
691
-4493
-4253
5435
-364
-3678
4863
3899
2110
-662
7585
7456
3330
2351
-2165
-3509
-4142
-3800
-3798
1808
-8082
-2473
3848
5160
8384
7693
-2174
9001
-6703
9653
1490
-2509
-9298
5612
-638
6719
2941
-5713
-4189
4446
9103
7248
340
-2730
-344
4101
-7734
-989
-7244
7654
4544
-7100
7711
-6455
-9895
-9213
3047
-4609
-8574
3286
-6744
-3017
4834
5019
-2710
3370
-69
-172
-9281
-2081
2153
-9083
4255
252
1318
-9623
-3994
6184
8578
7780
6571
-8970
7927
6618
4945
5225
2792
2425
1186
6211
-567
-1551
6859
9212
-6424
-2641
7904
5358
-9079
-6749
4523
-5831
-6697
-2178
7933
9825
676
-1790
-6178
-533
8754
-7997
-631
9948
-6510
-4690
3289
9339
-8160
-5948
2527
-9868
3359
8527
1584
7039
6585
8859
9718
-3362
9694
-5568
-729
-6013
-6190
-5351
7300
-61
-7881
3485
2541
3338
-711
-208
1954
-6002
-6771
708
110
6394
-3753
9617
-6319
-4963
-1452
502
-2707
9660
7304
7102
6293
9516
9402
-5837
3881
-7890
-5969
8459
-4890
3257
4810
9609
-2608
-3378
4948
-6543
-8776
8144
5328
-7299
-9885
7492
2245
-9187
-6141
3404
7998
-1626
-5645
9178
8132
-6105
-7012
4939
3625
-1274
3391
-5636
-7365
-3088
9662
-6688
-1345
8258
-2408
-2850
-2173
4309
-9235
-7883
-7652
1004
9956
6184
-6510
6065
7225
2646
-6635
-2705
-8320
3718
-4596
7771
2936
877
-692
-7033
-4095
-7545
9240
8529
570
1871
3470
-5773
-9598
700
7958
95
-8056
-4616
-9293
-5446
8781
9931
7406
9553
6265
1209
-5837
-2500
-2535
-7005
9108
7532
9752
2348
-9304
9127
760
3737
-2019
277
-2629
-6331
-3863
4287
1097
-8454
-9904
-6391
5740
5518
-9601
-7009
6687
-4062
-4058
-1580
3735
-6693
-5763
-1531
-7852
-445
-4368
7210
-3202
-4286
8513
6352
5084
-6359
-4224
1005
5475
-7874
-4995
1777
-3207
-8543
7291
692
-260
-7939
-7943
-3008
-9118
-8220
-6643
3939
8700
6299
7596
-8368
7971
7705
9277
380
-7030
-178
-183
-4711
-5198
2293
-1507
-4059
-4431
1347
-4725
4609
4241
5140
3242
7114
1240
-4292
-2426
2365
-2392
-5327
1670
8025
6133
9841
-5394
-8436
-9603
-1796
7345
227
-3418
3212
-3970
4339
-7668
-8360
-8182
-9441
-4072
0
-4397
2592
9653
7486
9379
507
-6654
-9450
1119
-8781
-1950
3031
9767
-7068
6729
5270
434
5313
3848
4646
-7596
-9913
5928
9918
4784
8924
-1998
-9027
1259
2296
-4291
6816
9431
-6521
-9661
5721
2982
-3058
-2011
634
-5771
-6413
-3109
-7667
5962
-873
-9217
6687
-8056
4525
-75
-9188
-7978
-5434
4937
6308
-2769
7633
-7632
-6610
-6978
-3897
8861
9644
2424
-8228
9377
9213
-6645
3412
-2044
9810
-8034
8045
-4313
-708
2464
3055
-5180
4863
7011
9848
2295
-3936
-1274
-984
-5582
6523
5765
9535
-3452
3979
-9841
-5133
6500
7103
8744
3134
-1433
-7391
-439
-8277
4900
8578
-8180
5762
-2885
7723
3951
-773
6362
255
-1306
-2107
-8041
63
3504
6813
8195
-3972
4284
524
9786
-9765
-4148
2495
4434
-8282
4622
-5293
1105
3071
-6565
6538
8833
5567
-6328
4124
3283
-9831
5350
6970
4490
8526
-4550
-475
-9744
-988
4841
9595
-1245
4976
8978
-2747
2906
6061
-8024
-6561
4467
2420
7756
4944
3945
8291
6514
-5868
-1387
-6327
6159
-5843
-7844
-7653
-2121
5108
3584
-8560
6799
-6268
-8607
-4448
-3010
-5279
-6775
-4911
-613
-6522
-2031
8635
-9958
-2985
1538
-3176
397
8557
-5907
2634
726
1839
1090
5719
-1138
-9951
44
7774
-3041
6403
-4770
2979
3901
-9249
-988
7083
-9204
4462
-8347
-6849
2535
4764
8828
-9624
-7836
5980
-4792
5392
4953
-1387
5968
4068
-749
-9533
-1643
-2812
3238
-2478
243
-1692
-5485
9562
3599
-1163
9345
6424
7270
-1517
6491
-240
-1472
2704
5646
-9913
-9418
2751
469
-4306
-1139
4365
-2078
2516
1264
-2265
3895
-7654
-8609
8273
-4155
-9626
3943
-7275
-3212
3020
9859
4769
8603
3341
3244
5933
-716
8577
6561
6868
5871
-3351
-8870
-1019
1633
-9758
-1322
7613
-1273
2408
4711
4440
-399
-5139
8600
-4261
-9034
-3441
-2537
2717
-6646
-9678
-9890
-5743
-5977
-7890
-3983
6157
3918
1161
4353
-2362
4128
7329
-8212
6925
-6598
-8150
8482
9143
3979
2953
-5131
-3678
3077
-269
-971
-6815
-2687
-9986
6560
2990
-5661
4134
1398
-6843
3945
-6599
-219
239
-232
-769
3863
-9472
-8802
9393
3926
-5159
1161
-2801
9218
-6216
9173
-18
-9884
-9761
-9485
2281
-2006
-754
-8314
18
1443
8806
4861
2425
-768
-4653
-5007
-3439
7220
-5529
4300
9126
2818
-6894
-714
-9303
9955
-7812
-3182
523
-7156
-8620
-1463
-8498
-9993
-2502
-6578
5478
1610
7063
-8725
2159
-5765
8062
-1369
-4260
2881
-5102
6030
-1113
6168
-8260
-2176
-7268
597
5378
-592
8463
-2201
2082
6613
107
-9011
-430
1686
-9861
7767
7575
-7865
5845
2494
2791
58
-8571
2003
9805
5103
7758
-3430
1483
-5094
4866
-8035
-5628
-4740
8402
3668
3867
-9041
-1837
5529
475
-8037
-3308
-3154
-4284
3
-2198
6934
-4843
3071
152
-1870
3438
-8002
-3132
-9785
-679
1566
-6683
-3727
-4968
-838
-8774
-9959
-370
-3601
-3267
3533
-8144
9014
2381
-3268
3515
5696
-8334
673
8144
1491
2773
5264
9189
-291
-7573
5639
-7853
6518
2104
-1642
-3887
7124
182
-8028
7627
-4303
-4550
4124
7848
-9507
-7998
7162
-1970
784
-7962
-9215
4945
1026
5828
8940
-4566
4244
3071
9698
3845
-653
3792
5075
-5622
-9058
7313
-1260
641
-6791
-5017
-3338
7945
3285
-2839
9134
5625
3253
-4485
-9934
-730
9412
780
2134
9434
2692
-7360
7673
-2470
-9967
-6346
-3973
6226
-5473
-7620
-6024
-6962
2285
-1819
-4234
-4117
-4514
310
1729
-8840
9170
7017
3891
-5547
-9091
-3233
-1081
-7573
4721
9299
-2760
2783
3118
-6407
-7504
1401
-7069
7673
8750
6255
5913
-100
-584
5118
-2299
8091
1314
-5916
5954
-4769
-5159
-8180
-6291
9493
-3974
8322
634
-8728
1618
-2059
-3764
-2664
3301
-4628
-7521
1846
1041
-8305
6263
-6492
4242
-7196
-5141
6122
1302
1249
-3350
-8683
-4165
-5013
-3770
6432
-2777
1803
-3763
502
510
603
-9268
7293
4792
1296
-5796
7627
-9437
3646
-5449
3935
6433
-6789
8657
1661
5339
8983
-2989
-8535
-7857
-1822
-9064
-9402
-3611
9212
5402
4901
747
-9030
-9838
9411
-1558
-4563
5061
7453
-9017
3586
9745
-7972
-4828
-5261
-4805
-2801
3433
8895
-6355
9003
-9237
-4052
-3110
4755
-6256
8508
6164
-4989
-393
9106
3353
-6075
4555
687
8744
8511
-5983
9981
166
-2795
-3311
-4566
-4181
6438
-8108
-1847
8389
-9428
1966
9361
5548
1354
5561
5667
-2636
-5880
-519
-573
685
-7287
-8419
4529
7977
-9392
-3828
9620
-35
-9321
-9830
-8817
4734
-7330
-5242
5851
-9788
-9143
2394
-5434
-2926
9141
3190
2395
2112
-1114
8999
8755
-4339
-8299
6867
-9769
6704
-5919
-514
3509
2754
7562
-9648
-3713
433
-1385
5208
2295
5320
-3353
1362
-6179
-4335
-2507
7285
-2916
-601
7592
3063
938
9704
-5294
-4422
-3233
-1285
7804
418
-7727
7550
-1459
6675
3728
2082
-8803
4363
-1406
8178
-3568
-1658
-483
5793
-1805
-148
5050
-147
-2677
-3363
3750
-3092
-9251
-8404
-8434
356
-3066
-4514
-9838
-3996
-6200
-4369
-5852
9533
1107
-4820
6474
1553
1580
3906
-9714
9871
7859
37
4370
-742
5135
-7442
8869
-4074
7449
9197
-167
8104
8386
5461
-3096
-7574
-5812
-9899
8459
106
420
-1692
-7712
8162
6863
4044
-3095
741
1837
2608
-4742
9817
-5671
-8895
-452
1385
2661
-4391
-9592
-9963
-695
843
9873
-8401
-2553
-976
4674
-1928
-9670
-1767
-8965
6520
-4133
9318
-3933
-6865
-6200
365
-3956
-8484
2738
508
4702
1878
-6632
3344
-7806
-3978
8430
-7884
5863
-3626
-9283
-3847
1256
-3338
8581
-5744
3726
9154
587
7003
4537
4071
-1855
4830
-9591
-8210
-5239
4983
9896
-666
-6901
3177
5435
3813
-9893
6446
7672
723
1582
-3494
-6663
-318
-2505
7748
-1092
-2898
1061
684
-3378
745
-1866
5810
-7497
-4681
-5564
5650
-4106
-7625
4421
5027
-6177
-499
-1134
-4022
-8425
4124
7921
3082
-5535
3174
-9208
-917
-7448
-4699
-3996
3078
-4747
-4222
3328
-5398
-3600
-7051
-4213
1842
7637
1016
3806
733
-3630
9622
6683
6806
-8946
-1311
3671
9107
-1315
1403
2799
6330
-5704
8150
1715
-1910
8792
3308
-6163
864
-8885
-644
950
-9240
-7967
2869
8289
-4824
-3051
8647
-3311
-4749
-5946
-6513
8132
1567
4186
-1825
3912
4465
-932
-6181
-5026
6347
-8392
6138
-684
731
7532
9538
7104
4633
6671
3222
7716
4877
-2931
5544
-9757
-5685
3466
705
3104
-4779
-7855
9634
1215
-3742
9171
3944
4653
-5916
-8793
5265
-4817
1738
-9294
2204
-9234
7081
408
-1099
-36
4911
-5478
4773
4116
-4357
9586
5564
-6829
4180
6067
5042
-1111
-9501
-5072
-3065
-397
-1699
6423
-3033
-6829
-1374
9136
8594
5898
3442
1670
-9400
-4879
-1540
207
9994
-5215
6223
7091
-6407
-8336
7669
-7935
-9650
-322
9020
-3834
3890
3279
882
-4617
-9850
-333
-998
166
703
6745
-5670
9425
8576
1807
1100
-926
-4674
-4898
-3507
-4405
-4988
-4364
-6600
-411
6558
9736
3810
-3663
6361
6196
500
-6367
-6014
5178
-8366
9707
-718
-6543
143
-5281
-95
-5817
7860
-3377
-1939
4694
1939
1688
-7277
-4184
-1640
-6310
-6580
7592
-9580
6664
2519
4844
4350
-7396
-4181
612
5622
-3216
1376
6121
5561
7152
5305
-8583
-8828
-8762
-3662
-2802
1043
6473
4077
6616
2146
-7390
-9670
5618
6799
-8705
-4473
2822
-8705
-7100
4473
-5835
9496
-6477
2121
7478
-5725
-9716
-8291
5768
-9433
7243
-5871
5724
8696
3670
3451
8542
4674
3981
-5889
3342
-742
2349
-935
2921
7478
9989
-7541
-7713
4530
-3204
-2028
1523
6654
-9226
2811
8495
6611
5312
-3083
-3242
1993
6147
3526
-5118
6586
-5588
3890
-3194
-9380
1469
3135
645
-5966
6346
2680
-6019
-7751
2820
6307
-4084
4117
-9398
3252
-845
-1500
1714
8097
5710
-1172
4391
2247
-8738
-4486
-801
6945
2481
289
1577
-7068
-5970
4271
-7827
-8272
3107
-4147
-1706
-7450
-8906
-7708
5260
7908
-4837
3046
-8244
-6200
-8846
1534
7028
7136
6561
4516
-9612
-7105
-7638
-4084
6302
-3596
-5260
6796
-1631
519
7373
-6759
779
4807
5411
1080
2880
9635
1
-6396
-4414
-3567
3384
-9910
-8156
2956
5169
2156
7037
-6994
1430
1598
7737
966
7115
-3068
5798
-3452
8310
-3052
2631
7505
-3930
4868
-4906
4137
-6147
5906
-8522
-8875
-5013
7258
2576
-8566
-5566
-3319
3597
6158
5038
-5222
-6661
5739
-3688
7340
7958
-8779
-5254
-527
-2888
-5218
-2065
9209
-4800
9800
-5433
2054
-2160
4899
-4107
-7489
-6071
-5971
-2301
6073
5868
-4713
4080
1404
7790
-8036
-2745
-111
639
-8037
2246
9265
2732
-9300
2653
6539
-6505
-5050
-3217
-4376
-662
2973
4673
-4512
-4886
4814
7083
-3292
-8833
1295
734
-1392
-5384
-5316
-5403
-3815
7921
-1943
7637
7291
-2798
3250
-6604
2619
1105
9741
-6543
8866
8315
7775
-7883
-4871
6490
-4171
9675
-998
1331
5032
3169
750
-5556
-5693
-57
7484
836
2652
-9215
-6226
-2842
-6390
-2604
4383
-7816
6028
-4397
7999
4549
-2936
-7395
2142
2609
-612
7285
-4975
6268
-2401
-8437
5138
-3672
6980
-4555
-1156
-2514
-3897
3744
9770
-6691
7936
322
7337
-3279
1577
5060
4723
5494
9409
-1449
1484
-5286
-6993
-8033
9559
-8693
9392
5921
-181
8141
-1315
6165
-246
8526
1703
3833
6029
-8085
-433
4370
-2763
-817
3797
3081
-8374
4538
-8430
437
8429
7521
-411
-4316
7255
-7121
-7457
5242
-7064
5782
-7282
2238
-2949
-3374
-4494
5009
-6635
9972
-1717
-2788
-5996
9835
8027
1462
-512
-5625
9244
8323
5092
1705
-128
-8164
-5966
6742
8129
5339
-2728
-8773
-1963
-3884
39
393
6001
1808
955
7804
3228
6300
1434
5065
-5347
3702
2167
4092
8517
-1867
-9535
1710
-7137
2778
-2278
-7357
6143
156
-4205
8929
-4334
-191
-6178
9700
7402
-3506
-2499
-6236
-9545
3000
7846
-5797
6801
5287
-904
-1855
3579
-3152
13
8030
-6257
2612
4262
-3997
-4161
-1000
-751
1763
-8769
-1805
-4997
7043
-6561
7925
6865
-8438
9570
7455
8777
-6609
403
5154
-6489
6701
5274
-8372
5247
9909
9401
-8307
-5743
4249
4028
6263
-4976
-379
3292
-9784
-6864
-5590
2156
5457
6229
8004
-3713
3528
7666
-3421
-5332
-4483
7712
-9289
-8282
9257
4725
3805
-4771
-2845
5926
3319
9651
-5729
-5179
7854
-1444
8790
8249
2864
8773
-5100
4509
-5111
-3843
6406
-5390
1961
4151
-2960
194
6320
7281
2864
9344
-3924
-1327
-1115
-3621
-5790
-5255
-9124
5476
-6228
9364
-2670
5137
-6036
-5863
-9923
-9882
1215
3579
1508
-9616
9903
8792
1378
-5641
-4055
-6292
714
2432
7865
-892
7005
4097
-1927
9839
7025
8219
-684
-821
-5490
-9820
846
8614
-871
7297
150
-5793
6021
348
-9093
-9393
-4088
7154
3062
-5923
-9517
4371
8691
-1706
9857
8858
6182
4183
6554
-4475
8869
-2499
-1953
793
2323
2470
-5320
-3084
7963
-1863
2863
4589
-299
-6801
-5425
-2726
2700
-9074
2860
-636
-3900
7142
-5871
-4269
-6302
-708
-4582
3069
7619
9871
8013
-9246
9368
-5085
205
6597
9298
3397
6830
4909
-9973
9804
-763
62
-2409
-9921
6327
-3145
1921
-1626
-9709
-4121
3152
-8878
7378
6884
2619
457
-5256
2912
78
35
8849
133
-4487
1697
-8601
-2117
6416
-6774
5304
-268
