1222
-8138
2543
-7185
-4560
-4948
699
-6773
1273
8206
-866
6313
9560
9265
-4900
3046
8354
5463
5102
298
-8672
-3952
6518
4574
561
-9058
-8839
6767
-3673
4021
-5696
-9787
-6100
8175
5675
-5947
4637
4915
2478
7442
-9791
-4091
1313
2428
526
4899
4811
7322
-6989
1773
-4565
3223
-4295
6298
-3702
-632
6793
-2765
-1853
2017
203
-3598
6315
6194
-8504
-3627
-2250
-1977
-3518
8911
363
1098
7761
6676
2657
2020
5327
-7810
5581
6926
1313
-2300
-5171
-3911
-7627
1057
-631
5197
1864
4590
-1217
-73
6414
-208
6233
-8143
6941
-4555
9520
4503
2943
-7626
-7868
-3476
-8231
-7677
-7484
-1664
5869
3891
-3845
-4257
326
-5061
-8041
-744
-9466
8129
-7084
7514
326
-9940
-6553
-5159
5603
-9262
1404
-7730
2252
3795
4832
-9692
9693
8681
-5657
3847
-2698
-8840
1842
140
-3293
-7363
1525
903
6680
-6140
-3164
2856
-8565
2926
-3296
9956
5123
1113
3787
-4076
-2274
-4643
433
2398
7939
-675
-1298
1395
-9546
-6910
-6279
-7328
9122
8788
-9042
-2303
-54
4184
-8691
-3085
2825
-9664
-1319
7134
1841
-2898
-939
-6590
-1862
-393
-5191
-6331
-476
-8361
3694
-6628
2561
-7238
5970
4407
-3735
7140
-1408
9703
-2444
-2366
-5958
5468
-4500
7956
8922
9592
-9652
-273
-8500
7715
7078
-6574
6619
4241
-5573
-5650
-1938
6765
-4628
2713
4939
-6127
-4623
-6962
-515
-211
7896
-9482
1573
-4729
7606
-2490
-1823
-8283
7954
-8337
7168
-2222
-7631
-8088
-2841
-7996
8133
-5088
7852
-6055
-9988
8429
-9148
-676
2852
4941
5406
-4521
9971
5982
4388
-5239
-3531
-7104
8400
3957
5067
4488
9533
-2103
4293
-1942
-111
-8722
-457
-6187
4035
5127
2639
6216
1555
7568
-9296
4553
-3439
1449
-2799
-4390
-436
2538
1687
-6808
-506
1615
-1956
-6523
-9345
9045
-8817
-2949
-9437
4874
-2028
-5758
-9028
-8229
1193
568
-5265
7020
-2211
-911
5035
5262
-2421
7214
-2972
681
9986
2165
8581
-9705
2475
-4548
3419
-413
-763
-384
4934
6571
6902
1066
5647
7503
8884
3050
5148
9205
911
-2629
-7622
-1849
5153
-2331
9467
7638
9784
2569
-4
-810
8617
-3291
-3214
-8532
9560
-5628
-9991
7406
-2769
2744
8493
-5348
4437
-2485
4826
-2740
8881
-1767
-7518
-9879
9836
4129
-7031
49
1660
7377
5890
-8777
2571
7836
-5933
-242
4922
-1370
-6644
1204
2076
9011
2565
-1318
7474
6854
8391
-6240
-9121
-5648
7496
6552
1914
5454
3362
1190
984
-4667
3675
8824
-1527
722
3687
4404
4502
1894
-8851
975
2981
5740
-6727
8769
-961
-9923
4645
-4579
-5016
-5445
2773
4475
-9261
-639
-1830
-2001
5833
6657
941
2218
6313
-1648
-3918
-9140
-4350
-1348
1572
-452
6099
-8371
3590
8729
-3056
-1133
5971
2827
-1350
6066
-9062
-6573
-2627
3508
6796
-4457
4286
-8532
9955
5621
1020
2833
4919
8133
5359
-2754
-4731
5238
2233
1579
-1081
-4128
-1452
-1245
-4269
5572
2424
9833
3158
9725
7466
-6345
8654
9394
3585
-3579
-2367
7087
-7763
3234
-6748
-6296
7475
4756
4219
626
-6380
917
612
6626
4993
-8610
-2550
-7477
-7485
-2940
9348
-5045
8700
-6335
-7445
-7236
14
2087
-9438
6092
8671
-3524
-378
-9571
-2919
-5832
-1137
6633
-4390
-7431
2388
-854
-9998
1788
3013
-2586
-7866
-8544
3611
-3447
-5730
-4917
9175
-9793
-5675
-4499
-4982
-3761
6070
-758
-6282
1431
-126
-6818
-5442
-7738
-653
1438
9900
6845
2235
3493
457
4879
-5345
-3708
2264
9177
1708
-2926
170
-4451
6586
-776
-6030
-1689
-1640
7217
8021
-6
1479
-2192
1081
-5139
-8103
5331
3133
-853
-60
-8537
3960
1121
-7331
9125
2300
-1605
8702
177
-1993
-8734
-5707
7772
9899
3434
-6095
1846
-6681
4461
221
8563
6528
-3181
-5745
7301
3431
-7658
9621
4609
-9716
-8933
1443
-827
-7190
-6510
-8938
2458
2502
3217
4643
4829
6054
-1869
-2582
-5106
-8218
7438
-5203
-5284
-7428
8821
-3703
-8452
-2292
3686
-9423
-9305
-3800
8398
-26
-1663
-4388
2559
-1832
-1573
-7707
-4294
8830
-4483
-6711
-8126
9676
8899
7951
1978
6290
-6992
-6785
-3663
1530
4672
1655
-89
-8868
9805
-5539
4298
-4010
-7448
9205
-6490
-6940
-5243
4015
-5192
3006
446
1670
-3863
3374
2462
4509
6400
8388
1195
2757
-2237
-2233
2066
-4480
8035
3638
-3107
9876
8322
5317
-8199
4045
1864
4344
3219
1385
-4033
6719
-8629
-364
-7988
-2004
2870
9586
9097
8115
5829
-4765
7712
-2087
-568
1543
5111
-9961
-4571
-894
6268
7800
8803
-2284
941
-6306
4030
4740
1491
3488
9075
-7471
1853
3407
4911
-9843
7111
4145
1872
5100
7241
-4852
-4605
-3503
-1773
9944
-883
-8300
4347
8376
-5890
2310
7430
7262
3183
3804
7857
2073
-7170
-7828
3231
-130
9657
-3169
7749
192
4772
-5736
3549
-8548
2420
-6300
-278
-1219
-303
-4258
1276
2633
-8492
-9360
-9484
3440
-8578
196
7
-4019
-1476
1635
-9099
5670
-4125
-3393
1274
8470
-5517
-8423
-7248
3361
-6773
2938
5428
-6148
-8278
-9512
8814
2769
9336
940
-7330
8481
2200
-5326
-2850
8378
-2895
2186
467
3075
5812
5306
4938
-1291
-7691
513
5637
616
9335
5597
-6856
-8755
-133
-5196
2824
210
-1342
-5601
8445
7545
-8926
-3196
-7406
2100
-5739
5489
-9067
-6385
-5842
5570
4326
-9213
819
9219
8521
5104
9119
8867
-6354
-1477
-4637
-143
9810
-722
-15
4838
5082
9355
-3493
-8771
8644
3171
5513
4270
-5773
5541
2741
-4759
7051
-5829
2691
3278
9709
6266
1716
7702
-988
-8579
2766
2854
-162
6152
-7024
-3780
4330
3575
-5310
-5016
-626
-3067
941
-7859
-4131
-6423
5661
1365
6436
-1927
-4200
-3082
4515
7956
-1020
-2367
-3419
-8879
-4914
-2553
9107
4321
-3255
-8196
9695
-9825
7884
-165
4373
-5547
8917
-4440
-9276
-9720
-1068
-139
8753
-5314
9470
8501
8578
-1601
8455
7366
-4969
-7097
7245
5007
9497
-6781
1104
-3096
5398
4396
5136
-1055
5171
-158
616
3065
2879
5244
-528
-4614
-7064
7089
1776
7620
-1858
3675
-6478
-1884
-4500
767
3648
-5909
-7225
-3372
-5655
1968
-291
1549
861
-8722
759
1167
5042
-9643
8582
2183
9354
7036
-7531
600
-1910
9570
-3543
5372
-3334
5839
-7177
-8229
4075
7759
-57
2633
-2705
5316
-7398
-7895
9943
-8607
17
-5880
2732
-3944
-9596
617
6346
-8329
382
-5694
182
-592
9001
334
4691
8109
1607
2704
2719
5171
4196
-8179
8410
2776
7600
1052
-802
9929
3406
480
7241
3352
825
-5355
3838
5943
-7446
8185
-6323
-4260
-8679
-5140
-4858
1880
1704
-7906
-641
8534
9802
-3179
-468
4614
2035
-7282
7798
6851
-1417
6667
-5335
3747
-1972
-9844
-4652
8692
1360
-2705
2966
-4615
-1108
-7092
5805
6461
-924
2019
-7035
-6857
7049
7969
4454
5889
-7144
7362
17
8102
5828
-8432
8626
8526
5668
5552
-8392
4849
-8132
6315
8285
-4658
7835
-4585
6166
-5124
-1264
-9174
1339
7456
-8097
9766
-980
9960
9194
-5324
9036
1693
428
-5310
9554
3291
-5592
738
3766
2831
-4828
-356
1724
-2324
-7227
7032
4785
4814
7584
837
4846
-2950
-7615
8211
-9849
-7371
1403
1152
2797
7280
3294
6379
3281
6175
4048
-2090
6357
2868
-7613
9107
-3482
1645
6625
-3942
4217
5686
9414
3658
5369
-4741
5138
-6255
-6369
-1433
-6500
5756
-5787
-553
1454
8172
-4143
2239
6256
-3099
2362
-3015
2308
-5796
-3646
-8344
8316
6322
8834
-6558
-7480
5535
-1858
-6806
-6662
-2579
-2359
-3026
-778
4861
7146
-1829
-1025
9465
-802
4676
9963
-4439
-8455
-3761
9986
9467
508
6577
-4237
-8065
9926
6354
646
7623
-7592
4231
-446
9360
212
4330
-2256
7608
8214
4745
1611
6663
-8237
5853
3693
-3932
-5885
-2355
-3934
77
9666
6946
-7150
-432
6291
1645
907
7097
831
7456
2944
7784
2640
4259
-5649
5787
-9386
-606
2802
-5198
7063
-7449
-5125
6930
3441
-731
-1527
-4011
-6041
5255
2349
-9111
3429
6245
-9417
-3371
406
-5661
5240
-3169
-3474
-7431
-323
-700
-2887
-9532
3225
4972
1506
1107
2722
2136
8739
9655
-5257
-7956
9893
6749
3699
-652
7435
704
-5358
9365
-834
1134
-8216
-2039
-5957
-3462
-4330
-6657
3290
1081
8546
1460
-6673
9096
-8760
-3002
685
6354
-1262
5759
-5313
1827
960
-3327
1162
7299
-1656
9230
7058
805
5970
4849
4632
-4286
7984
-3026
1241
-4513
4254
8552
-3380
8527
402
-929
-7679
-3512
-1232
-535
5491
6341
1992
-6652
127
9867
-7263
-4690
-2847
-1430
1750
-372
-4882
-4047
-4239
-654
-7954
-2246
-1924
-4713
5027
2646
7386
3475
6361
-4009
-4585
-2833
3332
2722
-3446
3943
-3922
-7459
-4809
-3853
9324
1097
-8840
1022
-668
8898
360
-3293
8520
9414
3957
-345
5532
-8606
251
8725
-4342
-8296
-2211
5199
8708
7183
-7067
3330
-5719
6407
-4979
8956
876
-1917
-434
2563
5887
2747
-6068
395
1066
7712
1522
1620
-383
-2998
-1845
-5853
-7420
9676
946
-3889
-4755
-3237
-5645
4662
-7603
-6924
-4979
3098
-4990
6849
7614
6804
-8118
-9671
-7422
4348
6166
-2945
3600
4244
-4298
4183
-7055
1725
7336
7111
-9235
-9867
-5216
2661
-3011
2685
-3158
-7818
-7840
-488
-276
-7619
2986
-1912
-5267
-4293
3283
-2860
-6756
-2843
-1658
9844
-8915
-4196
-1420
4136
33
5476
9190
3556
-2862
1897
-6266
-727
-778
6332
-2214
-205
3050
-700
9507
2003
-5857
-7971
2165
5724
-3056
-4808
4505
-7779
2207
-2646
8360
3960
6826
-9374
8418
-1036
-5444
-4656
-5694
3963
1714
9440
-8574
-9818
7450
-4201
9349
-5607
-2323
1091
-1726
4754
9714
2295
-1381
-6243
-8149
646
7326
-1147
-1672
-8811
6582
3589
-558
207
-8443
7075
-5810
-8238
-7498
-2534
7079
378
6475
-1460
3782
198
983
6066
3539
-3485
8262
8524
-307
4316
-1163
3016
7038
-3110
-6758
7617
4103
1507
-6216
7809
-5274
8263
8878
9820
7606
-6234
8825
9921
-229
3015
-6661
-5301
9747
6836
-2707
3237
-6719
-4895
378
7853
-8528
-3473
-84
-8007
8820
7906
4719
-5557
-2675
-5765
-7494
586
9674
-8436
-1697
9037
-4102
4705
9816
-8669
2687
4928
6386
1214
-5464
5896
-4893
2203
4624
4593
-4150
5051
9548
-3710
-3635
2677
3606
-3012
-473
-8190
-9758
8405
-2989
-5984
-7526
-4932
-7032
-5961
3457
-806
-1657
6551
-881
-7084
157
6682
-2422
-1593
-942
-2934
-538
6341
285
-5721
7164
-4782
-5603
7566
3429
-9036
3566
-7236
-4386
7456
2117
-5867
1699
9756
9240
5065
9317
340
4206
2394
-3301
-448
8923
6698
7192
6253
8035
-4239
-8550
-3135
6429
6773
-642
-6049
1949
-4371
-5653
-2077
-9271
-9055
-2228
-4084
8140
106
-701
-3700
5463
8326
3906
-7800
-6119
4409
160
-5095
-1763
-6150
7659
-8484
389
225
6342
-4432
1986
6942
4067
2777
7183
527
-8879
-9089
-6522
-3290
8060
-7011
-7666
-9282
-7705
9825
-6694
-1992
-3629
8925
7481
1025
5552
1821
77
-4723
1734
3854
5008
-9250
465
5896
-5431
9805
-8184
4938
-3243
6287
1357
-5739
-8359
4012
734
-9442
2656
9891
2089
9453
1344
5850
-7159
-5744
-4926
-4215
-2108
6254
4277
-4282
8576
-8063
-9930
5376
-4130
1626
-4125
-9303
4748
-8505
869
-4301
1891
6769
-4861
-3356
-649
8490
-4917
-2051
3465
-647
-1304
4996
-6042
4125
9270
5326
8157
5467
-2973
-8770
-2318
2615
4985
-2328
-7483
-8898
-6629
7752
3364
9256
3484
-1698
-3248
8860
-8592
7672
9724
-7094
3114
9708
8213
-9204
507
-4098
7785
3826
5637
-3413
7381
-7089
4665
-6602
-8281
-2995
5046
-9946
397
-5398
7519
6364
-841
9066
3568
-4664
8066
-5991
-2535
-6159
-3864
8452
2264
-3337
-8514
2134
6000
-4166
1454
1044
-6083
6066
978
915
-1930
-5551
-1698
9339
5777
-3143
7747
-8961
4699
8267
-3030
-4714
1536
-5526
-7264
-7300
534
2017
7936
-2935
5742
-5149
-3887
3655
1500
1823
-5772
3462
-4725
2740
-2313
-3016
8115
148
8937
9612
1890
3356
7198
9806
-9218
4016
9173
9174
-7113
2326
948
-7448
-235
6079
3237
-7518
-9783
6798
5214
3669
3464
1065
-9713
-7797
-5367
-586
4084
2355
-6523
1569
1216
-5280
-7892
-2505
-9488
-5269
-7582
-9618
8749
-5419
3216
-905
-1819
9475
8522
2962
-7463
-7701
-483
9584
1283
-8759
9652
7535
5597
-9852
-1630
-2781
-7976
-9894
-2105
31
829
-9481
1341
-9447
-1210
7047
-6569
7044
818
-2720
2324
-9485
-1085
-168
-9459
9707
-7184
-1932
3299
-7159
-7813
5668
189
5288
-4687
-7063
9574
-9359
-6818
208
5647
-9684
-9863
-7706
-8597
-8929
-95
-926
-544
7250
5869
-5441
-5361
-5743
6862
-7918
-4729
-6919
-2810
8533
-5055
729
8993
7287
-1133
-6060
-5284
3548
2829
538
-9244
-5595
-463
-6002
-1420
-964
-3072
3046
2796
-9025
1275
-5691
165
-4339
3070
-6397
5092
3082
6571
-2414
6067
5122
-8441
6766
1510
-1142
539
-1032
-3322
-7655
-220
-2554
6851
2686
-1580
-5675
-3340
-1462
-5985
-5195
-5170
4526
-244
-344
-2587
-366
-9889
-9282
2941
846
-3224
-7359
-9962
538
-9015
7206
-1088
-382
7022
-5102
5466
2013
5896
5988
-3857
1562
7430
-9006
4417
-777
9610
-6527
-5063
8914
-3463
2220
3980
965
333
7934
4716
6584
-6862
4912
1258
-9265
4709
-2156
1517
7263
820
-3651
-4705
-6079
-1952
6598
9255
7356
4042
4800
3124
-531
3033
4910
-7593
-1710
8790
8384
9003
8869
7863
8665
-266
-3720
4037
-1372
5443
-8354
7824
-5104
6187
9132
7363
-1809
8451
-1186
3562
8648
-1479
4373
-1724
-7755
8833
-5561
-400
6373
2932
-2713
5741
-7474
-467
3400
-6270
147
5895
4091
-8616
-9814
4200
6848
9537
615
-2122
-6920
3333
6224
9129
8095
6603
738
5556
2698
4262
-8360
5531
9598
1669
-9073
6588
-6731
-7807
-7716
6188
4269
3549
-5493
7769
806
-7221
-6235
5379
-7709
6903
4546
-6512
-6123
5231
9329
-7280
-7042
7782
4136
2767
7305
-601
5282
-8048
-3436
5865
9739
-2192
-819
-7265
7444
-8330
-7873
8277
-6832
7823
-3610
-7169
-8196
5469
2234
2354
6742
-5748
-289
441
6113
7152
-285
7263
3605
-2803
9673
9038
-262
-773
5611
6829
2636
-6779
-4016
2497
-8113
-5248
-6095
8486
-2394
2170
6743
-6913
5968
4564
-6987
-5703
6247
-6955
-7007
794
3381
-4796
-7155
-3794
-735
-8426
-1893
3915
5508
-8876
-5569
-1471
1015
8570
-9580
7799
9825
-5838
-7602
-3046
6087
2010
-9300
8976
6166
-3838
3219
8646
9008
2023
6390
-8633
1529
8663
-1608
2336
-9774
2627
3282
-4801
3583
-2027
-9344
-524
-1068
-7258
9727
-5701
-9336
-6381
-1646
-5540
9579
-7037
8097
-5398
-7902
5515
8789
1763
-8080
-4141
-2064
5377
8809
-2699
-2264
-4185
5955
-8279
9494
-8187
9803
-620
7733
-1790
-8386
-6788
2865
-1777
-583
9887
-4360
-636
-6878
-1347
-3029
5669
1419
5339
2596
4019
6327
6833
4652
2585
8095
1941
4969
-9604
-6329
304
-4131
1673
7127
-4492
6962
-5899
6913
-644
-3329
1962
-7696
7942
-7558
-2972
-1410
-1849
4932
-7171
-9238
-7545
1495
4771
1635
5487
-7762
-5520
-6151
612
-7831
-2948
3093
-324
-2853
-661
3550
-4142
1871
-4558
400
9629
3621
-2367
517
-5058
34
-8528
5602
-9169
-5944
-8120
9801
-2327
-9723
-8263
4609
1392
6473
-9218
-5403
2719
-8778
-290
-9423
3821
9991
-7537
-1995
4456
-1579
1300
6360
2149
-9143
-1589
-2619
5509
1361
8502
-2959
-1060
2367
3001
3612
5814
-825
-633
8785
-8268
-8322
-7046
-8199
5146
5604
-9550
7801
9798
-7658
-3370
-2705
922
7662
-4743
-2524
6998
5438
5533
-1820
-2686
-8190
5690
2647
-8313
-29
509
-1877
2537
-2077
-9412
3328
-1302
-6787
1770
3584
3249
-8515
-3120
-845
2933
-7361
-2094
-8139
-8355
-4824
-4333
5797
8638
-7919
4719
3205
939
3046
-3364
6571
-3159
2141
-3990
-7654
-401
-1407
-5529
-8246
-8678
7279
-9119
6561
8957
5183
2992
-4642
-8240
-4110
-7199
362
2118
4075
8604
3711
4984
4112
-4099
-4641
9920
-5633
-6643
8956
-185
9667
-4378
9487
-8154
6823
7809
2084
5614
-5622
-3850
-9864
1361
8290
-8384
4575
8228
3033
925
-934
1839
-8401
-5926
8381
-7689
8390
5375
4794
-1435
-6625
-6377
-8428
9734
4175
5638
-7555
-5361
-8333
-9978
2140
892
9046
-8310
-8223
9814
5579
5871
-3657
2555
-8482
-5945
3312
-7635
940
7756
-2960
-4923
9207
-1808
-3650
8783
3971
5518
-2591
-3821
-3206
2701
2312
-4871
-2372
-165
-7163
-5893
9666
-3503
5131
9526
-2405
2004
-3355
-191
5651
-9558
7732
-8832
-5654
-4394
-595
6662
-8839
5536
5527
-8608
1692
8001
5110
-4535
8132
1906
-5627
7790
8725
-2902
2559
6129
474
-2655
-2114
9658
-6779
8444
6927
4073
4681
380
-8611
5182
-505
3230
-5880
2463
-5616
-7387
-4598
-5239
1179
-121
-5291
-4950
-4518
-3941
4433
-951
9950
-3627
-8101
5278
3825
-7276
-496
-3920
6920
9587
5245
-8265
7276
7528
-4430
-592
3128
9500
8814
1756
8660
9195
-2907
-7539
4991
4405
-159
-2535
-4985
-9278
-6864
-6886
-3299
5686
8127
-1715
-2418
5725
5667
3664
1305
-2691
-5133
7614
5812
-2315
-137
-9336
-9003
-9537
1253
-6621
5124
-8610
-883
8250
3158
-5995
9039
-5056
-4566
-6116
-899
-6293
-5150
-9834
4249
-7547
2790
4276
-3853
-3485
-1213
499
189
9913
-4948
-2437
2030
4781
2131
6519
-5867
7074
9923
6420
364
5840
1974
1524
-639
-8992
-8574
820
5507
3012
7923
-6240
559
-144
1296
-680
-1380
-9308
5780
6373
-4122
-551
5739
-8663
-5156
605
-8209
8728
-7595
-8850
-7975
6359
-108
-8844
-5300
486
2623
-438
2959
-860
-4285
-1491
-9507
8985
-1330
6177
2600
-233
-6445
8993
9542
-1916
6577
9681
-2247
4022
-3201
4520
300
-297
7597
3686
-8933
-7423
3816
2718
-8363
9125
-3701
8516
-7171
250
-1606
6759
-5183
3067
1228
-8144
655
4337
-3382
5424
2490
-7101
1467
1870
-651
5497
883
4490
7009
-4463
-9716
2102
4426
-8686
645
9175
4051
-6799
8198
1279
9522
-7487
-1257
-6898
-2049
3899
-8008
-3410
2198
-1566
9427
2108
2611
-2896
7804
-8261
-858
-8212
-8844
-7456
-3157
9319
9426
-8688
-7792
6614
8232
-8039
-1715
4869
3144
-4125
-5044
-5993
7583
8009
5943
-9316
-7727
5735
-2729
1231
-3992
1270
944
6394
3029
1233
-617
-2120
-1044
550
2955
-6066
-5291
9886
-6317
4878
-8202
1585
8469
8066
7848
702
5855
-7051
9131
1688
867
-4076
2444
9312
-5001
9442
425
4448
-9126
-8436
8839
1554
-2130
1194
-4653
4822
-5678
9765
-2917
4270
5967
-6670
-4194
1388
2985
8373
-5980
-6314
4016
-5247
4792
4995
-911
6856
429
-5294
5
-7676
-284
-5589
-9440
-3742
-9522
-8044
-1159
5118
2442
1458
3835
-2590
1412
5334
8630
-9517
2376
7667
-1795
-1404
151
3834
6896
6410
-2441
-2922
4676
9762
8864
-835
-458
3839
-100
-6646
7365
3536
2782
9730
8643
-3475
7678
-502
-3851
9578
-2335
-6772
1847
2595
4461
1131
-8086
5274
-8992
2111
5030
-8047
84
3366
-2199
-327
-9051
617
6786
5831
648
-5672
6625
672
-3074
507
-4805
-2434
-1514
-2073
-9231
-6882
-1158
263
1052
-6544
-3226
-7327
-3005
1982
-6737
6873
2483
-2288
9497
4602
4376
6013
4116
-886
-5614
-7610
-8712
-7417
-6736
-7262
7429
-6294
-5766
-3943
2885
90
6242
-2524
1213
5753
4307
-5782
-530
3481
-9452
-1287
-5300
-4144
9710
-1322
2370
-5250
4885
1213
-9216
5982
-751
7759
1353
-6421
-3058
-4804
-3790
-4691
-2656
7417
897
8492
2082
-9644
155
-4238
9538
3321
7829
7848
-8382
7083
8856
6144
8918
5338
-8949
-6745
-4613
-6752
-4240
7379
-6674
-545
2680
-2615
9340
-6807
-1834
-7143
3224
-3930
-9723
-9957
-5555
-2255
8911
-3049
4272
8078
-9197
-1556
7602
6275
923
9703
-1925
-2965
9180
-8312
8576
1894
-9018
-5211
-4518
9491
-3111
9411
-2772
3920
6312
-3592
5950
2899
5991
-7123
246
3493
-3138
3632
7874
-4694
-6843
2952
3072
-160
3938
7166
527
-4207
-6350
4434
-5347
8837
1023
2308
-560
-3432
1146
4302
-1533
1557
2871
-9638
-6657
1277
8682
6309
195
-6371
7178
1836
6279
-5843
-9125
-4447
-2701
-8302
1341
-9801
-9351
-5888
-3229
-4822
8973
-9719
-5579
732
-7207
-5088
-7635
-1953
4839
24
6388
6195
-7621
-5244
1519
-3738
-8067
7027
-514
-692
-9236
-7054
1072
1862
-2649
-4908
-2153
-3712
1225
9591
717
6889
3408
-6120
8565
803
-6481
-2122
2539
9802
-5492
-7148
-1797
-1654
9183
-4393
7860
-4252
5831
-482
-6720
5696
-38
-4016
-7399
6274
-6124
-7706
-8056
8238
5033
2092
-8979
-716
9430
-1061
-1618
-2642
6005
706
-4207
-6153
4930
-3402
-7425
6537
3861
8421
8092
2541
7931
-8886
-4924
2597
7759
2400
8027
8363
4679
9320
-2977
6873
-6078
8305
1094
-6526
4066
-3511
9841
194
7491
1589
1134
-771
-774
9533
815
-655
2961
-6319
9521
-6855
6959
2274
3755
-7675
-1995
-172
-6096
5255
-2016
1151
5160
-662
8947
-6721
-9197
-4654
2517
5383
-2008
-7770
7723
8655
6237
-7980
6878
-6689
7061
2769
5688
8060
-8769
-5231
-1832
-1815
-7807
527
93
-2405
-8488
-9868
-279
-9751
1753
4120
-2865
7345
-3118
-8019
-2584
1040
-3266
9075
2050
-9993
3617
-2257
-5878
9044
-9636
-2747
756
-8791
6661
4211
8462
-5566
-6583
9348
-6895
8594
-8841
2762
8858
5700
-5888
-3632
-9563
2134
-1526
7091
-1586
9298
343
8741
364
1461
7828
6327
4240
-8928
3721
6220
-502
-5518
-5622
62
-2934
-6724
5960
-8718
6968
2472
-3068
-6478
-5683
-4983
6256
-8367
-3638
7943
-5575
7365
5789
7921
9252
6363
-5592
-2746
5645
1762
9810
4452
2039
-1744
7496
6300
9567
-2499
7177
-4377
-2141
-9881
9346
-4325
7375
2389
-1027
2868
-9191
-3682
-5411
-1959
5041
9330
2328
-633
-5496
-3032
-4681
-5934
334
2071
-1861
-9635
-3182
457
-3651
-1938
6296
-904
7136
6755
8105
-3530
4759
5803
-8775
44
3801
283
3249
7032
-6291
-9640
-6968
-943
3630
6612
6775
-366
2083
6569
8414
-8302
-3645
7032
-2440
-8234
-1839
160
2384
3048
-3452
6986
-2571
-5092
-5378
-7238
-8112
-9013
358
2690
6290
-6380
-6636
5160
-6811
-2593
4341
-2495
8187
-2044
5742
7223
8929
-7135
7437
-2860
5135
-350
9995
-2316
575
-6311
4629
-1342
1446
-2508
-7044
-7456
-5572
-3232
-5785
-1468
-5054
-1102
6114
-4341
2076
-4579
-743
6879
9936
7840
5584
3558
5214
-1477
-2089
4624
-2448
-8635
-7735
2565
-9675
1401
2713
-9996
1782
6519
-4009
6093
8706
-7853
7709
-7784
-7245
-5396
-6567
-99
8466
-7077
2688
7325
-7539
156
-4495
-2887
-9164
-3557
-3075
-1247
9749
-1133
-5464
9561
-6941
8578
1463
272
-8233
3444
6170
-8411
-2944
-8584
2589
8971
6108
4192
-7365
379
-8520
2609
8011
-9858
4525
3054
1815
5245
7998
-524
5041
5696
-7429
-4261
-5987
652
-2981
6372
-7024
2396
-2008
473
8806
2606
-4613
-3539
-4521
-7408
-7512
1559
3277
-8597
-2758
1020
-9462
-970
-7645
-3792
-9322
-6949
-3531
2543
6855
-105
4230
7467
-8623
-8557
9138
2807
-1106
7750
2328
3439
4813
-9632
6457
-7580
6533
1894
9529
1611
-4824
-6579
-3322
6940
-4127
-2119
4578
-6854
-9718
6663
-3940
3388
-9155
-3407
-3072
-386
-5814
567
7388
9116
-6652
9622
378
-7110
9445
-5506
-5651
-9168
4383
-1529
4511
-1921
1146
-10000
121
-9763
5349
-6737
4132
-484
7613
3963
8029
-3539
4397
1459
-9387
2501
2236
-226
-2733
-5968
-6013
-6461
5765
-7967
-7543
-6128
4321
-9702
2863
2083
-3675
-9423
5360
-6322
9469
-6112
7158
-9725
8949
5721
-3016
-404
-2000
-5779
9406
9669
-1947
5301
-6413
-1525
-8089
2185
-1625
-7623
5470
9488
3279
-4597
-2563
5370
-4592
4882
-4181
8823
-2423
5237
-5234
-4812
-1189
-9462
-716
-7931
-7318
3079
8719
3287
420
-8122
-6194
6938
-4825
5591
1682
-5962
9179
1631
5309
9935
2385
-1019
-3956
1493
-1318
8178
8712
-3508
9492
1602
2476
-4361
6107
-2299
-7864
-840
1780
-687
-9485
-235
-647
9208
-71
9385
-8523
-9874
-6942
8593
-3299
6920
-3881
2631
6895
-4827
3583
-9370
-7716
-1032
7552
8952
-8788
-884
-3589
-2901
-9536
9569
-5774
-3066
-8517
2098
-8296
4887
305
7752
2350
8095
2236
-9838
4890
683
5710
-5093
9027
8749
-2380
-9592
8548
-5626
-7688
-9686
-3171
8627
-2953
7094
-6947
-685
-2476
-7083
-9486
7155
3987
7415
-8615
5189
9177
3632
-3467
4159
5986
-3153
-9037
879
-5919
-6670
6785
-2592
7682
-342
-993
-4052
3160
6441
-7300
2409
-2917
3229
8045
5053
6229
-7135
-8899
-1113
4978
1542
2642
6867
1657
-6917
8845
-8964
9199
6380
2773
-7081
4381
-9344
2842
-9375
7152
-3371
3617
9959
-5380
-1036
-515
7485
8252
4213
3140
7899
-1824
3002
6480
-2438
7089
-243
3079
4024
-4300
-5485
-4730
-1353
7312
-4163
-9258
-170
8180
-8728
6495
5513
-5387
8557
-7691
-7017
-8721
-4523
-4313
-1766
40
2333
-5396
5645
1943
-5948
7467
-4655
-5721
-8712
7396
-2236
-5869
5157
6518
7279
891
-916
3821
223
9198
-1612
-7100
-1400
-4465
-4175
3578
6604
6977
-5645
5696
-9790
-6233
-5180
3526
1706
5338
4726
-2574
-6348
-9565
2634
4603
4144
-9887
2317
-9587
-1968
7237
5019
-8844
5241
-4792
-1711
3030
-6692
3683
-4211
-3749
-9651
2160
9713
-4250
1133
9510
6089
2934
-1468
-3762
7576
-3196
2693
-6583
-1752
4513
-7554
-9684
-9046
-2625
-4574
4500
5498
-1162
-2359
-965
-7918
3131
8095
-1790
-8180
-8302
985
-5803
-9982
-1724
1317
7644
-7079
9356
-9753
-1387
6733
-9118
9493
2496
5928
-9512
-6030
-5944
743
3461
5338
-8289
0
1951
1579
8042
5058
675
9642
1728
-3435
-2979
6182
-2756
-1528
4110
5218
-6359
4290
-5007
-792
6734
-5424
8712
9710
1774
3712
8826
-1990
6756
-6255
-7396
5248
-785
-2590
-9123
1981
-8841
7137
-9814
5480
7865
9985
9682
-903
7485
-7625
-6224
2974
-4694
-5925
7219
-696
7091
7372
-1652
-2497
-1118
3402
-5289
-2304
-165
-504
-8033
8193
2351
-5717
2216
-449
9353
-3095
-4540
5153
5732
7810
9492
-2747
-2873
-8625
-8788
-8391
-2864
-2689
9586
2426
-5439
-8798
-4110
-4732
-5448
-6610
-4610
6386
9216
9614
604
5626
5642
-9130
9792
2887
-1907
-5060
-134
1384
4259
-6672
-8189
-5595
1516
-3330
8003
-9857
2619
725
5607
3263
-9877
2924
6467
-5055
6388
4329
7142
-6793
-9505
-8535
-7804
-3720
-2221
-2954
9321
-7947
852
-9096
7128
359
-513
-8433
-4265
6454
-9524
-2872
7640
-3745
108
-7060
4825
4782
-5546
6970
-3515
-394
3257
5493
-2145
-2320
-9230
1174
8119
3025
1663
-598
-9582
-3243
-725
8459
-7752
4509
-6932
-1868
-9443
-4804
2816
7088
3609
322
-1240
-7539
1476
-5317
9049
-1663
-7164
5004
-6547
8046
4562
3592
1735
-3021
6658
-628
-3175
2953
-5551
-4074
6928
9346
4895
7794
-1064
9979
1698
-4442
-5927
3401
-1047
-2160
-9545
7265
5625
-4937
-5380
-3236
1647
-1998
3920
2502
4277
-1167
-564
6272
8479
-4811
-9699
-5073
5794
-4646
-8902
-9148
-3560
3489
7801
-9811
-769
7831
-3296
8192
3895
-5039
-6533
3542
-6812
2915
7344
7926
-1222
-7380
-8683
-8014
-7889
-6124
7006
7464
4425
2208
-4531
5368
2360
-1790
-5798
-7203
-4814
4461
4116
4762
6181
-2944
3075
-680
-6976
1363
4560
-1310
-194
7697
-7484
8983
382
-6578
-782
-934
2979
3164
147
7592
9447
-7465
-425
-7295
-3176
1186
4654
8045
-2249
5958
6300
9406
-7761
-2608
-3419
9297
580
-6060
-2184
1089
-5189
-9375
2499
6165
6555
-3479
288
5881
-4874
6204
9416
4744
3442
5397
-1211
-3545
6934
6081
-1066
7160
933
-888
-9697
-6798
-8654
-6351
1293
-566
-7541
-4995
2031
-9414
6614
4656
-178
7748
5314
-1961
3380
9303
-5919
-6470
9634
-9225
4575
5646
-5901
-2733
-490
-8510
-2366
9235
-8868
-7608
942
8296
846
4751
-3764
480
-2816
-5877
1154
1777
8333
-4335
-8811
5018
8078
9926
-831
-5543
7240
-3100
8565
-1182
-5117
-9841
-5302
8588
8750
-3019
-3289
8911
944
-199
2696
-5868
-3173
6276
-1804
8376
-5567
-1668
-3894
-8067
-9397
-3262
-9125
-9283
-2320
5834
8999
-5403
-3016
6230
6964
-735
9768
-1253
-1132
-1642
-7070
2882
4155
4033
5391
1255
884
6916
1847
6632
6587
-3311
3744
-6490
7244
506
-2687
2817
-8699
-1367
4270
7733
-3309
-7208
7244
2598
-1124
-601
-6491
6955
-7622
3420
-6142
8825
1537
1408
2740
7165
-4429
-1581
3467
611
-8290
-2942
-1156
4033
-8706
4094
6055
-5878
-8894
3617
4121
4798
4242
-372
-3008
-3636
7928
1221
-9843
-2483
-5635
-3130
-9390
247
1436
-5047
7273
5897
-7490
2563
-541
6433
-7386
4904
-7061
8464
6655
-9543
5969
4291
-4270
4402
-3733
1361
-5818
-1459
-4244
-6064
-2394
8390
6801
-8989
9276
-6848
2861
8935
-4955
-6928
981
7279
-4196
7434
-9504
-2595
8453
681
-8241
-7837
3201
-8719
3656
-8844
4518
-5117
-6842
-3441
6587
-2752
10
4991
-7729
-3379
-5095
2902
5000
-9215
-7620
-5293
6477
-238
18
5783
5887
-3453
1229
-7213
6461
-1990
-3583
9996
9550
-2582
3740
-1735
8877
-9683
-1759
7784
-3112
3314
1255
-9505
7871
-5566
4040
8087
3227
7620
4640
7057
4330
-5133
-3656
5809
846
-4878
-4053
-9873
-5581
9652
1158
990
-3862
1624
-5390
1542
3062
-6551
6579
3391
5954
2554
81
771
2544
-7562
-7859
-501
-2450
-8894
2194
-516
3969
-6985
-5739
-9468
6537
-2785
9290
-5971
-476
4972
-7803
-5975
1618
8811
-5960
697
8684
3202
6886
5553
-8163
-6291
1516
2630
4804
-2837
-1523
-5352
-5851
8494
-5753
-4235
-3647
-7135
8642
-6864
-4341
7378
-9248
-3561
-107
3618
-1201
2625
8477
-5017
7132
-5454
5181
3152
-5958
2385
6261
-5320
7780
-4688
-1087
-5847
-9071
6759
407
-2199
-370
-5276
2586
6147
-9721
-8880
-6792
2807
-7749
2704
4026
-1993
4459
7043
5637
6970
-3557
8360
4230
-5449
-7470
-3856
3730
-6471
-5052
7918
-3762
-4663
4448
9907
8504
295
-5581
7916
1656
9555
-271
-2458
-7314
4477
3146
7307
1176
-6115
-3189
-2163
7702
7687
4001
-3229
6685
6679
-701
3326
6995
-6182
2737
-2752
6174
-6095
-4830
-5708
-2051
-4266
-2793
4869
6544
-6123
-6982
-8384
2459
8871
3840
9475
1193
-2993
-5091
-8663
3035
9415
-4985
-2605
-1988
-5468
8239
1579
3915
6557
-5235
-9676
-197
-3320
-6458
7959
9084
5983
-5174
1007
-3433
8588
5892
-1570
6638
5857
-6296
6354
-8201
-4506
2027
8371
-6626
-9072
-6927
-7743
102
-9481
6184
3353
-4767
3932
6208
-2331
6281
6012
-2964
2996
-2886
-9392
-55
9580
7171
-6920
8841
3839
-9364
-3504
5564
9474
7113
3776
4608
-175
-5451
6183
-2787
-1070
5929
-4926
6858
6375
5732
9940
-5347
3103
6002
2964
-6204
-1859
-3591
-4709
-3812
938
1945
4066
-2430
9207
-4983
5401
-8294
-6601
-2430
-4050
9268
8429
-6333
-3322
9209
1162
-6238
8557
-4004
-2895
-4880
-5075
7641
1220
-7109
7217
9587
4946
2300
5101
9264
3751
-4460
-4209
-9472
1667
4914
-466
