-1559
-3700
-9569
-5043
-930
7987
9781
-7659
-7218
5145
-8134
4883
-3256
-1349
-8553
-120
2033
-9761
-3012
3623
1614
138
-862
7876
-1617
6976
-2767
-2077
-8324
-7028
7024
8056
3039
-7269
2615
930
6892
8640
-6394
7879
-5373
9227
-1515
-7492
7606
2932
-374
-359
8617
6145
-8180
8763
7637
-5440
-2563
-9692
-1908
3909
-571
679
3348
2373
6863
2463
-4972
4435
5940
-5925
-5004
-1084
6858
-3286
9264
1415
1010
5203
-6579
-903
-2303
6037
7742
-7625
-4337
9326
-5848
9862
-1013
4288
4706
-5561
5449
-2032
2474
-5307
7008
7095
9673
-5651
7815
5897
-4272
8901
-8204
8758
1708
-8815
-5219
6232
4346
9044
9491
3693
3172
-2607
-3618
-335
4310
6197
-9507
47
4329
2729
-3040
-2000
1264
-9131
-1928
-8187
2748
4143
-6599
-3653
-8742
-2602
-4611
2705
3965
8562
-6207
998
4314
-9468
-2376
-9058
-2328
7566
-7029
7565
-9043
2746
1792
8483
-3487
3101
-5283
9026
6488
-5619
8746
7322
-2466
9629
6422
-9684
-1460
9911
-2143
9386
-3761
-4672
-3300
-5999
1204
6024
9543
2492
-2424
7020
6365
4542
4229
-9850
3061
-2806
-7552
-4354
-468
4258
4461
4671
6351
-3124
2149
4544
5352
-5427
921
-8548
5990
3724
-5805
-7381
9388
-190
-5628
204
3087
-6925
-9116
-5999
-8634
-2046
-4918
8928
-3431
8979
1321
9746
-5782
4177
-1866
6477
7008
-5439
-5070
2755
-6070
9006
29
1510
197
8617
4802
-4994
9720
3858
1177
9556
-6474
-8295
7641
5017
2986
112
2231
4005
3936
9291
8289
-6214
2362
5720
-9092
-6167
474
2032
-1842
-789
-9046
3491
-7550
-4861
9906
-4757
-976
-8229
3206
-1
3991
8586
4903
-8491
6458
-7539
-131
-2532
-1068
5749
-5010
8416
2414
-4972
-2841
3915
6055
977
-603
7776
-309
-1546
-8215
7649
-2068
8005
6088
2943
8086
-7067
6213
-8203
-4848
-2172
8163
789
-3397
9956
-4266
3860
-310
8002
-7471
-1979
-2383
-4602
1395
-1999
-537
-9903
-4464
-6335
-7943
-524
-9141
9193
8438
6479
2784
8893
3942
-92
8866
1014
3740
1469
-6001
7792
4295
-4055
7498
8908
5526
-6813
6015
-7620
8383
-6650
-6297
-4050
9010
-5861
3946
4360
-6733
4540
9704
-538
6745
-7230
6837
-562
3422
-6340
3846
-2823
-6951
2318
-5979
1872
-4142
-1988
-6768
-4754
4177
-1973
5193
8562
1367
-3729
-4962
-115
9967
343
9873
8178
580
2950
-3264
-7049
-3753
-6401
131
7952
-3995
9643
-7690
-1239
-6642
-6153
3837
-8104
-722
3743
-3275
5240
-3323
-1047
-7904
-9668
4820
-104
-1495
-3833
9755
-579
8616
2976
5188
-1366
-4337
-7795
6866
-9611
4326
-5433
-3732
5476
4585
-964
-2928
3411
-6352
-9713
756
7115
4398
7976
-9826
-5907
6380
-6014
9029
4796
6745
-2564
-903
9190
-1200
-4497
456
-7885
6774
8802
582
4745
8095
-6551
-1826
-305
-2676
173
-8458
9440
6702
6007
8546
-178
8123
-3840
3055
-1767
5670
3948
7849
-7173
-847
16
2950
6351
4921
-3226
5374
1800
-4426
-8803
-5444
7228
6861
1345
1611
3425
-2854
9389
-5495
-2905
-2328
-2819
7117
-6255
-9965
8982
-94
-8713
-9627
4654
-7972
5050
-8278
1372
-5779
4447
-7453
1079
-5411
-4830
4326
7490
-9500
-7815
5031
-6164
6079
1316
-63
2861
5500
6701
5290
-5447
-1856
1385
2392
-9327
-3442
-5740
9398
221
693
5278
-5397
-918
-5447
5231
-3461
-596
2410
4831
-2358
-6268
2255
2874
735
5976
5896
4480
-7097
2443
1206
1354
5136
4092
-6660
-4302
6747
-7571
-1225
-7282
-4405
2203
6180
-6848
505
-2166
2509
-9484
3713
-6624
-6982
2027
1433
-1504
-1127
7164
-3060
-9188
9921
-6791
-894
3964
-1202
937
-4257
1799
-2577
8896
-7676
2691
9892
2246
-5835
-2687
237
-6480
6382
486
2857
9169
6690
-514
-3396
-7722
-2161
-282
-404
9123
1790
4956
8223
7340
-1344
6114
7012
1471
5750
-4895
-8944
-9192
49
1941
-9431
5547
-2624
-7852
3577
-6722
5345
8229
1043
-2096
2697
6805
6971
5526
-6028
-8653
-2694
8652
-9636
3002
-7599
4782
-2577
1814
2675
-1841
3783
-5929
-7038
6815
8383
-5356
-1063
2138
-9946
4042
3586
6545
6794
-2357
6113
-9072
-477
2417
3973
-5073
1064
2386
-2887
-7391
-6978
5929
9592
4177
6771
2097
6825
-7195
-6450
9112
-6210
-964
8768
2753
-7456
3548
197
-6322
-8592
-4438
-7257
-4568
-9935
-3568
6318
8337
-4003
8243
25
224
4603
-1512
9102
4033
1007
-6342
445
-2482
-7271
4862
1138
-8257
2533
880
3292
-3238
-5425
6910
-6482
-9547
4632
4005
-2945
-3922
8030
3868
-5669
-3812
-4890
7884
-1059
-9632
9153
-6995
-5928
-2618
6930
-9692
3263
1855
8080
-2750
2385
7216
9943
-820
6959
7198
1139
-6496
8601
1926
4720
-2059
-4796
-1972
2902
-7737
7249
-3034
88
-9028
885
-5049
-6990
7413
4258
1814
-6244
4589
-9326
-3841
9152
-265
2243
-2821
-3883
-7525
7119
-813
7824
7753
-1538
-1086
-614
9221
6027
387
9867
9569
9657
-4335
8564
2617
-464
8643
-1666
-4218
-2503
-8885
-9649
-184
-977
-684
-8301
-1709
-3137
324
-7442
-192
-5389
3052
5972
-3833
-6441
-2634
-7085
-3011
2181
1079
-5387
53
-486
-1873
7190
1720
3176
3561
-6289
-9520
7923
3050
178
-3766
-5097
-9624
5841
-2196
3229
1335
1
-2943
2078
5177
6043
4624
4117
-1227
-8682
-3448
-3676
8834
7893
-8330
7933
9820
5640
-258
-5488
9681
-2471
1373
6364
-2793
-6215
-2606
1904
-1771
-1657
6056
-4280
4264
-8373
9800
3108
2745
-3670
-8292
1011
-4132
-9003
1141
-856
6435
-1124
-6646
-4909
9057
3779
-4218
-134
-1863
-1793
-1558
4494
5681
7012
8305
6253
3488
-4794
7745
2006
-7256
-449
2149
-9443
109
-7366
5304
7695
-7292
-2459
7892
-1535
-2290
9947
7517
-5655
6356
1558
-5381
1788
-704
9751
-5864
4537
-672
-707
3634
-1432
261
5531
-5250
-8946
3636
1336
-8717
-9006
7420
8727
-4967
-9855
3888
8544
9783
-1051
559
-8697
3383
4847
6077
-1404
-7536
-5232
5787
2217
-6874
-1512
2940
4842
1888
5465
-3081
9961
6003
9820
9845
-2006
8041
-1111
-132
-5139
-4460
-1778
-5410
-8602
-2778
4813
-3781
-2000
8767
-9211
-4351
3115
-5208
6037
1433
4392
-9246
2969
1178
9379
8725
-9907
-7317
-7077
-5283
-9388
5878
-430
-3434
-3379
998
-4981
368
-2336
5213
-5093
816
3347
-8003
-8105
-4933
1636
-5775
-1249
4871
-3733
4956
2262
7499
1223
7422
-2220
-6513
-1145
-4097
-8344
7131
2817
8228
5229
-464
1167
4577
5332
-2713
-3472
-4587
-3366
-6409
9851
-401
-4718
7046
7781
2596
-5023
-8675
7484
-7410
6549
6293
8093
-9357
-7224
-1180
4196
-4183
-9786
7751
-8538
5322
1810
-6916
9488
-4236
2176
1488
-1190
-1320
5917
3734
237
9416
-7325
3829
5189
-6406
697
663
4261
-6848
-9172
3213
2139
-5140
-4721
-1552
-9008
4346
6562
1422
3609
-5461
-1013
-5271
-7440
1648
3105
-5693
9038
-764
-9167
4231
-5685
-7371
28
9720
4896
-2327
-6476
-5491
-9516
4065
-2201
4055
-8395
-707
-4535
1208
-9254
-6247
-48
-8906
1574
-7261
253
-7670
-5125
-8796
-2526
-4863
-4095
-9396
-2722
-4699
7688
-5607
-8871
9533
-5548
5701
9894
-9655
358
-859
-9306
604
-606
9592
1498
2817
3634
7810
-7416
8357
-2829
-2591
-7158
-3389
3075
-2477
9367
3108
-5458
884
1144
7893
-5605
-2102
7673
5612
-5
1284
-7712
5203
-1223
-776
9720
-924
5968
5241
3470
4989
9677
-7103
-3715
8727
-7479
-2013
-5719
-8806
4174
1301
7277
-5638
-5229
-4652
-8219
-5613
6705
1606
6358
7494
-4458
-4929
8309
5963
2051
2364
-4690
-2134
-2359
5823
1853
-1620
33
-8710
6449
5676
702
-2719
-4927
-9876
-8084
5195
-7338
7803
2000
-6947
-3721
4311
8720
-8260
-1783
4064
-36
-7781
-6574
6257
-8958
4929
-6432
5696
-8081
-1549
4611
3734
-1275
2614
2660
-9978
608
8977
9917
7098
8171
-7403
3266
-6623
-6838
4397
2685
3174
4892
729
-1069
-8214
-6920
2961
-1298
-2130
7410
6781
-9588
-5197
-4090
4484
1790
-3836
5201
5567
8507
8433
-8602
-5063
5612
-2987
921
-8990
9116
-4823
1774
81
-7169
-4730
1521
-9824
-7431
4002
-955
-4760
-5071
5061
7898
5988
-5178
-6632
-8739
-862
3531
2749
2627
-4974
1344
-7272
2245
-704
2862
-2047
7872
5841
9489
-7363
-791
2092
526
-7939
8016
-8636
8510
6310
-2759
327
6668
8193
-4112
-3630
7059
-1187
5008
5899
-588
8968
-9691
-5264
4304
8066
-616
-9017
7092
-3238
33
-8168
-2235
-476
3303
4600
-4170
3789
-9442
5154
-7199
-2999
9336
-3859
-5947
-5047
3612
-9549
-876
522
-246
-1111
7351
-498
6647
-6771
3376
-6134
-2171
-6951
9440
4947
4810
-2507
-3660
3196
149
1418
-6841
3391
-1569
-7398
4978
-9574
-8186
3288
1237
-747
-1006
601
-5522
-4556
8403
4125
7355
9207
-9169
-7108
6986
-1453
-5106
8220
-402
2463
5430
-6221
6229
-1396
-2076
-2066
-6378
-8577
-8422
-1047
-7739
6335
-3916
-9474
-9234
-5736
3619
1409
-7087
1747
4768
-994
-1307
-7664
2145
-5048
8077
-2062
-220
8750
-5973
7943
2863
4505
-8774
-4317
725
-335
3981
4995
2328
-9559
4121
-8040
7356
7891
-7395
-2003
-9672
-7613
-5318
1878
-3207
-1014
7594
8494
5979
-6895
-8688
9976
6273
-4613
6290
2883
246
-9884
9196
3603
2118
-5353
984
7704
6469
-6806
-6336
6060
-7162
2819
8824
1796
8952
1624
2573
-1340
5895
4035
5310
6213
5390
5368
-7038
-9589
7849
-2469
6777
3093
9809
-4217
9671
4838
2646
5147
8116
-9268
-9923
-2195
-3501
-3041
3937
4032
-9672
-8852
-5986
-875
-5273
914
5557
-279
-9766
-1584
-708
-971
-7102
-8587
5717
2503
1783
6164
2299
3200
-4357
1570
-7550
-2709
7275
-356
5222
8299
7470
-58
-6832
5990
-9025
2110
-5719
-8574
-7863
6053
202
2649
512
-8456
-1674
5875
-692
-1350
-9695
3870
-728
-1438
8898
-3365
-9596
1855
-1916
4562
-5792
2834
-8394
980
-1158
-6276
2668
9523
-1297
-1932
-1682
6954
9260
-9669
359
1551
1851
-3110
-3742
293
-2037
-4866
4004
-2627
-6746
-2481
5655
-1584
6622
7281
4151
1820
-3199
-5363
1515
2021
9379
-1108
7538
6027
-1125
8831
-6670
3026
1814
7413
8814
2201
-5862
6110
-6872
-1356
4865
-7137
5139
-2178
-7823
-2053
-404
-7070
6764
-4507
1978
-3757
-498
-1492
-7756
4247
2170
-8871
923
4150
759
-4684
5913
-6831
2760
5460
2847
-4446
7911
-6641
-6834
-4493
-1980
8087
-2222
-6212
-447
9580
2192
5881
-9151
-9295
919
-3869
-1927
257
-8935
-9158
624
5948
-2306
-8980
9956
6455
2753
-2193
8175
-790
-8968
-5073
-4674
9363
-9005
7304
7347
2970
-9870
4140
-5742
-1120
-3198
7919
-920
3041
5280
8439
9229
9275
5562
-7050
-5217
441
-275
-3738
-8372
-2417
6814
-9969
9428
-3975
-150
2627
4653
3749
-4666
-5942
-664
-8279
3549
-9039
8120
-1842
3161
6433
9917
1810
-1638
7602
8416
339
9391
-9649
6644
4336
-4143
-3964
-455
-872
-4680
3802
-2145
4457
5573
4724
1190
-5936
9805
-3983
4450
153
-7445
8088
6413
986
-6302
-23
-9905
7870
-4830
-8909
9042
7515
8464
-5230
9143
8154
8054
4212
-2838
-1372
3066
8372
7653
8337
-2852
-7864
-7991
-3068
-6409
-3809
-3622
-5287
-4814
-5507
7525
9343
748
7140
-8267
3723
6436
3390
-5967
-7738
-4669
-6250
-6328
-8113
-7597
-7230
4230
-8438
4492
-150
6942
8653
2777
-9750
7138
143
-6273
-484
-7575
-4338
853
8001
-2570
9222
456
-3086
-6214
8641
5767
4121
-3627
3905
3777
-9471
-9519
5789
8915
-5660
7808
-7783
-5458
648
7119
-8167
-6552
4099
-9610
-9359
-7288
-8128
-4760
7837
-8057
-2693
-5514
6920
-9637
-9521
1486
7696
-3351
7288
2797
-474
-8001
-8592
8571
267
-318
-6221
6114
-5031
-7117
-2172
361
-4645
-5526
-7954
8298
1957
-2247
-8796
9767
4591
-4079
7569
-4320
7693
-9680
-6460
3562
3295
-6918
5749
9864
0
1040
-9370
-5205
-2806
6395
-6398
-8443
-6939
-8449
-6073
5372
-8644
-3432
1506
-3524
2571
141
3855
-2908
-2598
2094
-4414
4590
3229
8574
6779
1361
-9213
-9889
-5102
-8592
-1524
-5626
7250
8837
3992
4624
-3637
738
-5117
-1934
3501
1338
-3792
1126
-400
-1061
-6071
9959
-7862
-2287
-2449
-3661
4253
-5704
-1615
2835
3212
3447
-7128
-2361
2247
4387
-8079
-3578
7492
4912
3401
-4482
-7028
-7981
2248
1728
-8653
-4380
-9571
3817
557
-2645
6906
-6986
4936
-8392
3242
4082
5292
-9470
-9811
-1927
7860
-737
5650
-4593
-6451
-1073
-7878
-8349
-7799
-5727
-1754
-9060
-1498
9087
-812
-4336
4530
-6512
-6605
-809
-5481
8998
957
1602
7642
-1165
-987
-261
3352
1259
-8619
-5187
4187
-1707
1858
-2992
-2912
148
-4612
70
3441
3766
-5576
-9171
-4502
-4296
-4300
1783
-1185
-7093
-4435
7734
-6081
5341
-9877
-582
8364
-9591
9512
1074
4815
-3651
-154
1249
-1522
90
5330
8599
-8825
2561
-9608
3107
-4882
-7532
-4352
9964
-5207
5064
943
7292
6476
6786
-1811
1291
-2979
9415
7937
-891
-3182
-3771
3877
219
2059
2579
-7815
9968
2065
5090
4680
-8079
1944
-2975
-4919
-6102
-7912
-9871
-192
31
-6188
-6459
-9926
3457
-9321
-4010
9469
-6481
1328
1998
1375
5988
-8248
-9504
6277
1589
-1400
5968
-8755
6843
388
-4079
6589
-7203
-1652
6535
8927
4530
6269
8807
9980
3025
-7611
-2051
-113
-2912
-5443
-3896
-5418
-6341
8128
9921
237
-4621
8666
5370
4454
-7122
3530
4882
-8852
9942
-5433
7811
-7338
-6835
2515
-8139
4431
5739
-6766
-868
-41
-1765
-3927
-1306
1265
-1513
-5631
9740
2718
4184
2034
-1586
2728
-2130
-9869
-2307
-2602
7170
6456
7160
-181
9322
5018
-8116
-6841
1420
-359
4200
-9251
-6505
-6920
6921
-3292
-4851
3061
9476
7761
-4004
-6482
-6964
-9771
-8335
-5678
4986
-2053
-4240
1489
5691
4777
3360
-942
3567
982
-8960
-2837
8116
5179
-9970
825
6917
9316
-3080
5079
-500
8903
5774
-8100
-9996
-4821
2197
-3663
9563
-3098
-9364
478
8220
5766
3363
3746
9919
-804
-3950
8446
6429
-8133
1171
7965
4924
1634
-9550
437
-1043
4265
3738
3048
-8632
4459
4528
1482
-9371
-7224
5642
-7655
-9066
2622
9825
3956
-2510
7614
-7399
-6312
-5485
-4689
1696
1558
-781
-2121
3534
6853
-4848
-6221
-1263
166
-3150
5540
-3826
-1217
5174
610
1719
1688
-4574
532
4802
2009
5992
9458
-6494
9549
7720
1883
-1031
9699
8564
5521
-4211
-6946
-8006
-4510
-8313
-7839
1101
-3720
8739
1497
-3400
6981
3314
-6184
-6639
8238
-5180
-2429
2936
4805
-6726
4096
3797
-6188
5101
-8928
-376
-244
-9525
-9128
-3089
-884
-6824
-788
1979
-7915
4386
-8144
-4002
-213
9117
4988
-9809
7927
-6839
-888
-526
8109
9081
4335
4537
828
-3225
-8363
-5340
9647
7568
6807
-4179
-1099
5030
-910
-5334
2766
-7947
-6715
7711
-8469
1666
-3374
-3684
-2112
-6539
1339
-5017
8805
6261
7234
6152
3032
-5539
-9149
7102
8828
1544
2079
-1828
-6211
-1748
8262
-3023
1425
-5377
-1323
-990
-5966
-6931
6251
2488
798
-8024
9525
-5295
7697
-8127
-4956
5556
-9228
-5706
-1214
7979
-2521
-8730
-6411
-3391
9696
7535
3590
-4277
-9573
3658
-8544
-6518
1122
-5374
7986
4750
-9000
4429
1752
9518
-5488
-8712
7483
-6708
-1147
-2475
-12
3614
8594
9117
-545
1448
9950
-1501
2651
1093
-8706
-1335
3072
7468
1030
2217
-5392
8001
-9857
-611
3740
2384
7513
5261
1842
4069
9058
-8292
25
8724
-9074
-637
-9018
-1308
-9177
302
4786
1307
-2211
4481
3075
-5218
1739
-5535
-5781
6398
2265
-6480
-3850
5056
-6411
-3752
-3021
-5324
185
3767
-9358
-2114
-6430
-5054
1325
-7774
-9553
-9606
3878
-7445
-1726
-5484
7970
-2441
1874
7691
5759
-2989
-4000
5854
-7805
5235
632
-5379
-3579
2534
-524
3341
740
-7742
-7140
-1678
1787
1476
5898
7943
8951
-1130
-3662
8308
9463
-6797
3557
8350
-3729
3201
1843
-4658
8335
1236
1242
4319
-4320
8778
6938
-9954
8673
-8068
-7239
-5096
-3658
6127
853
-8469
-4203
-5465
-6603
-5981
-8368
4605
-9506
6084
-9670
-1862
-9153
7598
2923
-1237
-2516
9024
7182
6287
3485
-4931
-334
6408
-5724
-8093
9973
89
-3753
-5706
-4265
1370
-9559
4227
-4712
-9025
8499
-194
9945
2761
8760
-3678
5987
7136
3259
6988
3765
-1826
1444
-3659
9113
-6362
-1234
-1843
3947
-8544
8052
-1768
9882
8348
-8756
9137
-7155
3343
-3164
-5008
2385
-7376
-4825
8031
8450
-1613
-5695
-6722
-8559
-5878
-6474
7887
-4450
8702
5487
2271
-5571
-6465
4208
33
-2097
5597
-6788
6769
-9677
-6930
-4281
-5425
-7903
7975
1646
-699
-7702
7154
-7079
293
-5055
-3833
-8715
-1723
-9752
9378
3351
4325
-8278
7388
-5472
3517
9308
-5777
2549
-8479
-8818
9428
-4380
4942
9328
-9773
-48
-1977
-4443
6837
-5972
-5382
-5492
-55
-2485
552
1840
-6459
-4386
4552
-217
8727
-2989
535
-1285
-1022
3354
7616
-3585
-7546
-555
5831
-5984
7301
-3149
-8925
9808
-8686
-312
-7367
945
9221
-1498
-190
-367
-8980
-3964
-7079
-8790
-1095
-3975
-1423
-7453
9081
2133
-1010
-2370
8693
-1871
-5461
3855
-1483
-2889
8585
6568
8338
8065
9386
-7911
-3865
3205
-7640
4191
6718
3885
-8675
4667
-6675
2606
7265
-3303
-6618
2480
-2390
6874
-6430
-766
3045
-5917
6265
6705
226
-1953
8655
3311
-1759
392
2474
-2036
4756
-3561
-6912
2585
5107
-2452
-299
7500
-4665
8898
-6872
-2641
4546
2188
-4387
-161
-7322
-5375
-6868
-205
-1791
6929
-9712
-1139
-1481
-2790
8873
5888
2063
-2376
-1913
3686
3467
9636
-6352
2379
9645
-6867
9897
6330
2626
4670
7936
-8907
7827
-6165
-5940
-6580
-4398
-7389
-8356
3701
7801
-8649
-946
3212
-1804
3536
588
8723
-3576
-3294
5083
-7642
-8690
-4271
5650
3432
2494
-5317
-6485
7385
523
-137
-9003
6826
-3405
6872
-3208
7126
-1089
-3460
4993
-9527
-7079
2690
6144
5386
-5890
-5315
3285
-171
5920
3024
3091
7317
5568
5682
-3732
-2849
-2560
8803
-6656
-6612
5182
-7938
8628
4867
-9394
-6366
1212
2053
7646
-1302
3783
-6582
3630
-1662
-6586
-6692
2161
-7389
-2370
-7562
4932
6299
-8677
190
-957
9475
7996
-5843
-5210
325
-9703
7298
-153
-5634
-5921
-9525
2646
-9122
-3275
8013
3085
9368
3900
2481
4508
-4298
1976
7400
6883
-3854
-6571
8421
5837
-962
-7669
5593
5655
-8461
-9836
-81
-3572
6256
7203
980
-6069
-8651
-4194
-2785
8180
6535
-8721
-2089
3675
2908
-8462
4153
7365
-3080
-6278
-6170
-772
-2823
-7821
-4188
8926
-8714
2942
-4993
-9147
4973
2655
2528
2335
-219
-5089
-855
3507
-5714
-7104
2098
1101
-3926
3085
8325
3923
-2539
8789
936
-500
-4368
-6045
-9711
-8107
-8121
-3658
-6439
-7725
-8369
-867
4772
-6834
-5679
2388
8793
4044
-9468
-8240
-7687
8350
6791
7292
-2846
1026
42
-817
-6766
-60
-5308
1179
173
-5408
-1026
1248
4941
8341
3470
-2114
5608
9673
-1605
270
-1517
-9774
8895
513
-4978
7905
3759
-7552
8213
9650
-3534
7529
3318
9007
-9054
483
-4984
6030
-8255
6173
-5308
1828
7550
-8605
3646
-214
9182
-9109
2206
-9291
-1216
3887
9797
6917
-4403
9572
-2019
1079
6733
-9524
-6055
-9987
2210
-4356
2178
-6956
-5066
2475
2116
-1971
-4481
320
-6481
5293
-7693
-7416
9635
-8362
-1344
8342
543
-3862
-1864
-2317
2447
9840
5760
1189
2532
2481
9788
8336
-5124
8333
9150
4230
-8437
-9567
-9111
9215
-5393
5209
-1706
-448
-3624
7176
4592
-7886
8400
-2431
3513
-3686
-4946
1599
-3330
480
-3355
9985
-5119
6588
164
9083
-8457
430
-5533
-5408
8684
-2163
-3921
8742
-8657
-7858
9178
3736
3341
-429
2056
-7244
-3398
1961
-9276
8685
901
4078
8486
2323
-6267
-6569
-2742
-8394
-538
9607
-1433
4707
1290
1587
2003
-1549
3579
2865
8246
-513
-9606
-5499
6497
-2204
2047
449
-582
8702
-6399
6655
-94
4120
7068
913
-4191
634
-453
3507
-4946
7947
-5798
2221
76
1328
-1222
-6511
-4767
-7065
7983
4389
6286
-4468
-797
6878
-3071
405
5802
-8773
-2084
-5744
-651
9882
-4346
-3074
3108
7938
-8770
1586
-5540
-2902
8705
-8097
-2715
-2554
-3895
-2872
9458
-907
2987
5099
2860
4272
-8141
5672
-1010
4585
-3850
4261
6465
-6015
-6620
-3602
-8100
8784
-838
6340
9339
-3639
-8837
8862
-4308
1499
-9941
-2106
5956
5399
4102
1513
-1845
-6063
-654
-6996
3932
-8177
-1616
9091
8464
1762
2049
-9310
-840
1905
-7017
1094
8214
-563
5850
-2774
-9497
6143
9627
-5445
8418
-143
7041
-6784
-354
-5240
-7165
6476
-7752
5926
5002
154
2117
-1037
7181
-6520
-2822
7314
-675
-6690
-4240
4554
6969
5673
3107
5807
-7794
3410
7419
-600
-6216
-6795
6660
5224
-8645
4721
-720
1759
-9154
5330
1444
-6688
7411
-8393
-6469
-697
5452
6003
-9692
-3609
-6568
1629
6553
2225
-1633
976
-5166
-4329
-4373
8068
-6236
-9083
7248
-6520
5710
2638
-3923
-9027
4158
7866
2585
-7790
-5963
-8858
6820
4813
9620
4055
7154
3756
-7629
6686
-6927
-4429
-806
7600
723
6872
7180
3486
2238
4470
-62
-2979
-1150
-4553
-3379
-4243
5362
-566
-4883
-206
-5768
-2019
9501
1853
5632
7158
5714
-5709
5594
-8594
-7636
-8958
-8346
3950
-4228
4545
-4106
2014
4963
-9017
-9147
-9846
-8185
-7880
-4853
7821
-4363
-6810
-4049
-7696
1531
-2183
4652
3420
-4278
-1067
-8126
5674
-852
-9093
-1636
8854
5170
4418
8352
-3603
-1816
7380
-9899
-8883
2486
8370
-8623
-5047
1751
-974
5017
3425
-8500
-3481
-7454
-8499
-6977
-9476
-7171
5940
-7920
7457
1358
3472
6027
125
-1163
-1816
-4636
6347
-9428
9830
2399
-2648
-5063
1340
-9500
6533
7113
-1160
2961
945
-1746
-4308
-1519
7723
-9711
-5523
644
-8056
86
5867
7337
-9625
-8578
-9389
2566
-3348
5057
5632
6398
-7511
5555
-3093
7203
3376
-8499
4675
-1666
4362
3643
-8615
6754
356
4814
7433
8291
9782
-4406
-3017
-3326
-4703
-8339
8128
-5096
8391
5131
-3350
70
573
1664
3744
-6274
2876
1243
-1360
-914
-5852
-6646
8153
-3179
9415
-1981
-8796
5002
-548
2382
-4456
-8583
-5643
9854
-6664
4493
26
6888
5091
-8301
3880
6871
-4230
-6852
-2018
1764
1811
7543
4807
-3061
-6092
-5244
8884
-1573
67
-1895
9279
5291
8156
-3192
9032
2219
4895
-5309
8477
6887
-5824
-2114
-3977
-5063
-7860
-9970
5099
1063
-211
2876
9958
6047
-7136
5441
773
-3674
727
-4994
-5574
-1578
5284
6963
-7399
-3295
4826
-9626
9377
5426
1814
5283
-2603
-9137
8262
-4966
3871
3403
76
-2911
2016
9797
1650
5197
-4858
5079
581
-4172
3556
-8374
-1669
-6620
7581
4282
-5293
-8945
-1412
-1928
-7727
7099
-3609
-2652
-9985
-2468
9940
-5815
-7392
-7448
-4905
3009
4215
6099
-144
5894
6435
-5901
4024
-1774
1001
6400
-3951
-4115
1775
-9296
1891
-2223
757
2446
3975
-5496
-8179
-7097
7099
2820
-6572
-3732
8964
6999
2008
-6900
3171
-7385
-388
-3552
-7616
1312
7848
2546
2741
-6366
-2160
-5256
5975
1044
6337
-8481
84
-958
-6559
1245
6095
1337
4018
6483
-5956
4341
4298
-7097
6160
-1415
8523
-3415
1179
6784
-7638
5712
4769
8058
-4927
-1098
7918
-3876
-2158
8842
-4573
-6536
1571
-1978
103
-9650
-9352
-5913
-2958
-6980
6199
6686
6924
-8842
7121
2492
9979
6720
5705
-2151
5870
5056
7740
3315
6222
1594
5327
1371
-4229
-4089
5357
7229
5816
1727
5606
-8505
-517
-4171
-7608
-3948
-2261
9796
-7916
-5392
-9767
7380
-8410
-5006
-7293
-2286
-1911
-8150
9136
8992
-1500
-3777
-5458
-6744
-682
-4970
-2754
4018
-6799
-1959
9615
-545
1964
-8756
7294
-2693
-4167
-2399
5043
9165
-6208
-733
2170
-9169
1616
637
-2351
-4482
4828
3649
-836
171
-7554
61
1901
6106
-4463
-5725
2127
2880
9137
8051
4921
1248
-5554
-8966
-3067
-3788
-1285
-2992
9009
1130
-6071
7974
7122
2795
3445
4547
-8232
4461
3706
-7896
-4317
9305
3665
2062
-500
958
2344
2637
2171
-9563
2052
-8497
-7430
450
-1150
6975
-8898
-7018
8183
9757
4370
-5554
-7070
-8708
-2820
9941
-9536
1812
801
8436
4092
9465
4428
-3082
-524
-479
-3806
4663
5060
5310
48
2598
4182
-1270
9791
-9663
4384
-793
8551
6036
1095
9159
-2163
-5782
2452
2541
-5050
-1605
2632
675
5166
-471
5074
1068
8037
-3517
-8049
3197
-6554
-8585
-3771
-1899
-8898
-2631
-7543
-8823
-4307
-4321
-5230
9663
-5257
4179
5821
2718
5089
794
753
1280
-2089
6823
-3252
-8299
4629
7758
-9009
6872
7053
9795
4179
-4156
-2739
489
-7920
9539
8980
7391
4453
-89
8144
5322
3990
7630
-980
-2565
-2770
2143
-837
9869
-9914
5628
2093
-3885
-2871
9016
-2145
-8406
-3764
-2312
3939
-2615
6181
4736
5204
5455
5596
-7296
1317
9164
6957
-4988
1034
3055
9781
9599
8187
-688
4511
6953
7919
9739
-3890
-4370
2987
-4064
-9585
5080
-4274
1718
-7452
-6408
-9733
1038
4442
-7631
7712
9282
6397
-1597
3840
-4761
-8752
-1422
5481
-3934
1518
9904
-4116
9512
-5826
-4609
3996
-4249
1761
-6062
-4865
-7828
6294
9921
-7640
978
5666
-6574
-4563
-1832
-8772
3224
-9530
-4400
-6790
-4174
27
-7990
-9605
4786
9464
-9435
1408
-3372
-7539
-7071
6251
-3136
6712
-6516
-9343
3222
4876
-3567
-1368
-3894
7880
8735
-1218
-5938
-667
-1320
-7198
8465
2510
-8276
7969
2502
-46
-4624
2286
-9961
-1645
-7625
928
-8885
-8038
-6560
5131
6254
7021
3583
-3303
9018
4620
-8808
-1828
-2535
1105
-4585
-6375
-3154
-7907
9720
7270
8251
666
-4323
-6224
2742
4400
-9879
1983
-5821
9073
7196
-9316
5447
-7763
6934
9168
-1005
-5018
-3583
7766
6460
-39
-3943
9014
7308
-7854
5450
-7592
-4718
-1790
-7996
-9852
9298
-2257
5306
5793
-5174
-70
-8375
-8230
2234
-7388
4001
4556
747
5705
6003
2466
7877
8268
-5393
-3427
-85
3810
-8442
-6760
-8860
-9544
8370
2754
-9777
3985
7202
5427
-6522
4363
-9253
-4233
-2141
9153
-6615
-9332
-9565
-3527
-85
6866
2224
4466
6026
-9085
3430
2640
-795
9165
153
238
-9580
-2070
2771
-7433
-5777
907
-7453
-5339
-328
-2893
-1914
9972
-7864
272
8488
8
-7948
-9287
-675
929
-5216
-4681
-633
9518
-1809
-8085
5430
5632
-9131
6152
-9329
2648
3653
-8293
-7811
-4069
-3287
-4497
6650
-1397
6644
861
-5918
7552
7416
-4177
-4501
-901
49
-7209
-5426
-7240
-923
-3141
6104
-981
-1299
-1079
468
2206
-4465
-4464
-1878
-3278
9702
-790
-6683
-7246
-9975
-4106
-8368
415
8548
-1457
1305
3137
-2171
-613
1346
-6140
4880
9253
-7680
-4518
7027
5080
6715
-7881
-8681
-2280
4092
3112
-5237
2195
5352
5671
-5732
-5115
9285
6463
1163
5689
-524
-3885
-910
6617
9555
4905
288
4004
9008
4727
1169
3040
4803
-1939
-672
4507
9548
4925
-9972
-1047
3431
-5724
-6426
-7065
-4780
-9570
-7434
7687
8453
-1873
3703
309
-5260
-9545
2920
6889
-9729
258
-2229
6395
6732
1491
-9374
4577
-9669
1001
7862
2597
-4260
-1764
1119
6941
-2323
-7368
4203
533
9357
8306
9402
8960
-8221
5745
-3758
6372
-8761
-6900
-2430
2731
-9850
5401
1667
7813
-5962
-740
-9158
7687
5157
3228
-7492
6174
-9142
-4763
-8592
-7267
8944
-1149
3094
-4410
1636
8694
-8860
9102
-4565
-6412
-7089
-4369
-3568
-5242
2803
8307
777
-7426
8893
-9129
-5780
2396
9358
5927
-1155
-377
-7881
-8702
9688
1268
2484
7124
5932
-4288
-5636
9966
-9213
3426
1877
-6166
-8662
4730
1831
4105
-3394
4162
2257
-7790
-2584
8886
-6728
7416
-844
640
-458
-7013
-4065
7145
-5806
-3764
9658
-6371
2100
1958
-3014
-8944
-4532
9545
-8919
-5960
2092
6766
2637
-3036
3786
4441
-435
6573
-5712
4160
-3434
-4880
8927
3817
1832
-5058
-9554
9748
8801
-6368
-8035
-1056
-4640
2182
-4061
2607
-2135
-5551
7318
677
3511
-7917
-1929
9245
-7818
-6594
4199
-5527
-5189
4223
9135
-500
960
-2633
-1090
3899
8375
-4279
7832
-3440
-3291
-6731
5362
-4868
8118
-9595
2890
-2849
-5085
8642
3511
2684
-858
-8970
6326
-9359
5487
-7561
42
-3540
-8766
-5717
6385
3797
6138
3573
4070
-520
-4503
2118
-534
9829
5483
-2973
-9136
-5071
34
2554
4118
9455
3623
-5185
4273
5798
5632
9240
-8947
8439
130
-1434
6802
7920
7707
-7030
8559
1241
-9670
-7911
9877
9188
6580
-6223
9429
7511
2841
-8590
297
-608
-7854
-4820
-9873
4734
2106
-5408
4570
2768
3500
4183
910
4076
-5193
6007
3756
-1105
-1294
4528
5840
9024
851
1727
-95
-5920
-3744
-9211
-7785
-8862
-4354
1039
911
5474
132
-9244
-6975
1583
-2618
-6133
-7826
-2972
7808
-1991
2002
-3286
-1329
-2830
-1764
770
-1369
-486
-1837
-3636
8955
6542
6780
7608
850
2316
-7841
-9459
-5030
-9449
8199
-7205
-2575
-9527
7537
1039
-2592
-6603
3084
-9029
-8776
-3476
4403
-8189
7156
1158
3543
4561
-4643
1101
439
-5669
7110
-1404
-5876
4877
-3904
-1530
775
7
2906
-4817
-1072
7867
-6604
-4493
-2058
-2320
-4941
-6816
-4664
5912
5184
4468
-8906
-4181
-2503
4412
6457
-7333
7516
-7015
5153
6109
8671
7465
-3120
7448
8006
-6244
-9173
-761
-8544
2723
-9166
7538
423
4856
-5017
-5384
683
8348
4322
2554
-8562
-705
-3638
-608
4165
9128
7797
884
-3387
6329
955
-5144
6102
5063
-2448
1998
-7790
-392
2007
8452
7034
8527
-4372
296
-2583
2485
2969
5968
4071
-7692
5905
5966
9880
5228
5279
-3940
-4155
-6417
-2563
6193
-2473
-122
8630
3452
2347
-3300
-6910
-2523
-360
6093
-2098
5707
2499
-5079
-4873
-2706
8043
-2173
-5146
-3145
-213
-2081
2513
-7844
8738
8271
-2786
3444
455
5918
3752
8158
4118
-470
-1626
6008
-4714
2124
2070
-3196
733
-9794
6090
-2978
5095
2921
1673
4805
6737
-5905
-6545
9367
-5209
-7822
6154
-3681
5055
-9655
3609
9360
-268
2255
-5136
2828
1611
959
5392
-8381
1248
-6908
-1919
-3734
9776
-914
-6923
-2961
510
-2995
-7633
3590
-4639
9625
-3529
-3016
8768
-1125
-9904
4380
3257
-3680
2417
3573
-5772
3988
6547
7144
-9502
-9708
-9228
-5530
-9607
-5531
7284
-7253
-4649
2982
-8799
7522
-1973
-1845
-9004
-9004
-7325
-2506
-1919
3455
-9341
1433
2567
-363
8968
-6518
-2314
-2785
-2369
5071
1663
-1171
-3411
-4882
627
3105
-8441
7956
-6734
634
1738
7286
-4655
-7120
-4747
-9324
9459
-2420
6040
-8711
-7596
8573
-1748
7249
5828
8185
8200
-6105
8563
4195
9437
8808
-8286
-2838
2347
2714
-2126
1248
-1270
-8313
9986
-7382
2101
9010
6134
-2734
3141
8800
6628
7630
-6261
-1670
9588
4835
7300
4474
-3916
9641
9042
4536
4805
-3665
3586
4306
-1131
-5172
3521
8018
-647
886
-2856
9478
-3820
-2989
-9405
5880
6055
281
-2
-9858
-1128
4331
-8761
-838
-5672
-9834
6433
7228
5761
-3383
5847
2952
-1781
6401
4406
-5431
7102
6036
9662
7212
-9346
-2537
8086
-150
-479
-2792
363
9303
3386
7546
-8724
3507
8099
-4111
3176
-971
468
-7333
3828
1187
-9650
9027
-5925
8939
-8551
121
2719
-2262
-3083
-363
8827
