8228
8548
-7561
-7488
-6159
6718
5835
692
-1221
5041
-2946
-6091
-7178
1067
202
-6593
-536
-4417
-6183
5948
7263
6709
8894
9442
7079
12
-2500
3697
6373
-4678
-6468
7893
-4385
7620
-1429
-9749
-5811
6365
-9177
9597
3154
2550
-3907
-5052
3815
902
-7976
-6906
-163
-6224
8278
-4146
-5663
1404
8672
-2262
6485
4061
9788
-4414
5984
-8068
-34
-9399
8937
-8918
636
-3898
3463
-8640
-3168
-8989
-1225
-6833
143
-2557
650
9249
-8007
9871
3709
-4333
-7123
-4372
4054
-1133
-5200
9487
3252
-9075
-9015
-154
2227
1249
-4258
-9670
7088
8051
-4858
3459
2028
7279
1245
6401
7155
-150
1661
-4480
5764
48
1852
4683
3844
2308
6261
9309
4406
-8845
8178
-2159
605
1006
-7225
4437
-4569
7679
16
-7598
-3349
3400
3861
-8894
9458
2951
3992
2898
1112
4796
-1930
-8896
6468
5566
6356
9729
6895
1778
-8104
-2386
6645
2997
-7762
-4448
159
-2701
7763
3362
3688
-9289
836
-7423
4896
-9841
3181
-8354
-2703
-3535
3881
5397
9728
-9941
-1684
9958
-1388
-9809
-6510
-8025
-8982
2419
5852
-4786
-8859
-4087
-5547
2218
-6193
6990
-326
5732
-9804
6135
-2014
423
3959
-4964
-2291
928
4168
-6906
-2507
1475
-6616
-977
-5218
4278
-5045
-4427
815
-5157
-4668
-4417
7922
-4945
4
-3689
-8061
4090
-2411
2289
-3507
-5685
3509
8561
-2221
9102
-2715
7793
-5280
-2399
-661
6221
323
-6689
5391
-1366
9189
-9799
-4935
-7122
9143
-9720
8094
-3441
4867
554
5108
-5985
2741
-5009
1212
-692
-9849
-7815
9094
1856
7621
3882
-683
11
4025
-3493
-4856
7697
-8874
-4386
-5182
-6983
3911
-7176
1104
2558
-3099
6259
6629
-8114
8806
3063
2976
1800
6427
-2304
5463
8567
3391
-4805
384
3411
-8473
2290
-4615
-9674
3864
632
9240
896
5541
-8021
8653
-2964
7160
3649
-8237
5768
-8880
707
7007
9982
5341
4679
-6396
5130
-6346
4258
-2755
9654
-9716
7549
-9067
2378
-8253
647
888
7438
-1771
9187
-2578
1510
768
-5968
-2521
-3049
-465
-9424
231
-8063
2638
8322
-3972
5990
-7985
7873
-4844
-2183
3597
1167
2183
-655
-8503
-7781
-5521
-1831
-5257
8262
-399
5274
-7029
-9227
-8857
-6643
7806
-8839
-570
-1431
-7915
-6546
-7278
5441
8341
-4132
1419
3443
5086
-7378
9687
-2904
9139
-8909
-3604
-9338
8573
-3205
2145
3416
-6714
-4116
-5953
7694
4406
3774
8752
-2594
4946
-9292
9176
7098
7450
280
5444
9493
8135
5871
6039
-7488
9248
-4692
1891
5016
2279
5005
9411
-5126
5438
-5115
-9192
4521
-5401
6054
-2160
-5469
-9825
9555
3570
-5139
-252
-4353
5315
682
-4668
2985
8750
811
-5204
-9417
3459
-1075
-9258
-5082
-2223
-546
1652
7187
-8797
-2196
-1352
8528
-3097
-7922
-8750
2474
7828
-1849
8540
251
1716
-2317
-8806
225
-7087
-3803
9116
492
3751
-4899
9133
6736
6889
-7436
4507
-7083
3960
-4865
8714
-4457
-4524
5071
-7857
4808
-7307
-3951
464
-6517
-851
-1286
-5813
2250
-7640
9712
-2434
9603
6734
-916
-3094
-980
6619
-580
3767
-6316
8257
-5047
-1917
4500
-8091
-8215
-3726
657
-2189
6723
835
6795
-5611
5149
-4622
-2757
5605
652
79
-2902
-3296
-8234
1952
-1491
-6151
3654
2951
-6356
2719
-903
7575
6112
1859
5107
5360
914
-1023
-9747
4239
533
1994
9160
8055
-6430
7969
-3426
-2296
-6388
2840
-2964
-8631
1267
-2094
-4407
-1895
-3515
4912
7676
2887
-6126
8689
6552
-6508
-8982
498
-1503
7589
6678
-4786
-4051
6084
8294
-3011
-6527
9219
4882
-8847
-9717
660
4915
2072
3598
5785
1370
5361
3147
-7757
-6737
-782
2014
-1248
-3780
7027
1755
9366
-626
4126
3283
4654
8425
-9737
-191
-6851
-8682
-9954
703
8517
-5177
-8040
6144
-4600
-2344
6476
9016
3557
-7950
-1287
3048
-5727
-2970
-2736
-913
9328
5662
-3161
-2691
5652
28
-990
9628
-2831
-1065
9769
3238
1885
-536
-2440
-9390
9672
-7323
-4007
671
-830
5872
279
7984
-4839
-4714
6391
-4166
4923
4592
-6479
8184
2665
2349
-5038
-8399
5938
-2393
-1269
7320
8044
2290
11
-8302
-2765
2854
6761
-6717
3488
-5937
-9701
-4263
-4496
-5074
8652
-5292
9070
-5088
-9465
8299
-2133
-6862
-2457
-4046
4842
2531
-5198
4186
4727
-4589
-3223
-712
7790
9574
7035
7066
8293
3356
152
6328
7901
374
895
-546
-8295
-3593
-101
7978
409
-5471
8039
1775
-9045
2732
6383
-4470
-3785
-9384
-5356
7534
-5811
3084
-1831
4204
5561
-9676
-1563
-6821
7980
-9556
-7557
6984
-528
7351
-7016
7961
-4082
-3332
1365
4043
-8411
-983
7327
-729
1989
-163
-2250
3028
-564
-9448
3484
6510
-134
4386
9935
-7207
7769
642
3671
1996
-8034
-2317
894
654
-3713
6075
-4476
-4428
-6980
1141
4801
-3678
-1202
3722
1691
8892
4172
1941
7846
-5238
-686
-4006
3389
-674
-6153
7985
1883
1619
3170
6308
-492
-8193
9843
-1922
-830
-3115
2080
-5873
-2498
-4500
-1996
-8007
8282
2980
1150
-3510
8588
7870
411
7986
2778
-5407
-7901
-2957
-6793
4486
-2703
-1787
-9672
1794
4787
3298
-6422
8719
963
6637
1040
7044
-2577
6313
1446
-9020
-3129
744
-7588
175
-3039
-1151
5030
9932
-4372
-174
8985
-5981
495
-1198
7913
3216
-4349
-61
1588
7009
4335
-532
-5829
3621
-8607
-3774
-4981
7614
7030
9837
-3662
7285
4981
-6181
1299
4339
4743
4179
-6540
3286
-8309
9645
-3758
-9387
94
-7497
-544
-1350
9260
-3871
3351
6443
-9143
1222
-8251
1220
-5625
3254
5156
-594
-7186
-6885
-6788
1699
6873
-7854
-8187
6617
405
-5111
-8601
9870
-5294
-6621
5253
2381
-2957
-5870
7634
-3498
9557
-4019
-1758
6639
-1580
-7377
6108
-2138
8996
-3679
4882
-2939
-2269
-3520
-9599
-4933
-9448
5193
7107
-3944
6100
-2199
618
5629
-3958
2718
-517
-2893
3780
-9461
3369
-7808
-4186
6487
824
1480
-978
-6806
4901
-5841
-814
886
-2560
-5889
-9022
-1559
335
9583
3790
5213
9393
-5268
8021
2683
-2368
3303
-5727
-5765
-5996
-9372
-1993
6916
7750
1864
4273
371
423
4657
8054
2616
5924
9662
1769
9019
-8440
564
4258
1197
7529
329
-3032
-6702
-3750
268
3143
8541
2959
-7706
4556
-7112
-560
-2632
-557
1263
-3674
1104
-984
-8322
-7436
-4642
-1837
5220
1462
-343
7141
4092
-3890
6059
9913
6137
3338
-8591
-6468
6913
3643
575
2403
4741
2281
3513
9168
-1450
-1017
200
-7265
-1284
6514
-9724
-5893
-9491
9389
-2157
-9089
-6832
-2501
-8061
5280
50
-3161
-42
-589
-1213
9370
9690
6163
-749
7193
-3495
-6371
-9996
-4965
-5540
7788
9123
-130
-3156
8541
-5397
-6200
-4084
-3837
-4960
-595
146
-6231
-8474
-8928
-2968
8595
7338
-7660
1846
-3604
-2519
-5021
2506
6067
2458
9568
0
3424
13
-6836
-1529
-5380
941
7139
5487
5738
-8031
-1796
8619
8279
5687
-802
-6243
-3766
-9475
-2245
4218
7040
-3962
-2711
8068
1545
-37
8297
1633
3623
-9819
-7878
4586
-421
3246
3868
7432
3386
5498
771
-5924
3937
8501
8586
4249
-9171
-2944
6328
7748
-3202
9477
-763
1504
-4101
-9057
6828
-664
7312
-2763
-9149
2040
-3882
-830
8565
4221
-5876
9145
3640
5190
-1957
-8984
4766
2295
-3243
2390
7647
9283
-3315
-1255
3710
-9092
6478
2931
-7316
-9090
-5282
8948
-3479
7542
-1669
-6333
-5304
6229
6111
2903
-7295
4337
5633
-8916
9290
3023
-4695
-7501
-5889
8365
2591
-5419
-7933
2829
7222
-3839
-5845
-1809
7884
6104
9461
2344
9090
-5715
-5354
5663
3291
3151
-589
-3892
2906
4548
1352
-3918
-1036
8762
5971
8206
-5885
1875
-4450
3186
-6038
9832
857
-703
-2475
546
628
-7011
8490
-6578
-2185
6771
-523
8259
1137
6631
-1318
-5015
-5770
-4071
1803
9564
4534
-2444
9608
-5645
-9805
2359
234
4973
7318
2940
1564
3265
-7366
-3837
-3592
8298
2103
353
3065
-5255
3111
-9549
-7055
5867
-4767
-4792
-396
8246
-1872
9815
-9391
-3731
4537
1114
-8222
5530
9340
-9224
5106
1515
3446
5286
2371
-128
-7525
9186
8383
-4028
-4096
9506
9503
-856
-200
-3557
-7124
-4273
-7208
7829
-8233
-1312
6019
-5337
7919
3995
2857
6565
-8776
4145
-9504
-4952
5258
393
-1879
6206
683
5481
2595
3137
-816
-119
-6368
-4131
-748
-6921
1958
3914
-1117
4225
721
9858
-5644
4960
-9755
5674
4412
-163
-7176
-7095
-6364
223
-8059
-885
-79
-9478
2281
9348
-4043
1410
-9615
-7418
6376
-2345
3246
8342
-9216
1320
143
7007
4857
-2552
-5624
7023
-9099
4835
-9882
8846
2280
9085
-6256
-1383
9955
1263
4557
-8840
-3322
-2943
-7944
-7876
-4113
-5906
8479
7504
9925
311
-4777
-5686
3719
8243
4967
2027
-5587
5721
-9565
-5593
5775
-6614
1785
-513
-5428
-1351
-7335
-9706
5560
1777
-1796
8892
5344
-1071
-1314
-8811
-7972
4237
-1521
-3527
-6066
-387
361
6605
-8888
2712
2801
5002
-461
5909
9288
-2556
-1104
-3630
5262
1130
-4873
-477
-6015
-7667
-1913
4045
-9773
-9656
7840
-2571
-2000
-9883
-1914
2833
5588
-3684
-2004
-1155
4900
8413
7102
7576
6382
5331
7527
9564
4901
-8715
-8819
-7001
-2859
5613
7848
-4593
8657
-2408
8640
-1363
-2142
-1071
-1082
9396
-7298
8869
7751
-5654
6629
146
2904
1343
-7439
-7764
2904
3017
7519
4815
9212
-8469
6642
4285
-3507
8251
694
5490
-9416
636
-7274
-1337
6935
3799
-5165
9683
-3653
4051
-5207
5444
1606
3075
-6767
-7463
9758
-267
-2305
5622
-9929
8551
-2293
-9192
-8314
-3308
-4148
6987
5654
-4447
-1790
3561
6586
-1037
-6921
-3344
-2730
-6441
-9173
-6429
4682
-9414
-9944
-5525
5216
3257
3882
-3476
9742
-771
2756
-4735
330
7529
8769
-2168
6481
-9730
8222
2647
9197
-5815
1907
1058
4917
2910
5591
-2524
-2377
153
-2513
6921
-8586
1047
-9965
-8119
-9730
6026
3693
2723
-9076
4663
7118
-9602
6697
4139
7196
1953
-5203
-6912
5102
8286
-1571
5877
7868
7304
7634
9743
-6605
-4398
-814
4825
-8011
-4225
2299
2010
-8482
4662
-2005
9252
-4337
2348
8392
-658
-7429
-8944
6484
2911
2713
-293
9295
-8626
3227
7721
-6257
-4068
-8391
-1865
-7237
5588
3505
-4634
2240
-5125
1922
4149
-5014
176
-6477
875
-3410
7723
-3447
-509
-589
4816
585
679
8933
-713
-555
-4004
-2887
6802
-2504
-9659
-7834
873
7420
9217
-9614
-1747
7448
-264
-3293
-8749
-5388
-3024
417
8047
-8224
-1100
-1121
-4523
-7733
7286
-1195
-3482
-1976
9387
4494
-1260
-3759
-9002
-7905
7592
6077
8291
9525
-5445
9954
5898
-653
5968
-7098
3409
8721
7178
-8392
-7986
-1424
-5068
9305
-5152
1919
4910
5066
8089
1234
8723
1636
6285
-6755
2109
-3366
-6841
5062
9936
4596
-6390
3247
5740
377
-167
-5350
4125
-1017
7499
9555
8924
-6210
9764
7415
-2439
-7127
-7660
-8494
-2690
9052
-9568
-2579
-6273
2880
1694
6860
-4168
1129
-3742
-7342
6624
2979
907
-2159
-1136
-3288
-4165
-9422
-4418
2558
-5993
-3785
-5288
8372
-7956
3975
-433
3940
9918
-8237
9098
6115
-8018
-5820
5966
-3448
15
-437
-3690
4718
-2128
5988
7864
-9687
1062
5711
-7568
-6832
-8570
3421
4052
-7260
3596
-9531
-8605
-113
-8818
-5126
8206
-2356
-4226
4546
-4172
5077
290
621
-4680
9151
7193
7018
-6783
5423
4659
8986
-7341
-8486
8947
-7196
5146
-8530
-9757
-9342
-8436
-2740
9989
719
3003
-6330
-5546
-8065
-6117
-3362
739
618
631
-9241
7197
8585
1774
-8
693
-1968
-6406
8359
-763
-2054
-790
2717
-2616
3792
8292
-3607
-9457
9733
-2866
-1080
6038
-5257
7650
8034
-1058
401
539
6843
6810
-5751
-252
964
9427
8612
-7029
8891
-1969
903
1876
5174
5666
-2125
-7051
-2063
1683
9118
-8357
-5825
6912
-9312
-6717
3730
2526
5704
2507
1311
3275
-9889
1173
4598
-8837
-4146
2747
8743
-5943
-4763
1087
-2671
1433
-6618
-862
-9252
-1934
-3336
1639
-1816
5418
-8278
8757
-811
3536
-9073
132
-8889
-1365
2444
6584
-8769
-2912
-6671
864
-5856
-6611
-6200
7138
6793
4898
6620
8389
-5853
5928
-8509
-3898
-3418
-3498
-5514
-2808
4645
-3340
-5413
-2593
1888
-74
-2901
3211
-1407
-9321
9366
-8685
3500
-3751
8005
7915
-5293
155
-2307
5638
-7128
7042
-2145
2617
6728
8700
-4498
-1375
-144
-2190
-5163
-114
4867
8317
-3746
-2782
-8406
6256
-6679
7702
-5173
-4234
-2032
-664
-5533
5433
5509
-901
-3554
9079
9158
24
-4140
1627
-3048
4631
-6006
1863
-5456
-3048
4253
6778
8947
5480
5206
2159
-8136
-4680
-6569
2959
-9904
-1189
8007
-3739
8351
3178
787
-8736
4893
-5985
265
-4417
-8541
517
1680
4819
-2641
2911
-7965
1376
2125
-37
-8126
4497
-9679
6762
-6071
-3714
-122
1216
2769
6864
-9795
3780
-9055
6485
-1757
3937
2528
-3358
8196
6730
9555
-2979
-8635
-7155
-2636
-604
-6202
6493
4094
4510
-4547
-9331
9403
5082
-4808
3809
-7315
-9463
-5475
-510
-9412
7616
7908
-7301
8682
-5857
-6878
8455
5326
8206
-8522
6416
-8072
-4192
7813
3676
1016
4198
3840
414
-9229
9820
3981
783
1193
-7302
7405
7034
-2509
6617
-4245
-6008
-3251
7476
-9241
-6981
-860
-6199
-7712
3304
1504
-4171
-7277
2852
-5498
9451
-940
3888
6526
7951
-5851
-3643
-203
-9616
-7333
-6621
-4777
-7994
-9645
8473
5703
-8713
-3310
9104
6217
3489
3853
-5645
-8066
1529
8304
-1867
100
-9419
-3906
5692
7571
3958
8171
-552
-1653
9762
580
9530
-6985
4932
4078
-3445
-4812
3597
-8801
-5351
701
-3708
1427
4267
8745
-2132
970
-399
-8671
6764
-5912
-2586
8318
-7166
8129
-6251
1600
1074
6250
-6755
-1239
3981
-4787
8739
-6323
2999
-5679
6729
7038
-4179
-5723
6148
2822
4576
-6778
6671
-5607
6481
5597
1824
6835
-1442
-6689
-9717
5484
-5971
4676
9814
-4484
-9160
2310
-9789
4568
4820
-6503
-4688
-7884
-7214
7519
7823
-8480
9980
5830
-9163
-3172
-2404
-7020
-2320
4243
-5862
-7632
-5663
-4898
-5937
-3852
6582
-9501
-2509
-523
457
3227
927
169
7526
9943
2261
393
-1492
2904
-9610
-3320
-3457
-157
-436
-2592
3575
5411
1987
-1833
-675
-5588
8015
-3475
-7011
-8272
-185
-8357
-1317
5804
6863
4632
-8357
-7959
5278
-9133
-7298
-1764
-466
5619
-4400
5323
5831
-2065
7740
2286
5718
3518
3013
-5016
9922
-7972
-9781
7404
3748
-139
7005
2836
4903
2074
-5131
-8816
-300
183
9608
-7450
-1655
5290
7270
112
-8679
-6200
-2732
-5429
-2598
7427
6666
-1985
764
-8646
-1615
-1055
-5208
6812
-3895
111
-4098
1863
-2011
-4827
5310
3458
3052
-5903
5561
9312
8537
7131
6886
5315
-321
-2827
4643
-3873
5325
-6006
7680
-9689
-5111
3479
1811
-1521
-2599
451
2338
-4398
3611
-5112
9986
9222
5318
-3231
7344
5726
7180
3826
9637
-351
-2515
-9609
4527
-2761
-418
-88
-500
3455
-8466
-968
2369
-170
-6338
-806
5428
-2689
-9320
-4751
6894
-3994
-8489
5632
-4381
740
-1323
4680
6391
7530
2443
-7701
-9060
7555
-9274
-7687
-6714
-6866
-1496
-1494
-1206
-702
6335
-6510
-6445
8147
3999
-3023
52
5681
8839
-9391
-3649
-1133
2180
-41
6950
-7000
-2223
-840
8496
6128
-4842
2452
-7678
3350
6720
-9879
-8502
3845
-8829
5642
5433
-2676
3942
4743
5652
280
6637
1908
-16
-5496
7987
-5468
7155
1164
-55
-7683
1224
-7255
-7204
8306
-4090
-3062
-2210
6762
-6946
-3059
-5251
8428
4714
-692
-2914
2211
-8983
601
-2571
-9845
-1664
2536
-4686
-2167
2090
-9594
1928
-4003
-4842
-9302
9329
-7214
-4252
-8539
-4128
995
-4211
-2330
7458
-9536
8702
2146
2564
9826
9288
1481
-5845
-6538
691
-5225
-7714
-6693
4559
4610
9973
-4139
4504
-1375
-5227
-2711
-2614
3177
1693
7425
-8759
-7281
-3728
5035
-9221
-1058
4333
8849
-458
5946
-978
7829
-7119
6159
-187
-6699
838
-4683
-9512
-2017
-7789
-6856
-7725
-9002
8493
6171
-5408
5269
2947
7880
-8434
-573
-7806
-3413
6292
-6163
27
-2679
-5664
3406
3175
-1908
7243
8976
8408
1850
360
3093
-2055
-4859
-5699
-8033
-5649
9700
-1064
-6474
2319
9728
9024
-3081
-5479
3516
8069
-8215
-1948
6984
855
-9614
1805
-2599
-4118
6493
-1551
4326
-4856
-605
5507
6652
6509
515
-2734
-2244
-7033
-8592
3251
5576
8012
-5025
-7812
-9198
222
9550
-109
-5252
-6467
-9533
8892
7269
-6887
2513
-220
-6379
-5449
2437
-6806
1577
-8876
-1373
-2262
5936
883
2743
2935
-9301
5245
7819
-8990
3338
995
-4574
9400
6619
-1801
6841
-2594
5861
-9478
2168
-5652
-4384
8485
-8771
143
402
-4253
-5554
-1960
5857
3238
4272
5864
1143
6714
-9614
2796
-2323
-3470
1256
-9520
5193
-8843
-1702
-5642
4904
-8784
-5152
-2643
-779
8060
5548
3215
3391
-1061
-6474
-6875
-5054
2217
-1613
9619
-5419
566
2145
1188
1087
9593
-6604
3436
1798
-9192
-9507
7220
-6120
1289
7351
-3262
-6329
-4477
-4477
-4511
-5646
-5905
6720
3689
-917
-529
7777
-9868
-388
8876
-1782
-2258
-9308
-4491
-5707
7645
-5749
-1345
6912
-371
-5267
9681
4379
-170
5796
5977
7032
-3682
-3517
9038
8880
-100
-6360
-9567
-8677
9970
4258
4999
1299
8945
-4310
4857
-9089
-5006
4597
4461
-4062
-8523
-2580
-6410
6034
-9416
-2687
9933
-7522
-4614
-3019
7959
-3529
-2057
-2925
-535
3258
4548
1623
-1089
1191
-7895
2997
-8964
-7011
-3017
-3241
7637
7378
-924
6123
-3060
7716
-2838
-5297
714
8849
-5096
4292
3109
1577
9938
-2630
-1701
2106
8804
-830
8519
2610
4330
7993
3126
4140
904
3110
-9989
-3630
-1312
-5299
-9794
-2758
8795
8726
5818
4103
-9671
-5183
-3052
9195
-1551
-954
-3476
3813
6139
4941
5580
8209
3638
1818
-81
-3803
-7851
-7427
-6581
-3343
7194
-3581
7902
-8515
-7086
5969
9758
7562
3401
1982
-3529
5592
-5025
4885
8962
-1951
5951
7045
1845
-2274
-3791
7655
-8891
-7673
-2107
-9765
-8420
9843
-8542
7337
-722
-8885
-9379
5509
6481
56
-3853
-6280
-5063
-6805
-8312
-7441
7064
-16
1160
4715
7102
-7616
4397
-5798
3509
-4420
6524
292
-1345
-9426
-4622
-1329
3907
6640
458
-3135
5815
5950
6651
3726
7646
2567
-4097
3474
-8098
-7131
1163
8364
-4686
3679
8447
1445
8126
9392
333
-7168
8689
8269
-5986
-1112
5074
698
-7989
-1932
-7650
-2276
6370
-3279
8249
8149
9433
902
8149
-3680
500
4183
4361
8278
-1442
1957
-1862
6882
-9707
-9611
6064
2759
-5452
-8194
5463
-6037
-9319
-6538
-9130
-4719
-9448
4249
7557
-8772
8363
6829
8162
-3353
-6542
4159
8760
4235
-9658
103
3212
-7023
-771
-4109
3581
-1935
7063
-5307
2197
7558
-3108
-5860
5215
289
-9130
3082
6491
-931
3201
9192
-6900
6356
932
-3490
9572
2021
4844
-4182
-5959
677
-8304
-6168
-1120
3646
-5692
-6629
-9168
3676
-1280
-2485
-1434
2573
4220
2455
569
2571
5958
1767
-3557
-7688
-9446
9401
5382
233
6575
-6162
-2998
8029
-1413
-6833
6125
-9943
2028
1222
-7419
-879
2944
6981
9595
2491
3615
1757
-1187
-2608
-5682
-3437
-5832
4561
3249
5051
-2159
-7464
-5914
5224
-2701
9849
-3893
5991
-592
2003
8191
-7256
-2224
6860
6496
1193
2560
-5363
7254
-521
7298
9830
161
-1690
2753
-8067
1272
7794
9928
1707
4821
-6254
4054
4557
1896
-3207
4612
659
8183
-9916
-3763
7147
9142
-6494
-3003
-4034
1176
4770
-8859
-1605
-1614
5231
-8494
-6221
-8691
2606
5187
7037
-5058
901
-1845
-9370
4843
-1474
-7934
5295
-4781
-7080
-1493
-8398
4531
-718
-3305
-7575
9917
598
-4673
4243
-5551
1572
-3756
-8429
67
8962
7990
-1795
-8007
2883
-1678
-9865
-7309
-9887
-8568
-1469
-296
-4021
-8921
739
9088
1244
9410
-5845
3416
9568
2026
9137
-5
-2240
5103
5330
7847
2826
5560
-7936
-2992
9160
-6501
-9297
9784
7748
8432
6239
2900
1494
5522
1622
-5954
1334
-575
1891
-7998
6756
3682
-2090
-8796
-1079
9869
-2756
7394
4821
508
-7598
-6249
-4539
1703
6954
-4881
-5112
464
9606
2915
584
-6041
-4770
2224
-2437
-9509
6787
1845
4404
9391
7397
-7390
9813
4941
-4307
8710
-850
1547
249
5733
-9086
-4639
3698
-2623
3172
-9495
998
-4630
-2677
4351
9755
359
-6722
3365
5068
4596
-2267
-4150
3407
-3227
-9704
-1804
3752
-2370
2745
7704
2015
-8371
5519
-6661
2665
-3982
2233
-472
-1025
8739
-3812
-9373
-721
-8316
-1524
-5485
3442
-8484
-9744
3909
-2328
-4166
8733
7824
-6052
-3060
3607
-3690
-8007
-6308
-7495
1429
3849
-5765
-5312
2337
-1113
8580
-9526
-4396
-6609
4986
850
652
870
-4483
-4869
1356
4056
8913
-279
4697
-4403
8321
5641
-4104
-8561
6972
9314
-2368
2971
-2369
1609
4088
6828
-9742
9086
8344
-89
8093
-8404
-2906
4509
1600
-1151
-9780
-1745
-1927
-1707
9431
-188
-2872
-7303
7650
1391
8600
3216
-4702
-7684
-733
-6274
-1103
4918
-7547
-6719
-8225
8121
613
-1886
-4726
3309
382
-5094
1790
5704
-2378
9731
1089
-3147
9974
1556
9470
-3652
8036
1939
3467
-7708
4098
-966
4905
9227
226
-2110
6106
3795
-9198
-9534
-9521
9315
3250
-4987
1927
-2037
2254
3724
-7818
485
904
-7928
45
840
1269
1686
-8345
-10000
-7869
-3753
7996
-6676
7374
-3039
1513
-6693
3914
-7044
-6037
5920
-4074
5322
7863
3183
-2676
-8447
3418
5920
1622
7930
2932
3351
9267
4075
9002
5502
-7053
-6859
-7348
1542
3478
-9557
1113
-7596
2862
-6088
-3284
2423
7816
-818
4007
9193
-9855
3898
-904
2952
2163
6155
827
-6311
2167
4970
-937
-399
-9282
6680
-5453
-4180
-4952
1566
-2008
2865
7950
4703
8102
-5333
7775
9631
3867
-1242
-2974
-2119
2079
800
-9184
-8112
129
4070
-3830
-3377
-1561
-2104
490
-2336
-6688
9216
-6209
92
2784
4248
9259
4761
-4409
8843
3206
6885
-3526
-2392
-5520
-8911
7246
-6598
-5423
-505
8273
7415
6196
4830
9421
-8472
1733
6809
-8937
8063
-5775
6864
7783
1273
4978
2680
3521
9859
3713
7097
7996
5165
9342
2438
7610
-3501
1598
259
-5677
9208
8666
-824
-6063
7910
-5558
8429
6121
-1350
-7468
7124
4805
5650
1946
-6347
8747
6816
-8907
7506
-5089
-903
-6788
667
-4900
1344
-6473
5135
5115
2691
-2017
-8956
129
8198
8641
-143
6383
-8554
3994
6773
4597
420
-8260
4020
4679
6358
-2323
3642
-7727
2263
922
5496
8058
4457
9471
1233
-5742
-6240
9084
7485
6714
2876
-4202
-9591
-3224
4746
-1194
-7168
-2129
-724
4327
-9710
2308
-7689
-7563
3770
-5363
7541
-6784
3286
-5677
-90
-7278
1117
6896
-8748
5549
2969
-1958
6075
2873
-4537
2872
-7929
397
-8926
4672
8226
-2045
-4171
5156
-1108
2005
48
8365
3723
8154
9270
-5076
740
-1420
607
-8051
1228
-3783
-551
3225
9601
-4392
5694
-602
4950
-4095
-173
219
-7270
3579
1256
-9216
-4850
-9266
1410
-5788
-4408
-4137
7050
4599
4415
-7729
2588
-6081
-2520
-694
3332
8992
-9954
-4513
2366
-1568
9396
6232
-4609
1672
7865
-1411
5910
-432
-2938
5864
-6270
-7070
-8810
8246
4056
-4813
-8547
1027
-2415
9124
250
-6999
15
-9809
-7791
2101
5701
-8016
-1285
3038
691
7604
-8526
9953
2533
-7915
-6235
229
-2197
-1606
-9175
9413
-9412
6854
-5919
-9165
1617
-7986
-2375
206
-8766
2401
-8077
-285
-9609
-4491
-5649
3324
5078
9211
-870
6140
892
-8917
9347
-3366
4639
7146
5907
9558
-2215
-2136
-4509
-9845
-4742
-1042
-9757
-6961
-9860
3036
5870
2966
636
-5803
-5373
8613
1249
-5279
7696
-1892
1061
2919
-7379
34
-7743
-8253
-2640
6002
5693
7064
7680
1343
8178
7092
-6327
-2142
301
3893
-314
-3805
-5233
9161
2850
3393
-7956
2681
-7011
-5315
-9181
-6880
-8875
-7342
-7097
-9926
7403
9087
6100
-9266
-6557
4385
9787
-2561
321
-2320
126
7095
7961
9057
5967
1894
-5125
4070
1796
-9036
6171
9898
-2038
-1925
4529
-4115
-7066
8674
-801
-5870
4587
8157
2840
7044
4078
4775
-8086
9823
2575
5543
6080
8356
-7230
9695
8265
2023
3819
6702
-2924
1800
-636
-3311
5437
9255
-4065
-4033
7898
-9734
5533
-2350
7588
7499
-9503
1858
789
743
8721
7511
-6997
8686
6015
7238
-8714
1297
1587
-3248
-3697
-4561
-999
-578
-9778
-683
1796
-7613
-7201
3129
-6075
9669
-9786
980
-2222
2027
4182
-5727
1497
3292
-5946
-6338
4178
3375
-2303
5195
5597
-3016
-3997
-8315
4519
-3295
2896
8190
5073
4331
7731
6520
-8700
-2052
-7673
7114
-4447
735
2332
6348
4339
6883
-7188
-9692
5513
6923
5493
-8022
-2375
7185
-1215
-6699
-85
9700
-2744
3748
5374
1432
3766
-833
-1889
-7755
-5950
2198
5071
-3217
-7926
2260
-5890
-3930
6404
-2110
3698
6282
-8202
-8830
-5897
-6110
6490
9242
-6191
928
591
1460
3754
5381
-6326
-3453
-2825
6696
3056
-7724
-5946
-2570
-4365
-5157
-4362
8684
1599
9115
-5927
-6816
-3378
2917
-4277
7399
-9643
-27
-3011
-2294
5772
6425
5131
4517
-900
8940
-1122
1735
4684
1648
-8664
-9436
-8433
4820
3244
7861
9812
7366
1674
-4014
-5099
-4248
-9880
6384
-9396
-4890
-2262
-5352
-3078
-7287
-2340
-6688
-2336
-5198
3500
-9036
2671
2580
-4189
8832
6855
258
4107
7692
-3073
-4707
-6658
8015
4674
-7788
-8182
-2254
315
-9292
6361
116
-2138
1218
8595
-5823
-57
-3880
-6109
4465
2240
9104
-1076
2499
5447
-5083
2172
-2458
3981
759
-8589
6071
2733
-5007
-3790
-3165
8028
-7354
-8061
-5943
-9814
-2469
-3254
9551
91
-254
4030
-187
-5439
7008
-7388
1450
-5988
829
6283
-8095
9247
6201
-3745
3921
-4833
-8527
1064
7125
5333
-9290
-7333
-2126
-9283
-6435
-7906
-1613
-4550
-2629
-6203
-6349
4311
-6108
6672
3143
-3226
-4959
6710
3309
8429
-5920
1869
4946
8513
3014
-1770
2374
-3822
9684
3805
5227
3038
478
-7934
7835
-4324
4807
8657
-6787
-4070
5781
-9599
856
2697
1746
-2033
2833
-4891
6767
-1176
7236
1147
-9004
-3075
1354
-8573
2718
-537
-9621
1524
-438
-8699
-2949
-6836
6755
-9553
5292
-4156
4129
-26
-9485
9217
4124
65
-3167
-6755
-4585
5579
3477
-208
-4369
-6071
6146
7353
-2512
8311
558
-4586
-7901
-5498
7440
-7693
-8935
-6051
9938
-3619
-9976
7328
1998
6044
-2908
7416
-226
7337
7586
2442
6691
865
4584
7776
495
581
-7265
-8974
-5361
9277
7896
-2330
-8981
-3010
-4334
-5507
-7390
6778
9602
5879
-4294
5763
-6575
-7930
895
-7159
-3973
1348
6527
9981
-7849
-8278
-4218
-4052
-4850
1643
-8134
4877
-9673
6366
1803
-8065
-9353
-1902
-6984
5544
1250
-7551
-3128
-5945
-9994
-1713
-6446
3207
971
2431
-5805
-718
4445
-9383
-9906
-3116
4892
6812
6479
-4250
-4721
2800
9599
7755
192
-2748
-5678
6166
44
3986
-2121
-5592
4127
-3991
5228
5588
-137
-6898
5528
8036
-1479
1662
-9369
4626
8205
548
-5388
-9821
-6014
-8460
3214
5070
-5372
2013
-9675
494
3954
-2246
4674
-2227
817
6407
4885
-7216
9972
2297
8489
-2354
4376
3387
8259
1558
8717
-4072
-3490
2622
-870
-2258
-3500
5501
7377
803
6735
-5071
-7906
-247
-9857
4326
7290
2726
-641
8488
-1422
-1026
-6964
-6588
5106
7282
1750
-4654
-5720
3044
317
3884
-6513
6096
2266
-7916
7258
-9740
4779
-5588
-8030
7072
-7991
-9524
-3951
6214
5977
-6263
4879
-2404
-8787
-669
4240
9417
1992
5950
-5444
-5841
-209
-684
2689
1439
218
6013
5316
-5010
7437
9338
-1363
7957
6769
-5744
6449
-7135
-5132
4680
8752
-6420
8328
7430
9415
-8958
-9366
369
495
-1040
8802
-64
9280
4187
235
-8945
-8656
4153
-5691
-4403
8103
4295
6316
-9977
-8823
6034
-3528
4572
9569
983
-4572
4538
6775
-7717
4294
3895
-3760
-1137
1864
9951
8982
3913
7176
-5171
2570
-7586
-6681
-1253
-3699
5570
2557
8061
8784
-1498
2237
8324
-1893
-4177
7626
-8814
4313
-4718
-4558
-116
9792
-2349
-3478
9997
-5602
2876
1696
9943
-7284
7788
6097
-444
6716
-2596
2701
8264
-8939
180
6104
8117
-3117
-8595
7490
-1913
-6914
-3102
4648
1063
1631
9035
-1228
1211
-7488
-5500
5323
4175
-4616
-9907
9385
-8924
5492
9824
-4503
1944
-8847
-1799
-2062
7488
3393
6378
4966
9905
2109
4849
8758
3467
4285
5956
197
-9963
3028
214
-7183
-675
-547
5348
-9246
7304
-2122
8864
-2261
5921
-2428
2763
-4538
-9075
-4604
-1040
-3959
-3808
-3313
-2758
-7499
7544
-7930
2173
5062
9539
930
2741
-9395
2916
-9602
-3601
-2543
-1176
6252
-5608
7260
3518
3240
8905
8647
-5298
4365
5597
-7302
-3539
3423
-9167
-333
2495
4039
6918
655
1018
2316
2992
8198
1653
5274
7237
8885
-1286
-3572
9600
8519
4469
-6583
-584
-9106
3545
-1550
5813
4545
4151
6248
6752
-1107
-789
-6319
-258
5680
-4730
4337
6756
1366
5755
-7482
-603
5676
9950
-4713
-6429
1334
-8106
2318
2152
3472
3164
8807
-2717
9872
-535
6254
-8614
-2831
2200
5412
-9753
-2224
-3989
-6166
-8366
-9369
-5618
3250
-4270
414
4710
-9527
2038
6157
9326
5578
2428
-2433
8284
-4906
-9730
-1483
-4990
-8578
2634
-128
-8390
-1826
-8686
-4940
-4180
7806
1402
8141
-464
-483
4752
-455
4705
9444
1852
8810
2941
4344
3424
-7400
-8080
-5616
-6897
-401
-1301
-1129
-8816
3412
-9566
5533
1697
8549
-2596
179
-1370
5061
-4736
6714
2451
-3308
659
6717
7622
-4995
8999
3048
-1094
6675
-4692
-6027
7845
6693
9051
8952
-7970
-7985
-6427
3035
9897
463
7669
-1385
7050
-7042
-3549
5315
-82
-6819
-5814
3973
777
7394
9589
26
4359
5859
-8487
-7
4084
4611
2971
-7780
-5701
-3797
-3266
-3564
-9683
6963
416
-8961
5942
253
-2997
-518
-9173
8374
-2390
492
2925
2470
6556
-3694
-7053
6038
801
3562
-6269
-5050
-4148
-8923
-7202
7581
1633
5325
-7574
6385
-6078
1254
-3892
5148
-7718
-69
3396
5373
6442
3088
1923
6298
9332
-7873
1799
4588
5688
8486
2926
4099
2823
-1253
-5806
8514
-8476
-401
-7421
-1285
-9957
-2809
9585
7982
5810
115
-4700
-5884
3179
9376
-5662
4452
2856
614
-5090
8183
4490
692
-4011
258
-6417
-8171
-1685
-1411
8122
-3089
-6318
3453
-8497
8897
-1109
-1038
-9727
1215
-1258
8401
-4900
9507
-5380
56
7251
3288
9089
5724
314
-4074
-9441
134
-1213
-7906
-6390
-7759
3821
-1012
1440
-1032
4560
-2903
4276
-8147
1282
-7062
5322
-3147
-4814
-9267
-5880
-6687
-3541
-7523
7797
584
3694
-5636
-1455
-3088
-1889
4503
-4272
-4627
-1913
1360
1898
5759
-4742
7428
-796
9998
-9346
8653
-4015
4261
1969
2588
-1606
-8788
3253
6841
3362
-6553
5823
963
4336
9432
-9780
-4205
-2961
4678
-9915
6086
-7456
-630
-6395
5437
-8737
-5003
-181
6215
7022
2573
-5492
5209
4969
-1661
-4280
7555
-2297
378
1826
870
-5601
4322
-8378
7802
-2321
-7105
-9001
9768
9708
3925
-2755
-1758
-7990
-6235
-2687
-9223
1963
2501
186
-3270
6729
6004
772
9635
-1406
5732
3536
272
-9317
-463
-3140
3756
-4342
-9365
1521
2164
942
-4652
6274
7624
9689
-3119
-4069
1293
-1045
-3780
-369
1163
7600
-8218
-1250
2810
9041
-8770
-9171
8969
-4666
-7189
