-6950
3837
-7373
1823
-1587
3829
9622
-7262
-7395
6457
-2926
5734
-3579
4113
880
-4932
-6033
4913
-4360
9895
9536
3955
3117
6285
-2734
5597
4477
5261
4268
-7622
-6925
2282
-4653
8338
-2924
3163
7090
1965
-8372
-729
-521
5955
5787
-4566
-9918
-6302
-4524
-4488
-2063
3356
4103
-5634
-9872
1160
-6088
-9360
4712
-7924
-5848
-9475
-4085
-3877
-8017
7791
1562
-5457
-8489
6451
-6913
1563
-1396
-7016
-7006
8408
-1656
-7952
-2238
-4440
-2421
-2789
-9008
5700
2010
985
6068
5066
6797
-2318
-1449
-5856
4878
-3490
7116
-1442
-377
2553
493
7717
9721
-2754
5567
4523
9358
-2445
1423
5494
9016
-1805
-2719
3132
-5853
-319
-4892
-7422
-2602
-1166
6695
-1785
-7171
-9988
-4020
9759
-2087
5866
1930
9441
9605
1747
6309
-413
2364
-72
-2609
9679
-69
6870
-6793
-8920
-9811
4237
2775
-5310
-1392
-6753
1392
2067
-9264
-2147
8282
-2938
-9593
331
-1895
-6894
-4299
7741
-8307
5467
-3956
5904
6537
5335
-7927
4093
-6590
-3073
-3228
5996
2598
7269
3254
-9443
-5133
-5643
3755
6396
9980
1225
6175
-7651
-5519
-2188
7886
3000
-7200
-4506
4685
-2958
-5567
-5241
-3452
2590
-3758
6987
1863
-1448
-1514
745
-7655
6192
5305
5349
2116
4073
-8416
6444
1170
-6125
-570
-6994
-2728
8652
-3961
4273
801
405
1494
5423
-5316
-694
-3404
-4772
-1493
600
502
1309
4237
-5457
5794
-4016
1030
-1801
-1377
6034
1528
6109
4220
6081
-3236
5824
2656
-6958
453
5380
5240
-6539
-8005
-1279
5027
6155
-2211
-581
-5211
5011
8967
6642
-6639
-6895
2901
-4385
3702
-7266
2126
-4961
2796
-4616
284
6245
6695
-9880
-1284
1325
-8957
1655
2444
1824
-4762
2974
-8563
-6741
8515
-7484
2886
341
-3916
9016
-861
4534
-9272
-8717
-9170
-2195
-9330
-8222
5549
-7914
-5078
-5643
-4634
-1760
-4626
-3541
1238
9851
1559
-4546
-5281
2731
-1917
-739
1929
-8863
-7404
-7562
6400
5908
-306
-1601
-5377
6886
5131
4343
-5995
1795
3042
-741
8971
7826
7790
-2269
-4585
-2899
6012
9037
8976
7950
557
4486
-3454
3110
-2780
9206
-1429
-1730
8639
7508
-5909
4056
3861
1504
5536
9295
5461
-2661
-8637
-795
429
89
2868
-4096
7572
-8102
-2702
1746
5146
-3031
-8193
1937
-5199
-698
-6286
-234
-5322
1484
-248
5009
9929
-9502
-3710
7525
6084
6036
3296
7032
3423
5095
7837
9755
3765
729
-2758
-8172
3646
-1544
-5403
-3606
-2197
-7776
761
837
-7527
-241
7359
8140
7109
-8460
9918
-11
1518
-7382
-8793
-2651
-6327
-8247
6160
-4231
-3977
-9331
-5498
-2941
5960
-6604
3933
5868
-5842
-2640
-6760
877
-5285
4530
-9591
1816
-8520
7981
-6435
-4632
5512
5325
1303
-8254
-450
9738
6886
9488
-128
-6580
6287
-5579
6281
-5533
2849
1572
-7021
-3914
8699
2176
5113
-2426
-4798
9427
5070
-9462
-3995
-8130
6738
-9061
3883
787
-408
-615
-8085
-2532
-7340
-5509
3011
-4441
34
7030
2105
-506
8582
-5066
1127
-9578
2998
6408
6111
8581
-6550
-4768
293
7476
-1823
2056
7544
-9555
9462
3874
-7601
2947
-9387
-7734
2752
-477
-5635
-2078
6524
-5388
-8936
-7801
2420
9875
5608
1718
4748
-1845
7447
-3161
-4210
-2877
-4901
-716
8072
-6969
5011
-6028
8433
-5336
6340
5531
-2438
-7233
5458
8999
5080
-620
-3390
-5870
8670
9308
5898
6467
-3032
-5169
8459
5418
6977
4974
-5380
-8860
4759
-1476
2592
5342
809
7453
-5374
2724
-2341
-9619
-5524
-9835
-2123
6538
7253
-2163
3126
963
7529
-5444
2630
2411
-4484
9629
-5839
182
-7004
-8457
-8109
528
9726
6585
477
4232
-238
-7091
5329
-2455
9511
-7038
-7793
-9395
2320
-7747
-3682
-32
1730
-9455
6710
-35
-616
-7091
6070
-2761
-3592
-5072
-457
5210
-4769
4212
-6137
786
-276
3095
4779
1746
-9667
-9624
-1401
-8358
6953
5811
-4020
-4934
-325
-362
-4369
-5165
9384
-9109
3400
-465
-120
-2928
-6188
5405
-784
-6424
-8322
-3737
-6332
8361
9928
6993
-5150
6610
4012
5185
9434
-6166
3041
-5780
9747
8747
-1320
2733
-5071
-6375
-1084
2168
1945
-9399
-7004
5038
-185
1498
-7265
9999
-8112
-314
-9312
1629
-7216
-2611
4897
115
-4744
-7091
-2189
-8597
-2838
6348
2308
3448
-4534
-1817
-3922
-948
169
-2055
2300
1054
2588
-5174
8549
5266
5898
860
-715
-938
453
-6031
-846
-8818
6280
-910
1181
-4089
-8185
9030
8225
-3723
-8444
-5556
5604
-4578
7133
-3168
-5345
-7335
-5949
3715
-2486
-1121
-8636
-6887
-9774
2449
-52
-4187
7630
9976
-6335
7683
-9507
3495
612
8177
4313
1575
-2294
-6727
-5677
7314
3094
6777
2475
-5750
9616
-1529
6260
9693
606
2681
9030
2955
-6765
-2132
-9112
1243
-2420
-7865
-3832
-1363
1270
8851
5146
-8799
-2922
-1514
-8392
2210
3030
-2077
-4977
-944
-7430
4942
-6907
-8284
-9892
-7127
4851
8799
-3838
2765
-1666
-2929
710
-9674
-178
5717
1518
-2083
-7420
-9461
3583
-9753
-7495
-2007
-1435
-3934
1765
3355
9454
-4851
8170
3322
3910
-3773
-1124
2119
-3783
5083
9677
3850
-2994
-233
4393
209
1470
-5985
-2756
7926
-8875
3931
-8820
8879
2741
6898
-5280
-6221
2282
577
5192
3353
-180
-5479
6149
-5114
-7325
5129
1890
2192
9611
-1333
5033
-403
1712
6279
9901
6252
14
-4277
-6283
-8972
5797
3000
3333
7098
186
-5244
-7830
4561
-4394
-7432
-2524
7276
2331
336
8392
-6248
-7815
852
9307
7308
-5269
1025
8811
-810
-1063
-1993
6498
6809
2481
6032
-5838
2567
2639
9469
6184
-9596
-2663
-2861
-9191
-6850
6895
-2558
-3879
5182
2992
-9522
5200
5735
6391
-7111
-8111
1524
7808
9437
-2861
7165
-3196
-5834
7528
-6429
7893
5040
626
1098
571
-4709
73
7477
8047
8083
4735
-8808
8992
9806
1311
2861
-3169
7148
2431
3982
2949
-1251
1474
-8023
-5517
5376
5856
-6737
-7477
-3599
3299
-5459
-8353
3928
-4965
4194
-5845
4373
-5219
7595
-3681
9171
-270
-3738
-2370
5036
-6987
-5092
4243
-4117
-8735
7604
6789
1135
-7303
5489
2496
-7094
-8646
9910
9133
893
5506
-9547
-1756
3194
-1776
9787
-6563
-3997
1913
5185
-7199
6469
-3658
-6719
-6086
-4842
-3860
1391
6920
3407
-5295
-6743
9630
6991
-7035
6989
-5744
693
-2127
-628
-395
-8101
4154
-1643
6988
2745
8562
-7680
1942
7088
5566
8989
-9859
-7060
8918
-1292
3955
-7769
-8843
-4268
-2694
-7857
8061
-4877
-1133
-5759
-6940
-1344
4737
1029
-7596
9327
4141
-7861
6982
-6500
-1637
-5921
5901
5608
-4089
-5729
-4257
-8880
-2371
-1931
-2842
8649
4452
8037
8483
-9973
7798
-448
-2484
-1140
-6912
-7935
-1919
7013
3506
5130
-9618
8380
36
-5030
-1387
-7681
-2193
-6039
-8428
-7804
2258
3667
8782
-5992
-3233
5624
-4106
9327
3096
-1760
-7134
-1752
-9656
7085
755
5131
-9058
-6918
1801
8462
5217
8095
-1384
-33
3179
-9156
-8849
7053
-6756
-5415
-8325
6064
-9628
1914
-5202
5345
9552
-8398
4880
7394
-7348
-5664
7631
5598
-5846
-1884
-1541
4234
-9152
-855
-143
5046
-9254
-1506
2571
-6848
-5240
-9453
-1852
6796
243
-6908
-1303
-3311
-2562
-6838
-9895
974
381
-886
4942
-7138
-4000
8315
4465
-8502
5547
-4951
2222
3426
3784
-6986
5529
2386
-796
-4337
9708
-4639
8107
2265
3312
3902
-2086
-7946
5093
-9659
2381
763
7102
-3554
-2548
-1254
8285
2259
-9072
-3831
-9454
-9206
3499
2669
3624
-7600
-2570
8492
-5367
6245
-2900
6360
9032
7912
28
1042
-8496
7175
6446
-7060
428
-978
-9627
-5063
8975
528
-8983
4859
-2232
7556
-200
8110
-9922
1455
6457
-479
7261
-6369
8671
-3838
2192
8902
-1080
4055
1853
-7807
4252
8809
-9448
6739
-4911
2921
4534
9958
-834
5756
8128
8734
-9551
-6405
-9046
3118
-1530
-7547
-9368
9748
2145
8163
-5066
-1390
-1810
-8621
-2462
8034
384
9019
-2416
2534
172
-3136
1917
-6032
1704
-5868
7110
-9675
-7793
1602
-2686
-9532
-4381
4607
41
1013
-1113
-254
-641
7591
712
-7627
1628
6174
3790
9913
-7854
8090
4978
8870
8257
317
-6968
3607
-4772
6315
1388
1947
8822
9651
9322
4699
-3833
6429
-9696
-9340
-2193
-4477
-795
-9783
-1614
-8248
-8687
3187
-8932
8398
-6508
-3110
-9069
-4170
-226
-659
3071
-4827
-9749
-1797
-1934
3668
-9073
9439
2283
4425
5529
-3576
-5859
-5209
6145
1308
7255
-9605
-8610
-1345
-3360
7993
-5434
4350
3593
4726
2478
-1275
2127
-8398
7268
6778
2069
-3128
8198
-3736
6794
8499
-3116
7896
5541
-4613
-4588
8793
-8713
6558
-9629
-4193
-3362
9537
3672
533
823
1865
2106
1096
6590
-8118
7847
-6985
-7166
8804
-99
-3367
9839
-6111
-7710
-4882
-9142
-7538
331
-9673
-8068
-473
-1996
-1030
3048
-1193
4634
-9319
-9147
1152
-3570
4540
5991
-1915
3103
1663
5508
7647
-7909
-6677
-9741
696
-5155
-1222
-713
-1439
3038
7594
-4587
8345
3691
-3963
-9244
7969
2350
1691
-7771
7484
63
2806
351
4255
4257
-5880
3575
-7959
25
2831
9268
810
5126
-7493
4625
-541
-3386
-9203
-1620
8981
-4436
1098
-6481
6309
2536
3327
-9342
7340
-3608
-5993
-93
-1589
-7560
5234
-8936
3265
2447
8612
-9177
835
8125
2703
5369
8350
9646
6624
2104
2341
4840
145
7453
-8755
-6299
-3962
-346
4151
5273
2732
3018
4156
3860
8564
-8076
72
-2346
-3793
-4692
1408
-503
7056
-9967
8149
5269
-5990
-9618
-1561
2319
3160
-6778
-6507
-5742
9264
8930
1366
-8308
9067
-794
-3925
4588
-1078
5294
-2892
596
1541
-5685
5036
-6546
0
9352
7403
-3832
-7018
7856
-2528
-3387
-1792
-8374
2110
-214
2433
-8861
1241
8075
5063
2953
-945
-9070
-1071
953
1523
-5146
-5237
-47
2985
2469
-5162
332
1750
-5020
1600
-3203
4655
780
-9505
5170
2377
-2430
-3885
3279
-4347
-4638
-2861
-7978
6408
1659
2746
5470
-592
-2263
-6389
4390
3670
-3797
-6583
-991
-7402
3569
-864
-2928
-8771
-3695
2729
4197
2940
-5018
6954
2823
5122
-6824
3500
8493
-122
1654
5299
9464
9916
8732
119
6839
309
5279
-5657
-9536
-7436
2282
25
5170
3703
187
-6877
432
-577
388
5569
-9560
-2599
-440
-1945
994
-2971
4427
4608
437
-6097
5098
4877
-3163
-6593
1029
6005
-9684
7445
-362
8706
6609
2229
-2439
5543
-8939
7608
80
-6321
-899
-2689
8146
-258
-9907
-1224
-8555
8425
-2295
1161
7981
-1704
22
-3564
-2093
-5353
-4728
9562
-9363
-1148
9263
-9635
8256
-2029
7036
-4300
-3904
2218
6451
-9058
-4246
7803
1029
9302
-1070
-9000
5851
-2850
-8377
-5430
7452
-8709
9071
89
7391
-755
-1074
5956
9418
4120
-5703
-1622
-6322
236
-4346
8759
5381
3749
4322
4767
646
780
1185
-8510
-6214
3408
-2644
5716
7116
-9643
8821
3303
3470
1669
4575
8656
9152
-7661
2299
730
-8398
4112
7759
-4740
-2465
-6269
7298
-1131
3766
4020
-2047
-2576
-6734
-9356
-3667
9804
3091
9426
-6570
-8213
4147
-6089
-3592
-2417
4318
-8879
-5624
5166
-8115
-3342
870
-382
7536
-811
6057
-7464
8005
-8858
206
-5458
8793
-3907
-1350
1232
8185
8781
-8004
5323
-4587
-8329
94
2832
2219
-5685
8580
4392
-4091
214
-9056
4041
5529
-5746
-2248
-6627
-8705
-4296
-3520
-7306
-2335
-6171
4229
9601
974
2056
121
6559
-5211
6531
-5814
-1571
7469
-5267
9838
1612
-8056
-127
1752
-5821
2695
-7341
1367
-6639
5818
-4019
276
-9033
-3581
7325
7552
-5746
6784
8854
4739
2939
-6647
3966
-80
-1148
-5756
-2127
8290
1017
-2394
9700
-130
-1949
8932
-1000
5545
-4488
4010
6966
-5172
-4042
3816
3322
-7688
4368
-9939
1712
4611
4133
9979
7979
9960
8838
-2407
1491
9474
3391
8981
8201
2965
7688
-6457
8020
-3832
-8748
-4292
-3969
-1756
-8086
-6573
6592
-8156
-2338
-4507
2147
9135
-8443
-453
-7209
7297
-2095
5706
5476
2114
-9627
-2025
4842
8290
-9016
1250
4056
-2984
5268
-8239
8680
5674
-9088
-9856
-5466
-8940
5442
6746
2764
-4532
402
5257
-2128
6697
-464
3999
-2878
3927
8451
-3273
7075
1059
4062
-5873
7089
-5953
5119
-4615
-1735
8869
7692
-5356
-9821
-8080
-9376
4235
1880
2296
238
4394
-1828
-8991
-183
553
-356
7902
9868
-9448
-969
-615
4613
372
-7747
435
7301
2850
-1165
-1538
6697
-7806
4583
2784
2241
-4510
-9398
-9501
5009
8039
-1247
6064
7226
1054
3176
3164
-9485
9238
4197
6247
5678
-1967
3301
-5855
-498
8437
-9642
-6305
3375
-4803
-9362
6470
-5681
9716
8313
-5310
-5138
4034
7809
-5242
-2527
-5493
7441
8418
956
-613
5004
-4572
-7250
-4249
8601
4209
8343
-1820
-131
7599
2935
506
-2529
-8300
156
3452
-5340
9729
2469
5383
-4568
4703
9645
-8945
3018
798
-4274
8541
6860
-8855
-6990
-2482
2561
-8084
1341
4851
5921
-8769
4087
5663
1539
-2838
6575
1586
-6732
-3258
6829
9813
-8626
5558
-9962
4483
6989
-8671
-6658
-8490
8188
7676
5560
3466
-7618
8090
5630
-7264
-8901
-9868
8828
1375
-8225
-9425
1751
-345
1300
-9681
-7298
1511
8577
1368
3863
-6125
-1614
-3669
93
2312
9775
8634
7803
-6196
1800
-1731
-4310
9992
-1233
447
8130
-4936
-8135
-3851
-8767
-2454
-2113
-8713
-2144
-9209
-3262
-1936
-8118
303
8324
4814
5481
268
9071
-1943
-2862
3275
-8752
6495
-1030
2417
-290
3995
3232
-2906
6819
-8756
5424
5516
1184
672
-7485
4760
6026
5221
-9882
885
225
-6189
-7597
-6035
610
-8917
4633
2694
-133
1639
7872
6868
-4936
3909
8710
-9388
-3165
-4005
4470
-6159
7771
1738
9345
2242
4029
-9137
-6367
-5238
69
9110
7740
595
5314
-1387
751
-5193
-7389
-5775
-462
5843
2815
5097
-8356
-6169
594
4047
-8231
8765
639
5634
6760
-9483
960
-3905
-6341
7242
-8466
-172
2132
-5845
8317
-130
3493
3947
5861
-914
-2455
-5534
-3368
-410
8281
6075
-1007
5946
-7717
8824
7814
-5866
-5095
-1684
-3754
-5424
5095
7503
8417
-7949
3704
-9709
5355
3284
9622
-785
-3633
-8138
-9267
-3236
-9777
7174
3356
-1450
3951
9407
2037
-8087
-3977
-1807
8556
529
-9565
-878
8509
-1301
-7011
3411
2878
1345
1527
9633
8282
6577
-372
5508
-7082
6244
-4985
-6114
-3378
6245
-4432
8670
8277
-1830
-5675
2057
9286
1840
8373
-9495
-4209
-1021
3265
2411
-9486
-7847
-3494
6460
6582
2749
-7715
-5188
7706
5691
2265
2869
-3944
-2631
7256
5681
-4682
-7540
-8033
-9584
-7130
-419
9151
-4002
8665
1983
-2729
-2732
-2776
-2561
-6842
7386
1438
-6173
2498
4090
-2906
-680
-9637
1202
4109
1484
-3601
4334
-1112
-9308
3561
-5120
9422
2269
3495
-1857
8320
8681
-4504
-3374
9857
9776
4458
2345
-3658
-924
-7300
576
-3272
5801
9656
-6809
8438
441
-6870
-7014
-345
3149
4019
8266
3743
-1831
-60
9891
-568
2466
-4826
9769
-4653
1159
9310
-9443
6067
7514
-9365
8973
6590
-8882
-1785
1380
-4986
-3473
9568
6941
-1807
-5282
-101
-9606
8711
5314
5985
-1384
6531
1686
-3274
5648
-9668
5841
5997
-7022
-1750
3336
-9038
3752
8989
-5451
3640
8273
-3171
2191
-1148
3086
5765
-8197
924
1957
8349
-511
7816
996
-2168
1215
-3041
210
1490
8522
9900
3755
-1193
-7088
2325
6314
-8946
2001
-9988
-3766
6282
1223
8363
-8627
-900
-8079
6008
-4642
-4575
-8799
-4133
-305
7255
-108
-5489
8130
-8061
8369
-558
5032
8237
-4891
9121
9309
9381
-1678
-4345
1426
-2707
-8102
-4732
9012
1534
-1774
-6508
-1341
-9708
6230
5318
-4921
-3262
-3971
-1451
9741
1240
-5835
7273
-5278
4342
6751
-8987
-6354
-6776
-3481
7428
1653
7581
-2160
-4188
1796
2534
2117
51
-9721
-6737
-7776
2444
-3357
994
2271
-7431
-9489
2143
4818
-9606
8158
8693
8847
-189
8918
-8286
-9465
-9612
-3856
-2782
-6856
5926
-7394
-105
-6959
-4461
9602
-9370
-1906
7376
7973
-7257
-558
3933
-2452
9152
-3762
3663
-9874
-8106
9909
4926
6915
-8339
3803
-813
-5140
-7715
-5917
-2803
-7841
5380
9691
155
5922
-6568
1675
9621
9343
-6511
-3079
5729
-1336
-9303
1525
6638
4948
-5612
-8676
-4354
-5335
5206
2826
966
-6669
-6396
-5477
-4470
-9529
4720
-7494
8764
3198
-7433
3504
2401
7428
8733
2882
9852
-9918
-3013
1855
-7159
9013
-9900
-4084
-1121
5915
-5366
6389
-7440
-7122
-7755
2211
8634
-5705
-6236
7873
-6920
9564
1878
5730
-790
5856
-8323
-3902
-6511
-3419
9863
4428
-7443
-9206
9600
-423
-4683
-480
9358
8069
-2345
1876
6005
1167
9509
-5255
5924
4315
8819
-766
-538
5830
8549
9505
-975
-2987
-1016
-1732
-9236
306
5211
9740
-6561
6232
-5664
1143
7073
4802
-2728
-6631
6246
-6663
-1679
6011
9255
8149
-9374
7780
3836
-8049
-7518
380
-5950
9140
1055
-7790
4227
5626
-8668
-8195
942
-8196
9913
2084
3118
-5582
-147
5310
7217
-5207
-65
-3422
-4856
-5820
1398
-5864
5002
-1839
-4130
-2547
-160
2532
-3463
697
247
9154
-6645
-6928
7999
9678
818
8018
4080
-3843
-3036
4020
8358
-938
2755
-9006
-6211
8905
-5254
8009
-5181
-6195
-1682
-3548
7833
-7085
-7723
-1468
1213
-7136
-8246
3810
-1989
7897
-9716
5886
-9027
-9023
-5635
5829
-1941
-1547
2819
7501
4984
-8225
-7966
1828
534
-5580
-4580
7397
-5381
7561
-124
8449
-6066
2572
-2011
-7294
-6545
-4041
8948
8593
2676
-9677
-1051
-4988
3138
6061
-8133
-7072
5753
-3372
-634
-5887
-1424
9638
1746
2758
5374
-5193
2493
-9576
6756
-5738
-3728
2432
3282
-6802
-334
2873
-7047
-3280
-3267
-4028
-1411
5196
-4503
-3304
-6473
4887
-8431
9459
2461
-1383
800
9461
6176
-4937
2930
9734
5538
8342
4549
-7169
-1216
-2012
3410
7544
-2363
6588
3571
2926
5538
-290
-7141
5032
2057
8166
-6189
8543
9204
6961
2495
-6926
5013
-2384
2902
-3445
-4654
5245
-7093
1738
8858
-9126
2848
-3570
-1250
-5064
-1005
-6223
2018
-8034
8711
8310
-9863
5956
-4880
-794
2892
4412
6177
9447
1756
-9288
-5401
6087
-5140
5152
6597
8523
-8535
-9350
-2934
3370
-2098
-504
3974
-1590
2401
5390
-8762
-3998
5821
22
9915
2785
-8489
9167
1786
-5597
8770
-3493
-2677
-681
3529
5087
-7075
5189
-8644
172
8938
-3852
7601
2502
-1145
1933
9369
2158
-9433
4599
-8231
2227
1352
-4700
-3746
203
-2078
-2286
8603
1860
9290
2157
-5781
2804
-8728
-229
-4119
6968
-557
-5570
3176
1879
-4182
2583
-4089
7712
-5795
-7008
-3026
853
8595
-166
-7798
2974
-367
-8161
-6195
3477
-6898
6685
6704
6569
2568
-7444
8404
-4196
-1389
9284
-7035
2603
-2743
-5611
8523
-3388
-6108
9877
-9536
-9551
-8205
-2541
-7088
3300
4132
6205
-5621
5120
1323
424
-533
2984
-1436
4062
1700
-6477
676
1020
-9169
-3079
-3430
-4640
-5925
-2902
7642
7191
-9389
-3735
2827
-3425
-4121
449
-3321
-1414
3137
1515
-9959
-9616
-4154
-665
-3161
6445
125
3589
9186
7474
-505
7960
9173
-5861
815
-41
-7519
-3587
-3293
-2686
-2127
4645
-679
7609
4102
-6465
-8514
-9493
8597
2533
8732
682
1668
7427
8756
-3043
248
5300
5862
7867
-3632
-4217
6132
5641
-5250
1696
-947
4954
2912
1304
-1719
3859
4188
-6217
-5282
-7594
-1158
3297
8223
-3727
5367
405
-8315
-9515
9477
-438
-5161
-6550
-6884
7888
-203
4591
4319
7599
8293
9935
5356
831
9196
-3586
-4644
746
-7584
1086
-3682
8012
-4356
-8899
9001
7302
436
-1949
-2725
-7218
6617
-3117
3659
9362
-9449
-8262
-4296
-7139
-3698
9718
-5414
1206
-6489
-7099
5323
-6479
-6873
6717
-5214
-5046
7287
9965
5585
459
-108
-6598
1227
-1461
-3368
-1014
-3901
7419
4572
-8343
-2490
3470
520
-2464
148
716
4033
-9875
-6774
5668
-5610
-1782
-2997
-3594
9133
1743
8782
-2397
5967
7698
-5746
-7258
-1079
-5368
7339
1372
-8107
-4626
5138
-4801
7720
-1661
-2684
1730
-5057
7572
538
-6221
7551
-8344
7504
7929
4031
-2073
3363
-2199
9629
6793
-7851
3453
8723
-6268
9138
-6840
-9928
1721
2565
-765
2962
4644
7067
2073
-7116
-9512
2332
6452
-5004
-5554
4499
-8902
-3295
-3551
-2027
-3011
-4205
7048
-6169
3214
7672
-7339
2462
-1217
4335
-8112
-608
-6321
-3712
8742
165
9523
-305
-4877
-8589
-2949
2741
-1176
-6343
-9431
7535
-3860
1007
-1857
-9535
-51
8649
8287
5758
-6821
6060
6790
-7889
-5304
-1879
3436
1487
4296
8132
-7956
-6675
-3327
6252
4199
5917
7381
3247
6724
-9408
4126
4386
589
7521
-9839
8476
-8736
2807
2015
-617
-242
1090
-5093
-5197
-3135
2379
-679
8780
7492
-7483
5186
8566
-8094
-5524
-5918
-7103
-1031
838
-1263
-8103
-5354
5168
1896
1324
9115
2505
7668
-6765
8952
9437
-9214
-9691
-3748
-3465
-4201
8389
5848
-5375
-5630
5951
-7794
-9471
3624
5895
8635
7218
2737
-8975
-1462
5706
3976
5119
-3037
-2225
-4437
-157
-7113
173
7773
1677
-5381
-9586
-5508
-2205
-3825
7609
-2664
720
-7746
402
-1111
-5466
-5673
8165
602
-1991
-983
9248
-529
418
-158
7610
-5118
-5032
-8292
-336
983
7460
-5739
-8319
-8755
-1962
4568
3773
-9832
7629
-9912
2807
5235
-7673
9197
9929
-5975
385
1773
-4062
3434
9858
-2503
-2422
-3790
-7092
5522
-9429
-2734
-3729
8542
2726
5411
1325
3847
-7322
-1810
8819
9436
-1914
9680
9639
-2633
-8497
5447
7759
-8946
7535
-8586
8941
943
6163
-6432
9391
5474
6146
4509
-9079
2717
-1683
-2110
-1125
-7189
-4492
4098
-1795
9131
5114
7658
7898
-4486
-4853
-7094
9677
3067
2364
666
-7642
-7450
-2565
928
1227
9632
3198
4079
5622
-8545
-6212
-4403
697
-9178
6874
-7076
-2543
-3199
-3512
6289
-3812
-1766
4652
5963
-3803
-3503
-8396
7150
3017
-4512
-942
-9636
9770
2704
-7283
-5221
8387
5778
7343
6700
9473
-692
5073
-9652
2817
-2636
-6337
3803
2586
-3181
3856
-6954
2646
553
-3885
7258
-7091
9766
9844
-8942
7331
-6756
-2701
2529
-2499
-8572
6538
3025
-4307
-1205
441
-8642
-1013
-7670
-4635
-8138
-7676
-1627
9581
7101
-1517
-5963
-1690
-2151
-1845
-1559
8230
7369
3776
8746
-7027
9072
-3749
2843
-3651
3493
2718
5620
-9917
6861
-9803
-6510
-2724
8942
-5203
-968
-1535
-9177
-6192
8517
-6136
-9220
4137
-9678
-3687
-6886
-3665
9263
-5539
4338
7331
3315
9833
-7632
-430
-8340
5430
-5704
981
-4442
-6405
4312
-9309
-8462
4030
-4503
-153
-9269
-4924
5761
7777
-5018
9902
-1147
-1157
-1340
7933
5477
-2017
195
3571
7850
3190
1452
4250
6695
-8618
-3105
5908
8911
-9129
-1492
-1544
4643
69
9888
7532
-5770
7872
-2397
-6754
-9289
-2653
203
5989
-6406
-3082
8926
-7339
-4411
7901
9079
9961
1151
5749
-6445
-8888
1297
1217
-5557
2274
9487
421
-7415
7089
-7906
3827
-2072
-5949
-4900
7518
-7781
-4558
-6806
6667
1025
-67
7356
6581
5956
-5544
7710
7349
-7480
-4696
-5477
7869
-9598
4022
-2927
3845
-9438
6639
-2977
2159
7875
3167
6557
1013
-9643
273
-6438
1155
-9402
6733
-741
-8602
-5336
211
-3991
-3369
-8570
5329
-4789
1862
-4939
-5077
-6977
2878
-5437
3120
5510
-8405
-3088
-4129
-9147
-814
-6886
-2937
9562
7435
7968
-986
489
-2000
-9254
-325
-1138
-9997
-7401
-1244
5236
1581
5115
9520
818
1353
2623
-3200
-6132
9070
9411
-6876
3896
9147
1204
3477
-9533
9655
-2643
9746
9010
-3468
3047
1786
-8397
-5177
1297
-1312
398
-7455
5920
1587
-2750
-9652
8216
-4398
9586
-9582
9464
-5916
-9688
6714
-8102
9747
4845
1235
9117
-126
-7490
8874
-5850
6787
9228
5742
3904
5800
911
-971
-7910
7387
513
-7464
-4544
-2601
-7220
-2688
-9365
5611
-8858
2098
801
-7311
5069
7546
-1928
-8982
513
1807
9551
1818
740
-8216
554
-9261
-8388
1335
7480
4311
-8865
-574
-8850
3238
-2800
3706
-4889
435
7167
1352
-5993
6574
8239
-6677
-9524
-3670
7311
-6779
348
-6158
-4441
3544
-1896
-6695
-6423
2101
7470
-9029
2617
-4458
-6024
7978
-6349
-4345
2703
-8339
143
-6875
2059
-370
-235
3232
-1057
9386
-9537
-6264
9715
953
-8478
-7604
-9565
1211
-37
730
-3973
-3890
8641
-7256
9813
1776
-2615
5649
-6989
552
6385
2554
-844
-7223
1723
6988
-2662
3668
-6999
6723
-5116
-8232
-9618
4412
-2794
-4761
-9591
8187
2736
8971
1566
7821
6303
-6626
-8513
2840
1631
6666
-2760
-3457
5420
5101
9097
-8641
-3885
-2274
259
8205
-5323
-6911
7259
-7405
912
-5294
-5774
-3216
-6158
-2810
-5048
-1176
2673
-8195
7634
-506
-8876
7810
-6720
-3069
8631
-8501
2723
8638
8851
2733
2390
-4962
-640
9006
1741
6136
-3709
-3856
-8837
6914
-450
9158
-3583
3761
-4323
9901
9550
-5700
7048
-3099
7175
9275
-412
8131
-8555
-2347
1511
2379
1576
839
4694
3809
5117
-1046
-9568
3846
7669
7664
-2042
9771
-8884
4325
-4578
-5725
7266
9055
2573
-5387
-7527
-1873
6103
-7394
-7939
-5478
138
-6652
-1470
-2888
1790
-854
-4407
-7790
136
-1669
-2762
4341
-2740
4418
9790
3252
3116
-8288
7668
-26
-5068
-1614
-2554
-9472
-3093
3152
5055
-7795
2847
-813
7476
-9895
-2047
-3909
5128
4849
-138
-3589
-1429
-6991
4527
8855
-5604
-3474
-2286
2328
-7328
-1760
8818
-747
-4882
2096
9196
76
-2046
-688
3621
-4072
4287
9053
5770
-8153
-6624
-3797
1673
7506
3949
-8951
7205
9522
-9592
-9908
4272
5824
-9398
-3995
-9351
8444
-6730
7762
3142
8038
8438
-5182
-6820
9397
-3070
-4126
8582
-994
-374
726
4039
-800
5492
-2512
-5351
207
2162
-1608
6953
-1518
-6695
8652
-231
2176
-8547
-6634
5555
-681
3893
1357
7710
-4951
5766
1874
-9963
-3811
8048
-9890
2738
6201
888
-1882
5213
769
-1953
1490
1992
539
-1350
2557
2485
3528
7994
-5180
7603
372
-1772
8050
-6943
-4283
8907
485
-9787
-7021
7614
6586
4890
6903
-7352
-2205
7326
-1385
7745
2586
-5438
7231
-2623
-4865
7345
-5881
-501
-4982
-4376
251
5320
2973
8322
-1952
294
4087
442
4610
-3289
5740
2798
9872
4349
-1927
6692
-7522
-4669
-7361
8702
117
-1633
3396
2160
-5552
6352
6521
-767
-8063
8556
8139
1500
9289
8683
-1237
-5952
6262
8497
-5521
2815
-2416
9718
7689
-9349
-1063
-4749
-7583
6362
8188
4862
-4148
9484
-2820
8933
7370
9325
-8821
-208
-3657
4491
-1460
9460
-2489
4365
-5804
387
-1582
-3076
-1669
-7112
6314
2120
1633
-4272
6680
-6742
-4436
-7311
1695
-377
-5997
-4331
-6797
-2193
-4236
1141
-4563
5088
-1887
-7964
2851
5392
3591
9708
7317
938
9679
-1643
7219
-1189
9283
-8885
4367
-1658
-9660
-1168
-5160
-4992
6958
-4041
-4729
-2779
-6033
-3874
418
-5397
3399
6797
-9035
2014
-7891
1087
8624
9256
8211
8395
-867
-4979
5177
-1676
-4644
3093
9180
-6753
-4773
6436
-139
9992
2490
7347
8070
-6760
-5859
-9753
7275
4046
-8943
-2354
-6107
-5901
-8347
-9786
-7297
-2219
4505
7546
-906
-9764
2964
-6870
3095
9339
7833
7788
9120
4515
5563
-2116
8240
-5439
-2259
-3304
1532
5898
-1843
6709
1006
3027
-5562
2153
9888
6848
-5566
-411
-9429
-1168
-6595
-6673
7195
8259
142
-6944
5426
-7225
4926
7862
-5769
-10
-5965
6472
8449
-9551
-2096
4127
9766
-1795
-8398
-7861
-1717
-6974
5663
3358
-1476
5839
3769
5921
6504
3391
9632
-9758
3119
6065
3270
1315
-2516
-8277
7419
9389
-8421
788
7153
3347
-4845
-6448
-5988
-863
707
-8499
-4080
-8307
521
2893
2275
-149
6778
8816
3038
8581
-159
-983
5554
905
8338
3168
7683
209
2720
4898
1856
-4317
5216
-2286
-5496
-9105
3886
9571
-9091
-4864
7142
66
6655
-8609
-1059
-3990
4001
-966
-3347
-5878
9971
3593
494
6162
-4566
-1965
1731
-9894
5802
8796
4565
565
4012
-5364
1860
8499
-8318
1588
9692
1411
-5050
-798
-8561
-9357
1985
1874
-7907
7540
5464
9652
-5352
8210
9675
4305
-7596
-7255
-8701
-1806
-9485
-1964
-2269
515
-1405
-3940
-5590
3409
-2852
-5155
-2140
-1572
-1829
5753
-5805
-2172
-5502
-9340
-5396
3334
7484
-5243
240
9094
1047
7503
-277
9907
-5578
-7185
-7890
8077
-5699
8040
-1568
2909
8577
-5479
3403
-7381
5197
5390
3439
6719
5590
-2406
-3914
-9348
-6394
6883
5562
2424
-1464
6090
-6305
7365
-2745
7880
-9917
-5647
9111
-4458
-8520
1482
-5469
-9775
8154
5952
3065
6546
-1071
6659
-4630
7921
-1898
-8034
4780
-4443
-7362
-61
-6904
-9060
-876
7366
-2678
1720
-3967
-6370
-9286
-321
-6257
-5527
-2456
-6648
-4502
2541
-496
-4361
-9080
-2882
-5654
-1022
-3204
5959
4340
-7720
6157
-8820
7000
-7935
-6876
-2433
-1785
1945
-8332
2244
-3529
-4286
6312
-2984
-1008
-9582
-8479
7515
-997
6382
-834
860
7170
9579
-9123
-3528
-5589
9420
2094
2728
-6183
-9185
-2065
-6133
1427
4189
5744
497
-9219
-1911
4898
6589
6894
6811
2137
-2701
-7220
-3625
1788
-1244
-5276
9832
9670
6899
7175
-1346
8412
140
7733
5490
6906
7037
-4411
-1821
-3435
4738
9100
4484
2122
2208
7662
-9433
1397
-7457
-9537
-6053
1396
5767
-6169
-5537
4416
-8223
7526
-7693
-8875
6241
579
3766
2557
-5724
2227
5338
5365
3974
1887
8405
-5291
3562
5703
7309
3855
-9966
-5193
5382
-8880
-4007
-8015
7866
-3133
-5833
-7514
-7957
-7119
-4537
701
8678
3101
-6356
1430
1677
-5271
-4864
6646
9031
-7947
-8535
-8808
-5666
-9624
-4649
-6847
-8093
-5789
-3629
1357
-9824
-7505
-4584
-7086
5059
-5927
1091
-7295
-9997
5184
6054
-15
-5497
7341
5871
-5858
-5701
3501
-7061
-658
4712
-4568
-3019
3924
7458
3641
-4620
-5854
-1450
9584
6036
-1512
-3323
-7914
-6300
-619
-7761
828
7917
-5405
6669
2929
6132
6968
3348
3000
6338
2660
-9792
5052
2556
3183
-5210
-3772
-6917
8261
-430
-521
8620
4038
5908
6030
1018
-3673
738
5108
7109
-4997
6279
-6798
-7017
-5559
-805
703
-5822
-5887
902
-6459
-6499
6407
-1286
-8716
664
-2050
7150
-4424
9308
-1342
2205
-2662
6780
3494
1152
-9863
-3920
-7861
-7517
4827
-393
-5035
-6462
-8650
2067
-7764
-7485
4394
6572
-2952
-3787
-136
9056
3030
3448
-6901
602
6156
-2569
9894
3749
9905
2050
-7436
-3169
2374
7753
-7076
4619
7946
8505
2426
2037
2377
7559
7488
-854
-3295
-959
7421
-5434
7735
580
-6052
9940
-7923
522
753
-4820
122
3022
4754
5672
-9124
4051
5442
-7249
2675
-9410
-4735
3038
5992
9234
4250
14
6413
-2583
3645
-8923
2158
4068
5247
-2771
-7230
-1286
1898
-72
-6534
5282
7784
-4831
1457
-6194
3959
-2270
6334
2789
1253
7831
521
-7686
-3295
-7168
-9106
-9728
1513
-6461
-7682
-1174
-2123
5717
3067
-173
-2373
2457
2384
-8331
-9597
9639
-7464
-9075
-2004
9543
209
-5017
4544
-4894
7244
-1510
6673
9531
8945
9239
1412
3580
-8780
798
6673
-2261
-3781
4954
-534
-3218
-5912
-7576
1843
-4585
-7138
-43
6366
-4854
-8059
4376
-6542
6083
-1128
-9273
-9807
-3945
4666
-2801
-6488
1721
-3174
5565
3259
-450
-2741
-2843
-2314
4122
7778
5395
9539
7094
6730
6442
-7245
672
-9951
6644
8287
7231
2509
9833
-8775
3136
8321
-9712
-6004
-6266
-9731
1764
-6715
-9989
8411
-5230
8341
