-4691
-3872
-7132
8509
7903
9775
-5598
-1289
-850
3914
-7745
-1795
5318
4622
-6502
-2502
-5784
-1085
1917
7310
-4695
5613
9387
2079
-356
9442
-7502
-9272
-8442
2903
-3271
-9024
1765
1048
-9081
9964
1482
-48
8790
3135
3039
-8027
-59
-1505
-1849
-6393
-6205
5708
-6964
4163
-3672
3902
5787
-8316
551
9927
-9286
-7784
-7480
9304
5061
7320
-4744
7062
-5174
-203
8415
4813
-6666
-5504
-3964
7121
-5351
-6460
-7957
-8747
-7632
1400
7134
5074
-871
7633
9497
7740
-123
-1694
3821
6292
7960
6472
2477
4557
-4514
6837
7369
7333
-6889
-617
356
9002
661
1053
7603
700
-1302
-145
1990
-6814
42
-9754
8895
4717
-6972
-8728
8481
-3927
-3967
-9868
1943
-2140
-1399
-133
-84
-5972
5563
-1085
68
-3652
8218
-4344
218
-5415
5720
-8533
3339
4862
-2859
-49
-6175
-1204
5689
-9896
-6376
7945
-8391
-2752
8582
8314
-1544
2468
-8121
1562
-3016
282
-4194
-7069
-8185
8165
4415
-5181
3134
-9932
-9083
-4624
3088
6997
6690
-6443
-8449
4013
-1794
-3493
-2495
-2002
2618
-2696
-8046
-3052
-8549
4508
5238
1163
-6999
-344
-8885
8423
5050
4076
1894
4308
-3752
8119
662
-8643
-1971
-8141
9465
5492
2299
-2943
-3484
6102
-3687
-7714
4278
3893
-4167
-9480
7295
3485
2343
3364
-8302
8700
8147
7029
4508
-1644
-1793
8549
-6580
6028
-4801
9893
-9778
3173
8518
-4170
-5959
8346
-3664
-9841
3373
8449
9059
9232
7829
-9445
8944
-1812
-7078
-3392
-6066
-4997
-62
433
2052
6484
-4082
-710
-7512
2507
-5832
-4786
-1768
-5846
-6797
-8875
6147
-5859
-9538
2948
5379
-407
9043
5601
8771
-6123
2495
-9493
6599
-9159
-1558
5068
7383
-3278
3619
8356
-8602
5960
2268
661
6793
6054
2772
4145
-2963
-8427
-5268
-7479
5745
-2053
-6989
32
-7869
-8015
4956
-1367
-1144
3050
-2255
5242
1377
2376
-4268
3733
7444
-2837
-6057
-7640
-8068
3661
-8457
3909
-5766
-7505
-8384
9430
-9906
8881
-8365
-3312
9831
543
-1370
-6462
4629
964
-9624
-8158
-8257
-7640
-303
-4175
7476
-1643
6747
10000
-5307
-8565
1150
-5663
4597
9806
3539
-5829
-4657
-6017
-2341
-9884
-8940
-1435
3781
2017
-3236
3822
-970
-514
-1953
9785
-8631
-8839
-4743
9361
6128
8462
-6911
-6911
-9690
4849
4869
-7618
4561
3544
2196
194
-9169
-2859
-2832
-6714
6342
3328
-5343
9994
-1119
1778
-6274
-7332
-755
-9657
-1180
-7061
-146
1069
9091
-900
-5093
5864
-9876
-833
-6582
-7097
-4279
3917
-1553
176
3216
2268
9536
3095
-6353
8314
-9936
3319
9937
-7325
-1787
7037
415
-223
-6334
-842
-3423
9737
-2944
4154
-7444
2036
517
3148
-7601
4211
9849
3368
7872
-5148
-7192
-8758
-9342
-3682
5630
9385
8019
-3255
8854
8807
-8203
6747
-1386
-4717
-6461
8597
406
-3278
6808
-3938
6923
8385
-9897
6023
8251
-1988
7717
3933
9495
-563
585
2270
-9049
5834
5076
3360
-2010
-4926
9919
324
5840
6296
-1888
-6324
4611
2942
-5218
1266
1719
3721
6210
2283
6118
6887
9297
-8463
3763
7379
-2118
3408
4248
-833
-4888
-1510
2411
2817
3726
-5067
6069
1359
-8483
9781
-3980
-4498
-3119
5551
-2632
2255
672
-7999
-6522
-4253
5491
3697
-4225
9967
-2540
-8683
1716
8542
7317
5514
5200
9046
-200
-8869
-7982
-29
5889
3468
-9808
9366
2024
989
-2533
1494
1015
-4544
-2997
-9345
5660
-280
-2525
-2570
-2232
5727
-2613
1955
-4372
3612
8045
2333
7316
-8030
1949
-2763
4818
7124
2089
-3234
441
-2697
-4095
-1764
795
2541
-5258
4392
798
-5731
-2019
-3260
-45
-4554
-5349
-4760
4975
-9358
-844
-554
3686
4161
4544
9152
8957
-1577
1246
4704
-342
-5329
-9386
2666
-8024
7416
5439
-9102
9530
4883
1249
-1487
5400
-8039
-9670
-4135
-1391
7983
-7484
589
-2956
-6324
-9690
-8683
2323
4096
-5938
-1350
9793
-63
-8134
-7720
8594
-816
-8062
4569
-7026
6386
-5256
-7755
-2500
-5444
8263
6912
9580
3586
6973
-4406
-8136
-6696
-9742
-1284
-8339
8926
6652
8825
-6368
1417
9472
-4137
8443
3613
9589
2265
-1046
3698
7543
-5225
2073
-8527
-1635
523
-1055
6266
-8547
-7807
6534
-6869
-5897
-2536
-5266
6542
5214
-9817
959
2344
3975
9868
-9952
2235
6981
8992
7456
4018
668
-6365
739
-3871
8699
7488
-5016
-1482
-3607
-9724
3679
-4123
-7174
3967
-7004
6455
1745
-9234
-2488
-6339
-5727
-3684
-5551
9452
9167
6457
-1547
-7148
-9478
-9570
-8670
2667
3147
-8091
6714
518
-6548
-9822
-8412
2685
7911
2788
-8534
-3154
2866
-8
892
-9167
-8051
-6174
-4903
3631
792
196
1494
8133
-8017
836
-2768
118
-4233
109
1077
991
-6664
-528
-930
4105
5463
-7826
1514
2923
-8267
-359
-8513
9991
-1332
-19
-1369
-6777
-3970
-7219
-6183
-2937
9067
4253
-5038
-1094
113
7194
-9672
-9850
-4348
6342
1182
-3401
2366
9244
-7689
889
-6873
-8275
8759
-2399
-7134
-6884
-8786
1379
-1092
-4726
1488
-5194
4173
2136
4244
-6501
-2306
-8635
-4049
8179
6857
8510
-6553
3664
-842
-8899
5863
2725
-9044
-2264
5561
9919
-9473
-5649
750
-9302
-9985
-3711
6848
4311
-1808
1144
-3294
6154
-1236
-2825
9416
-7550
1820
-6781
5241
-1183
-1986
-5902
-2247
3880
7230
-9223
7737
8154
-1782
-2539
-1808
-2534
-1926
-1166
7745
-864
2076
4687
-5071
-8649
-5117
4742
9439
1409
-535
2033
-5122
6038
-7426
-8072
-3912
1170
4585
469
-8924
6687
6603
-7971
-3015
5674
3099
2919
-9306
4368
8068
-4317
5643
6932
-7704
-4252
-5751
2254
7958
-4095
7287
9415
-7640
4576
-1049
-6905
8905
-5618
6183
-8283
-4610
7640
3392
3523
-1207
-5927
1869
-1009
6585
3618
-5971
-9854
4615
-6899
-4469
6025
-1985
8032
-8656
-8613
8404
-8047
5529
4525
8202
-1063
8821
-825
-9958
6535
3732
4061
-903
-4014
893
-4955
4524
-7407
1290
5062
-3055
2192
-6681
9221
-1366
9547
-9363
3905
5116
5940
-1077
6965
3992
-5365
3298
8675
353
4112
177
-7459
-4661
-4735
-1031
6253
1709
-6714
-1402
7050
5851
-6172
-450
-1852
-9179
6004
7701
-8000
-3910
768
-4063
4637
-9144
7768
376
-4925
2552
6901
-1772
5576
9594
7074
-7639
-1207
6416
6205
-5081
6133
-7692
-5227
8430
-257
7383
-3828
-8564
8952
8634
-7197
3606
-9023
-8831
-8475
6895
4156
-7234
1282
9034
-3619
-5536
-248
-8292
-7401
6187
5253
7690
-9461
-9413
6791
7654
8312
-7459
5748
-316
781
3790
-744
-5250
-433
-5744
165
-6705
-6927
-1410
4018
9257
-6330
5434
-2822
2198
5303
3851
6898
-2970
3978
-5049
9626
-6448
3353
2578
2481
20
-3057
-5569
8033
-4030
4462
4298
-9452
3394
2300
1619
-1525
8967
-5156
5833
8719
-6603
1526
6948
393
7737
3492
6188
-1903
7803
4474
-8148
3065
-7837
1013
-6033
2189
192
1099
-3058
4738
-1473
3150
7270
559
4506
-434
2802
2582
6441
-5462
-7896
-2905
-1937
-7672
8896
9265
8782
5592
-9851
-6028
8282
1591
-9387
-9054
-4263
3316
49
3037
2656
955
-452
-3267
8270
-3583
7283
-1157
-6584
1027
2409
-4308
6182
-9907
209
7441
1789
-3824
-1589
-64
8780
-8018
-4089
415
-7502
8250
2007
2917
9785
-2137
-6502
8142
-613
8737
3287
-120
-5078
-8765
4714
-5725
4477
3526
-3775
4804
5675
5365
-9903
-7762
4711
-6228
292
9371
9043
-3829
5923
3737
-2780
6782
8470
5530
5796
1100
2826
6892
709
467
-125
-7734
-1374
-1839
-7814
9546
-2743
-6072
6592
9280
-4759
524
-8831
408
-2257
-6888
-9493
-2819
8793
2851
-8480
-1859
-4757
-622
-2859
9548
9186
-8832
-8472
-7736
278
6894
-3071
-3833
1764
2471
-7292
4606
1013
3437
-5554
-2516
-48
-5390
-6278
2057
-2471
-4626
-9671
-683
7715
4304
-1820
9994
9016
-8489
-5766
8124
3025
-4717
3860
-3465
7073
807
794
3270
-4774
5719
-3391
-8010
-1849
-7463
1500
3841
-1860
3285
4162
1058
5876
8651
-6563
-5981
1005
-1932
6268
7363
193
1084
-1685
6128
-9733
7141
-1833
8992
-1505
6848
4041
-2376
-4155
-3415
5474
2883
-1111
-7
-5054
4598
3635
5350
-4742
1463
3954
4618
2931
-5069
6915
1623
8241
4351
-8585
-278
-8909
3869
-6754
-4253
-1616
1642
1378
-3830
3657
-5805
2676
8040
4098
1785
813
-8373
-2773
8118
-3865
7552
821
9560
-141
-3199
2831
734
-6807
1546
8584
2167
9262
-796
-1917
3318
-4731
-7210
-5268
3928
9127
9548
1100
-5878
-8428
-9104
-5600
2616
-4485
-3257
-5781
2189
511
-178
-8454
-2911
-3305
-1142
8378
7793
7699
4769
-3392
5003
3683
-4414
6268
-6824
-8177
-5933
-6638
-8840
-1553
8094
-1460
-4429
-3618
-2016
-9170
-7022
5038
-9185
922
-4028
7933
9843
2148
-1877
-3738
4838
-9018
1185
7316
4390
7350
-4690
-3799
-6641
5996
-8338
-8652
-7354
2821
7622
-2059
-9674
-8980
7153
-5873
9471
-6439
1308
5121
-7451
-4394
7750
-6310
3989
2574
3660
-1640
6385
-3292
-6570
1634
-1165
9551
7857
-8672
-5916
3501
7133
437
6175
-8111
62
5388
-2921
-5065
-450
-2035
5316
-3552
9843
9986
1557
7895
-4341
3566
7888
6764
8828
-8105
2153
3103
3424
-4936
-3632
-1839
-5589
-3584
5290
1941
4024
8703
-8115
-459
-7272
4859
-9706
-8809
769
-4461
-936
-5753
969
-2846
5154
7266
4127
9791
-4143
823
-356
8609
-3848
-487
634
2353
739
9628
-5587
-1645
-6623
124
90
-191
5663
-423
6969
2099
2460
8
-6458
-9822
-4127
4463
-5408
-2738
2480
3633
1743
-4168
4693
-5132
-5152
-8994
2074
6877
-4593
4919
6973
5238
-6824
7910
7267
-9903
-7893
6383
6330
2631
-1263
-9288
3980
4675
-2106
402
-471
6859
7174
-4884
1299
7048
3609
4396
5310
-2050
8096
-3957
2402
4876
9797
7118
-9983
-3727
-6703
5985
-9258
6069
5201
-9175
-3401
9729
6936
3886
9750
-3063
-5390
7895
-7217
7956
6975
3555
-8343
2635
7896
8612
2605
6123
-8569
-8034
3932
2515
-1940
6932
-712
1213
-718
-7141
-1006
-8738
-1207
-9052
-9188
-8837
-8227
5876
-2752
-181
-6421
9708
9657
-5189
-8128
-7427
-7247
-9231
-6998
9818
-3528
6788
-9489
9088
-358
-32
-3512
-8389
-6019
5712
-4609
-1927
1485
8251
5248
5761
-780
509
2116
7499
782
-8808
9588
7754
-9999
5487
4963
-7445
-8995
525
2503
-2801
7370
-3577
-8843
-4294
-3532
-9131
-1891
6615
3808
465
9022
-4277
6920
-2560
8031
1486
-8297
182
-6105
-5485
6264
5015
7908
-9757
-8752
-4858
3731
7187
4851
-8708
-2664
3559
-267
3823
3719
8626
9526
4752
-9939
5379
656
-9768
-6667
-8125
-9978
-7126
5348
-6523
5640
2137
8504
5799
-8564
-6180
9865
3046
-8592
-468
-6015
5720
1807
608
-2370
1226
-2200
-2865
6844
-5845
-7203
9341
-9103
-7145
1939
7301
1976
6514
1458
7308
4300
7448
3744
-5947
1210
-867
8803
1509
-8763
-856
-751
-5220
-4635
2967
-517
-6338
-5614
2494
-6496
6752
5610
-1980
-9276
9615
-5002
5620
-4459
-6960
3261
-3210
4479
3257
2018
-7799
-6331
5438
4997
9321
-7177
5047
4566
-1126
3883
4837
2060
-7563
5738
436
467
-8538
1832
7450
-3614
1321
-5872
5831
5533
800
-1571
-6188
-7372
6809
-1170
7308
-6881
1243
8159
-144
7291
-8230
2765
1202
-8247
7800
5450
7438
-1312
7221
-9269
-5507
-6548
-4436
6737
547
-4684
4902
602
-3551
-1456
-6524
808
-1802
6857
-7354
1861
3874
2238
-7254
-5776
-9256
-2460
7838
-5846
2760
-8632
4623
5590
5620
9377
-1589
-5391
-8368
-4994
1099
-6593
5455
9422
-1486
9119
-7914
9498
-519
-4013
-8324
-9617
-5440
6771
-1837
2631
-9285
-774
-8084
-4592
-8801
2716
1403
-1746
1440
3505
1038
-3113
7615
8807
8689
-929
-9693
-3137
8119
-4227
1055
187
399
-7946
6950
-9961
8812
1066
3833
195
-9440
2512
5441
-5535
7008
-2784
-1920
-2996
725
-2659
-2997
6326
-1487
7655
7406
-5081
137
8438
-8557
-6462
-6220
-2835
-792
9243
-8096
-4739
1467
9487
8192
8792
-1572
-7199
-1681
-7466
1656
1490
-2937
-8920
-384
9455
-1752
-9833
239
-499
-479
-7330
-8590
3575
-4015
8037
2635
-9522
-6879
349
-3572
4461
5471
8072
8758
-3116
9083
9710
589
-2804
207
7931
7364
9866
-3258
-7954
-4500
-318
-959
-1965
4107
-5658
9323
9057
7178
2894
5408
6641
-5395
-5130
6865
9775
8943
-5321
-8635
-9482
2594
-1185
130
-9722
4815
-3682
-5702
-5419
3673
4939
-2295
700
-8930
4080
786
7334
1840
1002
-1709
-8263
-2926
-8820
-1826
-38
-3256
-5464
5299
-1050
-6618
3667
2113
9451
-8381
-6474
6836
5878
-1793
-2335
-2785
1236
4041
-9787
-267
-9106
2432
6828
2657
5649
5771
-4173
-785
7283
7192
-4754
-4343
-7859
-2506
-4066
8856
-2582
2457
7276
8108
-5499
-8203
9332
-4889
-1030
-6790
-3798
-7399
-7703
7447
4542
-4736
4045
92
2045
2497
2389
4626
2633
-8735
-6276
-3303
4655
1244
-1046
-8734
345
9477
-5278
-6956
5920
8272
2780
8379
5303
-5992
-994
-9407
-4815
-6704
-1878
-4067
7140
4567
5592
-8061
-2934
-8751
-5656
-7327
-7540
-8866
6630
9413
8479
-4163
-1827
8747
-6578
-4565
9079
6231
-9934
7969
-7176
9506
5253
-6196
4206
2692
-5539
1470
1776
-3447
6577
6382
5813
792
7225
2898
5513
-9283
-125
179
-6867
-3865
121
6729
6182
4997
7415
-9699
1995
5506
1275
-3051
896
-9010
7997
6727
-3878
-4747
-3714
970
5086
-5176
-8654
-3515
-4044
-777
4495
2473
5837
1197
-570
-4457
-1058
3052
-7851
-5707
-8818
-2505
-1875
-3832
1634
5100
7090
-9115
-569
-6192
5429
-7317
2664
-2847
1371
374
399
-2061
4237
-7467
-4675
-782
-5979
6583
8660
-361
9385
-5841
9724
-1779
7253
4644
-638
8283
7856
-7001
-9239
-8910
5783
3279
-7841
-9783
-142
-2038
9808
-44
4012
-637
923
5801
4
-1860
7434
8583
-6886
-3921
1015
4453
-1282
2912
-3250
6125
-6670
3
8710
3259
9130
529
6219
-5401
5571
-8445
-2470
7986
5564
-7623
810
-4283
2301
895
705
-5160
1698
-8895
-170
4206
1213
3291
-4284
7839
-1556
-3268
-7789
-8803
-5138
-9817
8741
6702
-4848
-9731
3184
1090
-5558
69
7924
-1029
-8577
-4305
9581
9
6256
3360
-3353
6641
-9878
8304
-4136
-9657
9059
-6617
-6042
371
-4961
-607
-3675
-7021
-2826
4822
45
-3143
-1542
9121
-1477
-6536
-9293
5427
-9471
-6213
4648
-9144
3102
-2284
1934
706
3255
-7660
-8174
-8807
-1774
1164
6440
-4468
-4404
8687
7085
4306
6325
2844
3978
2104
3014
1802
-7627
113
-7206
4819
-838
-5383
-4782
-5460
-5455
1855
8579
3393
626
5966
9301
2221
-4036
2065
6994
3911
7605
4071
-4869
-4
8227
1503
9652
-6057
-2352
-1243
-9092
-8508
401
-1231
7781
2534
-3331
-8656
7022
-5361
9015
-3140
3109
1958
540
-4924
-1104
-9086
-1987
-9138
7960
-9274
9846
-9831
-9666
-8426
9776
-1674
1971
9522
-9156
-2951
-3239
126
-5549
809
-943
-3274
49
8591
447
-9729
2310
-5520
-5829
-4550
-996
-1010
-7718
2454
9375
9438
2376
-4558
817
6346
-9600
-3735
3089
-3713
4410
7045
-3494
-218
8911
-1481
-9146
2200
-6300
-3615
-7976
2420
-8498
-4642
6411
6660
-2581
9799
9113
2684
8863
-5131
-4624
2185
-5261
5233
-8347
3928
8401
-2694
-863
5517
-1812
-3733
5297
-1955
-5520
-4781
2155
-1479
-9359
1604
3864
3038
-4401
5997
-4113
-5205
-3067
-5004
-8998
3341
8642
4206
7989
361
9243
-9672
2754
6617
9563
2845
1017
-6059
6151
-8856
770
9132
8415
-1537
-7431
7649
-8058
-7748
-2799
-3261
-4258
9555
52
-9104
-506
5246
3437
3692
-1762
-9222
4803
-7167
7331
6383
-1659
-2701
-5695
8807
-3064
-9973
-2436
1211
327
3429
-1344
-6994
9227
5347
-1804
8493
9268
2602
-2645
3493
3340
-6447
3796
5002
8082
6664
-2258
-2854
-1234
-4974
8209
3750
7302
-7734
-365
-1075
6995
4635
-7117
-6978
9033
-8368
1432
7050
5188
-46
-2999
2219
-717
6535
709
3449
2688
8787
2171
-2251
-8145
-4789
4711
-4079
-2533
6784
4010
-2268
6354
-51
-2445
7319
-4649
9737
8998
-89
9540
2963
6645
7681
858
-5763
-1080
7720
3621
-8262
-6759
76
4033
6978
2358
-5087
-7582
-101
-7967
-3853
3788
182
-606
9277
-2236
8788
-2959
6185
3593
-9373
-2643
5082
7532
7863
5766
6864
-6684
-5263
-9048
-5191
-2048
-2981
9369
9085
-667
9499
-8233
-834
-785
-6521
-1362
-3282
-3177
3788
385
6201
-9926
4397
-4426
-3590
-3498
6618
-4285
-2466
9660
3989
865
-9004
7512
-2763
-2503
-9720
8720
-4654
-2965
3800
5862
3288
2985
-7653
6773
4756
-3440
4298
-7717
-6219
-7540
8285
3283
1668
2706
-1523
-5020
604
231
6581
-3980
3681
2264
-1852
-4593
9141
-1175
7266
8580
-5276
5929
200
-7996
7070
-3770
-8654
5880
9690
-3175
-2830
-1518
-7537
-5851
-6827
4853
5241
1350
-9343
1169
6107
-7775
5963
-2899
-4339
-6018
5935
83
-9635
-2961
-3152
-4859
6639
1189
-4474
-8185
-7189
8871
8511
-8941
-275
-3689
-4482
6534
-3210
-8963
3920
8187
-7628
-8437
-7580
-1195
-5619
8603
6199
-8608
-4566
-3874
6477
-4047
4053
454
3047
7634
-4603
9316
3067
404
5933
-7354
2566
-8990
-1925
-8477
2704
-5816
563
3177
9682
2657
9729
-5930
4230
6956
3936
4702
5292
-1026
2811
-5752
-7822
-3961
9477
9981
-6456
-4896
-5862
-4122
5227
-4117
2373
1229
8450
5439
1410
124
-9465
9263
-7733
2727
-1999
-767
-3849
1514
3558
1803
5233
6769
1524
-8236
-8509
4709
-359
-6711
-5466
3132
2704
-6118
-7211
754
8058
-9404
5684
-106
-184
777
-4243
1527
-8431
-1874
-5130
-7567
-8756
7970
-9215
-2945
-7393
1951
2644
5117
3814
9425
5729
-4412
-9945
3096
-1764
793
9420
8313
7316
6287
4066
-4586
981
-8355
4800
9753
4581
-9617
-633
-4501
-9382
-3651
-2578
-4982
-9997
4895
-8930
361
-346
-3086
4580
328
9310
-9110
-9832
-4832
-8502
-9684
-3531
4602
979
-2827
1209
6355
7645
-4763
1446
-1067
-7609
1576
2645
7099
9801
-5720
-8060
-2596
5822
-8298
-9027
-3112
8135
2950
5103
1159
-3510
6102
5086
-4054
-8908
-1387
-4739
5277
5906
3098
-5445
-2399
-159
0
2997
-1561
-4438
3563
-7257
-4481
7329
-2582
-1510
8995
-4793
2195
5004
-8281
-8509
-4324
-3384
-7060
-3141
708
-9514
5314
4505
-3881
1515
-1368
-1976
-8544
5780
-6527
-1429
4737
172
-2909
-9498
-1931
-6650
4567
5999
-4897
-3182
-9570
-9006
-8081
1942
-7320
-6244
5075
4510
-1033
7220
-3745
5085
88
-2822
-5578
9579
704
3007
-9921
-1821
-6301
-8624
9888
8140
803
426
6948
8065
9136
6886
5459
2012
9232
2568
-6748
-6483
8930
481
4727
-3510
9382
5106
1488
3860
-3773
7596
1851
-2892
-6482
1025
-397
-3818
-3160
1499
3182
-5633
-6643
463
9018
1982
-7081
-4567
-1980
-2855
-7226
2116
-7636
3127
-5443
-9298
371
721
-9654
-5143
-8150
2406
-5194
-1480
4071
7138
-8325
-3030
-1142
-5221
-5045
3227
-7866
6559
1733
-3344
7403
-2794
-157
6070
2373
6221
-4447
9831
-672
-3031
1693
6796
5073
9649
1076
5806
847
8731
8601
-1244
1139
5715
-5852
-266
-9428
-7721
1530
-3732
2052
-4108
-3959
-691
-1443
-1975
1238
-2334
-2536
515
3253
-8960
-621
5309
-6399
2678
8783
-7326
7497
9339
-7073
-1699
8176
5483
3519
8213
-4741
9986
-9224
8803
1445
-5515
-5879
7373
-6990
-1908
-4274
-3760
5061
2162
-6633
6765
9783
-1829
-3929
-831
6037
4326
-1742
-7176
2824
7901
-4664
2958
5030
-4822
-9772
-1412
-5292
-9720
-4289
-1796
3008
1985
-1167
449
1958
6570
9055
-3316
1488
-8676
-9879
5867
8765
364
8068
8521
1220
1384
389
-4375
8966
2208
-4277
-1362
6709
-4618
-5590
-2757
3492
-4044
-3772
-8418
6446
-8290
-3577
4056
1657
9318
-7681
7417
-1249
8272
-3824
-8317
-836
9108
-3387
4154
-5573
2837
-5772
3711
6267
-2672
-4354
-9896
-9192
-171
5324
-6352
4582
3846
305
-3828
9126
-4649
-7270
9642
-7221
7249
2011
7615
4200
-2077
4134
6448
2356
738
-7450
1658
7112
-6594
-4455
-9946
-6454
3052
8597
-5102
1399
4424
-6025
1444
9117
-8096
597
4173
-3182
2177
-2067
-5998
-7323
-9813
7581
-5919
72
9901
874
9165
-7718
-4081
-1887
6913
2118
-1561
-1926
679
-8069
6585
5937
8997
-2185
8167
-3972
3406
-1534
8110
-8535
-6638
-5638
-1221
3099
8370
9862
-1202
-9833
-2965
1722
-6695
1295
-9184
4167
-4635
-1738
-4046
1518
-2230
-8506
1704
-4411
4638
3004
-3502
9849
-2749
3706
-7231
-1216
-4320
774
1994
-1040
2184
2977
-68
6149
-5242
2829
-8688
-890
-1503
-5113
2767
-9115
7584
7299
-4234
9757
5751
7755
4874
3978
-7849
-9098
7363
-4131
5277
9564
-3510
6053
5542
-4837
9648
6579
-8860
-6440
6579
-7600
-2788
-476
-5501
6443
-8921
-2294
-1958
9950
3316
8468
6999
-6180
-1518
-7382
8463
3402
9763
3662
-5579
719
-6321
-9712
6923
8513
741
9709
5188
-9723
-4262
-7519
2176
4924
-1617
-244
3966
5137
-3047
-3337
-9320
6356
5442
1590
4012
-8906
3245
-2656
-24
2891
2984
6249
-1317
8244
124
2678
-7224
-4199
3303
8931
-439
8336
8952
9194
9033
-9815
8818
9388
-969
-4859
3943
-2059
5172
-5125
-1312
8803
5386
1206
-3550
-2306
1753
-4170
7811
8996
-348
7790
-7302
6387
-2730
-2919
7796
-6199
-6004
3312
1872
-5550
8834
9136
-5686
-3669
390
-384
-6582
872
7321
-7471
-5032
-9884
8478
377
1032
6938
-8349
-915
3382
-1593
7959
4888
52
-9689
-6302
-2249
9245
3457
6320
3700
3673
6440
-6884
1614
5114
-8573
6282
-1629
-2310
8577
3306
8846
2985
-6594
-9188
9125
9851
9939
-7377
-1699
1319
8753
8386
-4024
9856
-6398
3836
-3595
4893
-1496
7200
4329
-2546
4636
-8722
7026
-1486
3033
-8544
4400
-2797
-634
-5126
1254
-1843
-9525
-5758
-9435
1811
-886
-2127
-5428
-1867
-184
-6731
-5639
-7685
-1824
5247
761
-8473
-3044
5886
-5938
2551
-5494
-9231
7890
-3070
-5651
1089
-3646
-6492
-1958
-6483
-8064
9092
7443
-5068
-8955
-936
1452
6977
9280
2539
-3061
3392
-5630
6708
-1804
7957
1012
6975
8368
-3598
7799
-4447
-9111
-4249
3656
6911
-3417
2527
9213
7582
2192
-2515
1327
-6041
-9138
-1438
-9866
554
3818
-5255
-9145
-9259
-6993
980
7353
7491
-4234
2878
-8637
-9910
3365
581
-2849
9025
-4978
-4681
7390
6221
2927
-9331
-4093
7443
-3496
-2033
-1588
3347
7765
7926
265
2875
-1579
9596
-2566
2
1498
-3751
-6124
-5709
-3109
2903
-1017
-1084
-162
-3655
5311
-2935
-9145
-3113
-4970
273
4111
1515
-5177
8597
830
-2257
202
-9029
-7694
-126
-8036
-1070
-3152
-4811
-4178
939
5969
-9520
-6223
-2345
-5049
-3890
-7184
-2858
-207
6264
-829
7015
3875
-2916
6772
6797
6446
807
-6507
-1165
4734
-6053
-4148
8986
-3852
-2467
-7234
-3855
7686
-3239
3643
-5078
-2148
-4096
393
-6399
8334
-8146
-8891
-2922
-9868
-1021
9085
-7126
9803
9867
-1858
6866
7681
-1323
-5030
-1826
-6614
-1668
-3344
13
-3571
-7013
-6955
2566
3469
-2618
6098
3407
-9098
8194
1844
-90
-4442
-418
-4175
-3560
-8527
4764
-8934
7478
-595
6252
4669
-2293
-5058
-2738
8845
-5268
6523
-4968
459
-5323
933
-4760
-2718
-744
-8834
6437
5085
8538
669
6870
-8755
-6565
-2074
-6377
-3418
-3415
9179
6099
-6028
6460
-106
-7481
-4214
5524
-9031
5966
7959
8147
3447
4174
-3230
2561
3617
-9438
-340
6210
-5571
6806
-8000
-847
5473
-1437
-1275
101
3695
-3601
7915
1761
-1521
-5452
-2942
-4972
2039
-1200
5755
2028
9486
-1326
7539
-5536
8086
7099
9278
4321
2241
3804
-2310
-5651
4834
-9810
-4022
7120
9351
3892
-1024
-8810
4561
-5068
939
5270
7555
7614
1803
7255
2099
-8901
5003
-5190
-4463
-9223
-3663
9889
8137
-879
-3418
-1166
2212
-8447
6674
-1694
5548
-3374
-4563
1691
348
-3839
-3100
9846
4257
5139
1302
7277
9679
-6796
-9414
4220
-2659
34
-4802
-3706
-1378
-3317
1568
-2487
6081
-4219
-7476
7146
8070
3084
8403
2492
5318
-7626
-6199
88
6180
7914
-574
-7110
728
-8042
-9423
9547
1285
4170
4886
9279
-9908
8618
4322
-1473
-741
6200
-6411
7399
-9460
2120
-2603
-7812
-333
359
3275
-3797
3838
7753
6115
-5177
4207
-1706
1495
-1451
-6811
-8861
-5890
6549
-9854
-7926
9760
6673
3521
2350
747
-9982
-2379
7567
-6513
7934
-3664
-3122
4090
737
-4842
2143
4251
3547
-8797
-9368
40
-5798
3903
-4185
8395
3378
9271
7025
2525
2214
-2551
-5815
634
2305
-8805
-4222
-3463
-3212
-4156
-4892
-9112
-5600
7216
-9035
-8683
8532
4610
8329
351
8943
-4291
-6367
2692
-7916
-1825
-4624
-286
8259
-331
-2287
-5949
-9211
-4322
-200
-4296
-7068
1368
-6627
-751
5022
-3190
-6601
8621
1552
-9550
7179
-4394
4364
4165
8135
-8034
-6029
1725
1294
712
-8257
-9087
2019
7163
-4030
1710
3217
-3646
710
-8488
5603
5343
-2678
-4270
7973
-8973
9042
-9582
-7745
-7371
-556
-1300
5121
-2821
9973
-6397
3904
5070
1771
-3229
8199
8105
453
1328
7020
-7011
1396
1151
8186
2530
-4652
9843
8758
6313
9998
7684
1794
-4265
-1067
2628
8176
-8871
-7437
-7077
7906
3956
-6190
1902
7396
6920
-8641
-7560
-8000
4183
3686
1183
6350
-5299
-6542
1456
8851
-3
513
-248
1156
311
9875
1054
-8359
-6721
3950
-9545
-3218
-3555
6037
758
7801
-3507
-5957
-828
8594
-5615
-1692
-8513
-6348
-3999
-3828
3256
-9728
-6988
6331
-2021
-6144
7527
-8576
-6726
-4095
6134
-6466
-7753
8787
-7089
-4994
6691
6844
7034
669
-3266
-6524
2704
9838
-7225
-6999
-1127
-8142
5829
-3984
1289
7085
-1589
9297
-1030
6016
-2867
-8755
6684
1696
-2062
6228
-5903
-3069
2241
-1656
5956
-5844
3284
-7347
852
-74
2854
9985
621
4045
-5883
5429
-5252
9453
-8601
-9599
3915
6140
9631
-1545
-7371
9439
-1174
-4123
-7741
-9567
-7891
-3615
-5182
-454
-9724
-2116
-5438
-4880
7623
-5515
-5733
-3876
7887
-5521
-8986
-949
1685
-6321
7983
5909
-1186
-5203
-1796
-8794
-2711
-1730
-6454
-1741
-315
-1916
716
-5492
302
-2266
-5612
7691
8311
3498
3372
-2111
-5810
5306
-7338
1532
-2128
-1630
9496
2100
-1449
-524
-6390
3699
-1612
-3978
7356
-9110
3010
802
-1218
4565
1387
24
8939
5650
-7930
-3197
34
-5482
-3673
-1426
2
-6564
-2971
-7020
4512
-3794
2519
214
3633
-3746
-8272
-8604
-5994
4496
-2482
-644
-8459
-1055
7027
-4828
1603
3758
-7247
-3041
5123
-860
2548
9973
-120
-1992
-6201
432
7170
-6181
6974
2973
38
6661
9463
-1306
-4977
-4848
-8382
-4639
-4646
7537
-4389
-4319
3848
4642
-5556
6917
-1549
9584
-9044
3252
9919
854
-2169
-8758
-6495
1174
665
3060
8
-208
-4651
5671
-3891
7833
9612
315
4023
7598
476
2519
8902
4203
1819
3880
-1087
4574
6149
1642
-8502
9420
5249
-4121
2991
-1041
-6641
869
1365
3606
8370
1485
1122
-4091
522
8486
-8986
-5668
-1145
7756
-5491
-439
7572
-4745
2904
5098
1562
-5825
-7000
-1386
8096
1966
5412
-2966
3196
6276
-6572
-1775
5736
-7816
3649
9815
1817
-1619
7285
-6864
-8011
-8826
-9434
637
1553
1490
-8144
3579
-1350
3727
9750
9632
3619
-4634
608
5087
9886
-8662
-5236
-9952
-3107
5993
1532
125
-9755
-8857
-6598
-6113
-1858
-9725
-8628
1045
-3168
3812
1291
9276
-7924
1459
-7100
7013
-9002
5583
5378
-8098
4610
-5630
8571
-1302
-9185
-2241
-7942
-338
4629
6189
5943
-4138
2617
1048
7930
-2919
7360
-1527
326
5029
-890
8449
5810
645
9724
6923
-8651
1035
-2574
6440
-4940
6253
-3682
-342
-3126
-9917
-5304
7373
9
7021
-5867
9902
-6143
-9612
7456
-1784
2449
-5600
-7355
3823
-6787
-7978
3645
-6305
5196
5282
-4081
6195
7571
9261
-814
1230
1678
-2401
921
4364
2528
6220
-4168
9813
-6428
-1043
4919
-6279
-298
-9359
-4720
3858
-7180
-7789
5703
8594
8347
7215
-2686
2677
-853
6658
-3569
-8878
6936
-4143
3516
-4989
8303
6967
-8253
-7718
3987
-4542
5791
5822
5208
-9292
-3905
-9063
4470
-4975
-2762
-3001
-8988
-7225
8253
-9618
453
8117
-1777
272
4143
-5129
-6488
-603
-436
4987
-8369
6657
-870
-4583
2859
-7713
9111
4403
4243
4095
4372
-4709
5503
-7581
-1180
1108
939
7937
-4713
-4077
-2494
-1577
-5355
-6507
3411
-7376
-9630
4397
9651
-262
7187
8473
297
-5378
-5156
8666
-3080
-4310
1842
-9153
122
-180
1464
8992
1981
226
-472
-2223
5209
-2928
3789
1779
9720
-1675
-6298
-3546
-7535
-8532
-837
460
-3667
9748
9051
-1671
-3310
-9297
-5538
8495
6825
-7982
-8897
7113
5523
-3405
5550
7804
6733
-447
-3477
1872
-6219
-2825
3378
353
9683
-3742
-4206
3127
2763
-7710
-8496
3069
722
6188
447
7556
4848
6856
6366
8797
-2479
-71
-2707
-5220
-1514
6301
1718
-8475
8308
-5235
8480
-4461
-9911
616
5991
2248
7754
4851
6878
-1767
-103
3982
1303
-9685
4861
-6680
666
-3031
-2626
-601
-5846
1821
-2315
5657
6858
5168
-8098
-6527
8082
-207
-6946
-6108
-9482
-9517
-612
-7475
9620
-662
-4583
-4428
671
-998
9178
-9699
9164
-1929
4776
5533
8685
9440
3980
3473
2411
-1924
-8396
-8913
4027
2051
-6694
-1290
-5281
6781
-3610
-2595
7265
8456
6627
5311
361
-377
-8251
5859
-4693
-2262
-6940
-1158
8954
4541
9087
-3999
481
-5588
7713
-7609
-3603
2646
-989
-969
6427
-5508
-5100
-4274
8484
-1762
1520
-8229
2956
3850
-8343
-1815
7543
-1087
-8935
-609
7493
4302
-8901
-1783
-2762
-6837
-4122
2510
8849
3256
-8440
-5643
-7446
-6293
-9470
-275
-8740
3360
-4964
5061
-1894
-6201
186
9029
4093
-1197
8817
-8013
1356
3230
-6062
4825
-6249
3055
-2842
7794
-8651
-6658
4205
-5416
5711
5222
3436
-4503
-6325
6015
5732
-5458
3561
-7757
-1760
-1054
5741
8846
-1941
-4483
-3189
-3184
6875
8309
2974
6315
7969
-8455
8458
4047
5045
-6385
-3900
-6830
-4437
8220
6935
5778
1978
-1710
3363
-389
-94
-685
9335
-3821
7255
1902
5796
8839
975
-1044
8795
-6459
-2708
3041
-7187
-9755
4061
-6855
6124
-7279
9004
6392
-765
-4118
-5979
7315
9648
3743
-7193
-4176
-1295
-496
-9712
3528
799
-786
-4478
6426
-5362
929
4865
-8105
9066
-895
-5966
-3522
7524
-6195
9469
-4899
-2449
4627
6652
-1474
4727
678
3835
2221
-2049
-7989
404
9507
-3852
9504
-9480
-5321
1920
-5640
-5197
2037
9783
-3172
8614
6493
-7825
1363
-6357
-9595
-3881
-7345
2206
-3596
1024
9731
-2082
-5778
-5242
8017
-7137
318
5725
-5449
7976
-9794
-9628
4745
-5447
4021
1331
-9273
-9881
-6666
3443
-7138
1178
-9455
3126
-1991
6738
9679
2649
-2305
2829
9194
-7515
387
7761
2124
-8998
3445
1926
4088
465
1642
659
-7920
8468
2297
719
9573
-279
5111
178
-3186
-9270
-617
-4505
-6140
-8322
2941
8713
-3319
-9341
-8400
6597
-4798
3853
3442
3259
2667
-5663
9032
-6438
846
-1576
-3686
-5437
6354
-333
-4064
-3868
-1768
-3056
268
3883
6333
-736
-2820
-5061
7587
5627
-9671
732
6233
-3717
-4509
-8124
4477
4928
2183
6463
2081
6137
3059
-8881
4978
9693
