9717
6016
7883
-1894
9507
6565
9078
-7918
-1695
4397
7468
8204
2632
-5591
8352
-4351
-2231
9948
2594
4358
8321
-1232
1583
8628
8739
-5932
6790
5083
2065
1404
1711
-5696
1613
4471
550
-7785
-5851
5779
1025
-3401
8565
3611
8424
-9311
3760
-3179
-4174
8201
3546
-3919
-5030
9010
-2071
-7816
8316
549
4952
6361
4543
-7978
-1564
2389
1226
6093
7085
-5752
744
-6876
-2237
-8553
672
-1330
1290
-6490
-7195
-7191
3107
7752
-906
-4826
5723
9871
-9608
-3333
-2306
7945
4553
-7661
5197
4725
-4977
-5453
-5167
4216
755
9206
5054
5626
-4546
5351
483
-3781
-2862
6893
5498
5450
193
372
-7656
8405
1512
1077
5340
1523
-6278
-2664
-9903
-9724
-1401
8662
-6604
7130
-1542
-3683
1246
-5498
-2580
-1584
-3938
-2629
-8131
-6327
-7449
7287
9587
-8812
5263
-2941
7295
-9587
3625
-2562
-4242
-2997
2628
-664
-3855
3091
-3695
6766
422
-5380
-4696
-6580
3992
1423
9386
3323
-1636
5121
4816
1795
-3440
609
-8991
2107
-4724
1661
-1123
8289
5641
-1646
8548
9386
-5493
1258
-7617
-7123
1948
-8452
-675
4727
-4618
-1335
-7657
6061
-8427
134
8713
-2903
-4624
-8753
3826
-868
6351
9946
6418
1274
1275
672
598
-7045
-5931
5815
5852
-5681
-5174
9103
-8772
-1244
-5378
-9838
8706
337
-1921
2803
3097
4146
-9849
-6609
-8725
-9738
1624
2641
-7051
-9032
-7362
2774
5447
-3098
-1097
-9059
-1208
-2824
-1229
-2695
-1937
-4307
4562
-2784
4144
8851
-1107
7598
1722
-2933
-1176
2386
7323
-3084
7206
-8099
2620
-4275
202
4861
-7917
8121
4753
2477
-7656
8954
-7144
-7826
-5989
1660
-8256
-5596
5757
-5083
-6668
-4500
-5005
8723
7657
5838
7434
-8497
-630
-5070
-7105
9400
943
-9942
3130
-9059
2028
-597
7081
-6351
-271
8133
4441
3560
8201
-8083
-1511
8843
-1192
4416
903
-8200
9096
-7841
-1998
-2565
7039
9421
7537
-6181
8914
-6793
-3944
6989
3050
-5689
846
-8400
1981
3827
-4827
4533
7295
-7768
-3470
-7764
-6121
-5861
8397
8271
7974
2015
179
-125
-9403
5723
3770
-7474
9171
-3474
-412
-7349
-8536
-5508
-839
2713
-9612
-9732
-5055
-526
9762
1516
-5957
4794
-1514
4110
7639
-3827
-5559
9426
-4339
-4292
9097
3096
2681
2010
2965
829
8125
915
8808
5386
-6334
7103
1860
4749
-1555
4492
5855
2427
-7062
-2243
4011
301
-7184
1804
-4103
2835
6527
-3203
6212
9096
9616
-6051
8908
-5580
3383
604
-3334
-8548
5660
-8190
-4959
9313
5173
-8322
-9597
9693
-2389
-1907
-3698
-7728
6026
-6090
-8907
5683
-7025
-6487
7390
-3327
-350
-6825
7553
9551
-5114
4336
9409
-4481
-5213
-1656
-5099
-2416
5909
2405
-2818
-3176
-6604
-8189
-1791
5728
-6441
9290
1802
3307
7288
-4
3291
3717
8192
-2253
3037
-1922
6417
-7889
6066
-4650
-2837
924
-6556
8287
3631
5825
9252
-2054
5985
-6947
8183
-8167
-2811
7231
1304
-9513
-379
1323
8116
-3185
-3201
9471
-2270
-5199
2486
3708
2711
7666
8085
7133
-4988
4745
8932
-425
9053
7835
-3715
-7090
-1044
3608
1725
451
-4381
748
-3687
-847
-9803
2547
3707
-1132
4926
2857
6460
2189
-1331
-2361
-8189
7881
1254
-565
6213
-627
-6538
-6497
-9204
4628
-9657
-7685
-9736
3657
-351
2687
1331
-4270
1691
7156
-4546
3344
6245
7230
534
-882
6408
6920
-5933
-5223
-2951
8051
-9958
-7944
-2364
-2335
-3120
-47
6658
-5186
7130
-9350
8973
2
7240
-1366
4530
9807
-1510
-2449
-9271
-400
-6324
4467
7866
-5429
3837
4875
-8671
-9201
4990
4666
5711
-7433
1214
9430
6764
-9657
9036
5468
-2249
-9533
4383
3777
-1754
931
7630
9602
3786
8324
6123
-4191
9579
9769
-8286
8439
-3665
9543
2236
-5144
-2311
5381
-2333
-7795
5904
-2167
-9040
-8958
-2878
-9925
1060
-639
904
9005
3844
-2313
-5699
9471
5240
9699
-9029
4878
-7322
8834
-5297
2829
-3229
-5484
-391
-6064
-9255
9549
7457
-8124
5329
-7731
1648
-7108
1568
-5450
-2
9505
-4615
773
-3150
-3637
-5122
-8923
-2753
-8859
6924
-5853
2239
-2330
-9193
3314
8754
9929
5189
-5871
-1030
1648
5092
-2375
-1319
-4704
5835
-595
-9498
9485
7876
3852
3981
4477
7402
-2825
7180
6345
2573
-3983
-2906
-437
4127
8526
-9323
-5204
3901
-2144
3854
-1198
9646
-6438
-5790
1674
889
7422
-8240
7132
8531
5168
-3555
-599
376
-1358
-5381
3898
-5854
-8277
6088
-7736
5814
-3620
-490
40
-7473
358
-5479
7625
332
-9877
-496
-6053
6227
-9632
-5590
-1307
-5494
3608
-2242
-4781
-1751
-5050
7080
9
9712
-6125
164
5543
4094
8422
7612
3429
-2744
1563
-2981
6863
-3837
4572
3059
-3757
5235
6083
1497
-5196
-3912
5039
8042
9071
4735
3057
2077
-9516
-812
3315
6605
2221
-2149
-8501
2862
4166
5388
-2146
-6363
-3864
-5059
3486
-2292
-4846
5934
5883
1926
-746
-6863
-2814
-2019
-5118
-8743
-3416
-5940
2902
-3181
-1703
-8774
-3317
-3843
9673
-8541
5879
9466
-4739
-2248
-2246
-6102
6213
8564
6619
6271
-3852
8579
6544
-4392
3909
2320
4155
1120
-4580
-1493
-5101
-4022
-3228
8249
8724
-8417
2379
-5688
8411
-117
-123
8294
5451
1348
-3222
-9513
-3244
2152
8046
-9291
-1225
2225
-5262
-6535
-9510
2335
-9075
214
5908
197
-818
-8039
6719
-3022
-9677
3585
-1504
7803
-416
-1049
9896
879
9119
-1872
-5425
283
3180
8939
7348
-7968
1012
-2199
6479
-4118
302
4192
5168
-2462
-1022
5180
-4726
3723
-858
5393
-5842
-4189
6240
6206
-8822
7750
1736
3014
866
-2678
4220
-2
6992
8948
5916
-1072
9733
-7939
-2203
-1770
259
4015
-5882
4215
-191
6630
9520
-749
9068
-2398
-1403
2329
7135
-8847
-8697
4498
-6932
5481
-3452
7210
42
3197
-3254
4733
-7238
104
-8522
8396
-1308
376
2721
8041
1838
-2865
89
7707
378
7930
7869
-7272
-2570
-4145
-6490
4586
-1062
-1406
1668
-1959
-9331
3304
6960
-6788
1897
9581
3973
-8557
834
-8993
100
3508
1967
-3963
462
3842
6700
1023
1529
-503
7034
-5268
8813
-7280
-1986
2744
9969
-9287
3388
2064
7644
-688
-7817
5375
3536
4967
9283
-9269
-6213
6012
4226
-8224
-487
9791
-6345
6713
5397
-4537
-3852
1265
1171
1971
-5840
-449
2945
3347
7625
-8983
465
-1867
7181
-2013
8522
-7368
-6061
-6966
-2433
89
-8558
-3324
-6552
7798
2321
-5170
-1470
-4587
2067
-7424
7356
-252
-5642
4305
6698
6310
-8236
-7752
-9615
-8452
-6290
-4292
8859
-5496
-7312
1145
-9637
1758
5664
6238
-1473
3162
-7213
-2262
5466
7387
-7680
-1857
511
4873
503
-9632
-6313
-621
-68
-6812
9348
6352
-5296
-6012
341
-8838
-6722
-6893
8250
-3000
7459
-8254
6296
-7672
4728
-8501
-146
7911
3998
-4383
6990
134
2206
7361
-6965
-5433
14
-8069
-5164
2014
5598
1931
3263
9853
4104
-3201
4716
9376
7534
438
6428
1288
9608
-3747
-2808
-6471
8915
2987
-5206
3329
1552
6600
875
4890
1335
-2696
-803
9530
-1710
-7615
5019
7278
8483
2299
7331
-8302
-6634
3508
8813
-1423
7656
5153
-850
-8274
6055
-4842
-4025
-3046
-5016
-2115
8764
-8721
-1526
7772
-7248
-8111
722
8212
-3830
-2087
7701
-4754
-2975
-7972
2567
5559
9534
8211
-1123
6917
6099
-3188
9267
1481
-6101
2304
3909
-3280
9365
4309
-7012
3261
-8886
-1259
-2212
4530
3765
-470
-5433
3480
-3409
-5351
1845
-1532
2407
-9102
1610
-2383
3797
-4920
5950
1288
839
-2586
3242
-6223
-3875
4074
-2094
5523
-9353
-171
4639
-3020
2687
6024
-8671
9609
-5276
-5970
-1636
-9691
8679
7076
-3004
2008
-5749
6361
-4093
-6987
9325
8892
6013
-6940
-4004
-2610
7088
-1183
-5438
1060
847
-5466
-4651
-7039
4455
-3982
-1929
-8561
5358
-2679
5978
-3554
-786
-4549
9277
1189
795
1210
9774
5861
540
147
-2459
4514
1605
3727
-1682
-9180
5383
4310
6601
-4438
3726
9635
7592
-3791
3403
-3993
-1113
-9923
1249
-3674
4076
1215
6319
-9657
6557
969
3841
-6592
-3382
-6373
-3327
-4722
1012
-1395
-9793
619
-5986
-1516
2715
3337
5193
8507
2107
-4900
-6213
-272
4873
-7924
8079
4225
7470
-8621
-8940
-2611
-2837
-416
7313
4721
522
-1988
-7880
-4061
9002
-3663
-1122
8164
8293
7784
-8457
-4991
9126
-1930
1028
2619
-2191
-8673
787
8275
7271
-1940
7100
8687
-7422
-7973
764
-6171
7803
8415
10000
-3946
-2232
4067
-9767
9719
-3094
-540
6595
-8771
-1848
-1167
5980
6495
8045
8323
8380
-5594
4499
-1618
-2858
-5030
5079
267
4475
6186
9407
7438
-2724
-6712
-5725
6322
3451
-4017
-9124
1287
6015
8506
-7430
-2553
-750
1284
1103
-9569
-9186
-2298
6731
-6469
-950
-2652
5881
-2852
6774
-9185
-2423
4459
-6629
305
1759
1305
5634
9546
4848
-5281
8102
-7354
8368
-5351
1856
2186
-9949
6052
766
-9187
3985
4229
3365
-8408
9213
-9676
-9337
4831
-4012
-7654
3720
-9302
-9135
-5166
-707
2882
467
8281
5109
7095
6344
-4801
9710
9095
4897
5165
1060
3861
7019
4553
-4527
-5183
-9578
902
1869
3436
1729
-6750
-1011
913
4400
7666
8249
4834
9319
6402
7668
-4057
-9305
9816
-1217
7998
-5999
-5149
5575
-5273
-4665
-3286
8724
-5208
8247
-9259
9968
7488
-4500
4441
-2025
-3956
-662
642
2782
-1850
9883
-3604
-7320
-9615
2415
-2312
7884
4823
2453
-936
645
-8727
-8408
2244
3260
3488
397
4885
6549
6216
-3796
-2074
6919
8632
-1780
-5877
3540
-2363
-2986
9587
-5772
7683
2631
-455
-1825
-7848
-6763
6438
-9232
2072
9634
-3570
-1349
-7694
3656
-5047
1811
-6080
9836
9197
-630
-7422
4198
1122
1454
-6758
2238
1996
-9410
7239
-9200
-749
2882
-6970
-8654
5191
629
-2588
5668
-3491
7693
-6146
-3732
2383
0
-1866
6514
-5458
-5481
5805
-6504
-3478
1732
-4647
-2672
8766
-2735
9421
-8354
-7423
9331
-6214
-8767
-6358
-8769
-8709
-4795
6965
7097
6731
-5964
3614
445
-889
923
-3106
-228
5873
8127
704
9946
4007
-2946
9458
8080
-6233
9935
2122
2357
-9885
-656
9200
-5602
-1323
-8061
-2362
-2312
6759
8239
-9824
8132
6499
-9079
9152
-1463
-6186
-3300
-3361
7605
-3623
-203
8233
1030
1294
-6485
2299
-638
-2778
1516
-6081
6195
-5925
6586
3868
-1537
6871
-796
-9559
-1583
6767
-8512
-7910
5705
-7427
4598
3920
-9607
3024
-4003
-6001
-1479
2410
-1701
3109
-5922
709
7476
-2049
892
-9376
7574
-8821
8747
-1123
1887
-7044
-2373
9796
-975
-7249
1318
5592
1985
-3164
889
2849
6331
4966
9226
-1030
-4842
4929
3545
9526
-8023
7900
6900
-3405
-54
-7596
1136
347
-5208
9832
-9985
-8667
4471
-5503
-8676
-2523
8320
9370
-2891
3227
8871
5536
-394
-4883
-873
-6847
3250
8529
6429
3436
-7218
-1375
-2701
5076
-7548
-6820
5388
3125
-7253
6479
3276
426
4695
7652
-802
1757
2252
-8336
-6222
-3145
-6781
7222
2733
5683
5597
-7920
-8671
8388
8784
-5086
-799
-5027
-9795
-5082
1590
-1897
-1482
5350
-7435
-7071
-3999
-4763
-9706
-6760
4326
1877
4770
-1139
4553
9228
-2171
-219
7542
9611
-2482
-182
-4078
4609
-7588
-1956
-5207
-6558
-6541
6755
-7112
2602
9554
-7808
3565
3521
1188
3575
2787
626
1313
5351
1335
1144
-9069
1376
-7585
6271
700
309
-1277
6333
6882
-9229
-3653
-4341
8969
5223
-4766
-2641
-6424
-5044
-698
-7336
-9655
4330
3632
1668
-3428
6440
1967
2673
-6110
-1093
-6033
5058
9076
-4675
-7320
2474
-8827
7340
-5608
-9159
-1549
6846
8905
4241
-6200
5436
-5670
-6924
-7524
-4028
7441
3242
4846
-7454
-2707
-4102
5982
5584
-9613
9918
-8126
7779
-5929
-9323
-9223
2303
-9598
8143
3987
8093
2143
112
8453
-3586
-219
-2649
-5780
-6184
-7691
-9428
3850
-6374
1740
-6442
2160
2534
1728
9789
1468
5998
8805
-1523
-4718
-1112
7578
-4545
-1878
1660
-8542
-8745
4479
-3341
1452
-8392
7924
1741
-5315
-5108
-881
6666
254
-1666
1473
6617
165
-9336
-9394
-1677
-2763
5520
1548
-9198
5412
-9035
6389
4227
926
-7528
-8720
5870
-7459
-5267
-2400
-1499
-535
-9802
3148
-3041
-3281
-2851
7412
3459
-3036
4184
-6152
-6984
8615
7214
-4306
3639
2736
-1590
7686
-7181
-8374
-1120
-9098
-5708
-6154
-5073
4617
5852
2256
-7081
9088
4762
2791
8670
-7174
8864
-1105
3788
-2585
-4782
9060
-6612
-3457
-5731
1980
-7369
6300
-6214
-9642
-9967
4391
-8883
-2486
-802
9075
105
-3026
278
4004
4904
-7342
-7300
3061
-7747
-494
-2272
-2414
2940
2711
5989
5980
7268
-292
-214
-1404
-7970
6291
-701
614
-1129
1272
4966
4976
9129
-3683
-5195
140
951
2735
-1334
-9757
5782
4039
-642
-453
8639
9757
7759
-2644
-6555
-490
3675
-3108
5232
-5736
-2937
-5576
8998
3386
-5837
-5016
-1438
6431
-6428
9808
91
6822
-7747
-3512
6281
-2245
2829
-4571
283
-1488
-3795
-7958
2831
8008
1576
7506
6258
9335
-5700
1477
2434
2030
-6956
6750
129
8065
-5738
8985
1409
-8663
-5386
7057
5245
-5962
2966
127
-6648
1140
-9541
4839
1319
-61
8270
8267
-9068
3958
1391
-9514
4062
3170
6540
9154
-6348
6542
8729
1028
-7021
7747
6809
-5409
-8922
2464
2247
-5951
-5821
7154
-3667
-5451
-5643
971
-2742
7028
-7505
7267
5771
8008
-8088
73
-516
-3551
-155
-3988
9779
-5831
-4934
2964
1541
-2459
-510
4632
-515
4766
-360
-2011
7459
2529
-9763
3716
699
-6795
-2908
7097
8993
6552
-230
6159
6050
-8185
3765
7544
-4830
-8871
-8099
-3384
-4094
6390
-5901
-9410
553
8170
-9939
354
-7488
1821
8001
-2378
4688
7890
3181
-4025
5189
-3127
9659
3034
1444
-9156
3247
6243
-7271
-7119
-6755
3758
2205
-3606
-2541
6584
-1742
-6968
8474
9010
-354
5992
8987
3144
4141
4811
9910
3257
6493
8946
4307
-1792
3272
-7392
-6701
-7301
3634
-4787
-4743
6889
-8873
5885
632
-2267
-4429
-1762
-9413
8982
9548
3519
-7665
-3006
-5008
-4583
-3998
7486
-1775
-7133
2334
-5179
-2497
-1673
-9950
8852
3332
1319
4944
2764
-5788
-3976
1928
3235
-6928
6254
535
-5263
1629
2725
8641
5172
2388
-2879
-1040
6351
-601
-6062
4815
-6276
8199
-1541
-4591
8237
-62
6868
-4453
441
5737
2744
-8425
8482
-3618
6707
-8108
-4596
-2003
-1130
-4313
-8543
9196
-3261
9346
481
9180
6333
-7983
5798
-294
1130
8105
-5476
1831
-6826
6467
3304
-7465
-8392
-1144
-2985
5073
-5417
-9820
4054
9619
-3806
2272
5377
9524
-7492
6160
-8986
-7209
-2019
7553
-5003
-1363
-5676
1469
501
-1868
-6699
3194
1282
8316
7013
8104
-5754
9566
3931
-6295
4379
-4882
1319
8467
-6464
6870
805
-1164
-8474
-2632
-1830
2765
-4518
2358
6532
-6393
130
3893
1780
-2326
-5110
7774
-6020
394
-9770
-9638
3044
-2395
-1683
5990
-8242
5574
-6772
4902
5479
878
9425
5333
4328
-3870
-1188
-7553
8089
-1949
6586
-2366
2720
-8812
7590
8721
-5658
-6006
-5365
7684
-1309
-1833
-9065
5724
6975
-9879
6631
1794
8908
-3003
1851
795
-3285
-3762
-5227
650
-966
-8896
3627
-1449
8104
3813
5126
-2917
-6891
2772
972
-783
2027
1855
6193
-3536
-8874
4788
3992
-8564
8657
-6126
6802
643
4586
-2411
-8621
6393
-299
9539
-9083
5443
8650
3744
9623
-2786
4544
-4376
-6039
-7079
243
-8957
9770
-6485
5375
4873
2302
-7085
-6741
-7512
3236
-8817
4933
1639
-2783
-485
-5766
1390
3693
-8425
-4574
-4361
-5973
3113
533
-7001
133
-4196
6346
1719
-1155
7223
-5866
-979
-5907
-4693
8521
9988
1279
-9952
-4783
-7563
9002
4924
1323
4241
-5766
-1723
8017
-7748
-4062
-3761
1467
-8624
-9990
4139
1365
2908
9148
7833
6660
4629
-709
-9452
-8246
8084
2772
214
3687
8821
9186
6174
7345
-2641
-9174
-4720
6214
-3966
6269
-7892
7738
8469
2394
9144
949
-9990
6185
4875
-6368
-8449
2106
3239
3283
3738
8308
-525
5263
356
-6752
9786
-6052
-8956
8653
-7248
8373
3909
1968
9544
-7551
457
5358
8828
417
-1163
4808
3427
7429
8905
-4917
8852
-2617
-2929
6794
7702
1605
-5172
8405
-7275
-2696
-6419
-1270
561
9828
-5705
-9474
-9686
-9038
-1829
3094
-851
-2025
2856
-8365
-6346
1377
8023
1159
-2310
-2060
-6614
-8692
573
-2914
49
-6760
-9122
42
-6686
6265
-8541
1226
3649
-3309
1097
6815
6374
-1706
5059
7866
-4490
-5416
-9322
-6763
2194
1109
-2411
-9028
-2280
-7821
-5579
7556
5679
1514
1816
-2164
-2493
7220
-1366
7978
6311
443
9585
-5933
-873
2455
4838
-7471
-7035
1261
2550
3363
8440
-1105
6478
-3518
-6288
8618
9815
-622
-7160
-2972
6834
5508
2998
-728
-428
6256
-9004
3468
-2136
-6206
3498
-7747
9020
-8302
3577
-2422
-6105
4473
-1792
-8005
-3998
-9144
-2013
6303
-8789
-5358
-7130
6351
-5347
504
7334
4373
5735
-6198
-5321
-1368
-1628
-3436
-3965
1781
-3323
-9867
-2755
713
8231
-724
1609
5091
-8578
8785
4548
-6349
1450
1557
1161
8275
4287
5853
-782
3914
-5469
863
2879
9657
2733
-912
-7270
-2999
-1806
-8187
9480
-2829
-3876
3885
-9795
-7576
3300
-3500
-9386
-7041
-6287
-8219
-3271
-8350
-7211
9812
-7784
5074
1675
-770
9769
-1287
4491
4983
-5730
9108
6307
6756
-1854
-9068
4817
-7603
-9954
-7585
5158
915
175
4738
-9432
4337
8599
-8581
-7096
8503
-6763
9304
6388
-8607
560
-7692
-1942
-2258
-7967
7539
5242
-2997
8634
944
-2702
3967
3486
-8744
-784
268
9169
-5728
8809
-1772
443
1741
7876
357
3418
5286
-8688
6840
-3932
5842
1946
-3257
8275
4726
-2471
-5537
8001
-2051
-2246
-141
6608
-9102
8162
-5734
3505
-1267
7398
7633
-9871
-6558
7107
-8381
1773
-8737
5347
2594
8195
-2028
7055
7980
5550
-6525
2250
-7317
-5652
-9528
-3650
8093
-1136
-8238
-7394
-7498
-893
3524
3670
-506
8188
-2793
3712
7891
5846
-2398
-5831
-9207
6116
-6459
5957
2999
-7671
-9509
7479
2778
-8530
4940
1115
2713
-1683
9870
7987
-1359
9668
9768
-8120
5261
5408
2933
-2183
-6812
9273
-5742
-6442
2357
6498
-4506
9620
-7203
4838
8689
5631
-3939
-9683
3297
-8025
9260
2686
5298
361
2368
458
-99
-1719
-4913
1816
-9284
-8073
8474
-5704
-122
8366
-568
6971
639
-8770
-4342
3934
1483
9836
-242
9862
7235
9035
202
363
5356
-5520
-6191
-8
-527
4853
-5325
-4495
5795
8922
3161
9120
9622
293
5292
-424
-9734
834
-4900
5488
462
1635
-532
-2542
-178
-4922
-4061
-7313
9393
-8999
-3498
-1850
-8080
-4046
-9135
-6423
-2868
55
-4382
571
930
-8125
-4531
-6326
7535
-2881
-7731
5254
8549
-6882
2452
1042
-7489
-7538
4863
-1070
9100
3271
-7700
-3660
7928
-8441
-9458
-2491
-827
5922
-9021
6066
-6971
2080
-6209
8050
-7528
-1419
3158
-3784
9912
7176
-4915
-9378
8263
9723
206
2376
2643
-6839
-4901
-7207
4326
-8576
-1438
4357
3534
4791
7142
-9547
-8954
5193
3209
8048
5493
-234
-3985
9716
-7818
6072
3077
2339
2499
8430
8837
4434
-774
8230
6789
-3783
7337
-6554
715
-4663
-7906
-7703
-7239
-4986
9812
6912
-1034
4398
5346
-3614
-9050
5720
7189
-2069
-2515
-5101
-8898
-8634
4913
-723
1119
8976
2601
5971
5963
-9163
2296
-619
-7819
-1657
6258
-2749
8773
1045
1683
4903
-740
-4530
5550
248
4451
-9137
9958
-8444
-7512
-931
-5867
-6315
-9891
-1554
5066
-5448
-5396
3910
1182
7401
1979
1912
597
-7318
2019
-8877
-3240
8457
-6152
-5384
-1415
3375
639
151
-2037
-2332
8814
6899
-3967
-5862
1706
6005
7490
6377
1600
2291
7404
-3199
4970
-9258
4674
-6455
8021
-5732
-4156
7917
-8896
2997
-7508
-1042
-5469
9255
-1075
-8227
-6651
-3490
-8273
-617
-8110
2706
4798
4657
405
4871
2847
45
8673
4921
7454
-5726
8221
2652
-4044
4140
9624
9477
-1346
-9068
280
5652
-7923
-9097
6754
806
3745
6982
3701
-8392
-474
5010
-678
9020
5427
7828
7724
-8546
-4540
-7147
4255
4253
-9086
-7236
-3493
6506
-9380
-6190
-6438
3840
6258
-5557
5221
6629
-7734
140
5557
8158
-3883
506
-1977
2255
-7791
-3065
7550
-3448
-4142
-6454
1858
9037
9935
-8407
7148
-2438
-3707
-4289
-2807
-3685
647
-7026
2513
6087
1023
8320
-6834
-7668
8456
2687
-6349
2270
2767
9148
-6893
-7958
-9317
182
-8991
-9724
-3117
-3959
8176
-9389
1293
3781
1472
8080
1950
8184
-8087
-5686
-939
-6208
9084
-7292
-618
4965
-1642
-8754
-6252
-839
8436
-2295
-6431
-1384
1563
-8281
-3583
2319
3526
-1197
9466
2887
4820
6230
8394
-3282
8819
7848
-7859
9858
9883
-3304
-2228
7389
9850
-2077
-190
-2785
1427
-6925
801
-1356
4362
-3445
6106
4959
1773
-2829
-565
1191
9477
6820
8817
-4161
797
-4828
-3662
314
2914
589
-5587
7277
8583
-9811
3618
9774
8764
-845
-4861
4278
7570
-7561
-6681
-3241
-822
-7354
1158
530
3449
-7459
-6184
1979
-8993
-9632
1369
8857
6574
-6631
-9800
7499
-6772
-3935
-8576
-5325
8143
-6628
-2096
2073
308
-4518
-2050
-5164
-7901
8193
-7247
9818
-2067
-4935
-4532
7808
2629
6201
9306
3534
-4589
7746
462
2469
-7179
-9323
-9906
-5008
-2357
-3421
-1254
-8200
2302
-1499
-5785
8954
2282
-1774
-6282
-4901
-6042
4794
1002
-3313
-5812
1741
-684
4204
7934
5682
-1248
-1083
8170
7838
-3637
1676
-7791
9366
-110
-1392
-2739
-4089
-3219
-4307
3306
9167
9696
-1
-1086
-8780
6507
9707
3254
-579
481
-1935
-1647
-5833
-6028
-5963
-5539
2050
7778
1431
-2574
-1129
-6204
-3610
1839
7055
-4694
6912
-6754
4604
-5933
-3650
3124
-4541
-3977
1169
9500
-1435
-5912
8073
-2784
-7309
3621
-9454
1943
-8134
-1868
1818
-6641
400
3614
669
-5599
-1874
-7305
-7625
-1598
-4065
-3721
9368
6160
3863
1906
-7721
7175
8381
4671
8738
6974
97
4233
8781
6706
9084
-7644
-7282
-5260
5294
-9847
-9123
7433
-6693
9433
4380
-6539
8347
8477
-9564
-1280
3496
3165
-2429
-5298
110
-6391
1897
-545
5459
-6961
-5766
-2404
6827
-2575
-1424
5272
-8643
-5430
-9054
2259
5050
9875
2500
1573
-2186
1366
-339
-5213
-6330
-4720
-8525
-2637
2428
-7532
-6465
3246
-2541
1572
-333
-6706
-5244
-926
1049
-9418
5123
723
-9424
8756
6168
4396
-7706
4103
4088
578
-4983
-5156
-352
-3003
-3724
-3505
-5095
-8057
-6130
-3051
-6964
-4994
1875
8483
5422
3251
3350
-8742
5070
-9793
-572
-4162
-2155
-6957
-5545
-1798
573
7873
5059
-3371
8406
-2233
-1655
-4182
-6302
-9894
-4818
9393
-5893
-3603
-8292
6132
-9785
5009
4918
6041
4696
-38
-7332
3065
-5808
689
1468
-5578
3501
365
9916
-251
3314
8979
3892
7466
-6170
2209
5798
4531
-8715
-6554
-9214
-3480
2942
-8125
9483
4813
193
8453
6043
-7169
-7097
-5045
-7115
-5637
47
-7889
-8466
8191
-388
5662
-545
528
-4678
-7004
-2530
4521
-3082
2903
-7528
-4428
4256
-5960
-520
-8033
6909
1111
-9502
6947
6662
-244
-719
1485
1758
-67
885
-693
-2761
8573
2855
-7392
9423
-498
6338
-1445
-2589
6278
1920
1806
237
-2186
-4944
9421
-4502
1557
-5567
8511
900
-8331
2742
-3400
-1888
4472
-2765
-1641
-4325
2282
7562
1956
4487
1076
3932
7218
4830
5278
2615
-8567
3902
7554
-5211
6641
-4486
-6335
-7766
-9843
-5366
1758
2109
7603
8944
7902
9956
8649
337
2022
-181
-475
3569
-3430
6702
6367
6995
5641
-2962
640
-3190
5474
-9131
-1059
-8206
1883
9835
9800
1295
-5478
3480
-792
-9021
6946
-9033
-1756
-6980
8854
-2528
-3879
8293
-705
-3476
674
-494
1510
884
-295
-1466
-7666
9630
2342
-675
-6441
590
-1022
-4118
6991
2086
-1421
-110
1532
-5980
-4593
8324
8977
-9061
211
6345
2194
9238
-2575
-6409
-7880
6500
6930
-9952
4965
601
8265
-9163
-3465
995
-4005
-2781
727
9665
5349
8086
-6156
4203
-9413
-2216
-8641
6712
-5775
3738
-3181
3956
-6538
9759
-4468
-5530
8619
4752
-5587
9773
-596
4752
-9376
-1660
4178
4606
8510
2950
2094
6571
-7893
-2514
62
5688
-9583
3945
-366
1099
6116
8312
8539
2757
-2864
-2228
2666
9809
-3829
-5280
-6888
-358
8169
-6316
-6850
-2272
6646
5066
5028
1246
8191
4174
-8137
-5407
-6825
-6799
-7165
5425
-8285
-6677
-2957
-5307
3876
-754
6728
-1833
-6311
-9336
5415
9941
8599
5065
-6346
-7272
-2402
9981
4348
-3569
6693
9421
7126
9638
1064
2584
1507
-6187
549
-2200
-3984
-5028
459
9944
3862
3811
386
-9990
-6302
-793
-6286
-398
-5536
-7939
8336
-927
-5644
9106
121
-6279
-7384
-4995
1638
5812
4819
8114
-4602
-4297
4712
-9082
-3543
3439
5016
-250
-358
558
6159
-3868
3095
9092
301
9769
-2037
-5392
-9238
1919
7395
7643
1212
-4082
3344
-5713
548
-2301
2497
-5207
-1712
-5960
-3451
5080
-1170
-9770
1556
5792
-6272
6169
-9674
-4170
-239
-1379
-1381
-1897
6324
-8617
3794
-6862
2220
-8810
995
-494
7855
2583
1905
9608
-5886
-7255
-8365
-8346
-4388
-9088
178
4305
-5499
4178
-3919
-3109
-2127
985
-1414
7358
-7215
-3755
-1984
-9146
-6495
-8847
-9774
-124
6212
-5340
-3782
9527
-1851
-7201
-3577
8437
-2555
-6750
-8112
-8134
8630
8207
-8525
1408
6295
-5710
8359
-8330
-4662
2320
-6272
2202
4829
-5274
-6948
7129
9933
-8039
-5682
-5971
8000
1528
-894
-6331
-6546
5287
-6697
-2655
-8982
-4414
-4569
4534
8138
-9502
9161
4840
1420
4993
8317
6505
-5510
-6015
1512
3365
5860
-4945
4062
8830
7725
-6774
6714
5877
-965
-6663
1528
3296
448
3997
5299
-6030
7526
4728
1216
-1956
5754
-7804
7931
-3525
-5780
2103
-2759
310
203
-7430
-2343
7674
-9033
6867
9796
-7562
399
8054
-2055
-9702
9111
7796
4999
-5387
7824
7844
6736
1469
-1632
-9626
-1375
9155
-7180
-2267
6614
812
1613
-1311
8492
8064
5018
5244
-5795
-6199
2428
-3095
4746
3119
-7888
9226
-1886
-5900
3604
725
-9309
4409
-1796
-8748
-1808
9351
5488
-7620
9897
1623
-7201
-4537
6169
933
1269
-8312
-4980
4249
6320
-7751
-7094
8836
9384
8994
-1566
-410
2005
6406
-6884
-4219
-1800
3478
2209
-5773
9937
8579
7389
8355
-6189
5398
7353
6474
-8403
-9432
-2489
7957
-2494
-9965
1653
-2523
2413
1662
-8545
1382
-6913
-1107
-5414
609
-1416
1405
222
913
8782
-2304
4767
-7766
2364
4210
-1557
-8794
-8390
-1946
6720
9849
2394
-8111
4655
7244
-6215
6530
-7728
-1245
-7879
-3400
-904
-5120
-6604
7513
6888
4790
-9105
1149
2076
6438
1390
155
-7425
3319
2337
5067
1215
-8439
1466
5153
-2577
-6796
-3529
3750
-5685
-9402
6820
6400
-4520
-1483
-428
-2905
7255
-8896
-8033
-690
7466
-78
-2347
-9607
-6619
-5667
4756
7677
-8574
-4271
-9354
-3175
-2224
856
9172
-923
2789
-3672
5124
9714
-5787
6741
-4945
3342
256
7541
-243
-9924
-9389
3699
4672
2874
-7447
-8284
5183
2211
1532
-586
1339
6693
-5609
-8142
4744
5706
2026
6231
-1798
-4791
2695
-3031
8183
234
-8111
-2229
-2753
-6233
-7393
9970
-1825
2818
6682
-9744
2293
3922
6388
7053
3384
2782
-9998
-5506
2455
-6190
8498
7396
9766
33
-4770
4700
-827
-6029
1805
1017
2614
3578
-7002
-944
1719
-1292
2426
1088
-8341
-9856
-7468
-6050
-9883
-1674
-6045
-3502
1925
2954
5211
-4765
2310
804
5846
1209
-6204
-1273
-8946
2184
-6099
-4258
-2983
7259
-951
7726
8751
4034
-2917
-6820
-8211
2998
-8465
3018
-2918
2520
-3047
4813
5812
-366
4956
-4096
-7371
2932
4537
-1811
3458
9739
9462
2340
-7504
-8714
-5462
-8562
-4138
7259
4578
8544
-4845
-5168
-9796
-436
8770
8105
5729
4287
3419
-4519
9915
8226
661
-4642
8272
1739
-3192
7516
-1225
-608
-5408
-893
-4159
-6489
483
-9262
6933
-9098
2414
-7289
2444
-456
7723
-9493
3469
8814
6615
2134
-364
-4455
7447
-9961
-9558
-867
1580
-8725
4283
2496
7900
-4165
4455
4701
-7595
-9592
-2226
-2372
142
7075
3359
1206
-879
1783
-2288
9621
9025
-5088
494
-9915
-2554
-9645
-3650
4419
-2947
-8882
-2886
-6116
-8516
-4057
9487
3489
9738
4378
-333
6195
-3817
-9543
-3502
-1581
8581
9498
-9570
2024
7715
-3225
4358
-9604
345
6920
-3155
7730
-8012
-2055
4757
8978
1209
-5521
-6065
4644
5809
7267
-4438
4270
6963
5705
5520
-2773
-4328
-7501
-8828
8697
7873
-6311
2041
9594
-7909
-4549
7632
9552
-6483
-3300
-2251
-9510
9840
-8154
97
3135
3244
-2905
6419
9770
137
8813
6218
-1248
7355
4454
-6270
-1190
6906
-42
5644
3843
2688
-557
-1050
4478
-7437
-4026
-8541
-4866
1195
-4835
-2374
-5507
-7634
-7119
-5164
892
8662
-9923
843
-5326
949
-4127
3408
-4611
212
898
9959
-3253
-418
2827
6085
-7730
5421
1868
-5334
-3867
9959
2656
2183
376
5450
-5887
9693
-1208
-3548
4036
8880
6556
-7051
910
6706
6014
-3413
-7255
3559
7748
858
-6974
9123
4312
-883
2371
7575
9203
-3819
2300
-9248
-8193
6008
4066
-6051
6013
-8175
-8523
2240
-2072
-4605
7917
447
8527
-1848
-7727
5264
273
-3848
7001
3161
9177
7639
6495
7984
-4244
-35
-311
5925
-5297
1107
4663
2425
-239
4675
-6899
-6251
4987
9513
8976
2691
-765
7519
2215
-8683
-5607
6723
-4338
7567
5635
-7667
-5568
-113
-6966
1432
-7851
1492
940
-6391
171
927
-3780
-8616
-3347
1933
6754
7804
9705
6223
4455
6572
-6596
-3649
-6898
-6001
-7844
-3877
-5793
4450
3893
-2864
6591
-9814
-9703
-8700
5658
7639
9216
-6849
6291
8813
-6635
-4449
-8202
-909
7657
-6932
2559
-6677
-8337
-7958
8701
1677
-5306
-5428
9264
579
-8696
-2128
-7579
8289
8307
9516
4949
7708
4337
-7054
-5694
-696
-6252
7551
-4674
2574
-7308
-1035
5449
3411
7638
5833
7163
1207
-5841
5726
-4804
-3122
7558
6335
-572
911
-9657
2195
-3750
-5858
-341
8401
2695
6678
-8731
-7134
-5335
1069
2314
-9915
3939
-7919
6987
995
-5785
2530
2410
5958
3872
-1624
4852
2291
816
-8424
787
-5456
-4684
598
-7129
4839
7689
5515
8179
8822
-7357
7904
-5115
-7190
5092
4762
-1155
-2114
-8895
1136
-4429
-6003
-5405
-8289
995
5696
1402
2668
2482
7632
-6434
72
-6367
-7936
6353
-4502
2041
-4674
-2167
-5231
2514
-6919
9865
8856
9832
-6738
-4643
-5313
2134
5711
-7297
8112
-1618
7195
1484
-9454
-5647
9162
-7986
-275
7715
167
6174
-3781
1063
-2764
-3457
8557
5373
4505
647
3968
6121
-6571
-4912
-6235
-6981
4026
-2260
8301
-7915
9693
8332
-406
5532
5762
-9724
1153
-7686
-3354
-7992
769
1300
-471
-5046
9242
993
-3056
1737
-2083
6168
2181
1081
-5558
5943
2811
3816
-1411
4559
-6011
6734
8345
4677
-7000
-3603
3806
2411
-6046
4402
5014
-5821
-7815
1028
-2552
8143
7499
-6727
3377
-8076
8837
-2034
-2605
2054
-9937
-2213
5077
-7667
7730
9881
-8363
-3103
825
1794
-8605
-4820
3564
621
-9400
4525
-1136
-923
1782
6987
-6785
-3559
290
2200
7302
4232
-6088
-8989
-2327
-21
-3162
-2259
6241
2368
7723
-2806
8883
6256
4117
6836
-2746
3039
2788
-2166
9837
8784
-7134
9440
-965
864
-6452
9671
3865
-3012
1604
-3869
4253
-3095
8510
6626
5721
8445
-2126
