-3653
-3273
7521
-7963
-1546
-571
-1050
-3296
-2104
6091
-5689
5094
5408
-3070
9687
726
-2215
9085
-9473
-5748
-6850
7392
9457
8511
1652
-1776
1426
8860
-5052
-5796
1344
-3267
7900
7467
-7862
-9716
1238
-4721
-9982
5682
8804
-5306
-946
1713
-9274
7177
1657
1225
-6496
1883
9707
-4426
768
3987
9465
-533
604
4113
-4532
-7844
2379
-1882
6412
5612
-4707
7676
-2207
5196
5530
-8969
-9799
485
2469
-7760
-1100
-9207
-1208
-569
2703
7419
2418
1375
8521
9200
-5065
-939
873
-2365
-2785
2982
-4861
8907
497
-8881
5872
-5740
375
7712
-1560
7383
9911
-7755
-7767
-7188
9900
8917
2486
7900
-6867
-2887
3211
-5456
2731
-9325
-786
2204
-4289
-1898
-7211
-7003
6496
-7539
5787
-21
6450
-5957
9426
-9497
-9493
4160
-7016
6192
-4914
-2451
-8300
8813
6342
4274
-4902
-322
-1142
2103
-8853
-674
-3837
5568
240
-6323
945
6027
2462
569
-8433
3831
6984
-1739
-8494
742
9433
8077
9315
-99
-5437
-9225
66
-1640
-7696
4228
-3506
6204
5409
5079
236
7925
3448
-3044
-1938
-7983
1412
-2192
5699
-4525
-2051
-882
-7949
-7894
-4476
-7319
-4428
-8995
-14
-9709
-2148
1321
7626
5027
-350
3900
1378
-2964
83
3304
4630
3235
6249
-7705
-4326
-5106
1671
-4958
-4048
7701
86
-9671
6331
-8515
-3829
-1346
-3184
-5349
-2420
-6765
-8671
-3853
249
-5056
9000
-8832
5151
3090
-3628
-2529
-4764
-2236
-5550
7188
4254
4850
-188
-2406
-7259
365
28
-9992
-1710
6350
-6570
-365
3551
9485
-1980
4878
-4342
5043
-394
-7881
3214
-1186
-2763
820
-9722
6131
-9819
-8227
-1758
2081
4813
2045
1876
-9727
-1464
6444
6146
1030
-2800
-9970
-1956
6088
-3434
5717
5057
1881
-1231
-3042
1596
6923
4272
6275
7873
-5973
5582
-6867
-9130
3287
1160
-5462
8807
-1177
6521
-9499
-1378
3071
3182
104
-5145
6705
-9294
9294
6190
3586
7979
4804
-1020
-5476
2848
-5188
-3447
7260
-2607
2310
681
-8275
-5759
-1794
-4715
-955
-1923
4564
-7706
-6467
8532
4209
-4234
-1898
-321
-5599
9079
-2534
-4351
9890
6464
-5754
-5133
-9878
-5609
179
-2837
7503
-7852
4831
2524
-2246
2614
8267
3905
-5127
3045
6941
-9188
8097
-7318
-5347
1263
2675
8216
7907
5677
4909
-1920
4028
7646
5942
-6725
3241
9683
8768
3763
-6958
6348
2144
4789
6987
-81
-2017
-6554
-8664
-6116
9339
7370
8247
-5072
673
-9095
-8
8983
4613
6967
8393
225
-2721
-439
4536
-3113
-8402
-516
4473
-4762
-949
-2950
-8440
-5222
-4858
2088
6815
6883
-6423
-7192
8439
-9643
-611
-1578
-1352
-1470
-1269
5092
-4287
-3616
6835
2086
-9651
5976
-1868
-340
5212
-866
1990
-1184
-2180
-2835
-6104
-7443
2005
-8040
5115
-3763
-2799
9190
814
3410
-9046
1069
-2075
6650
4999
-7289
8043
8489
3005
1038
9627
7707
-2889
-1344
-1266
4909
7488
-1625
-4694
-4583
2436
9186
-5192
-5080
5380
2673
8733
-837
-971
9531
-5285
3182
-3140
-6982
-9575
9616
5474
8186
-5643
6603
3821
-9879
-5620
-7580
-2632
9002
-6360
6156
-8048
-3639
9773
-4280
6186
-7903
-4007
6539
4738
1330
3005
-4679
-9576
-815
1361
-963
-5797
7148
-9913
-5006
-4392
8803
-5025
6409
-1570
2814
-1173
-4646
-7633
-6246
2055
-8452
-6291
2110
259
-9260
3284
-367
-9246
7098
5292
-8108
4324
-2828
6227
2943
-1192
-7579
8235
-186
-1602
-8811
-8978
-7505
5770
2559
5116
-372
247
3125
-4279
-7857
8163
4680
-4308
1116
5962
-4131
9024
6235
-7072
-909
4390
-9039
-8313
7326
7562
1915
9234
-2627
-4034
-1741
8120
-4932
4852
-3613
891
-7896
6692
7226
-784
-3089
2500
-1461
-7338
-4869
-9350
8037
2964
1829
3172
-6927
-4183
7762
-7113
-4640
-2451
5547
-1407
1448
-6448
-9357
7861
5157
3658
-4142
-1312
-7143
4155
6474
-3748
999
-3582
7547
-4179
-5391
-5516
7344
8801
478
-5630
-8825
1503
-1614
1367
2353
-4368
-4961
-1199
-3528
1428
-7080
-6982
-2077
-6683
4655
1379
-5534
9115
-1044
-9894
-9074
-3298
-3558
3671
-2023
4058
9047
4856
-2364
-7645
-5689
1105
2825
-9830
5706
-9576
-6053
-3484
-7136
-3627
1800
-4294
2790
-7365
-6034
-3494
999
-4160
-481
765
-5929
-5319
1222
-8762
-4813
4193
6635
-3147
-5759
9178
-8266
-8440
-2497
6315
-2980
-540
-1831
-8485
1175
-1312
5429
-3544
-3715
-9333
99
8194
-9813
3534
-9680
-7853
9088
-3290
-7316
-5336
-3708
-9317
9019
-2778
-677
4631
8147
1904
-106
3789
5722
-7475
-2591
-1625
3329
-7560
-7739
9813
-3783
-2118
-6279
-691
9691
8324
-231
-3009
1580
7033
-9151
-3530
5364
9859
5603
-1736
3572
420
9699
2281
-5984
-6495
805
-1305
3103
2081
4310
-8218
235
9617
-2744
-4161
-873
-3012
3479
-1989
-5519
1558
-9723
-311
-6152
-3248
-7607
-5919
-7105
3626
9775
-4741
-310
2853
-5085
1360
6557
9394
-4791
1090
4725
-3424
-7849
6624
-7766
-6893
-1932
3336
-7648
4
2117
3484
1417
5837
6241
-9742
-7092
-5777
4493
-2766
-1187
8511
907
-5842
-9309
-4431
-6136
2030
-7524
-5460
-4135
5700
4938
7581
183
-854
-7307
-9606
-4059
-3216
7387
7117
-137
1723
-212
-4927
-5642
-7730
-513
-4874
9399
-7042
5103
8343
-6017
688
5184
-4503
4647
-5265
-2283
5916
7205
-2618
-6787
2924
8257
-1658
-9897
-7020
-7659
-2180
8242
1245
-7458
1705
5334
-2612
-6585
1555
5618
-7527
425
7661
-4935
-6215
-7474
4910
5889
6290
1991
-1253
7828
8777
-9797
9222
-8928
-2119
-4188
-8058
2216
-1013
312
9199
8291
-7279
-9299
1538
4932
9380
-7919
-564
7876
-5707
5633
-7261
-7584
4302
8513
8467
4012
-8263
-8695
310
-5111
-1801
8787
261
5057
6628
2973
1383
5071
2137
416
4430
3082
5739
-2016
-9594
8478
1613
8578
9897
4693
7119
7005
-2492
-5508
-6175
-1257
-2490
-576
-8017
-6522
6283
-1904
-7921
-8267
7820
-5836
3713
-2694
1798
-4383
-8183
1448
-2317
5689
2893
1425
-4175
-5883
3281
-9975
6703
-3587
8455
6897
-6795
3962
1613
-7233
8633
1338
8652
-3051
-2463
8161
-3187
8192
3793
3309
-5935
-7219
7342
4671
-5248
-8736
-7184
9254
-3389
-3637
5662
-9110
-125
-890
8864
2862
-1146
6995
-5691
729
-3921
-386
913
5590
-7649
-8757
-9989
3877
-7203
-5518
-4856
-7834
-3158
-1414
-5459
5042
-1299
8726
-1328
2038
5384
-8387
-1180
6279
6349
-4869
-6217
4784
-9615
-9768
4554
8359
-9743
2604
59
7451
-8243
-6593
-8760
-9454
6073
7849
-9934
-7500
7051
-8841
-7030
-7675
2235
750
-5620
-4972
8165
4863
1753
-8284
-3811
-110
-4268
1251
2027
2424
-8905
8906
-1375
-1729
-357
-9674
3305
-4064
839
8557
-7832
-9579
-174
58
8089
-1968
-2909
8807
-453
1289
-2597
1705
-2278
-37
-1961
7903
3713
1861
-421
-1968
-3542
-3366
7190
1163
1582
-2076
-8993
-9940
-1718
-7816
-6367
3477
-391
531
1413
7337
-5053
-4872
2954
2221
-5913
-747
-2059
-1148
-2160
9494
2105
1407
-784
-7307
2693
-5122
2066
-1147
-6062
398
-910
7454
-7905
-9657
7250
-708
1963
2995
-1976
-7104
-9154
2175
-7039
-8445
-7560
5230
-9702
-2717
-9165
-2532
1259
764
-2854
2676
-9979
-2970
-937
555
-6505
5923
-8167
592
7503
-6679
-8121
-5261
-9935
1396
-1642
-2739
-4063
-5911
-6030
7837
7951
-8096
1695
-7167
99
-5743
5026
-2948
-9664
9151
-2416
-9804
-5660
-4593
-560
-5438
7515
3411
-2427
9175
9414
-1593
6612
2012
-9951
6413
214
-8050
6826
-9928
-1780
-9943
3509
-3963
-1430
-365
-1137
7596
9805
7400
4231
-6061
6184
-4216
3291
-9541
-8751
-2446
755
1342
-6821
-4259
-9424
-7586
5631
-296
-3991
-4749
9198
9340
-7065
-7128
-5719
890
-749
-3611
2973
0
-3670
2035
8311
1354
1214
-9836
-8904
-2275
3624
-1686
3191
428
-2638
8417
3671
4380
2352
-6605
4563
-4422
4147
4930
-5230
-9952
-8658
1633
-1703
6776
-25
-7238
-4205
8331
8938
-8079
-8092
5787
1385
-9082
9327
9399
-9393
-8806
3283
7586
-8584
-5761
-7423
-730
-4873
2680
4272
-3920
-9281
4599
967
6527
-5489
-7348
-5610
6822
9510
-5386
8709
-6667
-4629
-1771
-35
4733
7667
-8498
-7371
-6666
-4497
2472
-3868
7145
-3772
879
4930
-1894
-7830
-9936
3941
-7342
8906
2594
8500
-1860
6896
-4110
-5300
5302
2200
-9140
2306
-2874
3444
447
-1458
-5335
-5257
7210
-3776
9927
5695
445
-1447
5528
-6389
-4113
8240
-1089
-1048
-3112
423
-8558
-9562
3533
5259
-264
5606
6326
-3093
-5957
-5416
2833
-2086
-6604
4163
-9506
1709
-393
-4255
-9595
-2264
1421
6791
1566
2900
3032
-3388
7593
9870
5896
654
-582
84
5559
-3691
4889
2423
5429
8175
-4120
-737
8930
2802
9256
7945
8930
5209
-1673
-260
3412
4792
8617
4197
3883
-5329
3151
6710
6997
-8733
-6694
-599
500
8882
9867
3149
-1753
1018
6572
-5828
787
7928
-6972
-6879
180
-8833
7359
-6612
-831
-710
8771
7302
6150
-4654
1653
5737
7155
1776
879
6680
7483
-4157
-3992
-9746
-426
6397
5656
-550
-9761
2422
3010
9373
2369
400
-9861
7035
-3413
5811
-2458
-8191
4185
-9068
-5985
6840
-8669
9410
8825
-7499
7299
1217
1191
8158
5446
-2410
5719
-7952
9772
-7102
-322
-3267
7723
6319
7727
931
-4172
-1272
-1909
6062
4499
-3371
-8938
-5184
-5247
-4020
8631
-2294
-1885
-5039
-3832
-6716
-8209
-7541
6176
-6754
-3406
-3013
716
-2467
949
5457
-6943
-4179
8091
-7535
-425
-758
-6013
-6813
7523
3129
8404
-483
5460
4032
642
-8201
1424
-4588
-2612
3060
7273
1891
-5718
-132
969
9561
8627
506
-1889
-4931
-6916
-6294
-4813
-2407
-8929
-8686
-6564
-2396
-3895
6820
-37
-9184
-8608
9950
-2666
9147
-5847
9215
247
-2749
1114
8154
-2487
-9960
-4215
3058
-3640
-8877
-8786
5209
-167
-1658
-5916
7125
-7468
158
-7715
-4050
9440
6087
2870
-53
7857
6931
-9028
-5414
3383
-9440
-6180
8191
-6415
-7004
1154
8293
-3874
5947
5753
-6760
-7588
8427
-149
6461
-952
-6418
8712
-2966
-3196
-2076
-7634
-5950
4767
-4677
2396
-2183
3098
-3295
8447
-857
-5328
-7361
285
-855
-3444
-4371
2544
7369
-7732
5123
1661
-2243
-6435
2081
8244
8386
-3078
-5723
8326
3642
-8058
7080
-6383
-3628
-7758
2028
4199
6220
-2735
4396
-7434
-2602
-6316
-428
-6118
1090
6321
-6761
6188
-316
5582
7667
-6655
-7762
1414
5074
1038
8133
265
-6606
2271
-3609
1407
2718
-7465
4621
-2700
3924
2638
5464
2236
3016
-7770
3814
1959
5262
-9436
-7000
3267
-1568
1638
-744
1
-5819
-5449
-8017
1267
-7732
4606
-6634
5072
-6906
-7291
4264
3901
2007
-3992
-8639
5042
-1476
7562
-8935
1712
8577
-4368
1507
-5879
-4118
-4778
-9479
-10
-4769
7139
-1060
-2951
-3541
-1869
5838
-4635
1687
-1307
-1857
5356
-8056
6596
-8760
-8028
2781
-4980
3942
-5968
-7039
9675
-9319
4557
9603
-9702
6038
-2406
-3921
-8957
3271
6547
6515
2179
-5095
-6611
8679
460
6375
-4949
8599
459
-4554
3224
356
-9597
-9323
1114
9535
-4149
-6218
9481
-2610
-8393
3405
8591
-8697
727
3117
-1788
7798
-7043
535
6416
9233
-2536
3237
-6701
-7612
-602
3788
-7827
-1380
1511
6514
-6490
767
4144
7064
849
7773
-1223
9959
-1982
743
-2209
5022
9700
-7
8305
-8303
-7893
9111
852
-6912
8462
-8216
-7830
-51
-8323
-2420
-3117
-439
-962
7911
-9718
1318
2627
-3186
-1264
4294
-3299
853
-5729
2336
-4349
-7956
-1555
-484
7981
-9203
-9126
-4009
-8414
-7990
9927
87
-1104
-4722
-1568
4410
-4278
-536
-9383
-8576
-6517
7264
4314
7587
5226
1234
-2393
-9338
3428
9331
-3295
-9579
6519
638
-4157
6524
-6388
-5940
137
9003
7578
367
5033
855
-9103
-1567
3697
2120
-5907
6905
-2945
4528
6017
8422
9186
4737
-2950
-3538
-9114
-3852
8111
2809
-4446
5853
4568
3456
2906
737
1865
-8834
-5460
-411
1347
-9510
4133
6683
-2829
1225
5649
1048
6416
-8645
-3626
-5391
-7742
-1502
6048
-1227
986
-1513
5397
-2633
1656
-4279
5909
-4635
-288
-267
-6210
-4518
-9000
-2932
-5819
-8217
-5123
52
-882
-7780
-30
6419
-7893
-8749
-6706
-2203
4137
-8218
6618
-1473
117
-5317
5005
-9646
-2330
-5937
3818
-6970
4407
-2589
-3272
-7522
-863
-8502
-6158
-9682
465
-2266
-3957
-4529
-5613
-5653
99
3218
-9981
-2594
-3703
3013
9191
-1710
6613
4378
8281
8315
7611
8281
5357
4293
-320
-3692
-2959
5946
5489
-177
-7399
-501
4130
-9401
-1595
-1766
-5251
-2413
8817
-4180
-841
-6637
-3099
2392
-1191
7655
-7113
405
5625
6055
-9779
329
7304
-8897
-4016
-5817
-5865
8685
-9680
9380
-8368
-103
7959
-5950
-7272
6252
1282
7291
-3962
1640
7137
-3168
-7741
8725
-5115
5523
-3138
8514
-3951
-1363
2879
3356
-9372
8522
9928
-1899
-4175
-6024
-9660
1961
-9077
-7382
2376
-6986
-6652
-837
-7148
-5709
893
-5281
309
2649
-1849
-4422
-5731
9168
8127
4564
-9531
935
86
3364
8816
-7869
-3017
7863
-2629
-6893
2766
148
3432
-6150
-5853
-8143
-9098
-1747
-2412
-7150
8676
4530
-3018
-5045
9981
-4914
-9850
-305
3458
-8380
8514
7410
-4701
2886
9348
-8590
-7488
2141
-6041
4376
310
5476
-5024
-7951
-1941
5849
1199
-9926
5821
2439
4363
816
-8765
-3227
-5890
8263
6834
-5973
7147
4808
-54
3100
9483
-9910
-8155
7112
621
6818
1449
8394
-3815
897
-4587
6515
4221
-1041
-6004
-9465
-1599
-9942
-2606
-2664
-9681
-2134
-7463
1038
311
-987
8105
2968
4839
7109
4399
4490
6117
-986
7907
5795
1960
2109
9150
9748
4926
-5322
-5241
3932
-3905
2684
8007
-3561
126
5733
-1876
-2475
-3951
8723
-1594
3398
-9074
8145
2111
6672
-7604
7641
-6890
8726
2927
266
6308
7714
7199
1995
4827
-3943
-6856
1359
4176
6986
2634
-120
-9926
9703
-239
-9044
493
-1787
4034
953
-907
-1905
-8890
-540
-8457
8025
4690
6655
-3712
97
-3899
8206
-8375
-7897
-5064
9174
-898
-9557
-4149
1782
-1875
-3057
-1213
9378
-3846
-3803
2086
2200
-4336
-6286
3423
-9894
-6713
-6798
4807
-4355
739
7170
3394
5285
-3601
-6603
5041
-8721
-2621
-9788
-782
-5693
-2855
4729
9090
4184
-6350
-2930
2432
2587
4972
-7967
1300
6985
-5386
5835
-108
7746
3031
-1922
-7138
-3153
1751
-4979
-5055
-9112
-7114
8043
9435
-4309
-4387
9899
195
-9642
-6654
-8380
4875
9224
4602
-8577
3298
7795
-7155
4841
-299
-6019
1300
5384
-6936
783
-228
2201
884
-2380
-1191
7093
3536
-4228
8397
-6619
4784
-3679
1670
-4967
6370
4342
-8610
3930
-1290
-1384
6575
-3439
-9778
-1282
-902
-4456
2083
-6633
-7497
-8377
-4472
4796
-1164
3609
-7656
-6365
5861
-452
6214
-5802
-9452
-28
3462
1879
-3454
1621
-8710
-33
-7789
5522
2879
-2218
-1609
5214
4028
-2372
3900
-3572
-6537
-7248
-1734
-2660
-6360
3023
-9834
5639
100
7826
-2378
2329
-7461
9144
-6902
-7055
-5061
2921
539
-8528
-4568
8066
-898
6744
9621
6105
7398
-1134
4135
-750
4028
7527
-9223
6251
-1188
8891
7187
-6599
2508
6275
8823
9866
-2377
1863
4635
3268
1263
-5675
1443
4911
8873
1061
-3354
-7591
-9683
-1845
-103
8501
1442
-5752
-6350
6275
4879
-4578
-2687
3370
-2035
1447
2840
7488
1378
-9464
1811
-482
-213
4092
-6566
-6958
8708
3644
4283
-7672
5381
8455
-3149
-4746
817
-9460
7196
-6691
5005
1225
-9826
-1298
3776
-2754
250
-3554
-1530
-1832
-3373
3924
698
5084
6361
9561
3171
6486
4539
7331
5337
-1596
-5126
2873
6294
-3459
9815
-4349
8294
8827
6225
-3041
9569
-95
3854
-5470
2286
-9194
2314
-3352
2590
-4584
8361
8354
5425
-1416
3496
8384
4168
7983
-5785
-904
-3945
-8638
7929
-6656
-7983
4503
8611
-4083
8322
8513
5646
749
-5787
576
-7599
3063
-9245
1998
5155
9781
-869
5687
-4769
-7872
2366
113
-4896
1629
6960
516
9462
-7156
3284
446
-4112
-4764
-283
-352
8295
-1191
-6715
-7629
-216
-2097
-4942
4332
-2336
-2780
-6269
4568
2225
1714
-4343
3477
-7307
7165
-3814
-3676
-2319
-1872
3843
-3053
5146
4593
9840
9865
108
-165
-2328
-7263
-7745
-1660
-8786
9554
-6674
9206
-2898
-6767
6188
70
-5776
2460
-7950
-3748
5386
2047
-1295
3945
3700
5418
9522
-6590
-5865
-8126
3815
-9314
2090
-9995
-7411
-3182
879
-8646
-5066
1915
1738
-8154
1905
-7284
-6561
-9800
-1360
-1947
1499
2723
-4028
-2587
5354
-7161
8025
6895
-6226
1938
-6692
7661
-5525
-867
1336
-6071
-7280
-9797
-5124
4118
-1156
-7218
9198
-3005
9561
-6504
-3624
-379
2824
-7157
-3877
4297
-1509
-5751
8229
-5916
1662
-4659
2617
6103
7014
8093
7361
3366
-1980
538
4451
-1841
684
2182
5009
-8384
-164
-9669
-4034
-7293
419
8110
3541
-9632
35
-2146
5819
1699
3728
9623
-5696
3779
7365
1365
-4387
-6006
-6744
-4466
7838
-2895
-8750
4565
-9263
1884
-7376
4611
-9036
4126
2527
-3812
5028
7650
-6545
-626
3041
-4030
1939
7946
60
9736
-3948
-6952
2737
2454
-3238
8497
9705
-828
-7301
-7338
-9127
3342
-3926
-5075
-2223
8308
6498
2185
-9430
-2349
8819
-8244
8306
9136
-6635
-2076
1355
3653
4145
-387
7499
9810
-6351
-4231
3131
-833
-2358
-7573
7356
2518
-415
-1158
-1354
9214
-2869
-7924
3618
-1137
-8024
3248
-1221
-9551
6387
-4506
2276
3199
739
9578
6234
5433
-3071
-3236
-6805
6457
-6523
3676
-6924
9296
-7179
-8820
-6401
1190
-8804
-3516
-689
4428
3420
4233
-3552
-1874
-2031
7478
7296
-2840
-2690
1741
1745
4357
-7653
-559
-7123
1399
7406
5977
6642
-7162
6973
-7575
1726
-1092
9120
2085
-6541
8064
-9815
-2609
8772
6816
-3604
4422
437
9564
465
-6481
5940
-7572
1123
-3849
-4523
9389
-4813
-6482
-837
-9435
2063
4097
-417
4670
-5151
-5130
6513
6211
636
-238
976
-904
1571
-7217
-4633
-5126
1835
-4740
-1981
9358
-1411
6894
-893
-7467
9350
-9147
539
9029
-688
-9062
-9731
6528
-4632
1867
3507
-1806
-3966
-1807
-7925
-7763
-9806
5083
-1767
-1957
-1609
-9170
9121
-8521
9619
6300
-8667
3581
5855
-5973
3893
-7245
-133
2530
-3451
2149
-9669
-8986
2376
-4520
-4338
7626
-3001
-8786
4802
-1179
-9062
-858
7408
-5768
-7697
8396
-8024
-8322
-1824
-8587
-6763
-6614
9747
-5293
-6958
9693
9730
-7748
4661
-126
4759
-2454
-9466
-7140
6732
8364
3494
1566
9933
3031
-3036
-9271
-788
3978
-6501
-9690
4634
-5252
3114
-18
493
-3829
-9077
3624
-1722
-4355
1819
3342
3790
-3568
-8384
6452
-413
-7666
-998
8323
5824
-6870
1458
6012
4021
-1482
-6057
-1407
5525
2856
4506
-5904
8389
-864
9518
-5067
2969
6678
-8578
-2234
9336
-5994
-5746
-4618
2105
3175
9337
-4079
-9926
1220
788
-7470
-5913
-5962
-1087
-8207
-901
5417
-3783
1558
3554
-6854
7782
1034
-81
-4807
8864
-2211
-1602
-2987
6201
3347
9053
-1866
9019
9222
3906
1541
8976
-5784
-7986
-6447
-5852
8375
-7171
4427
-7690
5596
-1867
-7762
1677
-4183
1815
-7839
8713
-7677
3994
-8341
-2905
3099
179
-4040
-6997
-5395
-5051
-3620
-6164
-8959
-6666
5272
-5505
9212
-8568
3267
1093
-4909
-6855
2168
-488
-3606
6101
-2906
-6265
-8577
-5201
-1561
5281
-5312
-7944
7346
-7168
-9754
3347
1049
7842
-8374
-7704
8965
-7714
-2327
3650
230
9707
4031
1542
7379
9197
4739
-4982
957
6565
5935
-5414
-9019
-3156
5717
365
-1526
3150
3713
-6136
-7760
7093
4545
8534
2157
-7642
-376
4571
233
4482
7619
-3970
1662
3271
-1593
1787
1948
3018
5554
-2499
-7683
7324
7329
-1485
-2860
7557
7609
-2011
-5379
246
8850
4526
-3522
-6676
2660
-376
1939
38
6622
-3879
-5443
-4324
-8512
-5123
6828
-9628
7092
-803
1796
481
-3783
-1961
-111
-7442
8867
-5589
7099
7292
-9130
-1696
3776
-3836
1302
-8684
7011
9614
7073
7640
3409
8607
-997
-514
-1866
1410
2171
8052
126
-7277
4219
819
91
-1963
-5813
702
5126
-6329
5748
-840
125
8319
2377
-9130
1764
-107
-7165
-4154
1981
-2942
-6016
-2648
2515
4576
-83
-4503
2089
-7991
-9837
-4683
720
-5616
-2324
1409
7538
195
1715
-6513
9490
2074
7568
6925
8364
-2748
3510
5972
2656
-6250
-1458
-9315
-9007
-3182
-2951
-3198
5145
-7016
-9688
-2001
2579
8664
9927
7982
-2667
3270
6073
8599
4064
2650
-1459
5808
-3093
7910
-1109
-7343
-1091
-9356
-2102
2133
-4409
-5035
-4032
742
-3420
-4982
-9040
-6993
6628
5557
-3887
8782
4751
-7143
-3629
-4503
7543
8926
7606
6480
3013
-6436
3640
-4307
4704
-1163
5619
-9135
7750
-6609
2979
-4568
-8501
-1895
7980
-1071
5749
2259
8115
8562
-3737
5586
-6546
-6218
8528
-5525
-2995
-9433
-9572
-4658
1194
1320
7832
-5690
6696
203
225
-4709
-594
5127
-7760
-8176
571
8584
-1308
-4506
-542
-9356
-4656
-1842
4149
8681
-9190
5956
-5364
9770
8406
-6056
1542
-4142
-3251
-1761
-400
-8175
1262
-1469
-2628
-9839
-3439
930
-6066
-8663
2836
950
5754
-1630
7980
4862
-6516
3931
2381
9615
1226
6302
-8649
-9191
8400
-9976
-2021
5402
-7342
-6236
3477
9078
7733
9998
7027
4144
-3222
-5881
-9266
8165
5380
-843
1801
-5562
-5196
-9601
8817
-3863
4165
-7774
2680
-9157
6015
-2975
-229
-4187
3108
-5930
-1213
1415
-8623
2100
8174
-3833
6812
9256
-4023
-8289
8770
-7992
9514
9672
-484
256
-7901
-9399
-3207
5637
-8150
8387
-3625
6366
-1261
2889
-2737
-9770
6494
-1424
7872
1277
-5587
-2399
-1861
1950
3423
4956
-7018
-2035
-3006
-81
-9290
6007
-1128
-5076
-9706
-5222
8619
-2125
6079
-1418
5715
879
7815
-8051
8729
5714
637
-6702
-8960
663
-6038
-2693
8583
-8879
-2376
7382
-1084
8921
657
-4654
-5786
7185
8247
5603
6947
-4328
-8040
8521
7991
-3695
-8933
967
530
1421
-5842
-6901
-6018
1157
3954
-4657
-5100
1159
2444
875
6035
-7869
-7429
-1420
8927
-8069
2616
-2778
-6912
-1149
-8772
-6478
8952
4161
-9930
4637
-1416
4873
-5070
6946
7272
2320
8911
-8077
2340
-15
-4393
-9812
-7841
4360
-2459
4026
-7238
-9641
-1817
-1063
3256
1440
2522
-3027
-7865
2300
2387
-3021
-4018
7040
4552
9489
-2977
-252
7808
9456
-5154
5184
8735
5686
5616
-1490
6096
562
7571
9115
3512
-3840
-8514
6987
-5970
2340
4038
8107
-9398
-7087
-3742
7131
-222
7486
-2171
-2625
3597
-2668
5250
-3770
4835
7336
-9304
-506
-8439
3146
-5420
-6840
3110
6940
6638
9378
9128
-3990
9274
6993
6545
7850
2529
3000
-8825
-8324
2452
8197
-6734
5670
-7331
1716
-1555
2176
-1621
-6726
5052
1961
-4639
-9737
5972
-6048
8417
5516
9362
2546
-6351
4415
-5458
1116
-582
5304
9521
6817
-1402
5239
-2597
892
-6403
-6507
-5934
5081
-573
-2719
8499
1660
-1100
-8301
7917
3541
-2243
9874
14
7513
6303
-3809
1124
-8968
-6487
-1507
-315
-8306
-6223
2888
5797
7639
-7373
-8967
-880
-1347
6688
6418
-102
-5616
-5873
-592
-5365
-150
-5637
-8571
5293
-9923
-8245
-536
8383
6060
6243
-5988
1989
2704
-7285
-1155
-4706
1089
6264
-5311
-9289
-2934
-6326
-6673
6873
-2758
-9779
3023
1010
-2733
8363
8305
-1737
4291
9932
-4031
5795
7882
5193
3543
-8946
5960
3813
-7945
-340
4590
-3957
-4785
-6865
-5915
3118
-4499
-7519
-7088
-945
5029
-3962
1317
6716
2049
-3644
-3124
5081
795
-6134
-3087
-3754
-5605
-1630
6930
5937
-4999
-3022
102
-8437
3339
-9319
1721
3681
-4957
-8787
1145
113
-3007
4718
-6308
-836
3216
5378
-5449
4793
-2246
-2421
-2893
8225
-1416
8786
-5130
-6754
-9171
7950
-5607
-9998
9871
1297
-5354
1330
2234
9299
1874
5112
-8064
-5261
-540
-2551
787
7419
1169
5158
-3757
6362
7429
-1752
282
-9913
-8224
-904
903
6921
-8340
5778
8572
4693
-281
2451
9069
2227
423
-5930
2249
2857
-436
376
-9541
5401
-9238
-1277
-4455
-2552
1660
-7745
5843
8814
7488
-2469
8132
8067
-8559
5388
-8819
2552
-2202
-4685
-1140
-928
6452
5299
9024
-2949
6216
849
-2192
2239
9823
-9575
-1570
6684
2251
-8740
9059
8038
4737
4739
1167
-8457
424
-8143
2975
1924
2271
-3862
-7514
-2751
-2498
6656
5706
1706
-2543
1353
3772
-2688
-8703
-5299
-8209
9336
-1406
-7792
3283
1479
-5445
-7560
-2347
5891
-4369
4711
-2252
4496
4719
7991
-9585
-5842
-4836
-1681
8579
-2442
8548
9013
3125
7400
-6208
-603
9532
-8664
-4278
7044
-2423
-8155
-9936
-4588
3467
-6082
-9028
-1590
-1534
-7806
4089
1293
3282
-1770
-4144
3430
-5220
2216
-9510
3114
1801
9676
2946
534
-9288
5553
-3121
-9102
-1786
-4503
7618
2831
4079
9782
-466
-6007
-5775
-2247
-3536
9483
-2568
-3261
2042
-8302
3433
5418
1873
4773
-7021
2697
-499
-9603
-6619
-3421
-3792
1262
645
5225
8282
-339
-4858
-1143
2048
-1332
-3184
9864
7776
9076
6420
1224
-8319
-754
-1901
-109
-8531
7367
-2699
-8030
-7096
412
1899
1915
8636
-513
6078
-3839
9434
-4826
2217
-3836
9812
9115
-3997
245
2399
-8586
6653
8570
-8294
-8809
4393
288
2530
-4346
-755
-7673
-6070
8058
-226
-9312
-4128
8514
-8931
-3698
-9554
-6383
-3286
-5075
-5699
3251
8117
-6514
5257
-7924
-9955
97
372
-5932
-6948
-3068
4526
-7709
-4156
1771
8607
-9696
1888
-2348
1933
-510
5143
8239
-4019
1206
-4251
-9796
-4359
-4677
-364
537
-5633
4273
4565
-7939
-377
-5826
-6068
-4025
2397
-458
3222
-2491
1973
7766
-856
4601
-8263
295
8864
-5687
3198
552
9887
-7714
8670
-1265
-8443
-1096
2805
-8040
9910
678
1738
-1155
5410
-6691
457
9826
7833
1301
9997
7930
-4963
5414
8559
4965
8026
-8331
970
-9756
7818
5005
-4300
-7336
6038
-1730
-7441
1311
-6433
-1347
8966
-5045
8943
-3283
704
-5003
-143
2092
-4096
8750
4994
-551
-2645
-8240
-8135
-9816
-6552
-6282
-7790
-9671
-4947
378
1727
-6470
7079
3457
-2646
-5023
6261
-5491
9883
-3381
9412
-3449
-5368
6248
649
-9575
4417
-3556
-9510
9624
-6117
-5661
-3132
3340
-3820
5559
6991
-9192
3570
1526
-645
4210
-7174
-703
-3329
-7587
-7064
-5233
9243
-3673
-2082
7831
-3880
5943
-6926
2868
854
-8600
-3063
2432
-3332
6548
5672
-4191
-5420
-7684
9362
9353
6609
-3665
5289
4525
-6734
6614
3620
-866
9844
9600
-8275
-7563
2793
-8131
-5340
-4353
8454
-8403
2648
-9615
-3999
5591
5610
6350
-1907
-2074
3613
-8277
5012
1168
2010
-2230
-7253
6671
7078
-1054
-8590
-2332
5165
3268
-5972
-8198
-2723
1936
-2224
-2741
879
5347
1229
-645
6815
-6425
902
6160
4301
-6066
-5096
1084
-7458
8040
1806
-4566
5058
9514
7814
-9184
-7479
1794
9278
-4050
-4822
-453
-3659
-1036
-2645
2651
861
-4664
-1228
2177
494
9673
5409
-9479
7750
2832
-4609
-4811
-2570
7167
6869
-7500
5461
7474
-6491
-3290
8647
-5679
-2152
-4750
-3044
3460
1282
6796
10000
-7354
-6898
546
-1660
-8537
5110
-3893
-5401
5435
5068
-6488
-5841
2358
8257
-133
-2610
1494
-733
2977
-3256
-8746
124
7377
8493
-6138
9079
-6783
-1297
-4827
8180
-6605
-2290
-3099
-4293
-7654
1315
-3167
4844
8451
9139
-9072
4544
4476
-3818
-5533
8737
-8244
3409
-4196
6739
-4003
-452
-9435
-9247
-4797
3910
550
-6269
7649
1096
1054
-5865
-4709
-5567
8557
-9420
4357
-6870
-713
-6229
-6431
4612
3672
8655
-60
2402
9507
9323
866
-6865
-8242
3462
-6730
3155
8231
2767
7747
1187
-5913
-1966
-6525
6137
-2242
-5667
-9559
-2667
-8473
-983
-9052
4830
8383
940
7264
2606
-7519
4743
2239
-1636
-2602
-3591
4578
4886
5815
4942
-9837
-3672
9404
3852
68
778
-5737
7346
1049
-240
-6761
6664
-8822
-6768
4686
-2626
304
2775
2617
1421
-7946
-2468
-9850
1626
7671
-613
-1625
-8438
2658
8186
-7188
-7762
2939
8381
3240
-1069
2218
4218
2046
-1734
8849
3333
4808
4949
-7475
6443
-1251
-6266
1505
-3466
-5780
8277
-4263
-5279
-9100
1057
-8461
-9719
-1681
9597
9432
-7582
-2103
-629
-7495
8083
-8980
-2033
8742
3550
9878
297
1575
-9941
-4478
5402
8404
-3205
-2064
-7923
8033
1462
5351
164
4511
-9525
3660
-1673
-2442
5365
8491
9656
7119
7796
-3647
6457
-217
-870
263
9544
-8239
3248
4289
4259
1438
-171
321
-5949
5496
1558
-995
6048
-6910
-2228
-5613
-6188
5713
-9275
5128
5457
5957
7224
-3205
-8576
5175
-3752
-4628
-6942
-8976
-7485
3061
232
-5840
-4644
-9854
-3600
-238
-3199
4413
4337
9240
1547
4512
2353
-8959
-3748
-1840
791
-2346
4853
-4057
-6689
9146
7970
9714
-6708
-2142
9377
-6453
-9647
-1213
-9179
-6125
-5701
-8172
-2846
-2670
2262
897
-3254
9916
7401
4816
-3804
-6806
5146
3466
634
-6989
1147
7558
-6009
8212
3400
3726
-5512
-4470
-309
-9991
-8895
506
7578
-4845
-8078
-3915
-6169
-832
6167
-4856
5858
1499
8109
-7148
-2827
2696
7097
-7420
5152
5333
-741
-888
7054
-6887
7597
-3317
-1333
3275
-7731
8793
9562
-967
631
2021
-1267
-1676
-42
2049
6611
8358
8045
1557
1870
1812
-61
-2139
-3422
1738
-8382
-1377
3854
-4739
4273
-1927
3326
-4487
-7749
6312
-390
-6015
9714
3693
-9092
-6938
-3308
-6465
-3352
-3300
27
-5236
-5402
6696
-1471
444
-2361
-2332
9424
-7702
3886
4779
5349
1805
4314
9298
-5400
-1246
4685
1842
-8544
-1102
-3594
97
3496
7178
-987
1238
-4846
-8410
-5653
-9516
9943
-7719
5462
-8177
5910
3718
9177
5811
510
-6998
70
6737
-1471
5064
4508
8718
6367
9424
-3157
-8994
-9186
6809
-8539
1381
-289
4074
-308
-3015
-3659
-2912
-8758
-9229
9020
6212
-7894
8981
6723
2610
1651
-1289
-119
-9594
754
5200
3554
8375
3154
-1957
4105
-5670
-7959
-8257
1678
-8524
1350
-3722
5226
8334
-3115
4072
-2456
-9386
-4099
-3865
6668
5341
8130
9113
-7096
-4386
6810
631
8521
35
-1906
3525
1785
-9943
-8044
6884
-9340
-9513
-7898
-442
-8994
-560
3133
1752
-4590
7858
-6981
-8220
4540
7986
8533
3275
7835
5582
4571
-4870
2459
1844
2080
-7557
-2950
8903
-3455
6435
-2280
-1589
6870
2434
8209
4987
6257
3576
-5752
2203
8933
-6163
5557
1803
-4006
-3116
-2604
-8481
1423
-4144
-874
3705
-9733
3814
7414
5320
-490
-9177
-3580
6384
8557
-8112
2137
3874
-560
3269
-6370
-7327
-8194
4124
1390
5965
-9190
-1491
-8425
400
-6343
-4616
-34
1630
4218
-899
-7899
5705
-3887
-2242
-5153
-7190
-8378
-23
2021
-8333
-5362
2793
-6979
3726
-9104
-6935
-5611
-2155
-629
-707
5840
-8335
3691
-6399
1359
7268
-4207
3613
-4704
3060
2531
9120
-7651
2249
-1202
5157
9390
-8868
5594
-8585
-2298
4835
-1281
7868
-1006
-4566
9884
-3520
2963
7166
4639
327
7700
-3031
-8028
-6460
-7619
-4226
-6397
5391
5278
9646
-721
-1443
-854
-6614
8387
-8737
8777
314
-8209
6339
-4343
-1274
-9757
-9472
9544
-8938
-8507
-7812
-2311
6325
-353
7082
-4908
-6751
-2550
9438
-5303
-8612
-3315
1463
6
-8383
-8975
-5973
8082
5123
5836
-5308
-3832
2031
-3717
9286
9977
1895
-9527
-585
-4093
-3634
2132
-3959
-8506
6552
-4339
3392
-7919
7429
3822
3077
9578
3095
