-4333
952
327
-8966
-4356
-7944
3160
1860
4221
804
-8885
4297
2290
2997
6331
9512
-6307
-387
-6948
-3976
6211
8422
9841
-1610
-7556
360
3905
-9591
6074
-7362
-4852
-8104
7999
-1536
1462
7324
-9307
-7259
8478
-5014
7215
4435
3233
7210
-8907
9743
9296
-2628
5746
-8387
3248
-8700
6044
-9373
9991
3398
-5809
1917
-7949
2410
4871
-9236
-7966
-5634
-5251
-8680
8737
431
-9731
3911
7223
-1658
-1188
5706
-4642
93
7463
-2806
7345
1527
-2274
3216
7196
-8569
-10000
-9385
-7891
-5974
-1050
-7747
2066
-8182
-4950
4274
9039
-4689
308
-2875
4521
4820
4359
-2771
1776
8583
9930
-4264
8314
4329
4358
-9760
-3480
7162
-3133
8318
32
4272
870
-7539
7187
4637
3572
6187
3495
935
-9099
4566
5389
-917
-7253
-7387
-1279
3961
6967
-5639
-1669
-6114
-5682
-9782
-2916
3499
5224
-6505
-5991
9677
9218
-5207
-1860
7247
9401
-8424
1979
7815
-2064
-2464
5778
-7276
1316
-675
6992
-5318
-2830
1973
7239
9013
-324
1527
-8317
-422
7144
-8816
-4375
-7266
-7008
680
1314
3845
1223
-3441
-3577
-6684
-4500
-8673
7811
5630
7871
-1794
8805
6517
5141
-1292
5587
-5927
8839
9107
-4571
-2072
-2654
-9446
2262
8346
1
4139
2182
-7749
2550
-7566
9397
7012
-8278
-3089
1296
9028
-5945
-5993
5151
-962
1769
-4973
1366
3301
4486
-5392
6293
-2006
-7030
-2697
59
1929
-6587
-3682
2900
4698
9937
-6597
8189
8398
7666
-8499
-1556
9530
9096
-9703
3264
-9976
-9584
-697
5386
3011
-3229
-6479
6199
2733
6964
6897
-1717
735
6489
9305
8275
2318
615
1585
-724
-2083
8151
9447
-7907
5376
-725
1775
-841
-7701
5616
1787
9296
8987
-5041
9743
9298
3367
2185
-5063
7538
-8001
-9720
-1832
8566
6397
3541
-1873
-7253
2668
3048
-3852
2058
3215
-9378
5208
4303
-1432
4729
-6062
-4896
9216
-9141
773
-2689
6276
-5925
3261
-8062
-4569
-3302
6847
-1162
-509
7760
7982
-6758
-2074
-4132
5937
-6661
1359
-8470
-7307
-6293
-5725
2406
-5003
-4107
-2278
1897
-6303
1316
-1092
8987
3486
-4652
-2322
2532
-3590
6720
1171
2743
-917
-6945
2499
4784
7051
-1035
3831
8729
-8354
8479
1468
-6689
186
5625
9483
3089
408
-6598
-5469
-741
2128
5516
113
3618
7116
-1227
-9865
7050
-6810
-179
3308
7436
-7423
3902
2180
-6512
9321
-5074
7405
9709
-8517
-169
-9025
4199
-9921
-7288
-6405
9872
-7793
4916
1777
-5648
8759
-1087
-5772
4297
-6691
2714
8411
1264
-6775
-1688
-2761
-6844
-8171
7742
-1356
-6517
-810
-8094
7402
1251
-2080
-350
3762
8129
-3422
8296
2775
1803
5175
-9851
-9068
8958
425
2658
5705
1221
5046
-5596
-1235
-6764
1647
3829
1517
-7230
9720
-914
-5551
-4554
-2929
-3976
-8976
-1734
7177
-6971
2370
-2703
-9860
-2671
4052
-9052
1554
6146
-8681
5548
-6260
-1259
-3635
-2169
-5293
-6959
4879
7645
2927
2004
-2838
-8427
8978
5155
-6638
-7389
-4643
2864
2027
-8621
3141
7989
-4246
-8192
-5951
-1189
-2191
-5929
-8769
-1297
-4303
9909
8721
2181
9808
3640
5793
1419
1158
5717
-6992
-418
-4824
3102
-1297
6542
7964
2133
-7124
-5285
7886
5859
1729
-4535
9746
-2369
-3740
-3609
-5454
-6403
5836
6849
3349
-5725
4488
5338
-3938
-4500
-7626
-546
1658
-8207
-9125
569
6477
8527
1070
3040
-1978
2066
915
8756
8504
3768
837
6597
939
-4467
881
3411
723
2116
-5797
2195
-833
-7958
7881
-8127
639
2123
4564
4785
4743
7965
-48
2230
-6266
846
4825
4546
356
-4973
-5586
6895
8145
1435
-728
-1186
4856
1630
-3424
-5035
8318
2904
5066
-878
5753
-7424
6758
792
7370
-1031
5537
-7884
5050
-6170
-4960
-6941
-3189
-1841
-6822
-5445
-6633
-3972
-1890
1036
7574
-1606
-2744
-3014
-9245
-7871
-1098
-3615
-9311
-9812
5271
9387
9959
-7871
932
-4282
4872
-4040
9607
3813
5500
-7533
-5062
-3988
343
8200
7147
9656
1323
840
6423
-4335
743
8077
536
-7669
-821
-5528
-5088
-7215
-5338
615
7607
-8455
9539
5567
3074
615
-109
-5901
3441
-6191
1791
-8004
1599
8898
-984
-3287
-2310
-8178
-9554
1851
8786
-8386
3986
-5589
-3776
-7282
6018
-9214
-8328
1567
-915
7831
9674
-6861
8688
-1372
2124
-5738
1705
-9445
1274
212
9405
4977
-2386
-4417
-7091
1405
-8341
-9142
1185
6098
-1234
2330
7705
2221
4383
8711
-4241
-2278
8276
7305
-8252
-9242
-4828
7726
6090
-5322
9198
4889
-7888
-4219
7389
-7062
-3110
9994
847
-4003
-434
-4569
6381
-360
3443
6330
-844
4467
559
-4278
-5243
4205
-3621
-5756
-2202
-9706
4568
910
-4022
7315
-3795
3708
-5995
-457
6922
-7637
-1080
-848
-8959
-3949
7544
7807
6135
1768
784
-4373
-6043
2277
-4166
-6367
-6157
3691
1429
-4585
-9260
-9829
4969
919
-1905
-2695
-156
6331
-8591
-8659
-5707
-2346
-56
-8618
-4127
8022
8796
4796
4210
1163
8735
-739
9708
5998
8819
6483
-4388
-9480
2243
-7901
3921
4914
3991
7776
9317
4709
-9444
6275
4922
-3718
-5888
-216
6429
-833
6954
3726
767
9303
7253
-7753
-288
5574
-757
2227
8214
2381
1849
2633
-985
4253
-2389
-2261
-5828
2671
-1624
-2428
-8645
3686
-8316
-5659
-8149
2959
-6088
-917
7062
1932
3641
-5820
162
-4099
-1257
8007
-1956
2196
-3770
6759
-3858
-5540
-8079
-6389
1887
1731
-183
-4918
1109
-8429
-2702
5128
2297
-9050
-8921
-206
9645
-874
-3467
-2877
-5724
-5254
2940
-5191
-1371
7437
2028
-5917
3667
-7825
1955
-3909
-4790
-7421
8459
-8713
8130
-7681
5917
-4216
-5790
9021
-2749
-7180
3342
2817
737
-145
3549
-8918
7551
7365
661
-4368
7411
-3204
820
-9380
9583
4723
2178
-3387
8170
-4065
349
7440
-9560
-1701
1019
9192
-5781
-8581
-1691
3221
3025
-3809
-8858
-2566
-4639
4591
-5175
6982
6990
-6886
3650
9663
4794
-8445
-2276
6955
9739
-747
-3085
-4919
-2511
2697
-4158
2537
-3706
-6913
1782
-3792
-3545
-8917
2642
-9915
3778
613
-2718
8665
-7714
-2063
354
9691
5938
-9762
5911
3712
-5941
-5360
-9312
8575
-3612
-6102
-9856
7058
3380
-7126
-9720
-9721
1601
-6201
3732
-1061
4757
3497
-3205
8775
9993
-2518
869
4017
-569
3499
-7283
5202
-2931
-7210
6513
9126
5264
5398
-284
-963
-9621
-3894
5366
-9028
-1047
-5789
-8512
-1121
-7454
-5044
-6922
-6737
-3427
5359
-9894
3433
9647
5238
-9118
6289
7152
7779
-872
-6503
2260
2925
-3285
-8924
3669
-657
-5796
8578
-7988
5928
5924
-3124
3717
-10
585
1536
-6608
8370
5306
-9331
-1216
-2193
4897
-7153
-4461
9222
3415
2651
-7067
-9735
9584
5214
-7849
5154
-6220
-9387
3997
-19
-8675
5537
7743
-2914
7814
5702
6091
8263
-7656
8480
-5665
8895
6397
-9237
-9130
8739
2297
-1009
3148
-6115
2634
7013
-380
678
4787
7882
-9635
1285
3387
5426
8964
7803
-6438
-36
6224
7171
6324
661
-435
2945
8703
-4734
-5115
-7945
-3420
-346
-1704
1676
6790
-4555
7170
7712
-3860
-9762
4944
-1405
-2598
4783
-2443
4919
-9337
-8437
1599
-4897
6267
1279
1078
-7834
-7279
-5432
139
-9639
-8066
-3393
-4461
-8793
-9979
-4152
-3697
-7015
-4908
9000
8988
-7413
167
9996
6207
7727
8225
-1220
7360
5456
6013
6667
8184
2409
-2475
8901
4767
-8555
1077
-9463
-5787
8883
-6036
5416
9846
-2484
7208
-6367
9277
9994
8741
2882
2811
4175
-907
259
-9527
8478
2818
-1321
5619
169
-6155
-8073
-3697
-7805
-6482
-4887
1564
-7711
-9217
-5209
-3717
440
1956
9677
-4183
6168
3432
6034
3712
-7469
2155
242
-7855
-8972
4490
-3784
4989
-6039
2810
4339
4969
8792
9213
-5683
9745
3553
9280
-8001
-7060
1112
3339
1610
-7089
-60
-9812
-5506
-9779
3927
-6325
-7135
-7559
-2804
-9511
1299
4085
3747
-3666
4223
-4718
-9351
-1766
3448
-8554
591
-9750
-5459
-5006
-8264
-6407
709
163
-7197
6753
-88
-9446
8755
6335
7748
3460
-111
-7569
2701
3354
3269
-6893
5619
478
2867
3311
7883
2692
-9434
4729
7048
6293
-3952
-8356
6659
-8174
-337
-5419
-8601
-7603
4751
8470
3026
-780
-4560
1590
-4306
4205
-5161
11
-1428
-4804
9928
5820
7797
-5766
-7081
-709
8470
-7060
7406
5063
-2557
-8753
8457
-5048
4695
-3388
-4100
-5858
-2314
-929
-3100
9742
-4755
6099
6805
2075
-6188
-3266
-3944
7320
-6788
-8471
35
-9473
-5622
1692
-9971
-8336
4315
-4951
-5000
3799
2712
3529
9465
-5189
6496
-8181
8455
1721
1961
-6015
4820
3089
-5044
-6486
2878
6318
61
-6797
6580
-6149
-8634
-7965
-1921
-1412
-758
8763
6909
-9140
-8118
9796
-7579
1484
4372
-4117
-5190
7886
8371
-3913
-8015
-6438
-4049
5064
944
3835
5081
2669
7498
-2970
3298
983
1775
790
-7318
-633
2395
6800
1912
-4498
6514
-4329
9181
1136
9658
-2522
9811
-1297
-6285
-6905
-6368
8715
6752
333
904
1101
-8665
-4142
-5967
1082
4479
-1401
1525
9665
2649
-333
300
-6749
6630
6120
512
4185
4604
-3651
8145
6938
2918
2024
518
7003
-7921
-4075
9137
2925
4140
-605
-2600
-4986
1540
-9539
-9692
-2430
-999
4799
-8671
-4467
5065
8324
-1260
-1200
556
1399
-8880
4128
-652
-8178
4226
8411
-6725
5152
-3500
705
4364
5199
3289
-7030
3791
-3788
1376
4908
-2196
7962
2632
2755
4367
-5760
-9517
-7424
-8464
4925
-1708
-7681
5756
-4926
905
7402
6741
-5589
-4952
-7321
1147
-8963
-76
-8284
-6057
-8460
-1260
-2104
4605
-732
-8562
8390
7537
-1281
-1528
6997
1291
-4389
4746
-6108
9189
-1569
-5095
5381
-6857
-475
5216
2104
9021
7954
8400
-5802
2473
6757
7179
-3410
9203
5333
-1672
-2747
-4409
-4065
4007
-6791
6448
9335
-1973
5065
-9643
-8893
8490
-1254
6319
-8121
3426
-8172
1422
-7024
858
-2105
1661
-2017
-7929
-8673
1229
-4923
1150
1418
7840
-3989
-2191
2526
-6099
8169
7995
2309
9996
6467
-9404
-392
-2731
8678
8378
6891
-9998
-2536
-6373
6300
-2341
-4976
5465
-303
3307
-1977
-9421
8252
-2695
2282
-4046
-5684
8425
-5203
4893
-1913
6285
1650
-5676
7478
4142
-557
-2581
1009
-6066
9943
-8089
-2963
2265
-3014
2880
574
2728
4882
5933
4374
-6034
-4776
1013
-1672
-9927
-1935
-2428
6504
-6911
766
4123
-8727
6431
-2307
-3987
7177
-4941
4550
-9578
-3104
-6623
3777
-2394
462
-383
-2663
5282
-9056
3309
-8656
1594
5022
6805
7875
-5336
-691
-9266
-5608
-8667
-2470
8331
-4393
-6855
1070
-6499
4603
1074
3127
-6251
499
6267
-7085
-4619
6755
4714
9050
2673
-6654
-5909
-6249
2318
-3304
9890
-6735
1420
-9547
4252
-4012
8367
-499
4743
4348
8872
5124
5557
-2768
1093
9638
-8220
894
-9933
6088
7307
-6152
7772
-4033
7160
-7189
-6837
-1878
6205
-4786
7888
7138
-4549
-1035
-980
1650
6086
-2093
6706
8620
8537
-1453
463
-3244
-3549
1311
8098
7617
4264
9391
8560
-3672
-9627
-7351
-8072
-4942
3086
-4767
-797
9110
8332
9624
-2943
8497
-6255
-2227
-833
4916
5369
-4464
8603
8648
-2639
525
7848
-8680
-2864
8292
-9826
-2822
2529
2884
622
-1808
8415
-5149
1049
-1089
-2139
-8223
6017
7661
-9287
-4728
2592
-6973
5825
-5657
-2035
6736
5067
-9540
8740
265
5639
7113
8170
-1915
-4613
-2346
-6655
1081
244
5484
8229
-9287
5603
-7490
-7540
6946
7805
-8180
3337
2538
-7509
-2264
-4020
7127
-9881
8459
-5302
-1435
1323
6938
-176
-1008
-5931
-9441
3050
-7397
-1844
4591
-3177
9743
468
8161
7318
-1669
-852
-4363
7956
-2951
7459
-9563
-1305
4105
1994
4284
8884
-4710
9023
-2810
7467
3066
692
-2288
-4866
5615
-8009
4796
-3167
9444
-4902
-6565
6833
144
-6512
-8237
357
-316
-5042
8869
9050
1100
-4914
4235
7001
-237
-3903
-6922
8199
5386
8507
-1680
-435
-684
9874
-4549
-6678
-7866
-1268
-8396
5339
654
9294
668
-9065
2579
8867
-1393
-1548
3924
6257
-780
3186
3045
5471
-6116
9374
-980
677
-7079
9738
5949
-1414
-7083
-2634
6134
-7954
-5823
-6911
4934
1300
-4772
2100
2813
-6046
3099
8948
-3774
-4624
6166
4540
-2557
-8267
2608
102
-691
3465
8818
5067
-5713
2644
1613
-7921
-8051
-4326
-834
-2979
0
-1139
3672
2314
-4226
-3695
1645
3785
301
4567
9297
9343
6857
-9401
-957
-2622
-4182
1522
-8166
1185
-9286
2316
5763
-6749
-2798
-2135
9029
6205
-4412
-5500
-7794
-7316
-6053
-9991
5929
5599
2734
341
6298
3105
6006
-8011
-1880
-5531
3826
-1763
-3529
-1439
-3698
6630
-3636
-6230
-3024
7076
2817
3945
1745
-5090
-3669
1983
-7551
-5543
1627
7386
3206
9164
8014
-8465
8875
8219
-4462
2233
9725
-1135
1087
-6360
-523
148
3010
-4191
-4473
-352
-1130
-2716
-3134
9480
3416
6367
7869
-5176
2400
3971
-1000
581
3052
-2276
6623
-9643
2748
7110
6841
-704
-1682
2376
-9078
-665
7712
-7889
-4100
-2293
-4395
-9340
2374
-4082
4757
-7567
-8482
5496
6188
-9743
9445
391
-3804
-2101
-3027
-7940
-590
-2374
6343
-3478
2669
252
3444
-1364
-7203
-5864
-2912
8152
8547
-9525
2996
-7154
5548
815
2305
-4833
9186
-1422
-8662
-5366
-5086
-4145
7370
2182
-9870
-9919
2857
-4313
3822
-5826
4391
1020
4843
9644
7460
-260
343
-722
7212
-5339
-4321
-2671
-9404
-9330
6702
-716
-7235
-8728
-712
-5404
-9592
6167
-2012
4823
7320
7050
-179
-9471
-9392
6439
-9137
7488
64
660
8184
-3095
1474
2742
-9368
-7757
3508
-2016
142
1866
4240
5992
-2466
4521
9735
6985
818
-386
-1613
6849
-1944
5535
-4405
668
8595
8699
2433
-4272
7985
-386
-7714
-1061
3262
9983
-6230
749
2875
132
9783
6388
-8431
-8428
-4618
6300
-6321
-8791
-6006
4400
-2241
-8758
-81
-5790
563
4372
-334
-4486
-2457
1332
6398
6660
7632
-9665
7028
-5900
4621
-9277
7472
6610
-3662
-5452
-3884
7931
-4365
-6596
3818
3330
-7626
-1370
2421
-335
-7537
8697
-8467
-842
-4381
-2095
-3066
-4847
4267
9281
-6547
9516
4405
9049
5818
-1099
-5595
53
5294
-9337
5110
-339
9424
2757
3815
-2175
3757
-8500
1118
4100
4549
2207
-145
-930
3948
1882
-3367
-2957
-8973
4596
-5876
7529
7697
-6491
9450
-9793
5297
-4563
5619
4510
-5982
-3433
59
-7513
4197
1473
-3788
3675
9961
-8488
-8915
-8015
8695
1472
7950
-8008
5504
5858
-6073
8043
7496
-7193
5179
-1524
5449
-2149
-6983
2142
-7868
8420
46
-3489
6359
181
-2181
-5377
1081
-9541
-5364
-5955
9032
-4664
5017
-1054
5927
-2109
9349
-6068
-4516
4340
-7265
-1092
-8306
3320
5302
-7074
-9902
7643
-5039
-9279
-7401
-3750
-2458
-4491
-638
-1450
9864
91
1452
-146
9135
6368
-8624
5005
2309
8264
-8617
1612
-1817
9103
7860
-3570
8044
-6828
956
-10000
6290
-2736
-1881
-8883
-8728
3788
2024
-7829
-9485
-2194
9757
-5990
2582
-153
-1085
-9548
-3148
3401
-9911
8526
-2061
4503
9466
-4471
2967
-5730
3503
-7008
-8478
-1796
-7048
-2201
-9297
-4711
-1650
-7217
5983
6605
9398
-3861
8117
1469
-3234
-8232
9777
3483
8567
4951
3340
7817
-2557
2198
-5935
-9647
-3043
8161
-4118
-8457
-8599
-380
2725
7685
-4881
-6950
3280
-4236
-141
-2599
5815
-8473
4506
-3213
5519
2903
3508
9589
-2232
-6999
6204
4860
-6479
6299
-2186
377
478
-6295
9816
-1630
6358
5449
82
-9232
-6664
-7162
-6620
9947
4180
7477
-2667
9265
9063
3896
9934
-156
-1344
-808
-2785
2249
-5952
8699
3431
1945
5606
-7593
358
-6725
-4134
9973
2686
-6279
-9111
4798
7766
8974
-8020
-2201
7946
4671
6620
7919
-5147
-3910
1649
7600
8655
-9098
-2549
-3747
2384
5480
-8538
-2241
2717
8399
-7971
1149
7032
-8634
-6740
-1841
6017
9456
1197
1291
-9939
-7430
8989
4914
217
3995
-8089
-1263
-2826
-6354
324
-3480
9312
4321
711
-7546
-4585
4427
8064
4022
7973
3804
-5474
8265
-5543
-4151
1526
3896
-7175
-437
4400
5673
1457
9888
-1368
879
-5128
-4298
5633
-2814
1495
-2725
-927
6061
4000
2218
1836
-814
-6971
1408
4456
-2760
5465
5487
-7605
-5729
-70
1399
-9625
-6678
-557
-8915
-9531
6420
-4342
-6648
4180
-4973
-1865
2074
5045
7379
1214
1126
9131
-4449
8551
6028
8681
2960
-9276
-9716
-3367
1571
-7217
-1386
6882
-1961
-5606
506
-7067
9476
4125
-5986
-4992
-4005
877
3071
-3803
-9697
-6768
3044
2553
-1653
-2527
9812
-3700
-8792
-5314
-3074
-5561
4710
-2731
-9918
2555
2554
6923
-5408
-6792
-5657
430
8022
-4285
3031
-8439
7632
-7842
7663
-9200
-2127
6595
6015
-5486
3767
9011
9117
-5192
7862
2237
-9226
-8445
4498
5670
1127
-1906
8650
760
3865
8351
-5293
-2229
6930
1078
-3850
-8116
-4742
-8191
-714
-7362
-4661
1404
-9447
-4021
6673
-7635
5752
6589
7427
9390
8356
-9438
7339
-1682
-7497
-889
-7125
9062
-9921
9079
-9301
-6256
2973
2434
953
9813
-664
6302
-6373
6239
1452
1115
2066
-4127
865
281
-2039
-3959
-2071
7960
8310
9457
4045
7842
122
-8632
-61
4107
5489
-992
8908
-4848
-381
-9785
7434
6435
4103
-4596
5835
4495
4254
-138
6415
-3516
-1011
-1653
2476
2436
-8427
5986
-6465
-7991
-9953
-98
-5526
-1088
-6422
-5558
-8210
4030
-7392
8368
8257
-8011
922
8385
80
-986
-2602
-1555
-5857
-5754
-1992
-1174
-6004
-6893
3462
1503
3176
3038
-8927
-8186
4963
7933
-1898
-5108
-1920
9659
5903
-6653
-5725
2499
-5414
7585
6879
4
-4122
-216
2588
-1005
3660
-9960
3268
2553
-5667
5897
-443
5053
1490
2535
9719
-5251
-6741
2630
-9986
2108
-2434
8596
-4037
9141
494
-1833
6392
-4304
-9054
5111
-1255
-5130
-2141
-3050
7277
-2518
-9118
-9688
-6073
1277
1549
-157
8261
9346
-9033
-5537
4258
483
-1005
-6150
6962
-7102
8488
8703
-60
971
-8350
7014
-8732
9495
2756
-4330
9225
-4434
-8177
-7689
-9964
8093
1589
1199
9671
-9228
6292
-5632
-7282
-7228
6166
-6323
4399
-8511
-5126
-9992
3438
-3452
8021
-3824
-3710
-5692
-304
-6896
3241
8201
6420
4885
6297
2081
-1050
3868
-5327
-4783
3103
-8003
1277
4126
9645
-8867
8107
-3329
5869
-1330
-5749
109
-7608
-1981
689
-9835
-4918
1328
4927
-8700
8823
-250
-2123
-7942
-8422
4529
-4439
-4235
-2282
-8662
-4767
-4563
-6248
1633
-6847
6110
9656
2802
105
3012
-3294
-5712
6963
-2174
5382
-1172
-7831
-9761
6381
-8777
3037
8503
9462
7695
-1532
3445
1133
3467
-3382
-433
5673
7400
-6768
-7271
7812
-9112
499
2240
-378
809
-9895
-8446
-7533
-3937
7295
-5352
-9640
-5016
-8432
757
-2820
-7652
-2433
-7465
4821
-1986
-6301
8956
8933
1204
4414
-7463
-9385
-7066
-9758
-6049
4928
-2931
-6441
3502
2072
-3222
-2336
-7159
5886
2882
-6645
-4168
-4160
9011
-9623
6062
250
-9567
-742
5066
-1000
-798
-7185
3056
-8731
-5889
6684
5741
-523
2213
7473
5279
3715
3511
3390
-4304
3913
6372
4012
-3113
626
-7429
-8111
9649
6139
8864
3708
-8812
5180
-4996
-9504
3646
-6549
-2003
-593
-5977
-2983
-6161
-5999
-8190
2209
-3367
-6817
1024
-420
4181
1502
4484
9194
-4123
-9216
263
-8270
-8562
-3031
4455
-9525
-5150
2279
-8732
-2006
-4489
-7344
-6665
3933
-1460
826
-9413
-5209
-5495
-6121
1612
-3169
7939
8220
3968
5061
8643
-1788
-3808
3035
1900
8440
-8622
-1344
-3960
-8541
503
840
467
-2824
-1325
-2903
2394
-5644
-9446
-3476
3295
-4812
8837
8008
-9048
-2567
571
9810
-3631
-8505
-4856
7570
-946
-8045
8975
2583
-3223
9360
-2826
-2653
1092
-7617
9096
-7519
-9096
7839
9560
222
-3079
-6720
-2437
9825
2684
-9346
-8314
3580
-3005
-8910
3764
-799
4343
-6247
-2430
-6436
-7958
1277
3116
9721
8745
321
3198
-2044
-2820
-1626
3546
8733
-9161
-6441
8066
-1375
9652
4494
6955
-899
-1136
-821
-7819
-6742
-6423
5574
2903
-4145
-8585
-9631
3873
9846
4332
-6617
-7796
6270
7780
-6324
9315
-5682
5484
5374
4308
8723
-7282
8477
9814
-6235
5180
7667
-3440
9348
-4280
7468
3044
442
-5579
-1136
-4090
-6778
380
-6818
-7746
-9330
-9981
2754
7521
-1696
2339
7516
6068
-7806
9507
-4658
6600
2630
-5740
1138
-5313
7024
-6414
-5396
-2209
6506
2141
4092
7720
-3783
812
6123
1692
-6631
2679
8805
-9427
-5902
45
-3854
-6731
-3314
3661
-168
-2231
-5009
2485
6311
-533
-4821
2131
-8065
-4297
707
-4
5464
6707
8847
-1931
9307
8430
-2536
5875
-9312
-4722
-7216
-3262
-4786
-9052
8700
7367
3987
-9313
-8996
1248
170
-1520
-2996
-4786
-752
-3739
-9725
-1523
969
9913
-3885
-1225
-4957
9258
-6939
-3327
5274
-1918
-2157
9774
6526
-5711
4708
3151
12
1954
-6134
7457
-4048
592
2372
4399
-9013
-6165
-5855
-7642
-7036
6495
5159
1117
3733
-5414
-186
-5193
3436
-9317
6900
6257
9935
-4910
3309
-1119
1939
-2089
7525
-7516
-6154
1601
9526
5970
-1182
1840
-537
6241
-2275
2966
7825
3748
401
9354
8159
7406
9032
-3345
159
589
-8610
-4224
-4354
1179
1751
-6426
-9876
-4964
-1866
-63
8405
-9086
-4164
5038
9252
-8668
-707
7277
4255
263
-609
1864
-7566
-359
2320
-3267
-3311
-5829
7436
-7233
3668
-5881
4514
2452
-884
-1872
6938
-2594
-9480
-2159
-1072
-986
8987
-4052
-9637
824
-3383
-3901
541
3570
668
-9348
-3230
7003
-4919
4880
-3044
2214
3580
2934
-9028
-5781
4780
-8039
2177
9363
2989
710
-9205
3963
6503
1191
1562
-245
-6895
-481
-671
-9473
-8832
-7569
-8120
-1838
-8494
-7311
-3897
295
-181
-2967
6658
-8329
-3641
-1033
-7512
-9549
9162
-3760
2801
-5459
-3535
-6452
-1986
-5322
7600
-2534
3883
8630
-5313
9221
-8227
-6393
4993
-595
-9828
-2153
5740
-2926
-9404
7481
-5871
9119
-8623
9527
-5707
-5361
6824
-151
-3973
3189
-3431
-7132
-5718
-4522
-3182
8010
9717
5488
926
6214
5066
7308
8997
7326
9887
-8901
2917
541
9900
6462
566
6702
995
-9779
5832
-9633
7862
-3735
246
-1942
-253
-6139
5131
-9919
-9510
9793
-2390
-4733
612
-7533
-4220
8727
-9204
-3878
-754
6285
8799
-5869
-9931
-8485
666
-8717
5702
-9558
7815
-8922
-9151
1006
4890
8710
-2015
6206
7820
-809
-3658
4249
621
-1872
649
-6877
1869
-6168
2733
6439
-78
8572
-226
5998
-5425
7322
-5631
4928
-5129
2551
6624
-4674
1117
6159
8475
-9668
1603
2240
-1436
-7846
2660
5008
2634
-3701
1950
2879
2666
4323
-4418
3260
4171
5532
8920
2446
3448
-842
-5516
8987
-6421
-771
-5485
-6917
7122
3767
9978
7324
-272
2928
-8676
-2836
-9489
4576
-6821
-9876
-9222
-5752
7543
-7733
1561
7763
-6551
1889
-8777
-1977
-7926
1380
8626
2289
3014
-6468
2265
-5879
9242
-3397
-3952
-206
2035
7579
7632
-9516
-971
5222
-7948
8607
803
6101
-2297
5031
9045
-6937
6098
-3511
4441
5694
5629
7913
4835
-1981
-1501
6837
8702
7720
1119
8583
-1923
-5233
322
-79
-251
7001
-2820
2200
-8371
-2493
-985
838
8455
-2644
-3124
-9069
4658
1857
-423
-821
5157
717
-1438
-524
-6
9998
3206
6458
1342
-8015
-5848
7677
2272
-8861
-1875
-5758
2181
-8685
2321
-2921
-9110
-777
9286
7546
4364
7956
-8527
6553
-594
-2508
-6300
1697
2184
9751
-1850
-3413
6003
1227
-632
-1531
-1318
-7415
3656
6928
-9957
-7946
-5181
-1963
1745
-9334
4390
-417
-5600
-6390
6660
-9574
-3747
3703
6567
8074
5030
7835
-7849
-3215
-3440
9186
-5241
-484
-9673
-4918
9284
6287
-6780
741
-8004
2069
5780
-9912
8717
-4325
-3489
2359
-9099
-349
2765
-5494
9151
4023
-4848
-982
4713
-9387
4566
-8501
8779
-2329
-1794
-8352
-9019
-2312
6723
-9686
8647
6742
-2287
-47
-3038
-308
-4375
4977
-6360
450
-9358
-3471
891
7929
8870
6257
-6650
8438
3825
-9045
-519
-7152
-3177
2164
2128
3190
8083
1366
8421
-5029
-8806
1916
45
-1142
9947
-9589
509
2327
-9422
-7687
3367
-3489
-7960
8780
-3623
3048
8848
-3512
-7003
-7499
-2147
-6516
4792
-7198
-3668
1263
2498
-6961
-6629
1479
7812
1691
-3096
-6676
-7004
2902
3062
-3293
-9203
-6783
1342
-946
4867
8195
6335
-5388
8117
-7901
135
-5910
2629
2212
-6485
5119
-7272
-5263
1631
3304
788
-4129
3257
-7919
4485
-6163
-4371
-1119
-8109
-6040
2269
-4730
-6858
7312
-7510
-2554
6842
-9493
4224
4488
2210
7115
996
5585
-9625
1597
1104
5891
4804
-255
-1900
-3637
-1435
9322
-5813
5239
4957
9491
9592
396
2372
3123
4185
9585
4591
-2032
-4958
-4237
-9617
3540
832
6955
3302
-375
-1358
-308
-9379
-6877
-2756
7904
2009
-9999
-7504
746
2151
8619
7181
-5164
-3772
-8782
4982
6062
-7088
5704
2545
626
3823
-5539
5577
-3179
3847
1294
4102
-1446
-3404
-7554
6136
8144
-2684
-8168
-8073
9492
-4462
9494
-1125
4026
6152
9370
-803
-931
4797
-8580
5609
6986
-8197
-7259
-1851
-5178
-5701
-3418
3826
-6058
-8998
4576
-2477
-4993
-6687
6336
1069
-4617
-6346
-3668
3459
1964
-4363
-1656
-9049
4071
6904
-2508
8691
4141
-5020
-4742
-7463
-2757
-3150
-8631
-3507
5091
-3021
9235
-6935
-5579
-4340
-4632
9170
6102
9535
2344
-1045
2360
-2296
-1348
-7482
-5827
8712
580
7625
-5454
-5351
-7362
-1951
4102
853
814
-2039
9594
6263
5966
-4469
-9211
4654
-4048
-7611
-9505
-2429
-3204
-8933
-344
3084
1769
934
3277
9204
3140
-5768
-9510
9981
7286
-2220
-2012
-9657
8975
3797
-9674
6926
6913
3413
-8752
6585
1155
-8382
8353
-2470
-8403
9241
-2194
5095
6089
-7320
-8453
8283
-6496
-8915
-3204
6586
1626
8395
581
9292
7971
8670
4630
-7439
7914
5067
-3615
-7388
-1097
7828
-7432
-8254
-4769
9227
-2769
759
-6839
3601
8626
-1927
-9203
-2461
6924
3433
1727
2312
9060
-1418
-9230
-9780
9468
2087
-4766
-7239
-1521
-506
-2588
-2246
-9428
-9706
3249
-5767
2191
3362
1504
-7458
-2120
-8158
-4886
-1057
944
1261
-7150
-9324
-1105
4241
6117
-5917
8512
7250
9904
-1077
-5683
-6301
8980
9073
1012
2093
-4060
7979
706
-965
1447
6540
4844
7316
-8118
-8651
7946
2072
8575
3273
-7480
3665
-4284
-6484
795
6368
-4391
2823
2131
-5809
-3320
5068
-6539
-3042
-6860
5156
6826
6598
-3365
-4090
2978
6664
846
5358
881
-6697
-3869
-4642
8638
5600
6429
-8416
-4293
-7927
8272
-5394
8338
-476
2476
-7757
-8049
1121
1559
-3555
-8371
9757
7836
7760
-5866
-1818
1320
-7098
8054
2015
-5055
-2918
-367
-9622
-3457
7172
6908
6958
-3975
8856
-9201
-9539
-6161
-2146
9221
-9779
-5130
-2905
-9117
6113
-8299
7251
-258
-5910
5279
-4409
-8497
3688
842
-6240
-869
5747
-8
7479
1354
-8609
2462
-4026
-9757
1404
-740
-1380
8313
1685
-2940
1746
-5168
-91
-6062
6246
-2567
-1729
-506
-8178
246
1158
-9748
4327
-1330
3513
1760
3980
-8834
-6396
351
9447
5790
-5934
-5284
-7683
953
-5659
9754
9889
5063
-8726
-2607
-4876
-9734
2376
568
2380
2163
8542
2624
-4552
4063
6019
-4746
7394
2507
-7708
8130
9036
3677
-1112
-8307
8450
7926
-1491
-5582
6448
5992
-4833
-9553
-607
-1743
-2190
1732
7164
-6407
-7792
-649
-5858
-2870
863
-3263
-8184
6345
-5051
-4967
5605
9479
31
8053
1888
5790
-6955
5065
-2919
-5224
3161
-9213
-8106
9577
1850
8682
9787
-3537
9252
5521
-952
9195
5248
2645
7014
7999
3353
-4386
-4364
-4352
2522
7055
-7019
-9294
6324
5981
-2804
-1074
4690
-4646
-2173
1764
9664
-9673
-6055
-5585
9367
2693
3911
-5055
3726
6382
9561
-5729
-1444
7357
-294
8877
-135
3007
4260
-4193
588
2849
-2221
-1381
1744
-7543
2353
-287
5093
289
992
-4156
-5928
-6036
-7954
-9536
-4203
-3651
2402
9362
-9548
-4988
-4061
2855
-3428
-2678
-5083
-6998
6405
5369
9808
-9547
-9961
-5139
3271
2828
-504
6849
-4424
-887
-7744
3321
-6701
-9944
-945
-3391
6864
-3568
4262
2134
2823
9515
-6764
3842
2539
-4731
-3639
-8717
-9042
8685
-2542
-3644
1104
-2876
3091
5917
-5164
6168
8104
-6310
-1741
1381
-2328
4539
-8751
-8518
8136
5786
-4891
3905
-7955
-1736
-8587
2596
18
3342
1864
-3422
-7457
5426
-3932
2244
722
-5115
-6299
-9158
9831
7128
9779
9665
6074
-8952
-3886
-8167
2433
-8085
797
-4517
-8208
-1664
-9327
-827
-6122
6066
-9158
6244
9531
343
1957
-1996
3254
-2729
-3946
7628
4028
3869
3989
2096
-5616
-3923
-2342
92
9205
-3228
7811
-4881
1852
7821
5278
-3745
4520
1802
1296
1144
6461
-8256
2758
7689
-4598
9227
2557
118
4941
3148
6540
-8590
-8059
4984
-8109
-2845
-2138
411
375
-8018
-5287
-336
-859
-4244
-3377
6209
-499
-1571
944
-9754
6892
-3162
450
-2955
1573
5285
-9565
-5461
-2490
-2152
7018
6930
5761
-7345
5046
-1223
-5326
-1234
-514
-7912
-5151
5590
-7346
-4030
-6279
2406
-101
5688
-208
3842
-2220
-4788
825
-4159
-2766
-838
9455
-2541
2321
-1665
-1434
-7747
-2120
9672
8079
1723
-461
2219
4928
-9480
-6966
5704
5654
-6815
8380
-2937
-1247
-5794
9216
-2547
-5679
290
-6828
-7323
-2565
-352
-3218
5605
-2132
4660
5282
6176
4190
4941
1070
-2452
719
4835
2125
6166
-1222
8416
-992
-4283
5030
-346
8594
5369
7381
453
8312
3307
-292
-441
-2337
-6875
-4977
9367
1161
-3481
9907
-7564
-8878
4112
7447
-5752
5426
4452
-2483
7224
-1825
4008
-8423
6208
-6039
-1106
9543
-4762
5140
6642
3759
3899
-4175
-3595
6609
-2022
-3278
-2491
-5473
5214
-2428
5222
-2868
9435
-7539
936
9052
-4276
-2527
-8087
-7091
1528
9424
6130
8049
-9576
-2678
-8852
30
6355
4348
-8883
-2435
9458
4087
-9520
-5961
-1870
1498
5690
9649
-5753
8748
-614
8591
4745
8180
8523
-9774
7282
3046
-6633
9003
-9634
-9468
1545
8809
-7513
-4278
-6166
5857
9407
-6466
-3354
6463
-3114
9625
1554
522
-9338
9021
5901
-7429
-2669
-9673
-5477
2345
786
-1192
-3720
-7576
7307
1039
4350
-1752
2341
303
-9586
9002
-7511
5182
916
1374
8981
-2897
5256
-405
-2856
-2958
905
-7891
-2209
3416
8408
-1707
-3938
-7001
1164
9798
6708
-3923
-9415
-4377
8252
-6488
-9114
-8774
1514
-5682
4093
1403
-4277
1374
5943
-4867
-6199
5931
1053
3356
523
-5648
8397
-8174
5095
5651
-4782
9490
8803
1701
6566
2221
-5053
6666
8099
5326
3480
359
-7539
-6739
-4745
8880
106
-663
-954
3660
-7312
-19
6027
986
-8280
-4459
6149
9946
5843
-3561
-356
-458
-5826
-5542
5240
-3333
-2613
-4195
-5781
-1146
-7930
565
6407
-2140
-2608
-1377
2508
9301
-3049
3193
2845
3338
5068
9857
7557
-1342
7859
923
4807
-2594
9925
407
-1499
-9194
7010
-8523
-9931
-1976
-9276
-3812
2811
-1508
-1300
9498
-3602
-9900
-3798
5815
7822
1595
425
-9563
3629
-375
6484
3218
6790
5379
-8917
-8539
5961
1123
8573
-3815
-9091
5201
6415
9635
734
-2651
-5066
-5384
3050
7800
-5896
-7558
382
2832
-9706
-1401
8406
-7264
-6002
9394
-4086
4075
-1812
3691
1923
-6309
6094
4699
5304
-2650
9836
-4712
9167
-1671
5170
3764
1655
-2243
9042
4649
-7928
1960
8268
-5477
-8905
-6303
3181
-1035
-1335
-8776
-6504
-8747
-3315
-6260
-2540
-1085
-1128
4418
-9364
