7499
-5432
7446
-8345
1426
6983
-8844
-751
-72
4843
6272
931
5005
-6130
6566
-9076
-4823
-3316
1381
-834
4589
-8067
9495
4411
-2765
-8594
8703
-1773
1798
1399
-5119
-6281
-6946
-8454
-4181
69
-6549
5163
-824
-4534
-7031
2766
5860
6406
7648
1218
-1902
-50
-3217
5091
4897
3890
7895
5483
6703
-5126
-9448
-5569
-57
2300
-1391
6036
9736
9678
9870
-9351
-2758
-897
-3249
-8584
6057
1890
4964
7349
-2243
-4693
4399
2294
-2745
-4438
-6323
-8545
2954
1544
-6683
-1522
5805
9934
1494
-5623
8659
-9969
5940
1417
-3302
1704
2850
8186
428
-58
3267
-7935
-8059
-8554
6920
-309
8008
2368
7165
5251
-5731
-4638
3140
-1692
-6673
-2179
-1751
6085
6580
8079
-3455
-4162
4132
9004
-8739
2952
-1768
-4454
-6728
7793
4539
-3717
-3383
837
7493
3796
-4397
3392
9201
-8210
-7087
4310
-2780
2241
6322
-619
-6044
4930
-1854
-4584
-9260
-1936
-8274
3485
2401
6205
4294
4525
3741
5370
-5005
7501
-8202
-5727
-9377
2123
-6909
2736
-5355
5220
-9135
-7076
-6619
5429
-3964
3464
-8320
9452
-1845
-6682
3907
-4470
-5522
5570
-1557
5877
5738
1082
6654
-8147
-9595
8935
-6240
9353
8469
880
-2479
-6623
-7980
1153
-4734
641
-4684
-6280
-4109
2211
2862
7098
-22
-2830
-72
1574
-5694
4270
1968
5808
8338
-9206
-5317
8472
-237
-6114
-3081
-855
8939
6827
7008
663
8327
4443
-1236
-2809
-7477
-2568
5080
4469
-881
-4311
4423
4941
1900
876
-8855
3000
1073
-5119
6116
5795
-2344
5019
-6258
3676
-3165
5667
-5438
-4754
-8948
-6058
3274
-1505
-8422
8756
8302
-9252
4041
-6330
-3219
-3000
-811
-8347
5331
-4741
-7648
6666
7891
8113
7675
-4793
4883
1066
-7768
-9137
5177
-77
-3090
6152
2006
-1364
9348
9556
-182
-5531
-4082
6077
-6635
-2142
8418
6515
9452
-9817
-2410
1305
-6860
-5633
-330
-6200
361
-4824
-7118
4245
5574
-8104
3533
-4753
-238
-9273
5528
-8674
1337
-210
-2843
2429
2285
3815
-2895
9050
-6760
8055
-8654
-6318
7887
5829
3404
6449
-240
6080
1017
874
7357
1307
-7703
-6633
9366
-5411
-58
8023
-3695
3703
-4684
-8258
-6805
3801
-6659
-1102
6444
-2129
7682
1733
-2003
5806
9863
9383
-5192
3784
7813
-1730
-4519
4312
9934
2449
-4803
-7998
9628
8857
-7298
7066
-8531
-6168
-6949
1772
6787
-8506
718
4323
9929
-4541
5005
9199
-7941
-7378
-734
6257
-9745
-4154
-1885
-9650
5531
-692
-6920
-1266
98
522
2882
-2098
2686
5592
-8752
-8795
2671
-8064
8089
-5477
5917
-8756
932
2823
-3592
-7968
-1469
-7454
3811
-8714
1098
-4636
-6606
-713
-6141
-6490
4408
5880
-5706
-6023
-3467
2499
7959
-4576
6474
-5819
-2443
-6531
-3001
7340
-1948
-539
2338
-3740
-9957
904
-2782
-9088
8669
6278
2522
-733
8250
-5350
9875
-136
86
836
4827
-4752
-5538
3753
9576
-6062
7004
9671
3094
1861
-9905
-7481
3609
-7974
-2647
9025
-3324
-5742
-6572
-4910
1723
6805
9443
7764
7354
-5972
-4099
9297
-3120
-6328
-8598
-1573
6787
-8083
5341
6147
6682
-4144
-4516
-6893
2365
-915
-1477
3690
-1422
-2389
8644
4479
-6493
-9256
-9936
2615
-1118
2445
-9806
-4964
9089
2295
9537
-3684
9567
-377
604
-1308
-9481
-875
8661
-4362
-5411
-2393
-1946
5523
-9522
9083
-4789
-8106
-7970
2048
-287
9543
-5633
8145
6199
-2419
8046
-3476
4629
-2640
9965
-3177
-9176
4340
-117
-7396
2882
253
-3378
-5767
6529
4460
4891
9153
9624
1619
5422
-7909
5747
-3142
-3653
-550
9856
6091
9037
-5297
7612
5030
8350
-9730
-5805
-522
-136
490
8590
-530
3862
5867
-6356
2600
-4800
8939
-2821
-5345
1405
-7923
-1179
7517
-9253
-3410
-2023
1743
4512
-9223
-4121
-7851
-330
4788
4141
7658
1534
2120
-2930
9050
6623
-9779
4045
2270
1106
-9492
4899
5395
-3006
-8523
-2119
-9202
9525
2337
466
-3829
-3732
7611
-9038
-950
1493
5226
-9380
5535
1798
6534
7575
-700
8154
-3867
6473
-7636
-4769
-8054
-4738
-142
-8881
-1533
6626
9920
-9770
-5510
73
-4441
5761
3630
-985
-3951
2819
2574
-8450
7965
2217
-2139
9017
-4462
-221
3455
-8142
6935
9707
4213
3450
-5409
-2198
-4067
7534
-7608
-8963
1661
-7699
5567
1460
7162
-6264
1132
4701
609
7813
1060
1914
-6936
9138
8712
5246
3061
3546
4691
-5203
1127
3615
3212
1029
-4648
-5600
-4469
-5265
1097
-4200
-5822
8392
5303
8622
6215
3620
-2913
9563
-8946
7650
2126
2018
-7619
-567
4940
693
-8907
6851
-6204
3161
-3642
-9998
-9948
-926
-4634
-5185
7629
56
-5642
8015
-2234
1145
950
-2489
5482
-3042
-9108
8049
-2784
-5991
7596
-3781
2047
7593
-7376
-7680
7969
9400
7616
281
2993
2786
-1225
-4845
-9788
279
-1255
-862
7797
-2521
-6728
-3636
8160
-1651
3979
-371
7170
-9047
6231
-2383
8287
9084
9773
-3767
-6723
-870
-9870
9216
-8578
-6724
3327
-7528
8655
-9621
7470
-2795
-7153
-1757
7266
-2261
-5704
-2941
-3251
8414
-7437
616
-3034
-2973
4126
2961
-8188
-2172
5837
2753
6587
-5935
-4958
-2451
-7429
-8400
7027
-301
2506
-3598
-5321
-3194
2650
8042
-4842
4438
2682
1490
-4030
3679
1720
8189
9285
-1784
8193
-3562
8251
5652
577
5462
-2655
6645
-5510
4899
-486
1628
-4675
-8426
317
7420
-670
3274
7619
-7908
9907
-6754
4104
8002
7538
3457
-6301
-188
-5371
7312
-8866
7486
8799
-755
1424
-1321
-2870
-9874
5180
-4004
809
-2707
-6937
-3310
524
7662
-3720
1012
5945
-387
769
-8089
-385
403
9294
-6847
8572
-3260
-8118
4186
2424
94
-5070
-872
-3277
4040
9854
-8808
-9786
-2185
9978
-2030
6490
2484
-5307
-7442
-2689
7355
4813
8132
-5131
-9585
1179
-5538
852
-1591
5038
-6696
-8416
-6086
-868
9330
6835
4769
797
653
-1447
-1789
925
5385
5173
-410
7147
4748
1736
-4573
-3932
936
4680
-1835
14
953
2273
594
9543
9577
-3826
2387
-5885
3711
-7289
9595
-7952
-9389
-1547
-9941
-5739
-8331
-9341
1777
-2538
3061
-8379
-8378
-6226
8360
-8848
5176
957
2086
-5309
1223
3610
-243
-9716
4994
6435
9598
207
5151
-8468
6101
7182
-8820
3502
-8916
4239
-3546
-1663
-7940
-6512
-4203
4960
-7374
-3135
-2813
-4606
-9112
3681
-7503
-9308
0
-690
6632
-9296
-1359
-1677
5479
402
-113
-4399
-5868
6160
8240
-8551
3554
3604
-6427
-5586
4304
-197
8280
-5854
-7202
5172
8697
8927
2916
-8435
-3656
8587
5407
-4159
-1516
8742
7877
4203
-2731
305
-7632
8565
8302
1940
9976
-6236
7271
-9504
-8247
-14
-68
-1
5672
-3111
-7656
5913
-4866
3708
-6032
-4876
-2446
6026
-1906
-7851
-9530
-2906
8136
-6189
3673
5434
-6844
4248
-4184
9710
-4064
9628
-697
9527
2221
-7489
4395
-6387
5797
8895
-2305
5099
1110
-5705
-7762
-4005
-3308
6113
-4296
3769
-2404
-5636
-5947
-7639
5440
8065
-4350
-9097
3733
9715
1789
9889
2562
-8148
9867
-2582
-5613
-3489
5436
6988
-8050
6424
9003
-9067
160
-2024
-5947
4251
-8185
-2658
-7577
-4536
180
6415
-7306
-108
2514
9713
7047
-1838
6960
-4043
289
-508
-9274
-7198
-1264
-2323
7574
-8707
-4139
-7922
2919
-7745
2174
-3909
-5038
-9266
-4488
1724
-3348
795
7193
-8588
7114
7918
6471
9199
8874
1288
3427
4875
-2107
1761
4479
8931
-7542
3117
-6443
-3204
-2450
3757
2499
-846
3826
9762
3785
4798
9421
1733
1477
-9644
-307
-6951
-5929
-6989
4795
6564
2666
899
-6390
-4760
-9874
528
7760
3153
8380
1571
-8621
-9013
3060
6872
7916
351
4129
9198
-9693
-4385
7816
-5962
-7675
8457
-8553
-6516
-5700
-4070
-9024
-7506
-9885
5408
-116
-772
-3709
3414
-204
1256
-8995
5322
-2001
9484
4227
7387
5708
4320
6586
5493
9154
6909
-5622
4277
-9218
5974
-4584
-505
-3915
7974
83
493
1253
3024
-1979
4575
9192
8927
3179
3856
-867
-1190
3364
5758
-610
-6471
-1586
-5264
-9241
551
-125
8164
-1599
-9633
-6063
1108
5367
-5530
7590
804
7841
-1131
-9238
1332
-6510
2451
-3966
4200
49
7489
-271
-508
-8652
162
9383
8399
6501
-9667
982
-1814
-4610
1731
5862
-8516
9287
8460
493
6306
18
-7733
-1528
6446
-707
1421
7966
-2352
9884
-4129
4891
9871
-8775
570
-5508
2616
896
244
-7517
2196
-3261
2642
-5809
-8486
7189
-4851
-5900
-9555
-6228
6141
1584
4311
9762
-879
5865
3507
-3502
-1947
-6388
-6341
2242
1737
-5318
563
-6027
-6739
-8884
3750
8182
-4775
3667
2180
2537
992
5117
1630
7606
9883
8727
1338
7514
-5807
-5882
-8323
2980
-3738
4432
-4362
-850
5325
8745
-1991
7307
-2704
-5187
9085
8177
3995
-6788
-3807
9551
-9902
-5156
-3022
3305
-440
8659
7627
5076
4440
3326
-7657
-6709
-2189
-6978
8557
-1296
-3337
7665
7497
6521
8030
4692
5277
1238
9116
4180
5011
-956
-7234
1432
3508
202
-8604
-9214
5103
3637
-7426
4445
-511
3224
933
5792
-5231
5745
-5344
-1183
2996
-3538
-5245
-7337
-9825
1455
-7243
3105
-3330
4715
-1122
4578
-125
-5594
8222
-2769
-1408
1701
-7233
3967
-3072
-4969
2208
-8787
-2102
-8424
-6227
8436
-5393
-7310
-6865
-5700
-640
-2185
6354
3798
1501
4275
195
8370
-813
-7511
-2846
-6626
-6359
-7462
8067
-2923
-3391
-4684
4544
1922
6917
-8867
4452
8849
-4632
623
3805
1400
-8282
-9745
-8615
9303
7260
-2330
164
-5708
3236
4308
6016
-9191
-8804
-5578
791
6393
-6232
7218
-2187
3108
4676
4061
3227
-5952
-5524
-6296
1334
7697
5865
-6673
-8420
6770
9534
-4433
3936
5503
-3646
-3129
-4565
2276
6108
7101
75
9881
-6168
-626
4753
6133
5790
4445
7780
3052
4318
-6725
-3943
-7786
2746
-9389
8132
-1845
-6736
-6159
3258
-5184
-9465
5696
1377
-8227
-6367
1759
-2120
-7995
-3882
-2436
-830
4169
-3434
-2201
-1221
-7146
45
-3798
-3801
-2925
2208
-1753
1854
-8992
5962
-5710
-1321
-1306
-1465
-9734
-9593
-4944
4767
3183
913
-9993
1015
-9875
2850
-9879
-7823
4852
-9174
-1489
-9175
2267
-9293
5140
915
-3645
3424
-7759
8577
-3111
5659
-4462
7149
5027
-4170
2140
-194
-9945
-8947
3630
-2694
6764
-2661
2578
7960
2559
9516
7198
-4006
-6662
278
5788
-8882
-2287
9080
-8093
7663
-7208
-9019
4374
5999
4864
9127
-8404
-6438
8574
4840
1503
-4108
-4562
-7747
-2207
7752
-3924
8111
199
-604
-9781
5401
-3717
3137
3468
-7939
-6821
-6342
-2798
2615
6612
-9837
6207
9619
798
-3890
-8876
-5128
-2823
8186
-825
-6975
-5196
-3066
-2414
4485
-1640
892
-9655
3835
-5180
6128
-352
-4596
2429
-2864
2178
1423
-3947
-7515
5499
-7262
6797
2709
-7003
-895
-8197
-5512
5016
2167
8509
9534
-3757
2800
7715
5726
-1713
-9372
2004
1191
-8846
-7716
6132
-8750
-8376
4782
-2794
2589
1529
-4815
2433
-6913
-7824
1622
5600
-5213
9239
-7622
-5294
-7474
3867
-3421
8526
1477
3616
8720
4797
-2169
-885
6503
4096
-51
1181
-7666
-8621
-5472
-2213
2510
-473
-789
-5098
8860
2250
6472
-27
3945
-8690
388
6984
8651
5293
1735
1924
8265
4194
-2424
-192
3410
-8471
9031
1904
8510
3544
-7883
-8525
2844
-8347
4333
5924
990
-9567
4823
-6824
-5312
-9372
6934
4757
-3035
809
-8315
-2376
-4383
5307
103
-9307
-6312
3577
-4267
-8578
8412
4606
7130
6118
-3720
-7420
3296
4822
-7383
6815
-5163
-3235
-370
7352
3254
-9025
-3779
-9575
-1721
9143
-1658
-8638
-1555
1762
-6735
8277
-1243
9960
-3942
2470
940
-3444
1234
2959
1586
-2581
5816
-3354
-4791
-8486
-6603
9509
-2835
3985
-521
-1513
656
2914
1066
4737
-3312
-9373
-2454
-6154
-3094
4344
-1614
-7398
-172
-4357
3336
7886
9488
5800
944
9728
-4457
8884
-5996
1139
-4945
7291
-5740
-6566
3013
-3087
-6319
9886
-4934
1615
3027
-1634
2123
-7771
-6341
-2497
-6776
3319
-3885
-3043
-265
-4712
-4012
4040
-3629
2267
6265
-2595
9860
-4481
7625
6848
7105
-5767
1159
-5951
408
1979
-5429
-2688
-7138
-5687
8902
3243
-7880
2381
-3424
-2327
245
9522
4846
-2187
7757
2676
6854
836
-9821
6843
-6169
8277
-1600
-6523
3402
9443
4575
5091
4079
-9128
-9529
-2581
8590
7258
-3771
-1135
8171
2535
3498
9044
6406
-8685
387
-7569
2193
-329
8743
-9552
649
-4857
-5821
5171
2977
2578
-3296
-8189
5009
-9888
-2303
-5480
-6793
9238
-7933
3749
-2393
-5290
1614
9931
-9895
-8781
-1457
5980
-6493
8358
-1264
-4502
2496
-5917
-8682
8989
-1115
-2844
-1757
1306
7952
2934
1009
9510
5278
2755
1079
1082
1389
1769
1979
-230
-4570
2573
5032
-3029
4562
-6345
2681
868
1803
9735
4559
-926
6166
7273
-4396
2195
-2443
7690
3687
-6982
9394
-3462
8369
-706
-2842
344
4213
-7372
-970
7731
-5081
4120
1773
1224
5791
-5887
-8434
-5986
7913
-426
8275
3176
2513
-4656
-4927
2016
8577
-5642
-1319
-6922
-9664
-3382
3239
2510
4201
-8012
9298
9286
6735
-1042
3374
9333
-8456
8815
-9861
-4425
5373
6480
392
8654
1592
2488
3079
-3864
3364
-6858
-1787
-8985
-6782
-1264
-3466
-3686
-8303
5404
-6150
2708
2653
-2010
-8863
-9660
-7076
-2393
7397
8150
-4380
-5467
-6680
3660
-9792
5819
1284
1792
8230
-590
519
-7175
-9286
-693
3509
-2663
6942
9171
2676
-239
-9844
8428
1118
-3512
-5822
8457
532
-6602
1265
230
-1510
5804
-1938
-1943
7346
8454
6905
-970
-5765
-8133
-1291
-1045
-445
6533
-6831
2458
5580
-101
-1359
-2849
2337
3930
9715
-7584
5553
6255
8881
1618
2738
-4415
-9610
9252
-5086
7133
-5275
4273
2031
-8602
6228
-570
-6650
7000
4565
2525
-9161
3774
9865
5228
9685
-344
1211
6864
-9473
-5688
-4600
9521
1882
1699
-7707
92
-507
3184
5896
9947
2113
5867
4350
-612
6245
8914
1251
-2845
1752
-8103
-6047
8142
2833
2008
-5012
-5001
-3673
6351
-3551
-7070
1277
-1008
999
6672
645
-79
-9007
5148
-5121
7884
-9069
-983
-7419
2801
-8188
7692
-3618
-6444
-4253
6130
-3236
7839
4313
-25
-3395
979
-9588
9338
4032
-9421
-812
3316
-4137
-3441
-6295
-4024
6089
3654
2944
1548
-6272
-9993
-7428
-4100
-5394
-6469
-630
-9776
1184
-231
3614
1880
-9457
8092
-7397
-6404
-6962
4926
2045
8508
857
6117
-2807
4645
-5179
574
2321
-8384
-4267
1755
8269
-883
-6720
1602
5311
-1506
1207
-6320
8587
115
-7166
3535
3632
195
9311
7529
-4168
1189
4733
2947
-4907
-9129
-5323
7690
1232
7004
6293
2520
-1419
-148
-3628
8336
9938
7399
9457
-2029
2289
-5765
-4531
-8386
-2789
-4902
1255
-8570
6835
-7834
-9078
-5401
8208
6045
-6402
-1856
-214
310
9653
-2001
6667
-3446
-668
-2906
5007
-7567
-8118
-2020
-9252
6331
7357
6928
4853
2193
-5757
-3464
-1041
-9727
7398
3743
8798
8732
-1769
-7841
-4186
4982
6065
1549
7456
2296
-9591
7946
-8077
6837
1828
2354
4644
-3515
2776
-8650
6471
-4730
5340
-9899
604
-3748
-4722
-7781
-3972
8535
9077
3392
5457
-7019
-8972
6664
6741
1426
-630
-2861
-4016
7608
9370
2382
-4819
-5062
-5161
-4473
5596
4757
1825
-6336
-5952
4793
5028
-6604
4941
8425
1928
6176
-3289
5076
7096
-16
2920
2537
5194
664
-1851
-7803
-724
-7931
-8109
-4687
-9187
9545
1137
-8727
1956
-4341
-2896
-3718
-9270
3006
-3766
-9694
1906
1374
-254
-9147
-2257
-7769
-2525
-6863
-9862
-9020
-9788
-8860
-4714
9412
715
7618
4101
3060
-4218
-4037
-5171
-2981
-3168
1367
-5933
9495
-9912
-2748
1996
6453
-7834
1917
-4973
-6321
7609
6159
1199
-4134
-297
1628
6167
5945
1963
-3805
921
9561
-6130
38
-1550
-4075
-1041
6865
-1851
9965
-8445
2148
-2278
3414
9410
888
5359
-6884
548
-4079
-8910
-2953
-941
-1918
3571
-9978
-6053
6276
473
6204
-9965
2458
8164
3636
1365
-6967
-5304
4191
1923
6228
-7133
8426
7896
1076
9177
-1509
7119
-3145
-1288
-1969
-3900
2268
-8730
6279
3740
-8488
4732
6309
-8326
8337
698
-7324
8749
2686
-6096
-1340
-1543
2631
9948
4367
7798
671
-9765
-6371
-345
6699
1846
-9603
-7796
-2251
8873
-4392
7109
-1867
6941
-1427
8246
-7432
4313
-6113
-5485
-9928
-8491
3676
-14
-3154
6523
-3347
-7510
-5655
5827
6175
2631
373
-9312
3809
-9520
-6313
9068
4925
-3787
-2937
-7469
1896
-6747
-5887
-3203
2750
-7132
2204
-2429
2529
8989
4202
2026
3717
7021
3848
2745
-7607
-2221
3643
-4954
7154
1353
5785
8623
-7174
3548
8667
2224
9593
-6099
8695
-2284
-9835
-9368
-5798
-6485
5442
7697
-3043
8407
-9518
9136
-4305
1275
9720
-1910
9086
1404
8141
-9611
-262
-9419
-8677
-303
8781
8804
6252
6963
9169
6827
-6598
7955
-1051
2481
6220
6632
-4855
9724
-9643
8556
4363
2000
5043
3318
-4832
5798
18
-5508
3043
6829
6338
-5972
4815
2296
6308
168
-6290
-6688
-3599
5201
-7589
-6553
8293
865
-1329
-1768
9272
-2935
-3933
-6983
7057
8828
4648
7113
6738
-6769
-5781
5024
3731
9648
7760
-7885
-4760
3834
4329
1053
2668
-1421
6448
-4806
-6470
-1608
-8266
-9778
-7379
3190
-4921
1499
7465
5534
-9853
-3111
-60
9825
-8843
8021
83
-5822
-9009
1032
8013
-1982
-3668
-7313
-3434
8338
8128
3458
2791
2262
-7233
3858
1241
6942
2814
8609
393
1202
-8050
-6267
-2080
-7174
6216
-5898
-3312
9242
3248
-8090
-9081
-3658
-7185
3840
7777
3297
-2604
-3581
8656
-6116
4920
-5989
1989
9055
7615
7682
332
-1369
5322
417
3689
2654
7045
-1999
2252
1216
6728
-737
-7868
-7849
2910
1001
9426
8556
5247
9182
7943
-7326
3327
-5224
4287
-6664
2371
-4741
6213
-9270
1190
728
1632
8971
66
-1871
-1930
-2840
101
6553
2518
9263
-1035
-7778
-7789
8676
1514
-4462
-4183
4650
-4359
-8794
8163
-3066
-9537
-7698
-5553
6224
-9188
8835
-4912
6920
2332
8023
-423
-4745
-1709
-5470
-9072
-3163
1551
2814
2868
-1287
3052
-1589
9254
8704
3778
6441
1956
-5177
-8360
-3198
-67
9592
-393
2716
5342
-4156
-9699
6326
-6399
-503
4827
-7650
3803
4107
-8008
8578
-1850
-2198
8634
-4289
-1289
8257
-1789
-3314
2170
-3058
-345
-3875
-7567
-8230
-2725
-6982
6993
3368
-3528
-101
-3006
1819
-931
2611
5705
-3441
3020
-5711
7609
4889
5019
-4957
5765
-9253
-760
-3203
8822
-7266
4686
-5330
4288
1691
5175
-3899
5226
-5009
6019
6589
6225
-8066
571
-2130
5659
3945
2195
1337
4948
7017
-5460
-3800
5844
1849
4802
8798
3569
-442
1277
1094
-7101
9156
-3443
8406
-7807
-8577
-5436
-7562
-4208
-577
3848
-593
3732
6878
5159
-376
-1972
-2518
-7160
-7809
6190
-5818
1035
8978
2596
3666
5626
1257
6254
7239
-1744
1909
-8412
8645
-2346
1362
8492
-3398
3901
-6050
-7024
-7107
-5318
-2488
-1399
7331
-3461
5059
-8476
-3149
-8438
-4901
-6800
-5670
-7622
-6237
-6469
2445
4673
9484
-6536
7551
8691
7601
-8231
6958
9100
3225
7279
-5737
-3836
9406
96
-9636
1991
5969
-6770
-8601
-7189
6889
8361
-3957
4659
-1460
-7311
4083
3227
-3475
-7497
-5719
3246
8164
-4841
-9278
2894
-6223
284
-6949
-8159
-7889
4393
1765
6396
7751
-6931
-4317
9337
2713
-5276
1328
9120
-1410
2772
-6938
-58
-3216
1791
3186
9624
-8965
6578
-949
4471
3541
-7795
-6378
1135
2524
4086
-730
6555
-1274
5955
3429
-513
5003
3796
9171
688
2666
4981
-9930
-1114
-5852
4609
-1852
-6548
6191
-692
5168
-8505
1327
7390
2529
-3504
9957
9206
7433
-478
1046
-4997
-9799
-2229
982
-3094
-145
-5295
5100
7887
-7339
-3700
6826
3811
7419
-4626
-8467
4828
2592
8305
-2606
-6223
-218
116
-1998
-819
-1285
-235
-8884
3552
-6713
-5030
-1719
6767
7665
-4861
8455
-3559
2984
-4914
-721
8010
-2835
-9298
2523
-9292
-2712
-3731
-385
1236
6065
8845
9291
202
-6964
-4402
-202
1882
6479
4492
457
-1967
-7737
-5209
-7955
6586
-4977
9199
-3635
5831
1366
5999
4504
7751
-8793
-3142
1203
789
449
637
9951
9791
-3567
608
8591
-4424
5412
4650
-422
-9150
-311
3750
-7507
-729
9343
9517
-7245
-2632
7148
892
-2123
5732
2243
-7530
-2769
-1146
-8227
-9572
8715
4239
-3306
-3702
-9576
-8405
-4662
7031
1774
3517
-2385
-3631
-2369
6673
-4917
3333
2093
2244
-4250
8800
4258
-4122
-4486
4816
4834
5538
-1794
3231
1736
-864
-7276
-8071
8089
-9388
6810
7956
5083
-3235
3557
-7138
-4943
-307
9465
2244
3455
8403
1878
9119
-4539
-8534
-120
3023
6429
3857
4817
-5907
157
5591
9614
6459
6251
-8872
959
-2214
4823
-9530
-6651
-8114
-7548
-7491
-7979
2609
-7440
-3680
3430
-655
-3762
-5117
-4215
-2746
4963
-7223
-3127
533
-2063
3275
8613
-2489
-8615
8409
-5398
7601
-1001
-9614
1427
1128
4665
-3741
8502
-4095
7651
2726
554
-7371
2755
8939
-9193
1943
3514
-3845
-897
-9316
7311
22
4017
-9826
-926
-9997
6623
-2107
-19
-5297
-8138
3964
-4237
-5683
-8714
-3444
-3894
1613
325
-9042
-2517
-2641
-2682
-9668
-1936
-670
5244
-8241
3045
-9786
3837
7603
5894
-3717
-6678
3818
7341
-7878
-9993
-9854
3131
5460
7808
-2169
3996
5995
3991
3752
2108
498
7195
-9835
5066
9381
-914
6650
-9497
-8099
1589
9381
5273
741
-7398
-2755
4416
-3653
-9197
-6610
5783
-9554
2899
-9204
-7816
-7613
-9552
3042
6819
-6463
-5314
-1559
7503
-5234
8607
112
-5857
-2334
5831
-1446
1823
-2956
185
4032
-669
4030
395
-1499
7511
9726
7431
2757
8981
1490
7670
-5337
9709
-4092
-380
-9007
-8975
-3172
-5880
2741
4657
390
8295
5787
7430
9433
3418
2749
-8082
-9838
7888
-3346
4728
-5919
595
-9849
4773
4861
-1068
-9034
8503
-1533
2416
977
7363
-7468
8348
3980
178
-8049
-4776
-3499
4815
-4999
6543
-3064
1160
948
-8944
-6892
-3632
9067
1882
7102
7940
3542
1718
-3308
7293
-6005
-2193
8705
-7861
8955
-1157
4715
-1917
-9654
-4258
5761
9810
-7041
-235
-6814
8670
-9792
-5001
-8959
-6594
-5793
-3334
2432
-5929
-2051
7629
-2342
-8260
9327
2945
9574
-6689
-7611
6353
8292
-8102
7008
6448
-1841
-9246
3520
-5838
923
5641
-789
5381
-1404
1650
6939
4003
-4314
-3303
-318
-2054
-7228
2934
-9149
-9299
4521
-6078
-7917
911
3747
6639
7623
-6117
6836
-5906
7968
-4505
7678
4624
7003
4438
-2212
5052
7796
-6488
-3177
1694
2282
2374
9315
-5224
9612
6480
8021
-4024
-29
2717
1146
-1693
-5599
4215
-6031
6918
-5965
7147
-7675
-4179
686
-2836
-3406
9883
9719
-4217
8433
8752
108
3730
-9184
-9543
-72
-9751
1514
7507
1301
-7780
-2514
3398
-6531
798
-7919
5281
-2221
417
-1942
9929
5526
6758
2701
-5152
637
361
-4396
3066
-2071
3829
-6844
-6999
1484
-4429
-4080
-1519
-206
1393
-6340
-5861
1846
-3286
3953
-5984
-8028
1487
-7380
9364
5620
5541
-5009
9732
5644
4984
9135
-5973
-2466
-48
-1039
589
-6867
-621
8052
-8325
8071
8812
9073
-4808
7964
-5499
121
8400
5340
5379
-8206
-5851
-9286
8200
48
-3786
8546
6080
-1984
3587
8097
-8142
-8792
6807
5042
4030
2075
-1901
3423
7314
-3401
752
1577
8262
-3385
5246
-6242
-3021
-5600
9986
-4812
-2858
-3344
-7116
828
2763
-8065
3179
8084
3492
-546
-5976
5587
-4895
-9847
-1427
-9002
-1242
427
6638
-4183
-1198
-4867
5515
-4945
6066
8199
-7600
292
9978
9952
9080
6022
4820
1722
7349
1793
-850
1341
6936
7578
1209
-9501
-5144
2725
-4822
-1106
315
6803
-7540
-1524
4282
3823
-5816
7450
3281
526
-671
-3124
-8350
4958
2269
-5305
-7080
-3759
7038
-4556
-3484
5299
-9924
-6189
1679
1056
4133
1494
2130
-9520
-9474
-8771
-6252
-5268
-8331
4140
6321
866
5161
-4068
2873
757
1437
5142
-976
-4409
-2992
1752
176
644
836
-9005
229
-6302
9677
6478
-6235
155
-640
-8209
2301
-7362
-5946
-5707
2418
638
-3702
3717
-909
1793
-358
2947
-2486
1329
-6884
-66
-3738
4379
-2254
2873
-3688
-8425
4468
-7752
-970
-1960
4967
7267
9101
-3540
7085
-8079
9380
-7512
2937
3214
-2986
6118
-6042
8196
-17
-7653
8858
-7515
3413
-6864
-5448
6497
-9961
6902
9488
3753
8916
-1776
6994
1082
1181
4493
1260
-951
-8418
8834
4798
6485
-1988
2086
-9318
-5288
-6218
-1928
175
-6352
-9099
-3178
-6126
-8796
-6262
-9090
-8731
-2275
816
7548
8266
1493
-2481
-4600
-4655
-1464
4334
6544
2566
-5903
-4440
7037
-9591
-8465
-2670
-7542
5190
-5395
60
7851
5981
-8618
-9246
-8388
9831
-299
-9676
7511
-7255
3438
607
-5159
3615
-8238
8179
-8821
-9753
-629
-304
9041
-1884
-7618
-4507
-9452
-3757
-3921
-9432
-665
5458
-5733
240
-8280
-3527
-420
1845
2709
6533
5414
-1558
-2585
8712
-5675
4550
-4087
1828
6684
-1319
5689
-2027
-9153
-6280
1559
-4136
-2354
-514
7108
-575
-5318
9771
7058
5886
-9004
-861
-9770
693
8001
5739
1578
876
7302
-2788
-1393
8715
-8280
-9058
8928
-2784
8105
-5571
9577
-2530
8535
171
-5178
-1609
-3275
-8881
2686
1308
-7893
7214
-2122
1668
2679
7497
1085
3297
-6759
-6881
5562
7277
1291
3443
-5820
4054
-611
4526
-1761
4758
-2861
2312
4278
-3
5775
6516
7851
-1896
9093
-3024
-4938
4709
-2363
-343
4545
-8490
-5767
-2790
5748
7727
2072
-497
-1962
4113
9763
1523
3220
8443
1041
610
-1882
1736
3425
-2474
-1805
-9758
459
-4892
2255
8331
5212
8329
-5617
-9018
-121
4336
2289
6092
8082
4545
7087
-6061
-2626
-5740
-8927
-411
-9554
-4165
-9598
777
-8415
-4016
8041
-3233
-9895
885
3690
-5050
-4337
-819
-6165
2933
-7369
9618
8897
6469
952
4995
-1079
-4340
-2009
6328
-5788
-3698
6253
-2853
2067
-5040
-1840
-1370
5278
-5879
6004
8777
3179
6601
8011
-3118
-4783
-955
-3400
-9174
5305
1842
-7778
1122
-3297
-290
3230
-5281
5381
1780
6774
555
9941
9487
-8252
2822
-3562
-8398
4531
2217
3079
-7757
-7963
-9040
1665
1851
-9677
-4837
-9551
-747
-2465
95
-8713
3261
-3771
-8952
6104
-4205
-6626
4348
-1897
-6712
-5212
-4098
-7588
8349
-2226
9538
-3775
6602
7168
-3591
8991
5349
-8282
4349
-9029
-8962
-5974
-3641
-877
4778
2252
-7388
6604
-7894
8944
-6069
-301
-4433
-7314
-9075
5548
-749
-3032
6370
1775
-6408
-3408
4453
-5362
8178
-8310
1396
-5344
785
2243
-7427
4201
7696
2681
3409
1356
1850
8965
9442
-729
1887
-6793
9754
3988
-4197
-5674
8100
7958
4883
-585
9927
-8100
-8614
4492
-3739
9884
-3250
5430
-4285
-6486
127
-377
4459
-4249
-9915
-8291
-1149
7097
3094
-6373
-2627
7237
-2263
6863
1581
-2303
-717
-6499
8353
8445
-8048
7134
-3565
4757
-8874
-3965
7948
-6919
-5229
-7305
-9870
6954
-6632
-4914
7878
1610
-4393
4526
-6340
4023
-8349
386
-7213
2036
-4869
3389
-9886
-1851
-4721
1698
-4087
-7502
-8187
-7619
-7910
5094
-2677
6935
-4165
-5672
-5004
-8910
-3451
-2152
-6497
8744
-1643
3833
-4134
-9361
-2781
6664
-5037
6142
5770
8656
-4809
-6437
4737
7625
2439
5504
8416
-2789
-5816
-1926
-3518
2654
2221
-8460
673
-9086
7630
-8814
9234
1518
7113
6869
9028
5809
6180
-2536
-2934
9463
-9538
-7581
-4081
-8608
9385
-5546
-5406
-2431
112
-2177
-7343
-7615
87
6654
-1470
-8725
-4041
9384
4106
-456
-1518
-9064
-4050
-4205
7818
-357
-2901
4511
3933
-3575
-4772
570
-1072
9526
4546
4247
3539
5874
-340
-8810
986
6207
-6298
-1927
-7351
9383
-6465
-2393
9134
4658
9111
-2537
-123
7587
3579
7250
-3146
-2799
8511
6231
1964
-2305
-1121
-8140
8072
-2269
2096
4131
7789
-6837
9632
3465
4823
5024
-9167
5793
2228
-5441
2420
-3087
5586
4177
501
-9157
6137
-3076
-1067
6250
8583
9264
-8765
6312
3330
1874
1512
9139
7060
8641
-2594
888
8671
3255
9987
4180
9895
4200
9828
5393
-1166
-7171
-564
5629
3703
-6109
-7919
9330
8176
-2386
-8551
-8536
-8816
-7753
2019
-1390
-9386
-4263
6519
633
-4028
-3600
3751
-1568
-1677
8990
2201
-9249
-7492
5155
-6183
1501
-8508
5702
32
7783
-3633
2722
2994
3863
9967
-424
-576
8844
8485
-3156
-2354
-4126
-2104
8311
4612
3595
-8314
6311
8527
515
-6696
-3094
-1125
9397
-8918
5362
6691
475
5056
-5211
961
-303
-5494
8718
-8996
4473
-2043
2545
415
7493
5437
-3704
-2367
444
8883
-229
-1498
-9199
-8975
-4718
1046
4718
-5951
8446
8137
-2203
5000
-1049
-9402
-7739
9136
-9695
89
9483
-2004
-2060
3001
5391
-5930
9442
8797
-1056
6477
9928
-8444
-9267
-9865
6617
-1967
7620
-3669
2636
-4996
-1683
-4439
-2900
-6116
-9028
8083
2411
-3490
-3774
159
2238
-8847
2204
-3604
-7303
-542
-7482
-833
-4538
5117
-5535
-5618
-6109
8555
-4754
-7750
-9983
-4240
9333
28
-9320
-4545
-9783
2875
-2925
-6908
4434
-6538
1308
3286
-2602
4692
-6777
-3957
3487
-6089
-1426
2771
4848
-2831
-3880
1164
2033
4836
4238
2525
-1035
110
-6760
6814
8915
-9540
1552
-7747
1129
3124
9744
1301
8109
-1758
1474
4811
2770
-5017
2370
527
6536
-730
-2160
-6119
3946
6564
-8534
-7343
-4931
7320
-470
-4829
-9450
-4203
7823
7806
-1337
-3918
8219
2447
-6926
-6146
7985
-1492
-9294
7665
1222
-4809
842
197
-9965
7644
-5291
6905
8816
-4449
-5195
-9421
9472
-1388
-2559
3225
4075
-9866
-8281
-4289
-1509
6799
-769
-3986
-7393
4692
5335
2433
-6815
-6061
3703
-2711
8647
2282
-7380
-9640
-1664
6475
-9476
7225
-5622
-3720
-7089
-8232
-4968
9589
-372
-7922
8900
-9746
-4992
1443
9131
9192
1876
1048
5911
-9638
1836
4950
3589
-7439
2949
-4375
9333
-2522
5434
-9167
-2496
-859
2145
-5159
-7545
9138
2809
8456
-492
-512
6622
2753
7318
-4575
964
5869
2998
-3038
-3616
-772
1455
-4962
2088
4573
9987
1879
6466
6174
6557
3641
1525
9571
4680
-404
9738
5165
-8625
-4823
9333
5871
-1098
-1217
-532
-8282
6685
-5235
-8733
-1716
6931
-8398
-5542
9560
-7132
-6764
-7290
-8028
-663
1931
5936
-7156
3994
5611
9135
7684
4396
6081
4620
-5313
2808
5961
9046
-762
6321
-5982
-2970
-44
-8297
-8668
1721
-4391
-9284
-9179
6598
3431
-8555
-7978
2045
8333
-4381
1405
-2209
-3908
924
1792
4690
9943
-1048
-8323
137
2412
-7270
-3463
3857
4615
7568
7521
-9627
6801
8844
5659
-6480
375
8456
-7486
6420
9395
-3422
9284
4716
-7736
7662
2848
4729
5054
-9933
2966
-6049
8451
9036
-7617
-8164
-9642
-8251
-1124
1804
9299
-8009
-705
6682
1291
-4362
1121
7422
9537
-914
464
-9131
-9330
-3598
2509
295
-3154
-924
-7513
3458
8260
-7124
-3872
-3487
9545
2023
7602
-9150
6673
-9383
5284
-6166
-8761
4972
-8786
8983
-3483
6693
6878
4059
9947
1708
9646
9645
6358
9692
6540
-5756
4111
7129
-7828
-3298
9734
4817
2237
-3187
4858
-9700
665
4671
2300
2522
6980
-7081
3217
-4834
-2113
-721
-6326
2438
6944
-737
-5192
7487
2794
2462
-3725
8139
-5733
7921
-3182
-2918
2370
1019
-6229
6754
-311
3219
-4885
-7055
-6034
-2478
9564
-1079
6611
-5649
5834
-415
-9356
8597
4002
-4409
5313
8875
-4191
