1185
-366
-1585
6557
-5231
2144
1636
-7211
4955
9246
-8721
-9924
-5273
9995
-9503
-8632
-8202
-4939
-1318
1933
-4164
2868
4157
7382
3616
362
2258
9876
2312
-5715
3083
-6479
4829
-8309
8027
-988
-9515
8762
2259
1609
-8184
3512
809
-4214
-5552
-9899
-4163
1833
-6649
4237
-9493
-8263
5290
5922
2921
-9972
3032
5170
-4170
5859
5994
-632
7417
-8812
6436
5856
1177
6554
-7031
296
5672
-1748
-8398
1442
-8271
-2995
4679
-9491
-6326
-9014
7654
-4989
1999
8017
-7225
2824
5537
-3120
4993
3105
-1832
-2459
8043
539
117
-9636
-2119
9161
8133
6077
6862
8532
-232
1956
989
-842
3537
6438
1907
5759
-7472
1167
2561
-1303
-9801
3174
-8110
4568
6626
-4663
-6393
-5668
4709
-7495
9099
-1943
-1980
9641
5060
-7154
6084
-9316
-3135
2183
1448
-98
9798
-9555
-2498
6913
5717
4017
-4365
-8474
-6366
-5358
-2731
6462
-4044
7658
1266
5568
-2523
1250
8569
-1361
1012
-9819
-6456
4862
-1105
-5257
-7986
3718
8970
7177
-6713
-9885
-5129
-2295
8309
2874
5910
1316
-1921
-5750
-3864
-7376
-1413
-8359
-9286
641
-5976
8498
-1329
8231
5530
-7160
-5172
7272
8762
-8376
-1158
-1608
-735
-7669
2944
9436
2542
-5693
-4268
4
-7688
-5226
8177
-2354
-8562
378
8287
-8089
-1683
6599
-8964
-3137
2203
-8869
-190
-571
-6607
3323
-3343
-7693
-7493
4482
6068
-5777
-5843
6249
8037
162
4311
9875
-4498
1690
9712
6211
1184
-7880
4082
-2749
2451
3714
1519
8170
4278
-7374
2307
8423
5178
5913
6766
-8744
991
9417
-8733
5400
4024
-9993
-2606
9482
3094
-3621
-8489
-2575
8622
-8774
-7119
779
6153
-5604
7
-9206
-2394
-3419
-460
-3817
205
-2224
-8050
1288
-2827
6171
2466
401
-3111
-2882
2664
-453
452
-2860
-3786
3085
-6777
7420
7375
4044
2977
-1940
-105
-469
-8938
-3608
2456
7476
3523
-9300
-1530
-5047
5704
-9732
-1582
2540
-4405
-630
-1714
3486
-2561
-288
-2683
7761
-400
-5580
-3779
-1726
-4018
-5299
-6338
-9454
-7950
-474
-2623
-9783
4608
6248
7504
4617
-9253
8845
-5665
3625
-6424
-4149
-8922
-9276
2676
1543
-6608
4030
-893
7753
7007
8427
3435
672
9289
-4773
-4981
-2409
-3549
6213
999
-4116
-1182
-5063
-4528
2569
9040
-7453
-2153
9909
8634
3583
-9904
-3470
5952
4167
-1171
2222
8394
4032
1677
-9974
-2789
-3230
1037
-3195
2505
-4543
-6508
-3094
2221
3777
-2169
-7401
6145
5870
5935
7209
9131
-5514
-7584
8185
463
5715
-3280
3464
-6900
1534
5953
-7638
5004
9084
-6340
-7382
2727
-1812
-6487
4466
6774
7060
-6082
1180
5342
5968
-2110
-6509
-5531
-8861
4023
-3807
885
-6475
9847
7170
-7361
-4584
3493
-4205
-5323
5904
-9887
-7513
1114
-8501
2486
5802
-4176
-4368
-7264
8282
-4771
-5302
8278
-2751
-2912
-5786
-2594
8605
-1309
-4164
6518
-915
3808
4100
820
641
6141
8023
-9991
-9110
7600
3077
-9406
-1920
689
7943
4735
-8612
758
5836
9934
9642
9178
-4955
-3717
-1437
-1684
2723
-9533
3692
8201
4254
-763
401
1666
-8673
-1106
7624
-1145
-9134
9935
6469
8913
3692
3782
9375
2032
-4546
8048
1401
6477
-2586
-7545
-5965
5855
-2665
-526
6197
-7391
-2580
-8497
-8949
-4979
-5334
3296
-8362
-2850
9946
-3673
-9863
3671
793
-5904
3480
-1735
9290
6886
-7434
-5333
-4549
3557
-9124
-2324
-1610
-9519
814
9515
6789
-8288
-1601
9493
9779
-2729
-5584
8264
1210
1928
8529
-3235
-2574
-9994
1792
3889
2653
-6099
-2778
6818
879
1464
5790
2718
-3418
-6899
5765
-5397
-2209
-4044
113
-1896
-648
-4499
-611
-8405
2180
-3666
8172
-8823
-9666
327
-8176
1540
4054
8694
-3007
-5274
-642
7051
1476
6676
9997
-5900
1866
798
8475
-9042
-6492
-504
187
2967
-871
2438
8279
-3524
9869
5236
-8393
-3957
-6509
-372
-1344
-5093
-6529
-7191
5166
6691
3234
-1524
-8966
-8822
2691
1574
-2280
3483
8915
-5716
4025
-9617
-2315
4279
-4537
-9186
2400
1452
-2685
-8051
-7477
-4029
7592
2977
-9951
872
-1118
-5346
5674
-684
-2914
2837
-9802
-5984
4615
2714
9579
8014
-3522
4179
6608
-701
8982
2747
-7248
1791
6630
6545
38
-5799
6590
3046
-3282
-6492
1833
-4845
4263
-6328
-1974
4796
3965
-6440
5960
-4064
7613
3572
4360
1472
1873
-9719
-8242
8893
-4140
-6109
-6998
-5379
7961
-5660
-1908
2222
1368
-7061
-5689
-2209
1655
9235
-866
8945
-965
7088
-1386
-6332
1932
8175
-2571
-4022
1611
5203
-4257
-1990
-4907
1122
-748
-6241
-5817
-1979
9087
8112
-5945
7660
4070
-1626
4939
2216
-4399
-6929
-6782
3511
9447
2942
-9174
6642
-190
-9097
-687
-6755
1051
4226
-1757
-4711
-1649
-514
1159
3354
-8702
-1814
-9155
3077
8753
-8527
2164
2838
1762
-5788
-1490
6810
-4115
7736
438
-7448
7160
-8296
9955
2920
3966
8070
-2838
559
2687
-7694
-494
-8273
9668
349
-4276
2723
-9184
9949
-5478
-6449
-9620
-7021
4219
6123
7768
1252
7663
633
3956
-8262
2277
-784
-723
-8287
3164
-2094
6910
-6144
-5892
-8342
-7183
-5096
2723
6335
4235
2065
-5615
1709
7255
-7995
-3010
-1465
-5552
-5131
-6001
-1435
-700
-2470
2232
5891
4023
-1690
-2614
2109
8806
-8525
-6791
-4873
-8217
8709
-8165
-4594
-602
3390
-8268
-8033
-3567
6200
3268
-2444
7025
-3078
-2471
2372
3289
-6369
9852
3300
9183
6694
4819
7881
1146
-9713
-7706
-8597
9348
9971
8812
-5302
-949
-732
-7190
-7402
5808
6969
6855
8118
174
-8464
3602
-2703
5214
1376
5177
3341
-7567
9549
1224
-956
-8550
-1367
7116
8167
7140
-3989
7536
-8242
9367
4456
-1529
2065
3422
6332
625
-8813
-5399
1299
-5574
6382
5360
-7450
-5289
-4385
7217
-9876
3629
6016
8745
-4618
5835
4973
29
-4016
-6606
246
-9553
-92
6096
4598
-7277
2697
8419
-2278
-3076
867
9663
-7693
7152
9068
-8854
9576
-6232
4831
5837
-4506
5670
-652
4614
9561
-2939
-989
-9327
6354
-2430
4649
-2783
-7732
-4922
3973
4173
4013
-7702
4812
-3477
7792
2853
-5510
4937
-5088
-1961
-8824
-934
-5842
-5195
8071
631
-8680
-1513
-7625
4799
-3214
4641
8366
9427
-8155
6339
640
-5873
5024
4522
-910
-4629
-5362
-8791
3344
-3066
-3993
-78
-4330
4931
2089
4276
6118
-833
1629
-1956
-5628
-4456
-7105
7558
-5835
-8827
1331
1848
77
-603
9592
-805
4128
-8054
-479
2619
-6967
185
-2292
-2031
8772
257
-1093
-7830
-3872
6886
191
5042
7147
-9819
1122
8028
-4659
-5539
-3056
4546
3206
9912
935
3693
8904
1223
2651
2529
1904
7179
-2089
7222
2945
-3703
7948
4561
-7531
-1680
-7940
-8824
-5238
211
-4151
7139
4898
1382
8163
-3729
1225
-2076
3862
9720
4815
2934
-1767
567
-5412
-3212
1205
-7556
7810
2993
5654
-3334
842
973
2218
3991
2532
-6867
8307
1787
-8664
2389
7356
-3322
-7789
-3706
678
7685
-2997
-1270
-4401
-7882
9660
36
-8836
6749
8782
-4211
-2618
-5460
-7626
5859
-5454
8706
2803
-5993
1463
5711
-6175
96
9696
329
604
7384
9679
6660
-811
-4635
-7596
8835
4461
859
-3079
-4963
9924
8722
7464
5531
-135
2238
-1862
6039
6467
-7971
7425
2087
2580
-8753
-759
-2707
-5873
4742
-4638
-4331
-3309
6554
-7844
3473
-9173
9147
8277
928
-4621
-3156
-323
4086
-2749
2448
835
-6845
-8370
2840
8128
8499
-8670
-7084
4832
3977
9481
5517
-8628
7878
2060
117
-4487
3811
-6904
2053
-8283
-8778
4442
9325
-4435
-9526
7206
1574
-9560
4127
-4497
-3719
-49
7393
-8487
8757
-3932
-3147
192
-2726
-6442
9878
4833
-1610
4278
8847
-8719
820
-5721
-5309
3975
2744
-2503
4221
3188
-6826
4560
-1509
3375
-9666
713
-786
-7523
-9687
6666
-3271
2422
-2078
6734
-5581
3502
4925
-7201
-6048
-930
-6695
-7336
-5277
6393
8580
-8744
758
6639
-2605
-4942
-8521
8124
-7852
844
7076
-6923
2657
-6175
144
-9437
-245
-7754
-5095
-2374
-8897
3043
3376
-4968
-5427
-1403
7750
2490
2564
90
8687
-7703
-6602
-9179
8866
6134
1640
3333
-408
-1751
623
-8603
4243
-1983
1472
-9307
4734
-4878
8624
3443
5632
6637
6475
-5030
-5276
4758
1417
8366
-5
-614
3413
2217
4764
-5370
6415
1672
8988
-4894
9280
-1566
4062
-2498
-5343
-8202
5850
-3233
-9277
-5419
-2101
-9776
4485
6969
9923
-7928
-2897
9643
-2883
9226
1738
-608
848
-9235
-8633
8029
8178
2727
-7215
-6188
7509
-1127
302
5046
-7055
3367
-6677
9478
-9060
8602
506
5253
-5869
8122
9521
7225
-7912
4221
9229
212
4846
5806
-5615
4518
-7072
4078
8087
6201
9896
-6739
7712
6811
6715
-5901
-3228
-8559
786
3074
8715
-8667
-7364
-4474
-2397
-977
9303
1235
-5546
-3811
-9572
2071
4177
-567
-3552
407
3875
-3532
-2488
4112
-9895
-2012
-7000
-3523
-476
3040
6173
2721
1235
6629
3424
-9694
-2449
-7823
5078
-3393
-9026
-4665
1378
9533
5095
-4578
-2534
-2450
1244
-1644
4312
-7304
-2666
-3803
8670
-5506
721
2078
-4996
6361
-8779
-3594
-6608
-9608
-5570
6382
-5348
-6800
5739
6742
-4349
-4267
7838
9287
5336
-6793
-4519
-5683
2211
9075
-8393
598
-7055
1530
-9677
2380
8212
8087
-8550
-1594
-2631
6220
5949
-2705
-6277
3679
-1447
2907
7082
-2107
5785
7393
4656
-5077
-8680
2193
-9759
6927
9579
-4134
-4426
9236
197
2416
-513
-3768
2863
-7877
479
-4288
7975
4063
-9211
4771
-7207
8918
9853
8231
-6466
7116
9740
-8617
4099
-832
-4811
-8077
5336
-1102
-2128
3243
3544
-2839
-540
-7129
2505
4027
-8914
7747
1660
3652
9856
-610
-7981
-3538
4409
-9904
4017
6392
-9792
-2317
-1513
6107
-7961
-8256
3975
-6633
-7462
-7502
-9562
2583
4887
-216
-7785
-8157
5080
9684
9596
913
1170
-131
-712
-3476
6505
-1576
2225
9356
-582
3746
931
-8697
-219
2827
-4174
6024
-5352
8025
458
4808
-6096
-9773
-7613
3050
-4012
-7757
4871
-9945
5860
-4896
-3838
6219
-2566
2913
-6086
9708
9611
-6181
-1821
3374
7589
3180
4936
5114
3300
-9068
4640
-7418
2423
8633
2819
-234
4537
6202
-9283
-2239
-72
7974
-4166
4106
6616
2656
-7845
2369
-8949
-8307
3995
-3971
3139
6852
-623
9707
-100
-2861
-7295
-9432
8120
-9847
-4115
3111
-7031
-5646
9519
-9574
-8952
-8195
9433
-9200
-1792
-4449
9924
7640
2128
-8080
-9140
-5173
-3421
-6141
-2020
-325
-4084
-904
-3010
-6963
7414
735
-7899
1249
-2059
3047
5725
8554
7319
-3129
-5688
-700
-2350
-4962
2028
784
-2122
3996
-1882
6193
-5846
7337
7308
439
5524
-3752
-2828
-938
3221
4491
4164
-2978
-5771
6055
2110
-9770
-4672
7707
-7930
-4691
7152
9787
-3089
-4621
-1589
3715
-6666
2624
6798
-937
8361
4103
23
5985
-3654
3086
2930
-8372
-397
4264
8361
-9061
2861
2057
3170
9901
-105
104
-4064
8608
423
-3318
-4057
-7605
-2589
9905
6870
2380
7618
-2626
5408
3863
-1857
6951
-8335
-9794
3366
-8753
5635
-2029
8731
-5714
-100
-316
6747
-4704
-6679
-8194
-8723
-2066
-5765
3345
2549
-4946
9669
2998
-9136
9600
-3745
-4797
5353
6955
-4956
4906
7140
6610
1010
-8081
-170
-7913
-2643
-8932
-3084
831
-72
-9663
124
-9865
2253
-7218
-5812
-1475
4110
1913
4204
9163
2660
446
-9223
-661
7619
8428
-577
-8520
-5925
-1504
1846
-8793
2460
9539
3487
2483
1158
-5368
3681
-963
1701
8171
-4235
-9657
7046
1632
7073
-3949
-6115
8784
9250
-7491
4188
8640
861
-5874
747
-4562
-764
7958
-846
-670
-9577
-3101
-1401
564
-8095
-4935
-8273
-2096
-1939
1439
3451
3023
-43
-6612
4229
4993
-5407
-1210
-7854
7489
1419
-8755
-5829
9127
6051
8277
-1742
-1017
-9190
-7127
5355
5758
-5494
5575
3482
6091
6282
-9906
5160
9232
-9183
-2239
4582
6475
-3520
3407
-299
2772
-2758
9879
-3336
-7696
2722
-6935
-23
7446
-5752
-8087
-7573
7350
6465
5085
-1766
-5734
-4412
-3741
6414
2919
-2511
-8314
3760
-3651
7876
-1172
3398
7309
-3424
5105
-4898
-7868
-4463
-2775
-5880
4794
4361
-1536
3007
6776
-7354
2123
-8068
-2557
4568
-6580
-5129
6937
1401
4161
7597
5542
572
3964
5968
8873
-5329
9547
-8002
4789
-1586
-3888
-3127
8633
-6094
2715
1995
-1966
130
-442
-261
4079
-4649
-5728
2916
-5282
-3378
-3038
-1796
-7356
-4873
-2481
-4243
-4481
3243
-2662
-5331
-7460
-9929
346
9544
5114
-5693
6293
357
-9379
-2807
-8812
7755
4778
-2329
5285
-4441
-8738
299
-7193
1169
6520
-9710
6045
-488
3388
2184
-5980
6007
-7114
4447
3827
1227
-5903
9858
8903
7978
377
-4569
2953
9548
-3408
1182
-5275
7679
-8250
-171
-9298
5824
-3703
810
-4685
-3243
4824
8845
3337
5857
-9113
7731
8621
-114
1003
-3913
-4600
-5564
2021
-4311
6072
-311
15
-5962
829
1060
-8519
3577
-2704
6101
6445
-689
-7683
5244
9132
3999
-5666
5424
4006
8565
-7285
-4550
-8056
-3540
8596
-8980
9728
-4331
6457
-1964
4848
7222
3903
-1354
4769
6823
7948
4969
5030
-4966
1896
1056
-4542
2144
468
-9533
8537
-8968
-8818
-6863
-3347
-5687
-5879
-3775
7459
2371
-8376
349
1212
-1011
4321
-7452
-7031
-3480
3818
-6977
-3135
6091
-636
-5882
6298
2289
-136
-650
-3419
-9936
-7872
9459
7420
8574
-8468
9085
-299
-5095
-6218
-2367
-5046
3306
-7263
-9910
8559
4043
-8171
-6649
9718
-7650
7281
9857
-323
-9977
3262
250
1732
-6297
-2
-1939
6733
-5009
8164
-167
4422
-4398
-1513
-7985
-5692
-1272
497
-4346
-8291
-9851
6434
-6431
-3375
2952
7154
8460
9951
-5198
8973
7735
9708
-9748
-465
-6183
2313
5897
660
-2308
501
4760
8022
-4118
4964
4218
-6838
-8335
-1436
-2336
-4488
4991
6186
525
-6493
9383
1605
-3861
6199
-5263
563
-6206
-2470
4164
-6788
-2005
-1898
5765
8611
4998
-1663
3345
-5177
-6448
-5402
-6528
7385
-1977
-7248
781
-730
-6573
-8530
9396
-3509
1962
7520
-9065
-1859
9142
5124
4596
-2565
-1596
-8409
1761
5637
1474
9461
9868
1303
-1856
-9253
7220
-235
-3103
4889
3308
1592
256
3886
-1352
-765
-1465
1017
-3537
-7590
4504
-1616
-9236
6246
-9583
-252
-3351
42
1852
-5169
-7961
7865
-6281
7035
5466
-4189
-921
-5157
-5560
-1248
1931
5569
1504
197
-5246
3159
3452
-7928
5232
-4380
7841
-7579
-296
-7959
-2239
3698
9038
-8518
4463
-7544
-8236
-2041
-3268
4064
-5744
-2723
5451
-9713
7183
-7886
830
9470
5227
-1381
2234
-2161
-4213
-6160
-2372
5510
-856
-3576
3243
6217
-3883
344
-6626
5808
1591
4082
6095
-9980
6515
-4903
-2009
-7772
-648
-3584
945
6977
3016
6535
203
3911
-3777
-3984
6131
-8937
5476
-594
2286
-3907
2623
-7075
-9756
4099
-5303
7238
7288
5152
1210
7442
-3333
5008
3174
4393
5579
1924
6033
-2870
6116
2260
7525
7081
1945
5923
-2772
8116
1278
3115
-870
5203
5753
-3331
-5148
344
-7533
-6441
-5689
4329
-8083
-6124
3911
7043
-2369
7931
4145
-6585
8204
-7807
-6475
9759
5494
-2036
-8390
-1181
-4285
6276
213
-9459
3652
-9558
-726
6684
-5723
-9009
-4914
-1835
-433
-2354
5358
-9571
-6958
-8267
-2408
-3390
7199
9088
6020
-6159
5181
-6514
-3871
1598
-3782
-8492
-6214
7475
-6797
-4739
-7822
4993
63
-9052
1331
9121
34
-8891
4304
1471
2082
-6604
4409
734
3581
-2099
3278
-5657
8804
-3746
-9779
2080
-3641
-2904
7722
8633
8172
7543
1367
5377
4274
-2164
4445
-5864
-3587
4444
4909
5901
-8417
-3855
-8131
-1631
-4442
-3886
-5820
-5455
9464
7445
6618
802
6845
4493
-7004
5766
-5792
-2051
7915
1249
-3162
-9351
-3334
1382
3106
5058
-1965
2743
-1516
9286
-2083
-4143
1998
-412
2675
638
8874
5586
1042
-3786
-594
4269
8199
5174
3851
6129
8604
-1766
4676
-8204
5
-9704
7865
-1347
-2557
-7861
-156
-2672
-3710
3687
5788
-8977
-6852
-1620
-5299
5912
-7215
-8747
-9700
9054
8096
3240
2558
-6001
-4130
8628
1905
3064
-6035
934
2420
6239
-3002
6367
-5830
-3739
-4784
-4360
-4139
-6573
-5358
-4501
-5932
4407
4059
-6183
-739
-6245
-8063
6625
270
-9365
2168
6345
8166
-5367
-8012
-1134
-1841
-9203
5019
-6099
-987
5614
9653
-455
-7349
7538
7913
1397
9498
2731
8347
1599
-4506
8097
9362
-7685
5638
-6052
-5093
6345
1526
3594
-8704
-688
7586
-2724
-599
-1891
-4926
344
1767
-243
5430
6826
-9221
5267
4279
-5073
-1338
6766
-2780
6094
5786
-7365
-5034
2845
1703
2404
-1718
-1426
-782
4868
3065
7577
-9008
1466
965
-6883
-1952
-933
-7054
-9070
1697
-7172
-9640
-366
2775
7921
7350
-3007
7794
4330
-1512
7671
856
-8015
2450
-2865
8283
9969
-7105
-5118
1735
-29
-6707
5185
-8336
6534
3556
-8446
-6104
3248
5431
2139
658
-4692
4603
-8172
-967
-1592
-5986
-7857
7707
5324
-5583
4111
7727
-3957
-6034
-7433
-2028
2779
-831
-4242
-2722
-9026
-2556
84
6489
3956
3350
-5628
8211
-5381
-7772
378
-8649
280
-9148
7586
4320
246
-613
4008
6033
2152
-1116
-9784
4960
-2655
4854
-7027
-1564
7934
-9836
481
3214
9402
-7564
9
-917
-2052
1197
2597
4216
-4554
3981
-1076
-6038
9262
3200
-7808
-6008
5877
-7476
4236
-1607
-4686
-6844
-1358
1416
-3988
5702
-1969
3683
1654
-8469
-2791
-6411
2538
6598
-3529
2304
1945
-3436
296
-3002
-268
-349
-2878
-2285
-5482
-3534
8852
7142
-8247
5955
-2720
8990
-9064
2994
-4884
4668
-8112
3537
-3572
-8318
6202
-492
-2608
-778
9633
6006
-9315
2672
2614
7021
9776
1056
8423
-6238
-3172
-7162
-4479
2024
-3000
-4549
7115
8379
564
2813
8993
-2656
5372
-1903
-5820
-4422
-7778
-6011
-9311
3580
1550
-4077
-192
9675
7907
5973
-8440
-7150
8025
-9622
7924
-3271
-7990
4476
9162
6396
8757
-1059
-6981
-2338
-3811
-4624
9542
-5665
-8873
-3338
1407
964
1302
-7886
6106
6323
-1623
-9901
-3017
7601
5982
0
-9256
-7389
-6303
-4362
-9793
7025
4392
-8284
7979
3481
7309
8289
4315
5499
-3964
-2231
3442
4975
7058
8119
8026
-255
276
-8117
-3530
-7731
7930
6709
9684
-6952
3121
-7910
2895
-2300
-964
-7513
-8783
-1218
-5364
1620
5595
-4967
1474
1920
-7300
-2922
-1001
1550
9890
5539
-4299
-2739
5556
-4310
1388
8900
7263
9232
3868
-9355
-539
-5633
-1079
-4465
238
-2569
6791
-2546
7486
4396
7211
7710
-6064
5648
-7159
9488
-8065
-6872
-8892
-951
5842
5682
-7250
-1938
-957
3007
5529
7924
-1152
-9175
-8842
3125
3179
8348
-5548
-8483
-2766
-2632
-2828
-1325
2947
-9126
-9446
-3699
8505
4180
-7315
-661
7421
9134
-3621
8103
-9814
-983
6923
-2116
-1135
-9525
-3934
8342
-9130
9834
8465
-267
-3438
-5168
430
-5
-2607
-802
704
3762
5772
3687
-7183
-6866
-5272
6328
8393
28
2098
5830
-3698
9318
8181
647
3275
7238
-8301
-8286
-6822
1241
9641
6907
-7263
9028
8876
-2591
4599
-7077
-5082
1896
5469
-9978
-1743
-6253
-6033
3347
-2632
-725
-9296
2376
-4483
-4729
3180
1399
3976
-6384
2280
-7247
7835
-5392
-4541
613
-2567
-1522
3882
5183
-4764
-7113
1174
3846
-3760
-2363
8920
4963
-5928
-1588
-9493
9358
-3935
7118
2839
477
-4852
5064
-7189
5987
8188
-3787
5516
8966
-8645
-1567
-1213
-824
8647
-4733
-8793
-6072
-2571
1284
9283
-1155
-8000
7909
-5433
-5728
-9292
235
-8843
-4910
-5291
-7121
-9699
-5372
-6111
-9849
-9925
6401
3561
-6207
-2239
-9510
-6030
-7592
-870
-6589
1404
-4527
-4493
7130
-948
-2281
-8332
9639
-3006
3625
-293
-968
-7807
-203
5531
-35
3742
7468
-4873
9149
-1030
687
5191
-6991
894
-1133
-3971
-2196
7041
-2252
-6103
5437
1567
-5325
-8218
-924
-9217
-2966
4770
5322
2371
6614
524
-3222
-4067
1157
-6074
-3506
7936
-5767
6634
234
-1980
-5091
9403
4978
-7838
9065
-1570
4946
8341
2766
-9201
-2686
3997
-9983
7140
-8681
-3357
-5454
-1363
-7710
3128
-1119
-8217
3524
1396
-1110
-9445
-4054
1301
8747
7981
1168
-3168
-6294
-7114
4803
-195
4892
-4819
-1198
-6566
-7736
5795
8914
-7110
-4293
6077
4326
-4488
-7177
-8953
389
3301
-6146
-6365
-8569
-460
-5608
-6968
4092
-7721
3014
601
-8891
5376
5565
-9026
-4969
5721
-1772
-4501
3316
1191
2578
999
-9925
-4798
-3986
7696
-1014
-9862
9444
733
-4119
1949
5597
7187
-365
8378
9425
4709
5937
-9706
8302
-1319
7529
3194
-7025
-2512
-7394
-417
-7506
6981
8496
-9886
7468
-8055
9225
-857
-4236
5220
159
6343
-8515
-9009
2431
1718
892
-2963
8397
-337
748
8370
-526
-9067
3224
1055
3672
-4760
-4959
-4630
9246
-7336
-3416
-1286
-7172
-6377
7777
-9475
2989
-5910
1660
-7630
-2976
-6399
-9155
-4472
-9723
-3889
6098
9363
4279
-3697
7867
-682
8640
-92
3523
6279
4163
3992
-3632
7644
-7300
7875
5720
-8684
3929
814
-7013
680
7535
-6827
8817
7373
4503
-6584
706
-7963
-1854
5927
-5555
-1273
-8918
4609
-8366
1296
-4624
-5218
2829
-2965
6375
5328
9602
7040
-4775
5578
-9412
4765
910
-2625
2259
6148
-9292
-8654
-1217
-565
146
-8529
5647
-4742
-9242
1531
4005
1131
-2167
7120
814
-9176
2609
-3205
-5905
3049
-999
961
-6535
2042
685
2435
-4638
4021
3720
5880
-2114
8054
7270
-9034
-6815
-9698
-4701
2424
-661
1252
2456
-3179
-9216
9753
-4988
4789
-8950
7491
5230
-9809
4402
-3379
7324
575
-2522
8633
-1680
7678
-5571
6925
-9840
7155
7131
7410
-8035
5131
-8021
-8845
3897
-3005
197
-4393
-316
7182
7111
9666
4106
4797
-8375
1011
4849
959
-5109
-7177
1023
-3582
9889
-5069
6398
9082
1791
9514
-9531
5888
2757
-7714
-3175
3054
-6194
-1360
-8422
-8044
2539
3284
-487
-1229
-9396
935
9172
4557
-5741
-5994
7274
8425
710
-7987
4435
-3858
-7515
-9899
-2305
-6762
2159
5466
-9246
7246
4772
1086
9274
-9783
8650
-93
-460
-9331
-8364
-3533
-2573
4438
-3684
9496
-2416
-827
-443
2583
-7981
-8000
3027
6134
9346
6980
-5644
-2481
-5042
9475
1197
680
-7532
-7480
7230
6913
380
-7587
8161
84
2722
-6162
1813
4003
3716
-9903
-6121
7984
-808
1320
-8802
-9698
-835
-166
-8782
-7679
2277
-9959
3202
6002
274
3416
7962
360
-3446
1793
2896
-2995
2979
956
-4958
-3778
-9982
1325
4050
6082
6688
-9744
-6520
9062
-715
8818
-763
2426
9308
3272
7841
5873
2262
-3483
7610
2993
-8032
3517
7425
8589
7458
-4697
-6188
-9181
-3462
6018
-1233
-8721
3108
9588
9329
5450
-491
-2655
5981
-1257
-5062
7779
-9077
1915
204
-9206
3971
5113
1136
6645
7096
-3347
9560
7248
-4346
415
-4860
-2877
8615
3518
8098
-2466
-8139
7774
5594
-8683
-3560
-6344
-3447
3956
7019
7282
2987
3451
-995
-7770
-9876
1573
8090
-7397
6313
-4187
5516
-4839
6660
912
9654
-6427
1676
547
-6716
-887
5505
7981
-5296
-1810
2598
2793
5369
8327
8800
8136
-6193
4873
-2001
-3485
-2454
2939
2948
-6361
-4017
1277
-6075
-6232
-9661
6139
3540
-8449
9320
9839
3067
7319
2501
4154
-1619
-5155
2788
-4925
-2471
8539
9668
5559
-2807
-3906
-9233
114
2644
-2042
-4771
1111
3536
5123
-6728
-3316
7350
-520
-9076
2335
1156
2729
5739
-6064
-4243
8558
6388
-7805
7167
917
-5669
2140
789
-3467
3715
-8559
-5337
-1749
8667
3269
5646
6408
3829
-6605
-8970
646
-3105
2045
5999
7147
8374
-2946
-4062
9357
1602
4800
-3870
8249
2647
-4090
-7634
8457
-963
-9606
-6893
7032
5680
8477
2964
-3964
3943
-7115
-1584
-6103
1766
-6766
6009
5125
-5190
4414
-9597
-5800
-2050
2442
9752
-2966
-6274
4607
9974
4352
-7335
-1670
5737
1646
7167
-7311
2913
4086
5711
-3856
4563
7219
-4064
7767
3041
-4495
1166
6854
9571
840
-5935
-4749
2717
5493
-1794
3261
-507
6020
-4675
9989
8357
-6667
-8735
-6755
-6397
-1964
6250
-4285
5310
863
9494
-9909
-9408
7597
-2708
-8010
9262
2908
1750
-7441
-3945
-3326
7454
6208
4712
-6803
6306
1328
-7742
-110
8652
-972
3500
-7196
300
-6748
4203
-7920
8161
-6301
-8902
3468
-4323
276
7766
8149
5862
3131
3313
-7235
9563
4297
6517
7050
-1776
4734
-1
-6607
3614
4069
8849
9756
-857
-5185
1969
-3003
6090
6389
3392
6980
-7824
-6087
3403
-8861
7662
-1299
-3992
8938
-1939
9247
1742
7051
8662
789
3988
3581
4099
-5512
-850
-5320
-5883
-931
6547
8702
1127
-2441
-8331
1574
-8710
6394
-311
-9988
-4644
-6024
-2453
8343
-8207
8786
-2128
9589
-4416
4136
-6733
7221
5310
2772
1097
-2269
-8537
1923
2656
6627
-6734
-6401
-722
-8718
5356
1814
-3554
-8682
-9750
4602
-8394
8092
4509
-3356
5150
3544
-9456
7280
3992
-4341
6952
-566
-768
2014
4662
5978
1839
3414
6375
-7000
1728
-9724
1054
5521
-2777
-898
6878
1224
-5921
-8743
2729
9614
5628
-2164
4291
-7893
-86
-4909
5766
-1827
-9783
-9591
1022
-2127
-3782
-1712
-9956
-5914
3187
3943
6823
7382
-5573
-4052
-7316
-1906
2477
-9457
-339
9514
4435
-7685
-8525
-6938
4528
4728
-8846
2217
-1880
2683
-926
2242
1168
3949
6038
-1558
2823
-1723
-4202
248
-1314
5583
-261
9769
-5681
-6531
2388
-8262
7293
-8032
-8075
-1027
4729
-8301
-3326
-7631
4605
4381
-522
4386
211
399
-9214
9876
6884
-779
-1979
1580
4210
-4193
4369
3710
-312
5533
-3999
9879
-2801
1303
-8851
9404
-4249
8480
8990
2694
-7472
-8114
9060
-9439
7337
-2720
-1152
3140
-1347
-863
8967
-6887
-830
-3255
-4520
8227
-8192
-2116
-8081
5477
-3413
-9640
-525
-3899
4732
1961
-4811
7775
-4269
-2178
9934
-3608
9281
9742
6339
444
3640
3760
6564
5605
-2186
4642
-8641
-8006
2663
-1906
-2653
-6670
-6102
-5944
-2799
-9068
6711
8073
8256
2446
-6601
-6290
-6218
1459
-9018
-3819
9575
-7104
6124
3752
-9897
-5203
3839
-5866
-3581
7500
-6782
-1047
5379
-4801
896
4664
8819
9554
23
2702
-7514
-4740
-5379
-3496
4793
-7018
-3650
3501
1673
4703
255
-7713
-4784
5342
-9233
4027
-6530
3393
-139
6170
9518
5840
5384
1624
-6072
-2450
8492
-9418
-1535
7826
-4937
7597
6939
-4376
2395
1739
2670
-8947
6516
-3970
9750
932
1671
-6586
-9504
-6387
3509
-5625
5538
952
1594
-7496
4190
4141
5963
-6136
929
-9008
-959
9056
-516
-4061
3392
-8128
-8191
8878
-9759
4980
-7607
-861
9014
-1471
-8804
8268
3241
2879
-6131
-3786
-8433
-5141
-1658
3721
1580
-7789
4412
-129
-8252
-1053
9533
7168
-6947
9019
4309
-8299
-2653
-700
9990
8063
2214
-7407
9263
-634
-8426
7914
-9293
-7547
8065
-2545
9392
-8652
1471
3568
-509
3588
-7765
2031
1000
-5940
-273
-534
9415
-8537
-1346
-7347
-412
-6370
-4365
-9734
4340
3052
-3469
3405
4488
-7839
-8276
-581
8584
2838
1716
-1348
-2717
-4238
-3985
-1657
-6530
-7133
-4576
-6670
-8274
827
-7375
-9919
-7110
399
-875
7229
-7910
-724
-6708
-9279
-724
-1166
4917
8217
3072
-2712
3619
1864
8272
-4458
4088
-3664
7122
3027
-9640
-7783
3420
6763
-8177
-6544
6059
6365
3764
-1709
-1728
4984
2183
2053
2594
-3766
-9058
-7122
-2790
3314
-6857
1128
-6000
-7595
-8821
-1498
-3997
-4490
-3735
3778
-2583
6301
5310
8299
7074
-4364
3934
4301
4187
-4159
6539
4059
1014
-1234
-2446
-2952
-4592
-3681
9144
1402
-7542
3889
2214
1134
6203
-903
-7845
-1300
7752
4803
-4724
-9685
1912
-6230
4493
-405
-1028
-7436
-6386
2328
-9502
6043
2221
-1758
-9914
-9074
-2457
-8854
-8495
2765
-2704
9718
-7032
3161
2762
-5115
1811
-3570
7032
2405
2702
7567
5977
-9384
-7135
445
-3210
-7503
4394
-7739
1721
-7168
5356
6791
5792
9719
1642
6174
-2227
9033
5983
8256
-5648
-741
-2543
-2167
-7842
8513
-1902
8008
-385
5001
-497
-8273
3116
-9684
8370
9125
8421
7063
2302
-2437
-2738
-6453
-3617
-9319
2222
-8964
-1238
7223
9076
8153
-956
5667
-8710
-8329
1284
-105
-5582
8501
4757
-9562
-7351
567
1088
-1247
2811
-7495
-5201
-4570
8928
981
8837
7735
-6326
8319
9168
2389
-507
5113
1640
-5692
-8235
3823
-7154
4609
-4614
8134
5578
4227
-6621
9661
-8611
466
-3109
6607
5040
7672
9623
3634
560
-3288
8786
8443
2482
-5029
-3430
3334
-6907
-818
201
9366
-2244
8102
-5936
-6641
-8292
7127
-7725
6714
4552
2232
330
-2154
4903
6295
1345
-3890
8345
6102
-5355
-9118
-7099
569
-3212
1284
-4053
-9544
-1522
-8922
1254
8180
-447
-1992
9968
795
-5008
2744
679
8529
-6210
3147
-8323
-7154
-3526
2398
-4032
4923
9542
-6182
9738
-5481
-890
-3966
-6069
-7569
-6989
1850
-7143
-1475
-9574
6287
-8149
2012
-1513
8314
2819
9197
-2978
8858
-8352
713
6697
-3138
4692
4763
-1701
6237
-3605
7975
-6761
-2486
-515
-660
-544
-8498
8695
-889
-5379
-3361
1059
-9634
-5527
9834
9555
1517
-8823
-7199
5956
9589
2660
-9846
697
-8003
-1434
5637
-8332
-3449
-2738
4619
-9192
-4787
-3924
1777
-6841
-417
-8905
7133
-59
4653
7527
2771
6259
7591
-6261
9097
460
7776
9492
-2039
256
3374
5256
8757
-2580
5471
7942
-1941
-2475
6620
3134
1769
-7576
-8855
6598
236
-4567
7970
-186
-4687
-5469
-5093
2374
-6128
2299
2315
-69
3159
-8380
-6442
-1359
-4239
3375
3842
5948
-9375
6974
9775
1180
7315
-3105
7594
-6718
-5860
2504
6796
275
-991
-6547
-3999
-64
5173
-9341
7625
-7061
6438
-8263
5319
1623
7578
5359
2955
-4518
9207
-3316
-5441
1996
-1266
-82
-2484
-8199
5096
5646
-6987
5873
2191
2944
9798
8161
-6349
2450
2162
-29
3100
6574
6428
-7837
-4023
5710
6299
-9448
-3811
-2473
244
5355
4836
4492
5542
3333
-7330
-8969
5910
-5301
-3309
4149
2613
5260
8858
-3829
-7579
1453
2535
1073
-7112
-4231
7270
6429
6529
3472
-9387
4110
9282
5892
1136
-6830
8928
3077
2491
-6290
-8709
-5660
3849
1683
-1438
-7699
-3775
2987
-1871
-8032
-4927
-9318
4840
2129
-6927
5159
-5013
-8823
-7079
8902
-8379
1161
8573
8784
1263
9596
-1078
-1072
-26
-8749
496
4137
-3464
6042
-3032
9891
-355
1672
-3724
-1040
6639
-4560
-1112
-8539
219
-8223
-7794
8710
6562
-3806
-1316
3607
-4934
-4932
1026
-1342
3351
-467
4331
5380
163
-6824
123
3062
-1556
1006
-8070
-3995
-7183
-9225
-9908
-8385
-667
-3652
-2944
-3848
-7749
-1615
-6529
6800
-2504
7379
9458
1145
-1237
6557
-9956
-2626
4410
-7144
183
1973
-9269
9179
4074
3763
9729
7133
-679
767
-5504
5247
5208
-5487
-9470
6274
-6448
1578
-812
-8312
2389
7892
-1648
-2780
-5476
6990
6496
-8958
-5195
8146
7204
6974
8440
-2109
789
-1646
-7468
-1171
-3988
-4155
1156
3474
6296
-7172
-7749
-4886
-2719
-1771
-6317
5290
-8592
-1230
-9730
-8648
1387
7636
4124
-7857
8662
-2116
-8562
6022
-7036
8479
-3848
5591
-4387
3047
1330
-5513
6370
554
917
-4503
8758
7130
2510
5391
-9136
6585
6583
1527
5034
-5479
-7741
1251
-716
-5804
9748
586
-1517
1480
1725
-7422
2892
6329
3020
-2766
-1150
-6724
8576
5875
-4206
-1651
7558
488
3643
-6614
-5436
8764
-3882
-5481
3793
8065
-295
6145
-2685
3212
