1825
633
-9612
-6261
9987
-6688
9134
-7185
9076
-7489
-8629
2351
-1635
-4344
4297
1519
-9112
3855
7995
-5079
-9862
5968
2505
2865
-6556
553
-1400
-2083
-2230
-3361
-1310
-6659
-9580
2425
903
-1339
6706
-242
-4018
-3896
-2578
-5390
-4024
-7919
-7256
-9635
2703
-6837
-5087
-3042
9757
7054
-3950
110
-8354
4392
-9999
-4538
-8063
-3376
5267
8880
-8982
3328
-5019
-8031
-9912
-8740
-2808
-2269
-9000
3913
-3796
6418
7463
-3484
-1101
-6550
5707
-1140
-5699
-4652
6430
8524
7694
4663
1184
-5174
-5664
-373
5214
8174
1242
6833
435
7128
-8057
2122
-7877
-6053
7768
-5570
-9079
-8829
-1013
-1898
-517
8980
-7809
-8090
-6427
-7688
-183
-1308
-3120
6234
-9625
-1639
2257
315
-3336
-3073
1462
-4060
6183
9740
-8105
1013
-9769
2142
-6129
-7800
-6102
-9874
-6403
3775
961
3185
8217
6544
-1257
5587
3271
8928
1426
3706
3798
7677
6232
-8557
3290
8048
-1194
-4546
1715
-1196
7331
-8595
7083
-3286
-3891
2030
1763
-6195
1322
2123
-5007
9729
6835
-8511
-2859
4395
6632
2108
-2792
-1940
2112
580
3231
8097
2167
-4977
7445
-8299
79
-6686
-7230
2447
1468
2516
-4228
9286
-9217
8438
-5817
-4390
2394
-9256
-8047
8330
8809
2333
-301
3204
-5018
8365
5055
-6372
3366
-1181
-1395
-9993
-2947
1537
2808
-3753
257
6971
-8165
-6013
5749
910
9775
-5581
-4487
-9454
3942
2230
-2691
3491
-7538
9199
-7060
-7174
-8762
4979
472
1122
1494
4883
-5892
-239
-408
5119
-162
-1482
-8380
-3415
-692
-6558
-8624
553
-1028
-8129
1447
6655
-5781
5820
9577
4504
-1446
108
-6589
-9744
-7281
7972
-119
4436
-9605
4108
-5275
6078
-3621
-5441
3949
-8987
-9182
-4696
-2565
-8679
809
877
-4209
2809
-7692
-625
-1068
4097
6414
4658
9622
-1696
-7712
-7731
-4143
-7483
8697
8924
-3710
2878
-3663
1417
-4159
-9954
-9848
7395
-9184
7866
9355
4241
-4150
-1888
-4766
-2729
2066
-7739
-3991
-6615
-3676
8292
9326
-5684
-2615
-3240
-6814
-1116
2207
4854
-4589
-2835
-2627
-4572
-3105
-3423
5860
5831
-5882
2107
-1190
8290
6720
5385
-5798
7403
-8218
-7882
-3436
-1142
6865
8232
9128
-2610
1976
-9933
-9400
3267
9304
6428
5594
6528
5303
2959
2521
-5629
-4686
-5185
-5908
2801
2179
5948
-9874
9055
9207
7138
32
5163
-7586
-3163
-8702
-4780
-5278
-6187
6218
95
-3732
-980
6308
-8863
2416
9028
4156
9229
3777
-7347
2896
-5374
1035
-7357
-8013
-2657
1993
-3124
9406
-5722
4343
6283
7717
6752
-1824
-7060
4939
-4012
-6044
6929
-9284
-2654
-5767
-8657
-825
-815
4024
-3756
-7523
-4044
3550
-5693
910
228
-2735
9595
6921
5344
-7515
5650
-133
-7618
-9461
-3912
-9054
-3963
-6688
2810
5964
-7917
-2160
-2298
7322
2748
-3450
5277
9768
6867
9092
-7713
-2335
1238
9285
8680
7674
-86
2905
6465
-3778
-6886
-8515
5818
-3010
7342
-4397
-4456
7061
-9863
1502
-4002
4881
-1923
3636
1688
-5595
7581
1239
4355
9959
-7472
8633
5545
1985
7569
9784
9825
7050
7189
-4277
5852
-3993
9838
-3484
-1169
-6520
-2763
6704
-7221
3562
2357
8426
2667
-9135
2930
-822
6702
9747
5789
71
1826
1398
-4041
1164
-7226
8849
-6104
3508
-9824
-6951
7506
8779
9867
7596
6214
-3282
-1963
-6100
1521
-9352
-421
7669
249
4225
9878
8056
6943
-244
-8313
-2410
6628
-7259
9767
2940
-9696
6659
-8341
-9025
-8532
-6592
3398
3137
4607
-9614
8257
-2104
-2936
7273
-1150
-6062
8036
932
7707
6776
1815
-4534
8841
-2910
-9193
-2927
6518
2322
-1666
8882
-2618
-462
2524
-3004
2869
9570
-9975
3363
8641
5518
6042
5839
4313
-7875
9766
-1972
-6841
4021
-2999
8365
7206
36
-5858
628
-498
-9449
-6769
-5231
-2503
5933
-8972
-4677
5905
7545
-1327
-4956
8466
-8233
6311
9359
-8863
6950
-2219
9448
-3277
-5977
-9751
-2187
7278
-7815
5386
2105
-3052
-4356
-5279
-8687
-1614
-2958
-3741
-2176
3292
1516
-9805
5434
-7454
-8642
3875
-5592
4251
5698
-3979
6846
-6935
4534
-7778
-4947
-3248
-8545
2158
4663
-8306
-4931
6949
3844
-9417
-2878
3138
-1566
5379
-5805
8788
3278
8914
5782
-7802
-2886
-1120
4754
7657
269
1086
-313
-2302
2836
-2139
3416
-5471
-1441
8597
1643
-7918
4220
-3341
-4427
9225
-6718
-7047
-5966
1220
3062
4502
-7487
5329
872
-2058
-2990
-669
2103
3001
-1603
3134
3079
4358
-5331
8293
-9602
-9509
-3084
2536
-7206
5869
626
-7561
2399
-5846
-1359
-3037
8010
-2296
4694
1098
-4681
-6803
7184
-4141
949
-227
-6556
-4372
-6384
-162
-307
-9488
5799
9267
-8642
-3977
7698
-1679
-6169
-9577
-6778
-2194
-8001
-1658
-8607
-4294
-3701
493
4359
-8653
-6832
7700
4905
-3318
-8803
-8497
6482
-402
-3168
-9822
-4649
1856
-555
-2879
9353
8606
-5016
6200
-1478
-3229
-9742
1937
-525
6193
-3787
-3760
3753
-9645
-1771
9490
-9459
785
5331
-5372
962
8882
-8530
-1784
-3255
-6200
9395
2070
-1336
3243
6275
7193
-7760
-3044
-834
8948
7110
-7531
-9116
-3580
6733
1389
-8381
5839
6395
-5316
-155
716
4271
-1060
-9309
-6440
-3091
-5237
-4875
7634
-8199
7528
797
-1992
-8785
-1611
-3816
7296
4597
3911
1323
8156
3095
-6091
-4138
3464
6180
2114
7912
6222
-1384
9647
-2131
-7153
-9724
8590
7541
-2280
-1310
-6619
1227
-2551
-215
2742
3540
-480
-2140
5098
2614
4784
1945
-8479
300
-9028
3286
399
7998
-4419
9224
-1917
-2109
-39
-1002
878
6589
6075
-1919
-755
4441
-6876
4684
7858
-896
1035
-3508
-3311
8505
5131
6733
3913
8373
6237
1854
-7747
2399
-5849
-2404
6274
8516
4525
-5377
4472
-4659
2153
8607
-4615
-7462
3555
9838
-7242
8550
2891
3095
-4971
-4668
-3215
-3417
968
-7901
9439
-7985
4052
8733
-3969
288
-6725
-7815
4298
4055
-708
1952
988
5385
-6986
6068
2609
4777
-3804
-5644
-1463
5545
-6578
3523
-226
1505
8262
-847
-4969
4743
-7371
4372
-4481
3790
-3527
-1448
9283
3589
7213
-9534
-6265
-1251
1213
-9297
-6518
-5813
-6109
-9024
4564
-5951
-1199
3414
6970
-6897
-5160
1615
-7087
-6727
7913
-7812
555
2581
6262
-2615
3108
9416
1077
5055
-8218
-7426
-3089
3076
7163
-9422
-7665
-5076
8201
6120
-6341
-6258
4735
-5569
-4334
-1363
-4549
2740
-8791
9667
3550
6690
-2082
9059
-7738
-5652
8126
-3486
6634
-4891
-7399
-2054
9808
-8253
-8090
-8725
5746
-1939
6654
8644
-8886
-8242
938
-905
-6331
-7721
2993
-7818
479
-622
-6712
7591
7623
-2210
-7499
753
-5414
2126
7345
-612
4026
4898
8859
4578
-6825
-7262
6094
-6269
-6419
-8129
8322
7987
-1052
-8670
5324
9363
4500
-3283
-9183
760
9843
6996
8136
9359
3813
1254
-2559
-1775
-3741
7961
1860
-9506
-3594
-1168
-3719
-2566
9040
6841
3906
2235
-4057
3792
5719
-6021
-3190
-3034
2997
-6661
4260
-8564
9601
2256
-6034
9923
1281
6489
4190
5710
-2923
6273
-6763
7727
5329
9173
-7179
7374
-856
4440
-8969
9527
-6540
9626
-1314
4220
6638
9388
8679
-3176
-3939
-4311
948
-6447
-609
5376
2754
4278
-4901
4028
-1949
-654
-9607
8711
7537
7936
-1784
6227
-6843
6518
983
276
-125
9460
-5001
158
8445
9715
-7970
-9758
-7162
-6738
5522
-677
3149
30
-5699
3621
8519
-9458
-2323
9042
7479
-6116
-9585
1414
5763
-2878
-2788
1497
4058
831
-366
-7480
-7776
-6342
6569
8993
-5612
-3603
-2542
-7627
-8425
9237
-5915
-3834
8144
-8771
5470
-2844
-3658
-9581
7978
-1601
-6922
-1351
8877
-4622
7907
2943
-7097
9142
-1399
4160
-7053
8960
-2189
-1888
-7585
1979
7705
-2756
8469
8615
8772
-8648
9999
-6928
-9847
7130
94
5677
-9815
-6198
-6433
8266
3243
-1602
-8151
9035
-9830
5457
2815
-8261
-6727
-6863
9585
3800
4386
8783
-8727
-5387
1652
-609
996
2263
-9904
-2479
-7767
-6038
-9241
-5712
4291
8452
1954
3493
3929
8074
9790
-7372
816
-864
-1915
-8011
2052
7004
9883
-3200
8224
-437
-4397
-2137
2803
-8142
6238
-2674
6843
-3338
292
7359
-5236
537
-7323
4907
4794
626
2858
-5991
2408
-1024
-6359
-6188
-3616
-9377
6694
4289
-8085
-9184
-1877
1229
8670
-2330
2010
3441
5026
-6564
4415
4561
1055
-5625
9060
-1112
-7856
5956
-537
1036
-325
6704
-133
8760
6049
-9066
-7763
-6873
-9732
6952
-8973
-2400
-5015
3387
6576
-5195
8283
-6137
22
-7018
5800
1604
8119
-2494
6343
8230
-2355
7338
-6417
-9342
8721
-4991
-4062
-666
5707
-120
-304
9586
4891
-6308
4369
-1623
8463
5706
9922
4587
-4897
422
4804
-2388
9995
-8984
6004
-8578
-5583
-6330
4933
4377
2229
2494
-5457
-7119
-5541
-3380
8613
2885
7835
6845
-3425
-1389
-8273
8703
2858
-2128
-4902
-6154
-7528
-8252
-1489
-711
7574
8657
-503
8699
4776
-9406
-1154
-5076
-2910
2708
8017
5477
-4172
-5454
-1431
2166
-3483
9557
5601
1870
-505
3193
-4150
7365
-1249
5462
-5686
-108
-7354
6958
3932
8226
1257
5241
-7887
2723
-9794
7345
7603
-4903
7064
-1079
207
-9697
-9819
-3113
-9034
-2814
5050
4621
-5917
-4495
-3
-4605
3030
-8964
9409
-6921
5994
6674
-3376
9504
-4418
-5891
2059
-3328
9508
-1271
-58
4230
945
-9672
4236
-2865
6825
7663
3633
6825
1141
-931
-9029
-4183
-3027
-3088
2782
9619
760
300
-6616
2654
1415
-8532
-6183
2515
3946
2281
6449
-5674
9494
7170
-1178
-204
-7749
3942
-3163
5751
2306
-8063
-9226
9143
-1132
7406
-5448
3442
509
297
3644
2592
-2087
-7573
9652
4709
3076
5269
7641
-4560
9010
-9014
2380
-9776
-6998
-7310
3153
5963
4955
-8494
-8826
-3037
-8874
5339
-3502
8805
5912
-2061
6115
6112
-5778
-746
5358
6735
-6721
8150
3406
8586
-5268
9207
-8042
2764
786
-645
3010
-3545
-6945
-6604
-657
-7482
2186
-8345
-9292
7434
-419
1772
60
-3596
1351
9782
4592
6345
7083
1248
5196
-5102
-7903
4829
-3961
3283
-5573
-3731
-5772
-1912
-6826
-7058
2923
3483
-3288
-4439
-5819
3260
6566
3270
5062
7362
-8872
-2061
-5109
-5709
227
9172
-8666
-3160
3017
3504
-3966
4070
3467
-2613
4198
-3843
-7490
4123
9461
6067
5242
-8357
6847
-5352
-4756
3633
3510
-4052
-30
-815
-917
5753
-3084
-403
5867
9604
-2664
3687
5313
7358
-4511
9313
-7546
9331
-9406
7971
1885
6407
5566
888
2646
2681
-1402
-2263
-879
-7353
3111
1890
-9122
5106
9143
1815
-263
1343
201
70
1478
2375
9066
-5283
8178
955
9341
-8272
915
4373
-5933
-610
-276
5762
3017
5587
-927
9203
7113
4000
6202
5795
3892
5754
8855
-901
-7412
-8415
-1977
2479
-9543
5494
-6414
-6605
-5567
553
7539
-9099
-9128
-7986
4690
-1473
6051
7741
-1207
-5385
-1861
-9168
1627
2191
-2314
-8693
-5308
-3272
9678
-7066
2500
-2381
-100
-4584
9751
-3411
8981
6845
-6387
-5732
-1960
9377
2782
-4498
-8842
6771
4154
-5177
-6613
-847
689
10000
-5539
-2792
-5949
8926
9265
-6259
717
9337
5828
1918
8717
6691
1540
9136
3941
3094
-3811
7110
-6755
1908
2143
6057
-7368
-4341
8799
-8859
794
8290
-1889
-4949
-7009
619
4047
1167
3633
1522
9237
-8800
6200
-3671
8743
2107
2826
-9416
-4955
-1242
-5911
6486
-8133
-1673
-3432
-6358
-7057
-2965
6305
9724
9169
2101
6330
361
9628
-377
1318
2096
-1560
8375
117
3535
-1698
-492
498
-1766
-6612
9092
-7084
-9316
4764
8456
4876
-8349
8729
397
-6294
2250
-122
-6683
6121
-7574
6973
-8176
-9254
8669
9626
-7034
-733
-3173
-6560
-6205
-6194
9079
6008
-9984
3541
-3088
2666
-448
3471
5563
-1401
7223
-7253
9544
-1438
-2205
5089
-44
5182
6647
-7332
-5069
5591
-5295
-3854
1711
4785
1166
-3932
9031
-4464
-4981
-169
4431
-5605
5284
-5172
1761
-929
8821
8973
-7474
-8632
-5904
8503
5833
-35
2155
-7845
5365
6942
6289
-9414
-6567
6756
-3404
1759
-5187
-4684
-4626
9245
6337
-2746
6892
2518
-2150
-4694
-1157
6368
-9732
4472
3384
-3365
-6753
3364
292
7478
9174
-7605
1026
-1777
9357
-3905
6678
8272
-3027
-5061
1890
-5962
-486
-1639
-6649
-5257
793
-8572
1825
3049
-7681
7437
9014
2957
-2452
-6162
-3791
-9493
2221
-7961
1625
-3265
-1527
-422
-7392
6696
1545
-3816
-2665
-6212
3933
4962
9788
7358
-5673
9268
8110
3896
-7186
8921
5690
554
8471
9646
9307
-1841
-7044
1916
-6632
6059
7059
5063
7110
-4535
1144
-4327
-2209
-918
-5200
1597
1524
-4413
1717
-277
8483
-3777
-8976
-3557
8298
-6035
-1937
-3213
-1256
-4974
5579
-2965
-6418
9717
2981
-6454
4391
-2905
-8539
-4893
2936
-1386
-1374
3602
-5889
-9672
-5198
9791
-4097
7896
8687
-6188
6918
-1517
4771
6424
4185
9583
-8148
-8436
-1475
-2051
7788
-1567
6056
-4297
5259
1547
6895
-8791
-261
5078
9795
9689
-1960
-2350
7885
6005
8380
-1497
-8433
-2995
6443
-3744
9298
-9374
2069
1782
-2185
-86
-3152
6777
-5318
-492
-8215
1339
-5148
8030
68
-6772
5275
-1686
-6894
2960
896
7935
2838
-8369
8766
-4195
-6416
-5812
5931
7327
7811
6864
5292
-5182
-5502
4104
-2431
3817
-8561
5741
6100
-1622
3421
1574
4229
4319
2971
-2765
-8419
1545
-1406
411
-2484
-6579
435
-9531
-4801
-5656
1164
-5771
-9988
-2263
-1256
1837
-2744
-4839
-8809
9490
5538
-3374
2816
-785
-2313
1547
5027
9157
2337
-6248
-9572
6970
-1927
5594
4804
1147
6861
9889
-6467
-2658
5038
7350
2534
-8783
-7134
7902
-7817
9325
2875
3846
825
9229
-1871
5778
6237
441
-955
5809
3821
5259
4408
-7795
-8694
1891
9564
6115
-8370
-545
-7897
286
9243
4901
-883
2687
8847
9577
-680
-536
520
8865
7984
1335
-3964
-5861
3312
3066
8567
3947
-3363
6543
6373
4522
-1163
-7561
-8052
-5848
7220
725
8396
7953
9053
5195
-7456
-7614
-8183
-4945
-9696
-5633
6856
-2624
6310
5870
-1662
6607
5205
-1747
7529
-5386
-9027
1368
3536
2140
-4141
-6752
1505
4981
2424
6224
-9359
5166
3423
-1510
3898
-6389
6489
2731
-1802
-3166
-1309
-5128
3460
5264
-471
1131
1490
-8161
-9581
-131
4743
6595
8860
-6227
-8973
-9402
5087
1106
-7408
9056
-4331
-5219
-7981
-8580
3973
5456
-9121
1832
-7208
1647
-2703
-574
-4411
7374
993
3160
-3549
2822
4247
-5232
6166
8703
6996
2354
6382
-633
3998
8199
-7789
-2785
-1314
-9564
7203
-8103
-4070
-1299
4789
9946
58
-31
-7266
-6589
7530
-5478
4583
-5753
6309
-2097
-779
997
3612
1819
-6558
-5665
9919
-724
4531
-2904
-5594
-8631
8048
-2216
-6022
785
1059
3968
-1554
5124
9572
3370
8700
-6874
-4899
-4500
-686
4681
-5125
-3165
8751
8905
-4008
4596
-374
3221
-5865
-8295
-6995
5261
-914
7698
1727
-682
8001
-6751
7081
7723
-678
-8976
3757
6112
-8212
-7161
-4218
4982
-5223
3408
-8911
9389
2415
9959
8798
3940
-6115
944
-5135
5070
6196
-4012
-6335
-609
-359
8636
-2184
6381
7734
-4850
7685
-4824
6274
-2117
2359
9854
-6531
-3115
5976
-5551
9038
1310
8366
3620
-3774
-4377
-9205
6044
7942
-7756
-3511
4866
-2644
3939
9937
-603
-9960
-3432
-1896
4461
-9392
-2771
-6063
-7196
6669
-3455
-8843
-9262
-8514
-3200
9052
-2700
4121
7544
-4213
-5108
-7825
5493
-8649
23
7710
-7637
3845
-6004
1771
8971
-5460
-8858
-6629
-1519
6773
-7513
-3791
3763
-5372
-4333
4967
-4884
8457
-4854
1049
-1874
2251
315
-9030
-6670
2692
8719
-7353
8653
7867
6614
-2948
5082
-7405
4317
2599
-8333
488
-1866
7144
-4177
-2031
1650
-9529
9753
-6091
-6335
-6728
-3381
-6669
7530
1160
-900
-8627
-1395
-9400
-4842
5702
2349
-4671
3410
-8301
-4957
4917
-5984
-1092
7097
90
652
-9300
-4596
695
-7156
3022
8658
-4596
-5533
-912
-2626
641
6752
-8115
3864
-5748
-6658
8499
9899
6742
-8690
7884
5342
-9476
-3970
-3242
7567
-5528
9629
-2646
-4642
-1140
-7516
-2133
8583
3940
5808
8570
-662
487
-5456
-2134
-3177
1700
-1890
8063
-3880
-3822
9961
-4968
-5090
9742
6695
-6196
9392
9213
2128
1469
7802
6774
3204
-8349
-4276
3057
9541
6955
-2529
-8543
-2712
-6790
-7279
8813
2617
1554
2226
-6875
5523
6362
1339
1238
8368
1935
-8381
-8060
-3064
-1998
-1953
1938
-2705
-3395
-9835
2649
8792
-3233
6892
-4555
4934
-3731
-5396
1234
-7798
-3429
-5277
-413
551
2860
-4499
3289
7470
3900
-6522
-7936
-1000
-4620
-2683
8630
4110
-5629
-2148
-1674
-1494
-9708
-1125
-3571
2883
-3779
-5979
-9234
-558
-1189
-2002
-6350
981
2690
736
6963
-7417
6524
3930
8889
6388
-1558
-1513
-7676
5855
2576
4247
4455
7128
-3490
9176
6278
5692
-2514
-7388
-3309
8367
3131
9161
1571
-5498
-6088
1120
888
7279
565
-3701
-5089
-2688
7197
-4885
5620
8028
-1665
-7980
-273
-9621
5209
-7013
5912
1769
-7618
3221
7801
6847
8977
-66
-8404
9042
-8794
-2223
5404
-7124
4987
6068
-2052
4449
660
5346
-2980
-6342
-3595
-5876
5102
5985
1953
7460
-6333
-9988
-9798
9452
-4545
3923
7775
-8859
-5344
-6290
7467
6299
97
6614
2840
-5650
4917
9654
-8510
7809
7300
-3105
-2533
-7628
9496
551
900
5788
-6799
4950
2012
-4145
-4493
-470
-2008
-3917
9366
-2090
6021
969
429
-3081
-6198
-1396
-8746
-197
4616
3658
-8131
-5221
8118
-544
6899
-9353
2517
5448
5781
3870
-5644
-2598
-8698
6463
-2248
-159
1152
-7712
8909
8484
5655
6261
3795
3137
4851
-4442
4371
-3806
-756
-8318
-5949
5728
-2887
-7437
-5372
9810
8968
9913
7055
1306
9373
-7927
3109
4592
478
7163
-5334
-3347
-2712
1307
-4494
-1300
6257
-9293
1499
8568
1046
-8704
5821
2587
-8002
-3420
8848
638
-5330
-7455
-3702
-3075
-7028
-9748
8526
2463
820
6612
7216
4092
9187
-9544
-164
-7553
-312
6110
-7699
7426
5384
785
-574
3492
4947
-739
5152
-7376
-9749
-8857
-5709
2998
-900
-2538
2677
-2834
-52
2189
3579
596
-2783
7767
2915
3672
-7415
-5201
8316
-5410
-7065
7057
-2916
8188
4907
3458
8082
-3074
1350
9904
6386
864
-7079
8405
2024
-2280
-7818
7120
-4767
-2201
5014
-1564
-3959
3958
-1656
7374
1085
4880
3968
586
2997
3615
7793
6471
-3014
3017
-3164
-2030
3787
9820
-1773
481
4104
3764
9815
8257
1584
-4354
-3069
-6369
4619
-3013
1936
8326
9842
-2036
-1671
-6246
5919
9460
7040
-5261
-507
720
1265
-3883
-4854
3799
-6251
4592
-9731
-4486
4816
-4612
-7087
2280
-5942
1528
-4183
5523
-889
2256
815
6415
-1441
-6675
-5659
2708
-1515
-9216
4821
-3071
-9891
-2647
4185
7408
4935
-8344
7310
1717
0
6488
-2320
-9488
-9027
-7742
4459
8080
-3535
-5259
5825
-9049
3754
2118
146
5965
-4794
4690
-8432
1904
-3434
-6828
798
-1508
9015
3275
875
-9284
-2171
3241
-1784
-6601
-5402
6688
-6897
-4807
8258
6559
-4330
767
5180
-9912
1425
-4196
-5865
9719
-4381
-3226
6461
6954
-8600
5759
-4850
9521
-7349
9423
4819
-543
9869
2149
2002
-3610
5222
8769
9154
6669
4831
-6401
9528
9430
-4941
2847
-4897
-1379
22
-7755
-9133
-8818
9525
-5858
9147
9682
-3352
-5279
-2473
4327
-5864
1547
-4796
-8963
-4373
9793
1344
-5949
-5636
3376
-3212
-1790
3088
-7109
3388
-9346
-8302
7205
7567
-5483
-2475
8080
1667
-9235
-7600
8222
1356
-8344
-2454
3490
8908
4052
5510
-6407
9194
-4916
-5456
-4271
9745
-536
120
-7259
-9461
-5167
-6316
-62
-6776
-9353
6337
7068
854
4976
-1675
1623
-8760
5409
900
-4467
7430
-7798
-6582
-5105
1768
8972
5630
2551
9197
9901
8504
-8688
-6614
6242
5364
8282
-7839
4054
1426
4591
8383
-500
9527
8483
-9627
-9044
-5245
-1965
6374
7469
8767
-4134
-103
4913
8149
8675
5286
1017
-628
7266
-7594
6292
-2180
2485
-964
-7844
677
7182
5139
8716
4668
-4635
-6513
-2275
-8051
5283
2889
5307
-750
1350
7128
-4795
-6855
243
5550
3695
-4640
1253
4428
465
7369
7800
-1953
-5583
9875
-9217
3641
5841
3502
-1915
-6305
3810
1216
9648
-9444
5542
-5432
-6561
-3193
-4324
3398
4719
8784
2084
-8899
-9896
934
2919
-4435
5548
-1500
5129
5068
-5082
-299
9146
-3667
-6842
2069
8769
7430
-4502
8229
-2259
-7243
8009
8291
-7986
-4674
-6638
-8576
6593
6247
-6241
-5233
-7914
981
7370
4454
-6251
5147
-9584
-5263
2048
-7682
9944
9282
-1480
-770
-501
7479
8013
-2727
-373
-6058
1628
4505
2928
2363
-2045
6911
-7534
6972
2052
2910
-8347
9981
-5807
8299
9711
7899
-4876
4445
-8860
2543
1675
-8803
-1838
4854
-5964
2496
7799
4647
-5125
-9340
215
-1981
3005
-7418
858
7029
-5359
-2542
-3942
-3145
-2083
2759
3266
-2136
7796
-4434
4832
1689
2628
-3388
1008
-2342
4565
-9052
-61
5443
-3109
5705
6595
-4134
-1633
-2426
4316
-6538
-2375
2643
-2398
4078
-3699
-4882
693
8106
4013
8631
7055
-4893
486
-3118
2108
2430
3612
2254
2950
-2450
569
5972
-7475
7628
-1307
6763
-5277
7018
1363
358
-9412
-2415
-4496
-1158
5705
-4579
6416
-6299
2732
1041
8116
7034
6132
-6523
-3624
-2500
-5472
-2962
-2336
8873
554
8556
520
-6416
-6725
-4308
87
-7994
-5553
2133
5247
5254
-8033
-740
-9281
-2848
-2403
4244
4373
6857
7587
-3735
-7113
850
-6311
-3857
-1158
1916
9010
4903
-6333
9450
798
-5859
-422
-1445
-8962
5382
5868
-6639
-7726
5804
-8639
5985
344
-9886
-669
-3576
5985
-1288
388
-5462
-337
-7491
8178
4540
-4334
-8272
-4803
-1155
5056
-3705
-1292
-1903
6423
3180
8144
3718
-5064
916
203
6309
-8487
4082
-1134
3698
-8498
-6770
-8003
-4769
2731
6789
2175
3498
-1087
2560
7438
-1854
1907
4180
107
-2227
4792
6198
8685
1688
-3094
-9574
-2603
-7386
9354
6825
-541
-939
-1188
7485
-8873
9835
-3477
-647
9913
5496
5106
-7556
7780
-979
4935
-62
6974
-6027
-2229
11
-5014
-3630
-1338
640
5888
131
9059
3439
5458
-481
5825
3038
-3472
1246
-8632
8230
-9369
6642
4439
9414
-684
-7047
7677
-1481
3522
-5182
4447
6407
-4324
2494
-9027
1703
-930
-7119
-5350
-9265
8817
5257
-7301
4129
-5298
9814
6855
-4181
-481
3680
-8355
-9969
8812
198
-564
-8407
-9140
-15
5513
5407
-4431
1796
4623
225
4483
4088
-8090
8684
6285
6972
-3116
-3335
7048
-5122
-205
6066
-4331
8362
-4435
2743
6202
1884
407
29
-1888
-5924
5397
1699
-16
-3875
-5101
5487
7191
8563
-370
1784
4410
-8748
-1301
-2363
-2599
1759
-7154
-685
-1446
3641
6711
-5348
7576
-5165
3882
-4752
-9166
644
7639
-4146
-4092
-6605
3699
-5900
7840
9066
7748
-44
-5577
-1419
-6473
-4919
-23
-9722
-3171
-7112
3047
8608
-9302
-5773
4293
8920
1972
-8866
4547
-7718
65
7953
-5056
-2349
-8480
-3702
-6544
-2904
-787
6455
3305
-1568
5494
-4937
-8394
3137
65
-1451
5708
8277
9873
-3756
-3521
-9974
6319
-2231
1914
4083
9515
-5909
3450
-6859
6125
-2477
-2459
5942
2228
-5460
3303
-6384
4386
-6442
2149
9983
-9516
1415
9916
4472
5599
-8113
-6314
8898
773
5555
-6199
2906
7979
7910
-9804
606
-5895
2280
-7866
-4167
-4693
-4015
-1115
8378
-6826
3801
-1178
-5023
8966
7875
6531
5117
-1040
6487
-2829
7801
-2315
-5975
1662
-6997
2465
6696
5603
-814
7664
2434
-255
-4145
7859
-6905
-5942
1855
-1613
-9495
2672
-8577
-9152
-5461
-2048
1230
-2598
5496
-8908
-2058
-4746
5775
3666
3266
-4215
-2366
-3541
-9115
-5302
-3275
-7171
7738
5465
7241
-2483
-2866
1999
946
2083
5155
-2162
5255
-3937
-3879
7795
-6769
7672
2366
6290
-3082
8412
-4757
4678
-8881
-751
7418
2534
5299
-5212
-5632
-2432
-6784
-8313
-5114
-3773
-8142
5256
-8274
6913
9410
1140
7219
9773
-7713
2628
9002
-8344
3378
7008
3760
5840
2235
-9727
3108
-2652
7247
4633
4356
704
394
-3412
-5968
-1332
-98
-1985
1042
-5378
359
2018
-8546
7861
5262
-5098
6509
-7250
6546
-5625
-7494
-1168
-2507
-6021
-4226
6178
3689
-4465
-2528
-9163
-4514
-1031
-9376
1834
301
-2854
6286
-7834
-5964
-2744
2056
4061
6084
-8520
-4359
-3927
-6037
2267
6687
-494
-360
-9723
5689
1703
-7673
-5
4083
8212
-1102
5046
6036
-6797
-9387
-6268
-5107
8674
-6627
-3228
-9705
-2669
-7980
-5320
-7386
7695
-4520
-2942
-7221
7673
2949
-8972
9011
-4724
4867
4885
9162
3228
-5931
8389
-5667
-8176
-7361
-1071
8836
-6132
-994
5217
-156
-6087
-4357
8706
8997
-491
-4089
-5675
-5733
3835
-4434
-8526
300
-7299
-2504
-3740
7224
3191
-3556
-9990
1686
-2156
-7608
-2061
-6357
-9472
-3376
8201
5394
-4155
-6746
1734
-253
6023
8777
9940
-1797
-1416
-2563
-4572
4529
-7817
-9205
-8697
-1756
-1302
-611
3991
-4951
-8409
-868
1090
-6683
-5814
-8540
-3173
4084
-7020
9380
-9535
-9018
-5163
-2703
1601
1890
-4985
-4902
8567
8305
-5049
485
-3634
1711
-3353
4371
4696
-567
-5634
9193
5230
-5587
5866
7872
-2159
-1183
-2723
-4807
7464
-5354
-4098
-8730
-9483
3943
4175
-6430
-7965
-8465
-4003
-9396
4212
1493
-7027
-4743
3916
-9984
-5628
7681
5699
4866
3357
-5301
2732
-4694
249
432
8344
-2278
5388
9973
-9067
5764
-1694
-4204
-148
9903
2840
-2362
9278
-8925
-1104
-4997
3984
9810
8043
5508
-6962
-3591
-6894
-1641
1454
-2762
6807
-2718
-5732
-4891
4168
-9892
1721
6074
-5574
4818
-7830
-3021
-348
-6799
-201
9219
7842
-9664
-9732
-8907
-6281
-7441
4485
2387
5381
-2229
-8373
7581
-4564
-8566
7397
5680
2247
6081
4119
3244
9368
6237
-9542
-9152
-2097
-9577
-9124
2457
4499
-7033
6254
-6375
1813
-2593
2207
4385
-8967
4887
-6309
-6741
6955
-2112
-3872
-9572
-1813
8124
-2289
4183
7029
7482
7620
1166
-460
-3777
4991
-2517
-1098
-8674
6163
5046
9328
8739
-6745
-96
6738
3358
-3701
7805
8001
-9837
1041
8980
7835
-1110
7867
-4027
669
-7391
-8336
6306
-9247
5587
7492
-6802
-1133
-9316
-433
-8057
8836
-7963
4816
-7926
109
-5368
8307
7934
-9865
-7481
-3278
6735
4104
-3565
764
-6512
-9284
7409
-4515
9014
7609
3392
3819
8385
9902
7241
-712
9926
2880
-2827
3169
7498
-6962
-4458
921
7414
4050
8787
4651
3343
2109
-1662
-2501
5003
-4847
-3037
60
3242
290
-7412
-1290
-5475
-1659
8158
-8221
-8389
7556
-1587
-6665
9332
6216
626
3685
-3856
-308
8576
101
4522
-4639
-577
-7937
5262
8968
-4135
-8373
6342
-2120
-336
-507
7287
1601
4230
-5042
8997
-4984
-6271
9853
1746
5491
6669
6335
2727
4401
1044
6405
-5396
7171
-8865
76
2977
-8494
-5831
2658
-192
3922
-7535
-8780
-531
-2106
-4587
7689
1173
2255
-8664
566
-4077
5987
4912
-5980
-9676
-1366
-8550
3993
-9122
9659
-2603
-2944
2083
2090
-9251
-5481
9737
-4704
9455
2011
6781
4350
4254
-427
2039
7750
-6377
-689
-4544
-8617
2693
-1664
-889
-4906
-6410
5451
-23
9378
-2918
-1385
3728
1899
-4691
7858
4541
-1137
8763
5176
-8010
-6676
-4965
-6777
2899
9932
4306
-9276
-1165
-3730
-4686
4099
9367
-5908
5459
-4710
4554
1905
-3292
3824
-579
4919
-9202
4428
5347
9935
731
-6898
5506
9693
3779
-2067
2771
-6482
5788
6696
-5220
3559
5687
-3490
7684
-3928
-6301
-2518
7636
-2242
-1758
4716
6905
-7674
5834
991
-4921
1731
-7180
-2390
6260
-5208
3860
7761
3780
-2736
2757
-5412
-8779
-1704
9057
4347
-1304
-4743
-7235
-8869
6987
1400
7751
7552
-1577
-5158
-3018
3893
-756
-6523
2103
1310
-736
-1570
6092
-9587
4630
8007
5099
3341
690
-7623
3471
5642
-1094
4779
-1914
1521
-4174
5521
3994
-6792
8726
-847
9720
7323
-6353
650
795
-2721
6670
1978
514
6227
-653
-6360
-6252
-9570
9383
6189
4031
7483
9038
-9374
-2750
-1674
8098
4844
-307
-8103
-9398
-8868
5075
4654
-7954
3586
-3978
-8462
-5270
-4707
-2751
3505
2225
4875
-4873
-9406
5574
-2853
-3156
-1813
7608
6398
-1969
-3234
-4561
8450
8714
722
7009
-2087
-287
-3442
-4668
-9603
-4014
8805
-8769
5020
2804
617
7484
-7340
1146
6450
3783
3961
-1929
4355
-503
-9786
4096
-905
4448
7790
7634
3593
9881
1046
5508
618
1898
-4584
1812
-235
-1882
7796
1637
9995
-455
-4609
907
3453
-8200
9116
-3820
-8216
-756
8982
1419
-4551
-2873
-7541
7273
-8237
-5492
-8247
5331
4766
965
-1863
540
-4619
-4212
-7651
-5039
899
1720
4680
1420
1305
6128
-8343
-9850
6156
1383
197
-7684
-2987
2376
6284
8622
-6072
-3385
301
3404
6193
-1665
-3107
5616
1917
6078
9402
-4219
-8728
-5784
-5690
9129
-6452
-729
1053
7351
8593
3875
-3709
4978
9431
-4961
-1864
-4702
-6036
-6960
6910
9404
2719
-9326
709
9837
-4840
6628
6374
8475
-7419
7235
-3737
-2187
-1503
-4357
6530
-3542
-7885
901
8192
4290
-3432
399
-7163
4837
6
8528
558
-380
9789
3680
7189
7770
3644
411
7028
7159
1116
6661
-4449
8997
-1608
4162
-6807
-60
-6376
-1598
-8277
-1837
44
1752
1260
830
8547
7158
4100
3102
-7636
-3554
-4410
4751
2386
6829
-1838
5908
-3480
-7103
2796
-8310
518
3063
-2343
5546
-6031
748
-5193
659
-6465
3617
8657
7971
8004
4902
5211
4661
-5757
9014
-1330
2996
-4602
6084
2274
-5862
8750
-2587
-9555
-6743
4962
1450
8987
196
1296
-7041
2401
-436
9202
3998
5405
3754
1889
3984
-6865
-5097
-5946
1157
3202
429
-6414
5369
2039
-4217
-7713
-1950
-5259
5759
-4149
8294
1116
8983
4063
-412
-8667
7793
-1140
7105
5522
3108
-4854
5492
1662
8292
9581
-9248
7906
6865
8535
-90
7500
98
4341
-3811
3269
2364
2811
-4468
-768
8978
-262
-4211
-9970
-4667
7609
1692
4155
767
-6367
8958
-4882
-5797
2687
5338
-6180
7138
-5606
-6952
-9445
-1218
-4796
2117
-2889
-5812
-1275
6257
-5883
855
-1770
4650
-9023
3524
3743
7793
-5332
9217
3419
-2066
-6678
2580
-3616
7888
2150
1711
1623
-8628
-1950
4312
-9971
6151
1150
6694
-4494
3079
-2578
5253
4801
7593
-7039
5355
1997
3906
-2104
4362
-7282
452
-7786
-3985
-2921
8210
8531
2104
-4030
-3665
-6212
5703
-5558
-4390
-8022
-4722
-3945
-433
-6540
1219
7004
-1325
-6614
-9509
8796
-6817
5157
-700
-8440
-9250
-5481
-9403
-3175
-6828
7370
1301
-6285
-38
7736
7728
-9954
7930
4394
7446
1613
7049
7292
6403
-9866
-3433
7327
-3415
-2698
7285
2782
3429
6367
687
7393
-318
-8081
1004
2045
7991
9387
-6556
4184
-2024
48
6522
5197
3978
-4117
-4088
-6175
7106
886
-377
-6783
5252
3462
-6850
-267
6389
-6810
-5559
21
-8486
5290
9854
9610
8155
-6946
-3003
-8644
-1885
8112
-8531
-1475
-5587
-7243
-4030
4362
-616
-1327
9701
-9416
3515
1704
-3948
427
2265
-8664
970
6500
4040
5826
-9491
4327
8141
-5951
7513
-8846
-3099
-9603
5302
-5116
-8752
-6843
7680
-1239
-2551
-21
7153
-3380
-4265
2657
-1381
9076
-4846
5377
-2098
4347
-3273
-4918
-7677
-3401
9851
-6348
8250
-7164
5701
1782
-541
8286
-5901
1164
9378
-5819
-8147
1934
-4226
-2315
9650
-4784
2034
-9756
2507
2134
2182
-8434
1788
4444
-5376
-4647
-1179
7002
