-9143
-4902
-4554
3124
-4756
3760
-337
2212
8375
5593
-7885
2229
-328
-5359
4289
-4907
3091
2488
-9175
-7493
-1758
-1603
8881
-6726
2851
6742
229
-6911
6777
-9980
-1696
-4434
8532
-5483
6301
-2012
9846
-4346
-3649
6058
6062
-3869
8186
-9628
-2755
7316
-7000
-1595
-341
-6687
-3227
9951
9726
-1504
-504
-3395
8453
-1240
9813
-781
4716
7621
-2514
2366
6119
5779
2423
-339
1136
-9942
5364
-8618
3838
254
6800
-3535
6649
2141
-6853
-7697
-1653
-8624
7322
-9060
8267
9017
-7140
6017
4001
4484
1131
-7206
5437
-2103
-1883
-1645
8582
-4289
6109
-772
-1304
9675
-4936
-9065
-5690
4903
-2251
-3963
-4852
4162
-6421
-9049
-6963
-4749
8519
6644
-9117
-2480
4505
-7272
4985
319
-9744
-3848
3172
-7275
-1694
7803
7698
-2287
-643
2914
-8069
9603
8965
105
-4053
-7998
-6522
3127
-9443
6039
-3562
-677
-9862
9588
-2744
5272
1968
-5741
-8770
2973
-5286
9481
-7513
947
-3364
5458
6490
1722
-7906
-7537
5075
4054
-8146
2997
-5939
-295
7823
6600
-8865
-9324
-3813
-2167
4285
2239
3739
5703
6713
-5267
4673
-4690
7547
624
1448
2691
-2650
1446
999
7098
-2583
-1320
-8702
-521
2394
2425
-3704
3123
3468
8854
2880
-3994
-2088
3303
-7249
4587
8105
5962
-419
-6172
-2359
4208
5955
-6290
-3378
-487
-9441
-6256
-2265
-3624
1433
-2931
9661
5743
-9530
-3155
-206
2948
1319
-8528
8019
2978
5103
1530
-1365
-7150
2011
-1391
5912
-7080
1312
9555
-3752
-8925
607
-116
-9716
-9146
-3930
161
-7415
-6215
-3725
8636
4900
2051
-7175
10
-3902
5490
-3428
-819
7156
7656
5888
-2975
5526
-5658
-2914
7634
-324
6780
-1050
-7366
6524
8
-7199
2380
-9418
5572
-47
-8664
655
-6043
6466
-1994
-9579
-4412
5653
2034
-2335
5615
-2287
4950
-4272
7982
164
1355
-861
211
9405
-8741
-8555
7635
3633
-4041
-9794
8806
-8285
2472
5725
9688
7649
-3394
6084
8143
-6107
-2550
8187
-5790
8607
2772
-5997
-7833
6423
2003
-5830
-3973
-6913
8302
7417
-5153
-149
6413
7772
-1544
-1071
9414
591
6930
-3106
1988
5753
3432
-8096
8947
-1896
8390
7793
-3765
35
2133
4199
7088
7686
-1355
9592
-4472
1095
-7879
2187
5898
7796
-6671
-102
7038
-2959
176
4525
3684
778
8254
2796
-6265
-6476
4321
3513
979
-5428
8627
8689
7678
3369
-9062
-2502
-2384
5683
-8344
-2231
4047
-4372
4001
-4624
1022
8456
4171
97
-2597
-7278
-7903
-7952
4886
-6475
3417
-8085
-8417
3215
1517
8555
-6805
708
4289
-3814
2067
1982
1063
-5391
-2320
9430
4665
-5417
1895
9744
1004
-3468
2197
-3508
4151
8920
-4073
-4928
-7247
-4244
-8862
9984
-6825
9507
5861
623
-4392
4683
-8491
-8505
-4535
4367
-99
-4322
-3175
8938
-3039
7695
-3141
-7317
-1445
-8306
6732
-9086
-8935
1017
-6583
7892
-7362
-6509
-6813
3876
-1733
4213
6154
104
9359
-6171
-3591
-6924
8454
-8878
-4869
-8562
2497
5105
5181
-8303
1882
-9255
9302
2148
3672
-7902
-5520
5981
-3578
-1798
-3788
7950
1677
-6884
1730
6043
-4868
-9597
4352
-631
4543
6135
-4595
-3140
7553
6224
-2271
4952
-2191
-9428
8293
-5128
-8612
-6063
-9638
-1629
4878
-5361
8015
8319
-5652
715
-1812
-9224
456
-5535
6594
2305
-2355
3527
4137
-7259
5954
-4083
3789
-5800
-5688
-6825
-2822
-8265
-1482
-9378
4346
-7429
-9136
-8925
-2349
-8938
-6975
-1235
-3481
7936
8707
484
-4303
-3120
-4776
9430
-903
2732
-972
-2269
5006
1786
-3575
1858
-7026
6241
-4895
-8902
1834
7730
-1698
3144
7488
-1987
-1722
-5674
-600
-5163
-271
-7033
-4621
-4864
-9664
-7967
-8890
-6900
-9255
8384
6997
4541
2658
-5389
-2731
-4334
-1859
3071
687
-1442
4943
5160
6472
-7910
-5349
6629
8364
-9243
5722
1841
-8272
8265
-8751
4960
4890
-343
661
2973
6059
757
462
2917
502
3244
9484
-2680
1362
-8560
1267
-9078
-5251
-3286
1426
-7836
-885
-2028
790
7560
-812
-690
2793
3835
-8212
-4524
-7861
-151
-8306
2344
3398
-9555
528
-7405
-7826
-4615
3263
6287
1122
-3581
-7732
9360
2301
7477
-1356
332
-6361
6251
-3830
7804
9378
2102
-1046
8763
-615
4608
-2986
-2501
4790
-5407
-1769
3579
5984
9814
-5126
-4148
7045
-8997
-8789
9196
-4818
-9104
-8457
-3073
2035
-3083
-8365
2079
1285
-6857
8803
5775
5128
3966
9352
-9237
9116
-1837
-8135
9490
-1256
8433
-9870
-2026
2282
-190
7171
7469
5993
871
188
4213
-7860
6257
9435
-184
3149
1425
-5431
-5736
-2848
5785
-6661
136
6873
-6022
4272
-6112
9189
8593
7919
471
8785
1576
-2213
3943
3754
267
-7343
-104
-3126
-2196
609
1448
2551
4968
-7853
536
5462
4724
5059
-5489
-912
3897
-754
2062
2923
-4409
9298
9014
3915
6516
3576
9570
-6498
4055
-3222
-9386
-3809
-4071
-1065
626
8396
2447
-6182
-2515
3680
7508
6688
1027
-9969
-386
9171
-4268
-9142
4330
-4547
5542
8221
5151
-2056
3081
2282
1489
4070
4013
1394
6706
4460
225
4644
3866
-2378
5522
6653
-1470
1455
-6674
8490
416
-1706
5819
-5367
1981
7674
-8016
8106
-2549
1751
5708
4002
3261
-6002
1359
-5406
1813
9344
-576
-1129
9210
-9442
667
6596
-6454
318
3776
-3557
-4851
-7336
9478
-9151
8923
964
-9045
7093
-2738
9521
2454
870
8895
-8947
9665
9953
4358
-4605
-9692
5254
-8878
-6073
4546
-9305
-9835
-950
-266
9983
1975
-7795
3947
3985
1769
1530
-3914
-7730
3873
-6818
10
8858
1523
6275
2350
1091
3632
-714
9821
8868
8776
8041
4119
5861
-341
5916
1174
3249
-7670
-845
-9446
-9451
-5205
-2966
3750
-2939
5366
-1481
-4042
-3663
1150
-416
899
-6677
1332
8175
-3290
-3615
4498
-7259
-9718
-3808
-8176
-2382
760
-7054
-5795
-6265
9629
-4296
7361
-2385
7517
820
-9357
-3114
-2136
-8954
5601
9811
1145
-3721
-3603
-8708
-6979
-5404
271
2702
5937
-7573
-6752
4538
-2361
-7762
-4658
1283
8215
-671
4946
3499
-9454
-578
-6351
-5039
3194
-431
2373
1027
3871
10
-4614
-2255
2361
4488
-5464
3942
9308
-7764
5049
-5640
-2809
1977
-5725
6887
1049
-5799
-2369
173
2454
-9281
8287
8739
9523
-2299
-4609
-1798
7610
-6989
5733
3872
-6619
1931
-4591
-8107
1838
-7326
9277
5670
9938
-5889
6960
-4642
-7538
-3811
-1865
2149
2703
9730
-1619
-2944
-4208
-7406
269
-6092
9492
9524
-6873
-8993
9839
5909
-5745
4574
-517
9306
-8117
3157
-4366
-5847
5321
-5249
9619
5348
-370
-5295
6642
8633
-8290
-9299
-3698
-5268
-5489
-1142
-8864
-5243
-4977
-3413
3758
-2461
-7386
8609
-4911
-6165
-7347
5690
262
8884
-1047
-5128
1526
-5886
-3532
2840
-8007
1682
3703
-9684
3792
3669
837
8572
8195
1680
-8945
5654
-8856
4882
4306
5548
7910
-4242
7127
-3097
-4330
9632
409
-5789
-9684
-5492
7860
-1619
328
7968
7929
-6914
6366
-9436
-2930
7457
6579
3405
606
-4090
8967
-3954
445
-900
-8558
-9026
-8629
-92
7688
6208
-3551
2691
9090
-2933
-8527
8329
-8830
440
-9523
542
-4359
-2283
-3535
6251
2775
3693
7552
-9388
5782
-7687
-9012
8990
-730
-7449
-6055
-1519
-1678
2217
-9976
5637
437
5694
-2829
-5222
-5196
-1786
-323
-3031
3546
2428
-3854
-3063
-7421
-6153
-5804
4446
9833
-4110
9088
3443
-7134
2316
5336
-3048
5975
-5056
6059
-1563
-1149
-4552
7706
2527
9060
6308
-4575
-8433
-1678
7847
-3245
-9759
-7550
955
-8378
9040
-9674
-4002
2543
-6904
-4862
1443
-2061
3342
-5593
2141
6769
-2809
-3297
6860
4068
6183
-1521
-7902
6680
6109
8477
-717
9091
-4789
-1112
8059
-9867
4896
7020
2227
-5696
-4965
6282
9834
8336
350
-2616
6589
-7485
9629
-2106
6658
965
-4213
-8225
-2291
-8635
-5819
3854
4640
-7936
2483
-4576
5930
-7100
8799
2634
-6494
-6686
218
-7670
7566
-1339
-4399
8553
2193
1469
-4824
482
2117
8850
-3229
-2878
8104
1088
7719
6552
-4790
-7361
-2891
-3114
8855
1862
6757
5668
1081
-1981
6824
7460
8701
5418
-4278
-4329
-4319
-4135
916
7580
1642
3352
-8188
-6187
6295
-609
-1518
-1141
2052
-3360
5939
-166
-8961
3514
-986
8060
75
3872
-3797
6449
7711
4507
-9395
-6903
8553
6803
-6275
-3025
-9263
9067
-3541
386
731
444
3125
-8004
9634
9164
6885
-1418
508
7110
3756
-5379
232
-5134
-6551
-3640
9489
-2577
-1478
4445
-2554
82
6026
2892
-7590
-6899
-2436
5562
-4515
-2635
4689
-8568
-6467
8676
-6643
-7455
3911
6353
7798
-6296
7508
7327
960
3756
-7013
6645
3077
-5882
8664
459
6439
-8975
2816
-8476
2528
984
-6865
5885
-4892
6601
-5943
-717
-602
9436
-5285
376
2075
4517
3708
-5438
2366
5687
7211
9702
7367
-5448
5353
2970
7796
9290
-771
7046
-2334
2602
-3963
6059
-826
5891
-1291
9354
-3054
-3239
4069
-8932
4294
9657
520
3692
-3581
-5329
444
9586
-4406
-8601
-4494
-8182
450
5020
6101
6139
862
6731
-4302
-4588
582
5088
-10000
-545
-1270
9487
6487
-2118
7489
7091
-7481
-5499
987
1398
-2375
4516
3153
2393
-8908
-2860
2007
-7411
8053
-5017
-5468
9782
-4560
4403
7048
1832
9290
-6226
3621
9854
-6258
-8220
7453
1335
8122
4502
6300
-8870
8739
-6601
6049
-969
395
-909
-112
-7282
-6291
3706
8592
4620
-5993
-3309
-8086
-619
-2651
3840
-9930
3871
-6033
-6670
-657
2927
4673
3681
3521
1699
3761
1146
-4002
5465
2785
4245
5438
-9964
-8435
-20
3116
5845
3722
-933
-6486
-2133
3926
2059
9511
-5320
-3564
-2473
8580
-5169
-6311
5368
5922
4403
1574
2075
3993
-7061
-7212
-2303
-2896
-9522
-7851
6620
8636
-8906
-2133
7519
-4655
5911
-299
-2208
-2979
3017
5567
-3721
-4111
-4409
8922
-6879
-6752
985
-7113
-2187
9420
-2395
-7960
3834
-6069
-8143
5371
-7636
-6951
-1527
-8865
-966
-4094
3385
-8879
9510
-8060
-7494
-9621
-5035
-8889
5776
5829
4244
-9546
-9475
8437
-1297
4577
1906
6847
-5579
-180
-9495
-2291
1907
4453
-423
-7568
-2519
8175
-4380
-3361
8927
7166
-2708
285
6965
6998
-5500
-8826
246
9627
1115
6420
5626
-9395
-4002
2068
-9243
-2745
-8738
-4073
3262
2011
1724
-5765
1503
8657
7148
7411
-6836
5497
-480
9888
4418
554
-1033
7159
-2638
7481
4929
-119
-7985
8765
1205
-3936
-960
-8281
6700
4681
-7622
-9202
-9906
8713
-5388
1750
-9989
-102
-2324
-2824
-4858
7135
-6279
-6143
-1305
8917
-3986
-7243
1018
6972
-499
-2363
-8584
4808
6195
4095
-1458
460
1987
9499
-7333
-3203
3335
8332
1336
5781
220
19
-4037
-7831
3301
8039
1401
-4444
-6145
-9510
9490
6248
-9666
-5941
-9963
-3831
7648
8342
-7272
9836
1605
-6198
-4787
6656
-9138
-5144
5051
6285
-2395
-2653
-8859
-1595
2306
4471
8912
5069
-9830
7144
6449
-1859
-7639
-3546
3405
-8922
-4350
-9021
8446
-950
8746
5466
-2511
-6816
-3213
-9504
-8378
-7363
4087
-8737
9219
6458
1536
-7003
-3092
-2504
3150
5545
-3910
-6807
3512
-2050
4519
8564
6668
-3627
-4243
-3625
9642
2960
1476
-5617
-2937
9130
1736
3563
8279
5862
-2957
-9694
-4802
-351
-2747
-4791
2323
-5231
-6841
6107
4388
-4720
4030
4691
4384
-3557
485
4751
5145
3930
5590
-7598
6223
1275
2127
-6669
3269
-4582
6003
-8125
803
-599
-4554
-3632
-3089
-4240
7921
8051
7768
9385
4986
-4973
-3464
-5263
3935
-7307
5659
-3663
-7604
-8463
4782
-1315
5513
2047
6710
9967
7684
-4463
-8621
-3922
-194
-5320
-2520
-1088
-8778
5120
4644
8963
4733
8357
1435
1400
6878
2859
-1799
-5482
-4402
2963
961
-381
8024
4945
-3396
-1700
1137
-8046
-1020
5456
8286
-3342
8126
5605
5721
-5769
6378
7811
-7576
1663
1599
14
-1709
-5343
9057
-7294
1230
-3439
5467
-4481
1281
-4973
4061
-5054
5811
8486
3699
-8938
-5724
4952
4228
5026
-8068
6610
8094
6445
5735
-7424
-2530
7924
-8506
-421
7576
4949
-9244
-814
2644
-3850
3508
1516
8370
408
-6948
9440
-1117
-2166
-2458
6767
4607
6191
8254
-1308
6933
-9757
8802
-4000
1437
6113
2825
-9609
-6819
-1321
6504
8807
5231
1009
-5425
5904
-7096
7808
5827
-6746
7912
1209
-4260
-5538
5402
-1662
-4909
-7702
5028
-9813
5508
8254
-8113
-9974
-6043
-1647
-9593
4143
-9230
-9546
-1763
9199
8149
-7576
6302
-5252
4367
-736
-9312
7557
9342
-9860
3170
7878
3011
-8298
-4551
3757
-6072
8791
-170
-5721
-6642
5434
-492
3175
-7769
4559
6947
9429
9538
-1394
43
5121
-8435
-6430
-4164
7176
-7041
6576
-9805
7320
-9138
-1383
-5569
213
-8886
-3889
-287
6254
7840
8960
335
8277
-273
9403
-8398
-4483
5522
-1583
-7758
2232
5895
-7777
489
-8584
34
2106
-8871
3848
-4604
-496
6809
3849
1628
2855
-2057
5064
-4917
-7401
-667
4359
-6608
2908
-2218
1660
4055
-4539
8126
9573
-8056
2881
-5582
8682
-5708
-3823
-6563
-1078
-5066
-8978
-4711
-7531
4227
2531
2896
-5609
-4441
-553
780
-7087
5438
3129
4809
2990
1288
7954
-2709
-3748
-6762
6446
799
-123
7474
-9900
5197
-7773
1851
3691
-7352
4657
-9366
2147
248
5810
7431
-5334
-4080
4469
8815
1709
-9252
1995
2540
-7357
-137
1598
-3829
3382
-5188
2491
2865
7868
7729
-1743
-7875
-7839
7022
873
5370
9608
-1048
2996
9251
-3040
-877
4220
-910
6339
-1435
9895
4493
-3233
5031
-2309
5025
3639
-2109
1477
-2235
-2286
-8324
4789
-9616
7093
8278
-4424
-6492
623
-4047
3722
-689
3403
-938
4962
790
7505
-3870
1371
9866
-2416
5202
5634
7112
2933
-8892
5613
9863
-585
-6462
-5582
6080
-5917
-7378
7870
6625
-8862
-220
-5469
7338
8374
1253
936
3312
-536
3890
675
1568
6407
-5925
6578
3836
7029
1403
8907
8097
-3236
-504
-5303
-6145
2141
3941
-841
4529
-528
7999
3166
-7939
7777
2602
4938
7349
7379
7538
3004
-31
6637
-1335
74
-4957
-8722
-3213
9985
5026
-9896
-951
2098
-7054
-7409
6600
3843
-1540
376
-7538
-2968
6850
6719
2520
2691
-6628
-4212
1106
-3586
5024
-2563
137
-5798
-1630
-6533
-2762
-3981
6880
7137
3933
-5194
9136
9147
-1261
6943
6660
-8278
1650
8509
-1250
-760
-2230
-3782
5440
-1284
8762
-7917
1857
-2717
-5908
3303
1569
-2460
-1552
-2568
8091
-5785
-1695
-7663
5083
6141
-3353
4390
-8695
5981
-362
-1219
61
9449
1040
9650
-9462
-9955
-7214
-1018
-1335
1555
-1331
1151
-8473
2930
2043
50
4538
6680
8970
-8448
6299
-4723
4186
6900
899
-2620
1363
-5972
8886
1826
3510
7933
-757
9033
-6742
1436
-3308
6088
-642
643
-2231
2252
5415
-9410
9082
-2982
2263
9304
3980
5886
6190
-7453
-244
-4972
9797
6550
3515
8960
-2525
-4673
5881
7994
-2295
-7014
-5003
-5859
5487
-5107
9316
-1545
6858
-1668
3002
4821
-3084
804
-8628
5407
2401
3993
1076
-4257
-8047
1990
3730
-8494
-5089
-1609
-6745
-8635
-8620
-4194
-7669
7842
-6255
9500
-6695
8202
9443
4730
2365
8245
-6137
3466
-8714
9288
-2091
-3406
-1475
5551
-9231
4937
9285
4466
-7333
-4849
-5579
-9116
-9609
-779
-8290
-4305
-3694
-2327
7384
1431
6991
4229
-4764
4998
-9385
5449
7146
-5429
-6917
-5585
147
8599
-7167
-6633
-987
-2477
-828
3787
7985
5146
4223
3714
7334
6561
4372
-2531
1512
8415
-1613
8583
-9139
-2680
-4769
-7027
-3071
9571
-369
-4236
-2108
-9941
539
61
1812
5469
3822
5122
-1608
2376
-9431
8468
-8618
863
-8200
8160
-3468
2990
2852
-3670
9699
-6285
-6107
4319
6354
9030
7640
2398
2798
5847
9910
-3145
5921
9011
8482
6234
2465
1725
4644
-5107
-3441
-4477
-6805
-1112
3330
4586
-2477
9155
4085
2025
-4466
401
2831
1712
3321
-5364
2584
3597
-3049
7714
7341
-7079
-8649
-5061
6427
5541
2097
-8063
8128
-153
-8097
-3296
-9327
9448
2101
8501
6112
-2656
-920
1066
129
288
-562
1889
6851
-5058
-6864
7150
-4854
9832
1944
-9904
-9700
7065
3533
-1954
2094
5882
-4848
3938
-7605
8845
9821
8246
-4431
313
-2218
-5009
-6449
-2259
7474
6155
-1083
-1436
2902
6329
-5428
3854
5355
-2330
-9485
8681
-5388
4644
-2377
3873
3486
-5632
-5977
125
-7044
-8997
-500
8043
-6429
4244
-8314
5855
-4663
-8037
-5456
-1398
-8085
-1587
5183
2687
-4651
9506
4231
5891
-2476
-917
426
8240
3674
-8045
9763
-6056
7583
-990
-2165
-4877
3079
-9940
-7736
9485
1807
-7680
9519
6523
2914
5953
-4523
1360
5125
-8927
-2114
-3860
3864
-5861
7691
-4814
9518
2900
83
5916
-7931
843
-3033
1377
-5725
-1765
-4743
8551
1164
-2341
-4570
-8250
-5913
-5928
-2648
-2845
4280
-8535
-6461
1687
-4317
6144
8222
-8904
9471
2058
-8270
8225
-430
3377
-2650
-3084
-4238
-5092
7540
8028
-1810
8784
-9242
0
-5568
-467
6111
7106
-6075
-8717
7944
-6334
265
-9907
-9136
7651
-4154
-2115
-4214
-9936
9761
-3043
8229
-8268
9369
182
-9939
2245
-237
3347
2704
-8352
-9410
-722
-6599
4520
1351
9588
5341
3354
792
2014
3371
2893
-9425
3979
1622
-219
-7830
3622
-5368
-3767
-3375
-615
-3898
4736
748
4010
-9708
-6685
-4241
358
4410
-5060
-9945
7348
-9606
-5198
1602
794
-3626
8173
-6028
-4399
9191
8729
2733
-2389
2835
-8530
-7658
4860
4234
942
2785
-4482
-2439
658
-1785
1042
-6496
2632
6846
7258
9894
9957
-3351
5279
1873
9633
7174
8308
3742
8467
4017
-5940
5047
8757
-1438
-4937
2681
-4859
1995
9433
-5840
-7269
-284
-5836
-1116
400
-7553
-8077
4947
-3915
5047
8254
-5140
5159
-1264
-6233
9274
-1996
-8922
9302
5385
1212
4557
9572
9545
7510
7428
2533
5695
-2093
4667
-4861
-5397
-7855
-6472
-3409
9063
256
8527
-156
-5644
9122
-8840
-9812
-4771
6815
-2683
7781
-3909
2461
-2437
-6210
-3192
-298
8811
4972
2329
-2546
-6091
-2626
-7187
3698
6895
9577
8508
3637
1242
-2041
-1551
-1550
-632
-689
-3438
1260
-343
-2354
-4444
-1327
-2151
6598
-557
-9987
5286
-1543
-7260
-5878
-5607
4940
8663
357
-1675
7152
1882
6192
-1713
2435
3867
417
-7266
-3742
-6756
-6225
7795
4082
8279
-9908
5402
4440
-5737
4071
428
-4214
5629
7601
-6745
5205
6160
-6212
233
-4272
-6514
-4778
-5151
2970
-5063
4115
897
-4706
8467
-392
-5984
1262
-5024
-4944
6993
-865
-8544
-5883
7702
-9460
-3548
620
-7661
-5267
8627
-181
-35
4304
-2457
-2012
-5739
1137
-6128
-7895
4574
-4800
6213
7502
-4386
4585
-5305
-6193
-6085
4148
642
7683
5798
-5317
-6870
-8390
-5382
-4827
-5985
461
-9062
8257
-6096
4740
7063
5470
728
-3292
6735
956
-2114
3449
-7943
-668
-5161
-1847
2208
4187
3588
7411
-4499
7315
6106
6827
2433
5596
-8479
4687
143
-3660
-6755
-3216
-3081
-8794
-8079
3210
-5651
9668
-8076
8708
-5690
2779
8019
-2751
-8563
9837
-721
-581
-8900
9055
-1436
-9637
-9878
2106
8885
2765
-8314
6361
2016
2239
-8860
8980
64
7366
-2075
-5354
7076
7722
-9279
-9510
-7154
-7407
1731
-8160
3412
3085
-2908
3254
-1835
-41
438
-161
-1089
-5990
8587
9858
-690
1988
-3101
3906
2870
-3377
-7695
395
-8003
1469
5491
-7527
9492
-8391
-9320
-9075
1675
-3372
-1940
2535
3465
8621
980
6485
1216
-6936
3655
-8402
-6611
-1154
-3189
7968
9243
7684
2249
3780
-9013
2458
8705
-3289
442
7881
-5531
6771
9600
3602
9771
-6218
4436
-2268
5155
-9100
-1029
-3817
9171
-5158
-1493
8324
8167
-1610
-4094
7907
3429
8454
2544
-2831
7054
919
9322
-5521
8959
516
7428
-8979
-5332
9665
5990
-2789
-4497
7388
-7830
787
-8269
-5187
1218
-9332
5626
-2899
-3848
-4079
-799
4048
4366
-6160
-9722
-9024
5636
5795
7205
2268
4416
-2447
2142
-6585
4068
5878
-9635
-3658
528
1719
6962
-4939
-6870
8494
5026
-1139
-8484
433
-8101
1773
9166
1863
2503
8417
8194
4484
9142
6635
-9878
8428
-5828
1914
-9979
1615
-2673
-4352
-7929
9653
-7963
-5326
-9809
-277
2468
6951
-4700
-2174
7324
1690
-6204
7903
4328
5223
1670
4596
-7789
352
-3990
-4147
3902
-3562
-4706
6659
-7039
-8709
2598
7064
2311
4208
8931
5061
-291
-1118
-9112
2748
-2889
-9535
618
-2675
-9009
9842
-8756
1447
-4874
3512
-5070
427
6644
5429
-8015
-5648
2347
5961
1908
-3591
-5992
6396
8086
-8145
9270
5770
-1732
-6762
-5225
-610
8856
-601
3910
1656
-589
-4256
2179
3238
-6097
-5606
8501
1656
-1199
-5206
8958
-8665
-7084
7746
-2436
4933
2382
-5101
-1426
-6240
2317
1687
9829
-2068
628
-8038
-669
2259
3554
7770
4762
2443
-266
-6433
5979
-3045
-848
-8158
-34
9873
1164
-7452
-1446
-6519
3773
8998
7730
-89
5414
7928
718
2152
-4552
-6647
-2443
-6237
6944
-2013
-7006
1654
-3272
8442
457
1004
507
-8320
7901
5324
-7871
-1032
-711
6513
8981
5825
-7073
1397
-4122
-1788
-5877
5612
438
277
7424
-8315
-3275
-1277
-4356
705
8925
-5377
-2765
2267
-7576
-7333
6527
-8741
5391
5483
7582
4914
-6350
-3714
-1058
3503
-7720
9099
6979
-8651
7842
-8862
-9602
-8826
-1307
4908
-1338
-9315
-4515
2773
-710
8884
4128
-4603
2799
8705
1996
2477
6259
4165
2736
9277
3106
1803
4370
-9153
6236
-4286
8149
8628
-4900
-6080
1018
2364
188
-1258
3061
4734
-1033
2764
-2683
-9441
6157
9356
-4317
-4670
-8961
2462
-6974
-510
431
-210
7118
-8699
9798
-10
-6000
-2174
3916
4259
-9877
-3320
4094
5937
-1316
-5364
3466
-2202
1190
921
-8912
-4430
3899
-5351
8971
-2567
-2854
285
3271
173
-9325
-4446
9547
-4044
-5387
4728
1527
8957
-868
-382
-4630
3712
-4993
7110
6764
9426
-5686
-5894
8301
-4784
3408
3475
8758
-5860
-1822
-7495
-7660
-13
4591
-9598
3594
-4363
-6188
-3968
8579
-9392
-4686
-7175
4503
7349
6246
7573
-4638
3270
-4211
8922
5983
3706
-569
-3483
-7576
-4525
3917
-4345
5783
-4511
-5981
-5448
75
-5931
-8267
431
1816
6700
-1481
8206
4195
-1342
-2968
-4026
-3576
9553
-1629
-9638
-1285
-1829
5513
-5151
-115
1393
-4600
8185
1681
-409
174
-3016
-9174
6376
-2605
3525
-5023
1488
-1393
8990
-4514
-3748
4859
-1025
-4503
-3662
-2012
-3288
-1034
4467
5812
-2979
869
7000
5291
-4625
-9743
-2562
-3818
2118
-4499
8445
-2161
-4605
7146
-1109
7953
-5435
6379
1471
-7651
1093
-6129
-5218
3167
8804
-1282
8617
2943
7335
7904
-6908
6474
5407
8993
8042
-1990
6078
7089
9248
-9363
-3492
-1891
-7731
-4150
456
4487
9653
-4143
-1448
-9696
3475
6784
5887
4644
-4720
-4396
-719
-4720
-9280
4249
-9756
7748
-1480
-2256
9560
-3437
-1310
-2248
8125
-7938
-2449
7689
-3149
2683
-9019
-8974
1236
2609
-4369
-7483
-8045
1315
9595
-6989
-2068
-9757
-3016
4135
-1530
653
-4349
-2297
-4698
2965
-8954
-7340
8805
-9510
8186
9544
1726
-6067
1626
-3263
3586
-2151
-5781
-4789
2533
2095
1659
9301
81
-9981
613
9807
-6605
-3551
3769
-4533
-6861
297
5461
4353
-8710
3586
-5148
-8534
5647
-7917
5523
5333
5162
161
6710
3774
-500
8012
-7772
4348
-2948
-7753
-7098
9277
5440
949
2688
-7523
-5958
-3672
-1799
5746
-985
2486
-7003
4096
-5094
8578
-2296
-4846
2640
-5117
-8585
2697
-1502
3244
-2598
7838
-6811
8902
-7092
-6764
-4692
6155
3054
1269
-2195
-2598
6546
-3048
9798
9000
-3832
-9898
7107
-8411
-8433
9640
-746
-9637
2936
-9566
5792
-6187
6483
-2480
8576
-4598
6157
-5200
9203
5372
-6757
-1781
-6683
5697
-8822
-1646
-8268
5543
9171
-2322
7231
7824
1751
-7533
-145
-8851
-9088
-4050
5505
-7491
-6277
-4850
-475
-183
118
-1936
-1446
4188
-5727
9440
-7150
-3368
1758
-6536
141
-9139
3248
117
3584
4244
7991
-9198
5517
-8519
8355
-6571
-2015
3914
5502
-8356
-3995
-698
7081
8793
-9834
-7997
2619
5869
7374
9587
-3122
-3183
-4457
-217
-2624
-4835
-6684
8659
9854
3062
4733
-1120
7569
2841
1290
2713
5600
-3764
9415
5271
-1222
7077
9976
6942
7038
5016
5693
2727
-2282
276
-3295
-5400
8134
5796
3286
-3118
-1494
8913
8922
-3401
4469
9361
2124
3158
-8793
-7617
-4278
965
-5360
8648
4108
-894
9115
-6233
3183
6838
8647
4743
1963
2528
8009
8490
5788
-5185
5532
-3600
694
-125
675
-3704
-3554
9522
5353
-8724
-9650
1026
-566
-5485
-3527
941
2676
2
-5703
-2289
6194
3866
8678
222
-1586
-1378
554
5981
7251
9822
3545
5881
-4564
2570
-7664
3632
-3707
-3612
6964
-2741
-5823
2524
6838
682
-3994
-894
6119
-8083
1505
4802
-6940
-4238
920
-3055
-8691
-4959
1595
7592
-9778
9953
-6440
704
-2343
4728
-961
3544
640
6364
8931
1772
-3316
3390
9386
-7122
3514
-7490
-9076
-8170
-8394
8785
2978
9673
1474
7028
3027
-7436
6970
8236
1850
-4896
-5261
-9955
-3939
8330
-2513
-8693
-1440
9925
-5556
-9858
5549
-1824
-5152
-3961
7356
-9702
6956
-2825
-3893
-1413
9668
6067
-6145
4848
4154
-1195
5829
-9218
5623
-362
-6841
5727
-3351
-3005
-5472
6804
-8914
-6394
700
-7890
-4376
-5455
2193
-2177
6484
9156
8992
6596
1556
-3191
-6298
-6887
-8457
7751
1234
621
-3813
4753
1039
-9701
-4464
1068
8748
8025
-7023
2993
-2068
-5774
-3401
-2522
932
9089
4121
-7780
7985
-2776
8390
-8434
4117
4121
977
1825
8107
7913
-1198
-7128
-5396
6304
-8547
2937
6082
2295
-2862
-8305
6319
-2311
4292
8536
499
1582
-9794
-4765
3815
5858
-8405
-733
-6105
-4372
-7114
-1063
8247
-1901
2812
2815
-1784
2263
3466
6142
-964
1678
3495
434
-3909
-8034
4083
9542
-6247
-1272
-9117
3343
6222
-902
1355
-3236
-5020
8915
1467
-5975
9854
-290
4658
-3664
-220
8705
-5738
-7708
-9635
2050
3698
1052
-6198
-954
-1130
-6124
5310
-3597
-2138
5568
-7045
-1839
-4810
-9077
-8814
6886
752
2390
1211
-7572
4708
3911
1218
-693
1877
265
-2320
-769
-9180
4623
-5496
-6125
-9413
618
-8543
-9221
4037
-310
3733
-1825
-1128
-6786
5426
9765
9948
714
-9916
7804
2533
-5455
-9550
-2440
5717
7180
-1933
-9352
-4079
-4847
2908
2634
-5466
-9858
-8922
-4962
-5931
-6764
377
1409
-197
4462
-2595
4736
-7089
-2016
-5178
-6708
6775
4406
-3669
8188
8097
1348
9695
-629
-9813
-6640
7049
2914
9115
-6393
1542
470
4486
-2009
-1876
8061
7596
7759
7263
-3737
770
-3449
5095
-9048
2338
9792
8541
9809
-2115
-7841
-9657
2473
3163
4107
-8305
-3456
4069
9853
996
-2668
7980
6437
6614
7909
-850
-8573
-7919
-3830
-1496
3888
8706
7673
379
273
-6533
-4188
-2321
2160
-84
3774
778
-3106
8340
1141
-7742
4809
-6038
-6652
-3853
-2073
6145
-8814
7906
-9113
5466
-4376
-3546
-5065
-3901
1985
-3682
5627
1396
6385
9893
3311
9122
-2821
4954
980
3084
-5452
-1471
2047
9003
9364
-8606
5996
-7059
-3065
-1857
9734
-3879
7230
-7956
-3704
7024
-5916
-8098
-6629
-4147
-8439
7891
-4316
4970
3700
-1711
-6048
-9300
3855
2473
-6720
8398
917
5201
4131
-187
8146
4263
-8598
-1037
7863
-9630
6431
-8148
8739
7124
9692
6926
-8525
-1226
2144
7150
2696
-6766
5331
-255
-5558
7543
-9313
7550
-7969
-5778
-9761
-5846
-5047
-6188
6806
2632
7963
2421
-1358
-7648
-6243
-1616
-1410
1543
878
-4929
4302
5141
3982
-8002
-844
-4758
7744
5577
3762
27
3964
-8695
6017
708
5625
-1279
-4188
-8084
-3604
5271
-8365
4717
4911
9965
-2756
-3578
-3636
1680
-557
-3854
-2164
-4507
2558
-6106
-8178
-1509
-1420
3865
2444
8440
-2585
2259
-3447
8852
8389
-6786
7587
-241
4097
6983
-7814
5816
3305
-398
9344
-5424
5431
-2025
8407
2146
9877
3137
8862
8214
-9826
-1344
-1946
-4998
3639
-599
-6429
7040
3333
5872
-14
9362
7710
2275
-7940
630
2389
2502
-1449
2127
188
9648
-7018
3944
-3106
4699
7066
-5329
1487
9277
4254
-5714
6865
4598
4390
6551
2451
-7013
7490
-1850
9275
-8992
2602
7014
-6553
-1971
-9603
1461
-2069
-4073
404
-350
2005
-1398
2734
4755
11
6327
1971
-7569
2100
-56
406
-4580
-7377
-9454
8716
-6233
-4603
-273
1473
-5852
1084
9696
-7040
-4331
-3517
-1282
2353
-9638
-46
-4468
-4779
1884
-9035
-8972
-6480
-1147
2810
1652
1531
5763
-4009
9711
2432
3389
-8053
9467
563
5752
7746
-4350
4669
760
-5018
9270
2495
2344
462
1043
3338
-9307
3433
6183
-3459
9288
4207
-8031
2074
2935
-5019
-4937
-2914
6398
-8577
8
-5267
-7314
1126
793
-8832
621
2051
-4205
8709
5736
3585
-7954
-436
5879
2251
-4836
-95
3696
-8341
-314
1193
-4690
961
-7012
-8307
1437
3935
1965
-7250
-7086
-2223
3795
2932
-6224
9414
-7311
-9016
-4811
4319
-2483
-7953
8615
-8727
3200
-6083
1340
8978
-8797
-6070
-9463
1185
7931
8176
-696
-3611
-65
2585
6935
-59
4544
-7338
-594
-4905
-1075
302
-5279
3875
-8252
-9031
7912
-4592
8700
-9388
9624
-7483
421
-2363
-6994
-713
-3935
-8634
-3542
2476
3957
2127
3794
-204
-2493
-7069
8654
-9017
7505
-7849
-1382
1109
7570
7372
8024
-3650
-8326
-7544
4792
5261
932
-5014
7604
-172
6244
-6368
5750
4731
948
-9599
-2488
-3126
3545
-2870
-270
-7882
8694
-7325
-7230
-5986
8208
-8034
4631
-3336
-5778
6027
1984
8617
-347
4807
-7751
2685
-7
6743
-8727
-1062
-4260
-8307
446
5253
7532
8239
4323
3240
-955
-9414
-4606
-744
2597
3456
-9680
2619
-8541
-6925
-7781
-8086
8547
9308
-6763
4438
364
5981
1185
1295
-6192
-3785
-7721
-1545
-3280
-2964
1630
-5680
-8198
6805
2880
3421
930
-9534
398
-207
605
-3755
-6872
6464
9423
1042
4560
4345
-5133
3181
4638
-105
-5285
-6974
-8740
209
8384
-2548
-1588
5809
8082
3648
7844
3331
-6589
8543
4653
-8565
-2574
-1850
3759
-7869
7031
841
3497
2896
7806
4602
-1520
-4573
-9768
-802
3654
-7993
-3004
-2764
-2971
-2342
5797
-9025
5828
-9017
-2667
-8655
-8408
6679
292
8213
8138
4162
5727
407
-9225
866
-2039
-304
-542
9532
6176
2217
7068
8188
2721
9289
-3220
-6406
-5028
-8231
-7503
6019
2156
-3686
3155
7974
6009
-218
-8702
5083
8150
-5105
-5681
5095
9846
1754
-8171
9736
2085
-1845
255
3160
-4558
-4103
3003
-7556
-3867
8983
-2206
-4629
-1606
-1491
1683
-9083
-2381
8876
4719
-4307
306
-5962
7949
1034
-84
-8556
7823
-6935
-5378
-4528
-9712
-8784
-2853
2924
-3621
9162
5014
3786
8544
6470
-8746
-5222
9536
472
9352
9720
7745
-5512
-1781
8704
3832
-133
-1735
-2864
9499
-4880
9398
-5971
149
9744
7637
-1530
-4113
-8935
4698
4897
-329
3437
-8646
-8305
6867
1146
-7132
-2605
-7288
323
1377
-7490
-466
-4523
7742
1434
2181
6240
-3701
-3701
3612
-2072
-7600
-3336
-2626
4374
-3186
-4307
-8699
-3103
582
1661
-1246
-6825
-5102
916
4137
3702
4097
1763
6286
1695
9911
7593
9320
-2188
3913
4382
8553
-2753
2592
-6011
2742
-2892
-1715
-8240
1457
-1261
8706
232
-6263
-4048
6518
-796
3386
-2033
-4570
-6302
1042
8146
-3572
8620
-4195
8276
1433
-4376
-3144
-5548
6902
-1305
-56
-2312
6026
-3547
9319
-4698
4099
