2910
7710
-6061
-629
-3136
-8408
-1918
9184
-2348
-5295
-6441
-8544
279
6274
3341
-7724
-4554
1483
-9528
-7491
6113
-6581
9995
-8160
-9990
2059
-4791
4008
2211
9433
5893
-6604
7459
-5381
-8307
398
-668
9157
-2797
-3906
5854
6942
-7361
8990
-7194
-9189
724
8861
578
-3463
3952
-2703
-8721
5814
-5604
1096
9257
-8280
-1785
-1787
3208
8769
4877
-9771
-695
-2284
-3823
-9144
1853
9202
4380
6727
3510
7163
9954
-9085
-6397
-8016
-2325
-5214
3406
-215
-6865
-6937
6719
-90
8702
-7827
519
-2480
-4675
-9346
-6423
-2385
914
-9795
787
4455
-7402
7697
6597
6458
8970
-6235
-7779
6148
-6843
-9506
459
-8375
6066
-4532
-3951
731
1930
-5177
4070
1535
-2856
-5450
2742
3543
8121
8
814
-421
-6244
-9121
5487
707
3928
-3825
9844
5775
-6021
4551
-9572
4121
-4117
-3133
-1185
4214
-5160
-3758
-6780
-2073
1672
3161
2692
7787
-2089
4189
-3284
-7242
3087
-9677
-6551
-1485
-5764
-5545
5214
6345
-4054
2981
-5537
-9210
-6872
9645
6262
-8181
5126
-8925
-1693
1217
-966
4461
-6258
-9344
9412
-4374
2665
8525
1864
5963
2164
-9340
-6885
6963
-3348
2315
6136
-3899
-5438
-9388
-2370
-1561
-3071
8820
-1983
-150
-2206
1652
-6782
-8298
-996
-2713
8351
-783
5188
-8161
-3682
9557
-4938
4501
2575
-5448
8830
-1181
5728
5806
-1286
-9934
7400
-243
1581
9291
8083
2651
-6248
1940
675
-2677
1758
5923
-8358
3999
-1081
8086
3555
-9874
5954
9621
5154
8706
-6530
9078
-5527
-3644
1425
-7789
-9774
-606
-4151
6311
-7086
-8553
-6403
8166
-8186
4283
-4733
8966
3362
-1628
4792
-4800
-2788
-1487
6489
-3677
4549
-4833
4168
-7778
-6061
-5576
-8239
-2258
1428
3934
8553
-8462
-680
3851
-5261
5516
-6821
-9909
9898
4499
-3135
183
8007
-3642
-6289
1513
4713
-1349
-461
-2809
6394
-6202
3898
147
-4804
9609
2126
4679
4845
-7221
-1371
656
3553
-9869
-1646
-6238
5792
-3382
1447
-4189
-1686
-9374
5020
-3026
1825
-5838
8770
1760
8980
-7239
-5528
-2973
9187
8649
4121
9630
-849
7485
6977
790
-7816
-9350
-322
161
-1258
1643
9968
-9309
5617
-9660
-627
4256
5904
-5193
-8244
187
7168
-6838
-2922
4035
-2121
4592
-4691
8832
-9551
8697
5554
-6864
-4442
4144
9080
946
511
7774
-3109
4380
-7270
-4480
-2085
568
-6628
2679
2959
2645
-8602
-6899
-2688
-1993
-1701
7121
5903
-2054
-1251
328
8511
-453
-8045
9615
-6710
-8138
-514
161
-1155
-8952
5889
9392
2903
-6891
9722
-734
-1125
1118
-8569
-6504
-2586
-756
-7631
-5691
-9395
-2474
3727
6642
4645
3893
-4091
3007
5200
-5001
-3183
-3677
-7139
7884
2936
3917
-2108
2377
-6708
5414
2209
-1479
3550
-7510
6960
5778
7367
-592
-8308
542
5041
5249
8737
2616
8639
7621
3095
6813
9483
-2180
6923
-3110
6012
-8065
-2794
6623
3159
-4072
1446
2062
-8239
387
6349
-3202
7258
-2263
8750
-5718
5961
1955
5193
-8699
1968
455
1090
6113
-7882
9820
1950
4562
-408
-229
8598
-7767
-7194
-3283
3887
1399
-1353
4534
-6207
-4117
3462
-3736
-9452
-1956
-2186
893
9992
3582
-7633
9812
-8690
3354
6031
8610
9
7619
400
8331
890
7200
9507
-6720
9192
5679
6588
4059
5255
8720
57
-1929
384
-4427
775
-3791
2935
8541
4277
8338
-6073
-1116
-1835
2755
1236
-3258
1221
-3161
-7903
3499
6597
3855
-3318
-3407
-7095
-5239
-5520
1162
5325
-2756
9215
-9999
315
-5576
6843
5651
4202
-4320
6496
3222
-8347
-1674
-4314
-9293
2524
-8397
-1374
-9469
297
9915
-4205
-5082
-4791
5489
3596
-5299
1679
-2748
8546
-2506
393
-5283
935
-9491
-323
9952
-1753
-6724
-6092
3568
-1595
-6796
4850
5708
6520
945
-8989
5540
-5356
9549
-9676
-5761
6049
4411
-166
-6007
6778
-5745
-2976
-1424
-2181
862
-1714
-9498
-6284
4734
-6568
-9667
-1507
4863
-2330
-5785
-7441
-4155
9147
-1073
-4032
5884
-9181
-8828
1263
4249
6828
-9897
1444
2500
-6230
-9644
853
8178
7432
-3006
-4580
-1612
1725
6120
2203
-9490
-7473
6932
-2147
-64
36
5262
-9481
-352
-3271
-4825
5271
8532
5543
-5906
5609
-6698
164
-7543
4945
-78
-8771
2379
1472
8910
6239
5642
-1945
-8250
-7460
-2134
-9561
-9178
9540
1532
-1287
-2106
7776
-2861
-385
-9163
-200
-3541
-5791
8047
-3342
-7079
2458
4094
-1436
-6164
-5830
848
2307
-4717
-9193
1949
5848
3234
4818
-8756
5127
-6704
8517
8824
5989
3295
-2535
52
8264
-5052
3531
4155
-619
-8911
-825
953
-1499
-7468
5031
1896
620
-4193
8770
7237
9049
-6975
-9213
-6310
995
-7284
6885
-4476
7189
9576
-6383
-3489
7905
7062
2421
4253
-3566
-5445
-8994
-2247
2190
5832
-335
6261
5914
-1673
9820
-507
-3320
-2250
-7009
-8646
347
7063
-3604
5833
213
-1237
6272
1496
-1944
1989
-7984
-1218
7879
161
-9818
850
2809
8819
2029
9776
-1320
-3013
6561
-3102
-5304
925
3199
-4470
649
6861
8030
-2202
-652
-768
-6052
-1495
-3849
7333
9346
4523
-5608
84
8519
8473
6148
-2375
-7867
-8772
2382
7664
-4059
-1063
-7428
6058
4070
-850
9527
-2750
532
-4152
1629
-6683
-1737
6014
3970
-4536
9091
6224
4584
5946
7009
-3255
-6890
-809
8924
8074
9242
8413
-8398
9242
8643
-1206
6164
9474
9713
-3072
2304
-1750
415
3121
-7792
-9939
-8083
1221
-1121
4921
-2812
757
3840
2217
451
7433
3505
1265
-4076
330
3731
-9644
1123
-2880
8860
-7779
3124
6943
-5062
-987
-6418
-2753
628
-6047
-5102
-1124
5663
8920
2024
-2049
5439
-8743
9656
-5547
-2240
-749
350
-6480
7710
7377
4608
-4939
1433
2538
-6830
-7751
1738
-8695
-236
-4681
1600
-256
6606
4985
5881
9610
-1858
-6109
6158
-4080
-5550
6534
-5888
3039
899
-9032
-1789
4492
2068
-8946
-6938
9536
-7163
4460
-7340
-1291
-8619
-2338
-6480
-2104
-7474
3061
-1736
9173
4417
3938
-2426
4060
-8412
-7352
-1727
-5989
-3238
4051
-3774
-2352
3310
-8131
-2778
-2328
2794
1210
-3234
-1196
-6233
-8160
-8945
3555
4608
-5762
3921
3419
8122
8599
-31
-7939
5844
-3662
-4692
-9396
2791
-6212
-6871
-6990
7034
-4710
1191
5965
-2988
-1839
-8032
-6663
-2141
2016
-2178
186
-9210
3156
-3783
538
-9920
1925
3208
-5355
-6458
-7216
5630
-8619
7998
6181
-2232
9127
6642
-789
2250
-7889
3645
-572
-4193
-6151
6816
-9008
5140
3243
-7658
6819
-4181
-96
-5957
-5321
-9794
9942
-321
6979
1219
2433
5460
-8269
-750
-1216
-872
-2094
7265
-7890
1069
-3085
-1298
-7146
-4435
9371
-8467
-8929
6419
-8636
1193
3465
2852
4632
-8282
4146
-896
-2697
8182
-1406
8369
-9296
4494
7978
-7008
1088
1668
-2228
1614
-3663
4728
-1585
-4956
8658
9330
2562
7814
738
-7508
7308
-4611
2644
-25
-9196
-7702
7368
-8452
1572
7586
-1400
-8778
-4441
-2052
1941
3651
-3626
-4595
-4008
-2205
5717
-1292
414
-4822
9999
5804
-8782
-5158
5471
-4134
-4916
-3291
-7047
-4360
-1163
-1942
-83
1681
1691
-2389
-6492
5800
-4027
-7902
-8875
-5932
7644
-317
-1322
-8525
-5902
-9715
-6871
4160
-7234
8067
1932
3056
-5106
5200
7427
-3079
3983
9448
-4903
-237
315
-5965
3371
9268
-3356
2817
9295
-1108
567
8721
-7787
4788
-6264
-6547
7822
-3624
-212
-3568
8070
-9430
-4960
-2842
-2823
3930
-6811
88
9395
-3557
5577
-6939
9385
2372
2498
4561
6217
-7973
-4059
1286
-506
-6958
-1809
-4114
2949
-9757
-4766
6748
-1697
-9441
1488
-6138
-7450
-5534
3482
5442
4884
1746
270
-3788
-3441
6097
9108
2228
-4001
-2911
-9169
884
501
8844
-782
-4470
7173
9253
5249
2032
-2768
-6979
-9691
-2108
2836
2957
-4413
-6291
9966
-6897
-7335
-2621
9715
6761
1204
5203
6917
7734
4488
7952
3018
-4967
6125
8507
145
9498
-7636
2967
1738
3433
-3497
-3359
2718
8738
-2125
-7513
-4443
3783
-5345
-5368
959
-3201
3794
6645
3443
9495
-9341
2286
9159
9411
-3345
6103
9706
4081
-1290
3662
925
9625
-211
-2598
-3415
4056
-5189
2274
-8288
-7104
-5168
-974
-7544
1876
6344
-5674
-2218
-1153
-3471
2837
-4342
-6560
5574
-8657
-668
5863
-2746
3696
7096
2172
4993
9973
-2786
-9015
2416
8201
2069
-6874
8391
-9110
-417
78
3910
5552
7986
-7734
-1706
-1463
-547
-8754
-3413
-9630
-2960
8996
-1621
-2705
4804
-8015
1418
941
-1227
3996
-2758
5694
-4654
-8073
5831
-9939
4590
-3418
6510
-5720
3432
-232
7896
-3781
-5941
5105
7000
-2425
-8827
-2066
2694
-1111
-4750
-3096
-2181
9210
-1974
7873
-8470
-1925
6903
-6095
579
3448
-1758
834
-1548
2089
3774
8075
-6702
-3334
-5492
5852
6100
-4589
7906
6194
596
9672
9583
4480
-511
-2076
-5192
3735
-9592
3443
-6321
-5915
-4609
-7777
5941
-8261
-2712
2459
-5433
-486
4520
-4348
9695
7671
778
2922
1524
-4583
4397
2726
1205
-9365
-7703
-4224
1044
-8480
-6782
5571
7425
207
-992
7788
4916
-986
-5867
2347
7923
7483
1952
-3288
5446
-7379
405
5628
-3585
-3546
-8616
8055
8663
-9568
5529
686
-994
9347
6897
7995
5714
9917
-5240
2949
-2370
4547
7973
845
-9444
-2689
9816
-379
-3453
4407
-2416
-5075
-4801
9553
-4909
-356
4212
6139
-4064
-266
-4192
8094
1580
-3130
-9759
-9940
9160
7281
1430
-4771
-9031
6412
1357
2367
8745
-9045
397
-6279
4294
8183
-9901
2287
4832
-5269
7062
5748
5639
7275
6753
-2067
3355
-6915
-5983
-2731
8944
3811
9321
-9219
9409
8745
-4931
-8422
8804
4065
1257
-6182
-2787
764
3759
54
8620
-6810
-9662
8444
-4315
-1868
6158
924
6440
737
-4174
3702
-6007
1543
-5433
-4978
5798
4998
-5334
-7240
-531
7905
7921
-7414
3315
-7461
-2102
-1243
-8012
2927
-200
-5249
-7320
7728
903
-8222
657
-8154
-8707
4279
-4249
-4508
-1107
-1255
-8239
6739
2905
-1403
2070
9400
4294
-6244
9916
116
-5632
-3729
-2515
-1652
7215
3866
-419
-127
-6764
-8426
6344
-991
-820
1435
-1104
-9930
8824
-9766
8432
-8065
-226
7355
-8874
-9502
-5669
-2289
-1914
4586
-3032
-3363
8488
-4062
7889
1546
-3151
-7737
5841
-2261
-6259
-6232
-1055
-6371
1789
5918
1384
1333
-5644
-5256
5437
-9111
-2639
5392
1123
-4126
-7750
-9097
8339
-2770
-8673
9916
723
5823
-2244
-7738
-2679
6515
6859
-7913
8265
9865
6684
8497
7932
3483
1117
-4263
-7597
6048
-4787
6684
-2102
-7329
-9143
-6281
-1688
2774
6627
-7421
-5816
-6482
-2361
-5958
-3385
8655
-6279
-6939
-2207
-7524
760
3018
-3449
-1168
-4911
4175
8696
-1666
6880
5890
-8244
-2555
-9850
-5998
-9318
744
5686
134
1982
5658
2595
1864
8721
1698
-9621
6416
-882
-4891
1326
6244
-1467
-962
-558
-2588
-9149
-47
-5882
9632
-2777
2725
2936
6948
-9143
-3125
-5739
-1446
9341
-7507
-4830
-2254
-618
-877
-3982
-666
1343
-9978
-6207
2552
-6424
-8277
2787
-2506
-9306
7491
6130
-7398
-4552
593
8415
-1951
-1927
3257
3173
544
8898
4278
6234
7478
3498
608
5797
-2653
-3634
-9349
-8764
785
-2070
-7303
-1947
110
8571
-8473
-2265
-833
-1985
-1315
9630
4516
5394
444
-9869
3051
6910
2043
-2729
9916
-7150
-8242
1771
6986
-2000
-3401
8817
-7342
-5873
-4388
5472
8252
-6334
-7725
8217
8741
-5735
-8763
-1598
3080
-9245
1940
-6077
4851
1593
6611
-3299
-6294
6687
-9939
-1711
-4108
-5330
-6905
9724
6032
-6262
7618
-1975
-2139
4859
-3787
-6599
1036
-2051
9507
7912
3926
-3179
-6255
-9394
-8830
2875
8451
-6455
3200
-7373
-3813
-7114
-5596
108
-2273
-1418
-6142
9913
-8273
-7191
-1092
-3708
-3884
-552
8958
-7173
4397
-4510
-4407
-7556
-3763
-7914
-1399
2525
-4588
-61
8884
-7768
-6271
-3308
798
-3892
-5303
-7237
-7042
-105
-3734
-3060
3696
-8164
5420
-6275
-8791
-5097
-4740
8879
4616
7332
9207
-9850
-8790
-2044
5605
-4067
4071
-3748
9137
-5342
-1248
-5497
6437
8836
367
-4369
6202
-1762
2993
374
-5766
8980
-2273
-6396
-7949
1867
8134
4327
158
4672
2128
-9164
6925
-2452
-136
8512
-7781
-8643
-1456
9684
4722
8349
9615
-368
-7360
-5488
3664
-1710
-9324
8112
-8700
4570
-6460
6373
-877
719
-5944
1931
5250
757
5556
5888
4505
-9685
4055
4744
2774
-9196
-6823
-316
1594
3031
5805
-93
4355
-7993
9096
-9062
-1530
-8636
3511
-2699
1415
-7996
-2947
-3510
186
-291
6425
-287
-623
-4016
2322
65
-1057
-5477
-9483
-7660
4780
-3512
-1686
-6632
5470
5847
9203
-8522
6001
-6350
115
4296
-6441
-310
4459
-3078
-2002
-1789
6289
-8454
-3229
-3076
-2305
-1893
8829
1322
823
6166
6186
1565
-1550
9043
-5834
8494
4888
8978
-3947
-1559
-9286
51
-1233
9348
-6565
2968
7553
-9463
-8052
2610
-9047
-9615
8875
-284
8556
-4085
3841
-627
775
7292
-5930
-8932
-690
-2795
7639
-4561
7583
-1733
6160
56
7182
9458
-5690
3594
1366
2893
4044
4489
8255
-4023
6189
-7619
5472
-6853
-4311
-2817
-5911
-6139
2595
9574
-8432
-6261
5033
5719
-5559
7705
6248
1107
-6501
-6818
-8581
-3850
-6552
1704
3514
7100
-3338
3450
-1862
9001
6213
-7237
-5116
-7048
-7644
-2286
-9812
823
4412
-3116
7883
-3808
2074
-7093
8558
5852
8276
4911
1577
-2714
-9250
1277
7226
-8099
9081
-2829
-6031
6587
-3193
9111
-9815
-2969
-5923
305
-6255
-4619
6988
-2294
-1097
8752
-3219
5701
-5734
-5670
13
-497
-2984
2462
1612
1978
604
8959
-546
-7013
-306
9268
4358
-1736
-9892
7671
2070
-3157
7446
-7280
-3759
7501
-9533
3491
4097
-7539
-9780
-1951
-4708
9641
345
2561
835
-8840
-6363
-6840
-4928
6797
2663
5871
-3513
3242
2811
16
-3967
6205
2826
9602
4686
122
-5818
7839
5520
3804
9215
-3418
-5344
-2155
-3262
-385
-149
-6498
8034
-7215
8137
8466
6335
5277
7975
1464
1531
9342
-2550
-1941
-2652
9171
3406
-9891
3854
1798
327
-4357
1779
8662
6480
5023
2232
406
-1993
-5440
7125
-4862
-7875
-6897
-3697
-490
7765
-4502
-646
8414
7188
-8658
-3
1036
-8690
-5777
-9305
4197
-6514
1829
-5985
-2876
6332
-1099
-4729
-7472
3937
-423
-9013
8875
1813
-6045
25
-5744
3962
-6281
-9760
-6646
7545
8182
169
-3083
-4489
-514
-6971
6791
-7462
8554
4952
6165
-2393
8432
1428
-2187
4076
-31
-5891
3798
-2263
-7854
-6810
6313
-3183
-8659
1081
4180
5394
-3162
7639
-1132
9526
6654
-4417
6656
-8586
-2
7008
7533
-9251
8148
8125
7226
4832
-7998
-9294
-3848
-7462
1345
-72
9567
-449
1377
5536
-436
1709
3206
-9774
5816
5745
-9873
1691
-867
-4711
5300
9562
3890
8769
-4806
-2446
2684
-2162
-1949
-9849
-581
-4231
7709
5800
3274
-3906
-4313
-9939
-2202
-2158
1391
6088
8846
-9334
-6528
-8331
7023
-3349
-5819
-5671
7024
-298
2544
-8953
-6272
1209
3698
-7957
-6067
7379
-4800
-2280
-2949
-2027
-3132
-6977
6217
7820
-8346
-2780
-217
8272
-7261
-1181
-1189
5949
6576
6627
3613
1975
3232
-1686
312
-9411
-7175
6136
-3866
7760
-5415
7632
4315
7026
-9434
9856
-9542
7613
225
3872
-290
6600
6560
9774
1311
-1940
-2442
-8677
-3815
-3504
9103
-9570
2064
3998
-5419
-1651
-8760
-3342
8153
366
9658
-7255
-40
-4560
7782
4532
9419
2931
-1532
-7767
-9833
-257
-9009
9116
-1839
7760
-2968
6129
-2110
-7414
-6932
2618
-6849
-6996
-3237
-6078
7516
-1244
-8002
-6281
6928
4630
6401
-9306
2872
2912
-3948
-7487
-4589
3922
-6023
8572
4696
-2830
-8322
-6691
-5404
3501
-5547
3671
-3286
-5540
4270
-1694
1231
-6065
8596
-7329
-9741
-6361
-4058
2560
-2256
6161
-5961
602
-810
2516
-3330
3007
-8994
-5953
8524
9843
8947
3922
5640
6595
-7872
-454
-7883
9812
7464
-1335
-5234
-8528
6536
-6148
8935
9996
-3143
-2069
-8616
6382
7508
9457
1164
3710
-1225
5944
-7886
-5594
-1330
3991
-7914
2048
-116
6702
-1375
-8026
-2824
8038
-5380
-7262
5736
6553
-9564
-4419
6608
-6224
5591
2627
-7857
-4064
6818
-4061
490
1799
-141
8369
-3339
-8083
1929
-7499
7883
-8498
3921
5733
-3630
-2882
-2971
599
2867
-3401
-605
-3743
6424
2239
-4495
782
-4035
4768
-4169
5746
-3855
-2627
-7545
8758
-5753
-1269
-3173
5296
2103
-8222
-5530
-1581
-7969
-1565
-7084
3446
-9817
-2923
-1438
5331
8201
5686
-6390
-2037
5202
-7070
4412
8261
-1843
2150
-764
-32
-4195
9074
6192
-7720
-9411
-7264
2036
2477
4572
-4632
-428
6670
-1870
5559
1229
4161
-3406
-8737
-382
8127
7683
2801
1418
-2537
-7725
8178
3012
8337
-7684
-5522
-676
-6985
-778
4716
9960
2008
-6452
-3519
-1849
-3972
8782
1640
-8440
-5426
1279
-4267
8439
-201
-5532
8897
-7542
5770
-2387
-686
8330
-8294
-4754
-4484
7959
-7442
-523
-6212
9637
2106
2596
2312
-5636
-8743
-558
3620
-5420
1211
-5128
9217
2367
4704
2233
-6533
-6524
6662
-8233
-6337
-8823
4400
-1677
-5078
-4310
-2567
-9787
-2526
-8041
3567
9830
-9619
7528
-569
6488
-23
9875
5837
-6411
9024
87
-6794
240
-5051
9403
-8412
-557
2406
8991
-3339
1458
8559
4826
509
1762
5782
4189
-8870
-9182
-4789
-2836
-5379
7269
7601
-4600
-5393
386
-7870
-1983
-9229
-4517
9575
-7069
787
-3363
-9133
7043
-2874
9801
1779
7516
-9147
2564
342
9885
4420
-6769
-3438
6036
-3523
-4786
-539
-4858
-3824
889
3372
-197
-8119
-9072
-6688
-9204
2626
8512
6525
-3310
9525
-5227
-832
-1491
-4692
1682
5534
6916
-9043
-8321
-8940
-3597
-6279
2301
-8787
9255
699
9062
9145
4228
-6248
-1808
8894
-3974
-1982
2429
-9578
-4498
9732
-4983
8046
5823
6908
9432
-8480
8569
-1104
-9020
-9185
2614
3458
9410
1791
4858
4538
-1504
4439
5181
-9976
2715
5918
5821
-3001
-3409
4765
9619
-7585
6190
5867
6829
-8993
5777
-7253
-8539
-8201
6321
-1447
7125
2851
1183
-9016
617
-211
7432
6723
-8394
6940
-3632
-9141
175
6380
-4817
-435
8934
6550
-3025
2619
1073
1070
-5195
7561
3944
-824
-2821
-2718
-1649
-6332
-9356
4726
-4939
-9532
-2018
728
9981
-8939
4402
-4658
3795
4010
5110
-4545
1220
-2940
-5441
-7373
9435
-3094
-6132
-11
-1251
-4800
9138
8296
7659
7354
-5431
-1489
-3452
-692
-3997
-6008
-7135
-7469
-298
583
-7787
8020
-4757
-4815
7050
-5038
-3102
-4475
4018
5735
778
-9835
4429
-6669
-3035
7816
-3266
-524
-821
4802
-1643
-4657
-130
-4609
4700
-8433
9078
5267
-7088
-69
2660
-9040
6607
-3993
9853
2418
-4576
-6566
-1569
6695
3584
1438
774
-5185
9412
-5766
8059
-116
-4141
5055
-6909
-849
1696
7488
-2961
-5129
-5445
8265
-684
-6837
9829
682
-9039
6903
4474
3489
-4973
8900
-9755
3374
9840
7177
7341
-7373
9248
3371
-7930
-2437
-1239
6598
1041
-8442
-1175
3709
-8540
6524
-4304
8632
4383
-6759
-8528
-3993
-7958
7966
616
-3964
7360
7647
8823
-4607
-1965
-1967
3671
6865
-719
-4057
-6527
7765
-3736
3909
-2507
-7442
-9984
4649
-259
3105
-3094
8096
-6186
-6244
-699
7144
4830
-6032
48
-3745
251
-141
-4139
9043
5536
-4008
8117
-6561
8815
-948
-5247
-254
-4566
8484
5452
6695
-8388
716
7067
4720
-1915
-2672
-4265
6426
2098
156
-8417
-603
5689
-7849
1557
-3374
5425
9125
4060
1112
9177
-3390
6681
7571
-7081
625
9152
519
4579
-8223
-3724
-3205
-1179
2268
-2187
-2460
-5766
3908
9224
8365
-9310
1642
-3238
77
4964
-2024
-8232
-8595
-3678
-4518
-6721
73
740
-1075
4226
-2592
-4903
7371
-451
5250
-7165
-589
878
858
-648
8120
-5257
-2607
-6554
-2630
6194
630
3686
-1571
-1896
6559
652
3396
2023
2906
552
8483
-4533
-9350
-7653
-116
4451
-9893
-4402
9707
2550
-3236
-4935
-925
3086
3692
8218
9356
-4933
-1505
-9894
-7930
-9733
9535
-6993
3433
3994
7895
3760
-6146
9484
9414
-24
2878
-7698
6498
5780
-3506
9718
-4398
-6949
2468
-2339
-6707
-7639
9644
-5015
-6475
-3659
-9521
9829
-278
523
3630
8514
-3233
6725
-8849
6355
85
-9687
3375
2688
1202
7453
-2905
1676
2630
3921
1884
-5082
-6172
9234
8567
-787
-8879
9793
-8057
6993
1320
-4277
4508
-2241
-502
3056
2235
-5611
6452
8407
-5592
9868
-1077
-2098
9188
-2629
-4188
5015
3248
7154
-4332
816
3738
-4832
1411
-1826
3267
6035
-4008
-804
6706
-4662
-6792
6602
4955
-4367
-2385
-5233
-1391
-1283
-7727
-419
-8105
8830
-7069
-9300
3270
5137
-2489
-9641
-6720
-2522
8097
-4645
-8109
1516
-5926
240
946
-8999
9936
7602
-6189
-1137
9521
-579
1134
7029
-5433
-3675
-2839
-8252
9140
1303
-517
2795
1307
-3124
7968
9280
-6277
3462
5402
-8836
7241
-5033
-9801
-7479
-1129
8501
4362
1459
-3138
9760
-497
1667
-8315
6256
346
-890
-1628
-2135
3868
-9494
-8556
9582
2162
-918
5387
-296
-7870
-8275
2145
6742
-4287
-7297
1332
-7548
-7079
8895
-2522
-5207
-6429
-6657
6275
-7128
-2837
-791
768
-2976
6811
-179
1104
2249
-1274
-8515
-4358
-6071
-5596
-8802
-3047
6318
-1887
2896
5968
-3324
7421
9218
8109
-707
-1880
-2300
678
2097
4476
-2392
-8241
-9954
-3967
1995
2373
-1064
-4065
-8907
-315
6787
7812
2138
2684
8696
7114
7844
6471
1843
-7830
7384
8262
8563
6551
-8491
7911
-5473
-2518
3625
4734
-5109
7017
-6619
6710
1515
3023
9874
8136
-6018
-9847
-9595
-2714
5409
1152
5786
-7164
-9804
9768
7078
5087
1553
-9495
7851
-2046
9771
2260
6564
597
-7264
-8883
9731
-8371
-7953
-3022
5539
-3188
-3242
852
4786
6681
5195
-3497
-4486
1922
-2913
5333
-1265
1154
5979
-8886
7522
-6866
5535
-6237
-3191
3205
-9151
7614
9910
-4974
-446
152
-2438
-8307
8169
3680
4199
559
2346
-5841
-14
6867
-7008
-5843
9270
7409
-9988
-4722
-7045
-2477
-358
86
-9027
-2118
3158
5054
8488
-3350
-9243
4305
9994
-713
5344
-4994
5064
-5276
-5692
6670
-9588
3136
-1950
2244
1421
-6897
-2606
-1600
9309
2659
-6466
-464
1047
652
-7444
9797
-9617
-9795
9452
-5167
926
-5179
857
-1290
-5748
2782
7737
4271
-1452
7519
-3920
-2925
6228
-9209
-3709
1017
-9610
5931
72
-4256
-8347
5852
-7076
9440
5923
-6640
-419
8277
7338
6287
3981
5099
8192
-340
3518
5939
-8539
8364
-864
-6246
-7510
-6772
-3275
-5904
4277
-6093
2942
3145
-4581
8194
1105
3469
9742
3031
-9692
-5721
6841
5070
962
5125
4605
6722
-2224
-2254
9389
9790
-8400
-7672
9643
6283
-9925
-4288
5237
-6746
-7271
3355
117
7678
6257
5473
2892
-9591
216
4959
-178
-3780
6089
4525
-1768
8984
-1560
7307
5044
-8765
-9450
-5001
-8442
-6657
3770
4105
210
-8927
-9081
-7075
9262
4119
-1073
1587
-9455
4478
-1677
-9036
-7314
6815
6412
2899
5893
-9398
5192
8670
4252
7067
-326
9666
-2842
8914
7094
-7248
-7
-1604
2925
9691
3742
6673
-958
-1303
-5874
2019
2568
-2235
-2916
-6178
-1270
9889
-8989
-8962
-7390
4809
-1393
3571
-8828
7527
8706
-3387
-8309
-7944
4587
-1305
-1637
-5529
-7880
-686
4632
6865
1058
4808
8651
6887
-4557
6013
-5922
1526
4142
6686
6272
2437
2092
-1638
-6224
8947
-678
-5545
9982
-8482
-8193
9632
-9312
4299
3620
9004
5981
-8579
5903
-5715
-6070
9684
7766
2957
-219
4668
-2021
2592
7654
-2052
382
1677
-4719
-5265
985
-3575
554
-4203
-957
5803
3544
884
-4705
9840
-2206
5319
6876
-7809
3323
-9415
-1372
-7120
8264
9968
-4236
-7004
-5696
-6619
8738
-156
-5190
7030
-5594
8647
-1568
9468
9878
-5738
-4277
2493
-8877
4235
-9561
-2505
1950
7646
-5742
-2546
4232
-2550
-3539
-9918
951
-9306
-4028
-5948
-8068
3516
6584
-8547
7972
-2501
7935
7078
6037
-9459
-1329
9484
4985
-2940
1735
-3646
-9235
817
8995
-8489
635
-6007
5870
-5488
354
5885
-2054
7913
9071
8519
8405
3405
9063
6668
-7863
-5303
-7317
-4810
-836
9475
-8367
-5393
3188
-6417
9186
-7951
4405
-2804
-6205
-8778
1968
2817
6245
9447
5547
7140
9037
9603
-1223
6744
-8845
3207
-1605
-9312
-6695
-7665
2488
8480
2724
2130
443
-9934
-233
-4693
8639
-3875
9180
8110
91
-309
-7054
282
8516
2250
9332
-8788
-7059
-1997
59
8416
-4208
7362
-5476
6878
4446
7979
-83
6668
8390
6625
-5040
367
-3476
6866
3375
2618
1605
-6295
-5147
4435
4608
-4098
8367
4592
-1845
-2796
8294
-8390
-6829
6579
-8518
6266
1351
-2900
2160
-3465
6290
9694
458
7216
-7985
-7941
9035
-9769
-7892
-8150
-9214
3989
-1068
-9774
2903
3237
-5976
-4595
-4765
-8755
-4077
-8654
-4661
-5883
-2734
-2441
-6685
5117
-9057
5752
-8500
5184
-5486
1863
6135
3152
-166
5493
4943
909
-6444
400
6955
8239
6198
-5402
8564
-231
1109
2104
-127
-764
4505
3678
-876
-4409
-3922
-1696
-8347
-6258
-1166
7160
-1410
2898
-2309
2661
9985
-8045
4813
-4910
2488
3179
-2750
-730
4178
-6963
-3975
5089
-5698
-7145
5002
-6700
-1308
5243
345
5327
579
-7354
3121
-5030
-5649
4100
2832
9284
8528
8980
4398
7164
-9406
7112
9791
-4594
7422
-5769
-9853
1027
-9932
3962
9320
9894
-4985
831
-2422
624
-4364
1614
9987
-1122
-1391
-5584
1459
2218
8447
-2476
6898
-9790
-4118
2667
4696
-6000
-8791
-1647
-454
-8424
-554
1157
-1293
-4712
-338
7800
-7720
-859
-6377
-4881
2098
3174
3270
4771
-8749
-7600
195
-7184
5772
5148
-6147
-3436
-2777
8929
-7483
-7930
-1889
-6485
-4501
-5941
1645
959
-9290
1094
4661
6013
-6677
-6843
-356
2336
3755
3734
3410
-8099
-1141
8256
7126
1771
923
-9695
8428
-3330
2055
-8555
7825
-9113
3871
3830
-3348
-6272
2336
-6707
2200
-5148
1656
-5091
-7673
-1732
5989
6816
-1731
-7819
2087
9288
-5577
-3488
3952
9934
1542
5070
-4834
-4846
9630
-1920
220
-2719
-1222
-6999
-7885
-7381
565
-9487
7502
-5002
-1947
-2528
2842
-1408
6729
5507
-4170
848
-9792
-8273
-7086
13
-9350
4168
-6762
-164
-7607
-9814
-3304
5795
-2240
-2235
4784
-435
-342
-8066
-9389
8909
7093
5379
7088
654
-1210
5935
4228
533
-7979
-4586
1566
2021
-8563
2963
-7370
-2560
-1196
6591
-2429
-2472
5861
-8160
-3100
6860
9089
4770
1820
4624
-9638
3700
1917
9920
8989
-9454
5030
9184
2814
4706
4919
-1176
888
-9094
1068
-8419
3268
2788
9117
-5874
-9993
-6232
2837
-6729
-35
-3552
4174
5763
-2791
-4719
3685
-7921
-2014
-768
3582
-3452
-7749
-7126
-9588
-1231
6579
-2386
-5779
-8752
-4298
3796
8709
679
7961
6105
-3226
-7807
6217
-7477
-2612
4822
7793
-4686
9938
8358
-8059
9987
5863
6475
-2704
3703
-484
6945
5750
-9852
-3310
4473
6331
-6932
-5965
6365
-4997
2367
6760
2036
-5650
7065
4975
4223
3631
6017
5345
-8828
-3994
1956
49
5874
6519
-1712
6311
6247
5647
9080
2617
7595
4188
3782
5510
8053
9396
3417
1958
-8301
-8779
-4164
9325
-875
925
-6441
6177
-618
-3475
-3743
-2312
-1687
6436
6416
-5695
-4646
4026
7283
-7304
-1806
2366
2700
2278
-221
3520
-894
-7232
-9503
-8607
-9238
9097
-6006
-4011
3484
-435
-5778
-5086
4955
-9840
-6224
1155
-6134
3695
-379
-4111
-1231
-7376
8355
-475
5853
-9779
-7634
-3345
-9167
-4976
-7623
-6400
2644
8726
-4169
6805
1818
-5612
6579
7696
1343
4648
-3074
3769
9113
7326
624
-5433
2156
2303
1595
-7959
5635
-5186
2765
-2117
6361
187
1920
1903
3969
2840
-3445
3120
6102
-9413
-7131
3841
8812
-9160
3756
-4038
-9733
-141
-6887
7072
-9532
-8006
-2863
118
-6647
9792
9911
4116
1381
1600
2955
-6377
-8048
-9830
2860
574
-8061
-524
-7535
9551
2600
364
7630
6075
-815
-5853
-1394
-5508
-8396
4307
1684
-2185
1771
1423
3059
-8252
5215
-5384
-8463
-9670
-1704
6754
-3058
9162
-3475
-6716
-7456
-9985
-4939
3622
-3808
-7580
-8869
9261
-5990
8383
-6563
1795
-9462
-6404
-4091
-1850
7327
8513
9661
1944
-6513
-8802
1628
7092
-2121
-908
2769
-6228
8498
-4679
4038
9896
-2815
228
226
9567
-607
8050
688
7876
3043
8654
638
7115
2524
8923
2359
-5382
-6619
-5306
1135
5925
-323
5848
7708
-5438
3161
4073
-7628
1331
-726
7752
7991
-6316
-9948
-4742
3748
-1049
3560
-6203
9021
2036
-2054
-4797
3678
2500
726
-1718
1793
8519
5353
1785
6559
1364
2493
274
-5724
9673
-9440
-8613
2678
-1885
-4455
-8631
957
159
68
-6685
4116
1916
950
9611
8662
4097
3142
4238
5076
8224
3281
-964
803
1473
4862
9768
9560
61
3545
-3957
3283
-6500
5070
2934
6612
1505
-7397
310
-8951
-4692
3391
7818
5807
5585
-1568
-8626
9380
-7913
205
-5925
-8190
-5690
-4460
3927
-6886
-9153
7067
-8798
-357
-2278
-632
-6454
722
1293
-3593
2651
-1877
-5385
-2500
8341
-3895
-6613
430
-9875
8741
-5950
-5079
-9312
-9556
6308
-345
4829
8044
-1454
-2073
-5024
8395
-1757
-2026
-3772
-1593
-3893
4145
4196
-1003
-1817
-3650
1342
-8629
579
-2683
-3146
1637
2895
5800
-8443
365
789
4881
-8886
-2329
-1045
-5790
-8945
-1538
-3764
-8457
-4389
8800
-7868
7985
-5062
6663
6062
6830
-2174
-2104
-4452
7163
3796
-1184
8786
8075
-4837
2465
-132
-4512
9339
228
7676
3469
-3661
-4240
-5300
8318
8798
147
1591
-3964
8936
3464
52
3920
-1148
542
-7377
5396
8128
1913
0
-9999
1772
6978
1633
5747
523
4129
-6384
-775
7487
7068
-2384
292
9479
6370
-8626
-6184
9440
-5131
6163
-2947
5926
8905
-2952
4596
-3743
-3122
8521
-4626
9241
-5617
-9458
-5152
2241
8022
-8458
-1953
4132
7358
-5524
-9292
8294
8384
-9797
-2121
-4656
7988
4433
-3539
-4953
5237
-4998
2242
-9029
4564
3883
8106
5417
5034
9429
-3988
-1323
5601
8637
8413
8147
4852
6591
-6862
8718
-3874
-4085
-9062
-1527
-2524
7316
5903
-5421
-2690
9952
-2356
5454
-6906
-8437
-2162
-6891
7074
5929
-5928
9729
-5984
-8947
6751
-503
3832
3485
-6546
-1655
-2990
4141
-1798
1284
6914
-603
-9676
-7693
3258
-768
-4127
3852
-7041
-8705
-6856
-6593
-6979
8676
-9977
-4196
7029
3539
-5466
-3851
5578
-6985
1590
7419
-6759
4256
7958
9902
-1895
5278
8975
87
4243
7461
-118
-6911
-6864
2816
2683
-8318
-1721
5482
429
1559
7899
1302
-5902
-5232
-8248
-622
-5107
3695
-6660
-9184
6701
3905
2704
-9640
-5876
3252
6420
-8012
3732
-4460
3676
-5241
61
292
-1704
3863
-1225
-6418
5164
-3807
-5058
5577
-5416
-9324
-1584
-9954
-9545
-1141
1763
1539
1131
4064
-6410
2186
-1750
-486
-4021
6044
-766
4485
-9270
7123
-1094
-9565
3668
-3815
-306
-5465
-6032
419
9704
5907
3243
2915
8797
-9707
1090
2550
-8996
-2212
923
6159
8290
-2691
290
6559
8140
6021
-4779
-9849
-4940
3744
3891
-8999
-960
442
5893
-4706
-3943
-6236
-5369
5201
214
-5189
2426
6383
-3525
2406
4388
-2505
707
9698
-9202
-5448
5656
830
-4763
-7590
5166
2571
9880
9217
-3704
-7032
-731
6525
9338
-4112
-1275
-311
-9715
256
-7348
8687
5252
-1205
-1915
-9335
6509
-1897
-3340
-8165
-4080
-6305
9390
1551
-2302
3605
-7220
-8799
2560
4783
-3565
9932
8039
5569
9995
1472
