-6275
-5038
-6789
4250
-6935
7439
4148
-8345
-6003
-3513
-1978
-4727
-7603
-190
-8565
-796
-6021
9161
9468
-1784
6171
-4149
754
6292
-6479
-1705
-1838
5928
-5397
6385
-5711
-1379
6175
-1370
-896
-8232
-3060
-9868
-2547
5893
-2243
-945
-9774
2103
-2541
5858
-2500
-3670
4066
-7377
-3934
-1337
7938
-5145
-4083
2932
-6495
-4660
-5661
4373
1366
-6148
6187
2489
-6298
2269
9117
-7101
2673
-380
-2469
2387
-8301
5910
-5506
-9129
4240
-8286
2828
-136
160
9823
-447
-880
-6083
-967
308
6146
7202
2424
8108
1407
-8928
-5787
-4231
4513
-1299
9516
-9174
-9304
5483
-6385
-2896
7781
198
-1840
-2227
-1600
-2577
-88
1653
-6811
-6271
-6232
599
-8016
9371
-8236
-4677
9399
-6122
2124
-9267
473
-9346
-7433
-1264
-3768
4986
-7663
8880
-226
6240
-2223
9961
-5564
2396
2201
-6455
7513
6659
2202
-6365
-9502
-8022
4408
4846
1097
-4527
-9080
2893
-9283
9167
7774
-5534
7590
5095
1686
-1362
1913
3832
-7760
-1817
-2938
8692
-9444
-1684
5073
-5825
-7336
-1969
-944
6911
-7306
-2503
-8649
-831
-197
-4436
6227
6435
-7671
-2099
4084
-4911
3380
-9650
1486
8193
-7277
367
7650
9363
-3566
-5506
1452
-2038
9597
-5204
-6308
-8396
-3808
6111
-8426
-9650
-5721
9116
7259
8556
-9957
5833
-6765
848
-9253
4367
-4845
1356
-8529
3256
-6217
-1027
-3221
7499
-904
-3054
280
-2083
-6472
-9886
9509
-6522
7247
-8019
6252
8585
7824
4166
-3822
-6621
1350
-4637
5530
7638
-5324
-9591
1681
-2683
8931
-5200
6485
-1941
6303
-9687
3478
-9465
-9519
-3720
5754
-1471
-3647
1703
9069
2730
-3660
-8120
-1714
2753
9714
-2307
-4944
-7171
2888
-5739
-1710
-15
-8275
8266
9451
-9434
6096
3603
-4790
-2792
4346
-9795
4112
-7075
-8444
7411
4218
-7055
-4320
-6777
1512
6756
1423
5661
-6502
-9436
-1260
552
-2793
7509
-5226
-7891
-6215
6614
2747
-6458
-232
7393
7042
8457
8354
4439
-1162
4833
-2946
-4350
1422
9800
2498
3856
-8783
-666
6202
-4591
1333
1655
-5528
3211
-2588
-4594
-7351
4335
-1047
-5136
2161
-8995
6134
438
3902
3206
4489
-3150
-5053
-9606
8410
-6977
-1725
131
-5183
-1079
-8738
-9205
2030
4158
-3913
-5032
6422
4184
4157
1214
5666
-6424
-3288
2163
2799
666
3027
3551
-8089
-8372
-4080
-3380
-6736
-1839
-3825
163
3711
-425
770
2197
6130
-3354
3622
-5915
2002
4721
4617
1917
-1772
-3919
-2548
-4432
-5680
3903
866
-3686
-5638
468
131
936
-5034
-8021
2159
-2766
3725
1212
5266
4668
8284
7226
-6137
-3870
-9531
530
4093
-7957
349
-462
7762
-8859
6829
-2135
-2507
1509
-4912
-2851
9351
2636
2865
9467
2594
-7981
7156
-6951
-3840
5549
-5611
-4760
-4724
8421
-7067
5610
9277
3131
1205
711
-9572
-8632
5673
6581
5059
6484
-218
1227
6824
-5039
9113
1619
2918
-9143
3866
168
-9820
-2126
7912
-5235
-8164
-8731
3817
-9540
-7895
6013
1347
-822
-9192
-4227
1716
-1088
684
1247
9286
-4325
-5763
2167
-7057
-7735
1126
369
-6387
8174
-9061
-7600
-4553
-3798
-6458
-8338
-6031
-659
9046
8119
-4609
-5447
8922
-6372
-3885
-8448
-7096
-1786
3057
-5334
-472
-2287
-3458
2445
4457
-2269
-8772
-7851
-8218
6896
-8559
9680
9501
7022
302
3948
-9878
-8537
-13
6426
9308
6812
-5152
-6981
-985
-311
-6543
246
3570
-7425
7847
3497
8125
7090
-2171
-1149
-1336
-6873
5410
-5445
4932
1866
5060
4572
-3595
3909
1393
2719
-139
-3523
-5136
-1364
-7212
6186
-2079
7510
-9402
-584
-413
-2477
8222
-8867
1012
4389
-5191
-8018
4372
-8559
-4988
7020
-455
-2579
-1469
-6671
9299
-7144
-4242
-7606
947
9360
-2461
-7392
2952
2627
-5495
9380
-2554
-6044
7222
-4424
8442
6733
-1844
1544
3979
482
4304
5136
9722
-9664
7680
-4446
8142
2526
-3250
-5652
7545
4621
6294
8163
-5370
-1413
-2197
4467
3294
-903
2898
7285
-7836
-6498
3321
-8603
-561
-3272
1074
-2716
-1368
5300
-401
9382
6850
-7778
-3139
-3815
-3271
-5286
-5255
7396
-295
-6746
7460
6699
-7291
8356
-2300
-8721
8775
8119
8205
7026
9345
9461
-2997
-6970
-1309
-6841
5547
-8077
175
3310
-4446
-8241
4104
-8491
6835
7462
-3523
5604
8876
-8531
-6161
-7858
-1719
8265
997
-7745
-3296
-5695
1793
-7646
-6770
-2954
7225
-6464
1068
-510
-9961
-5012
7562
-871
-1465
-2317
-9646
3919
-2805
-6128
-8766
-2622
-4272
-3489
-1255
31
8241
-1467
-5227
-7198
-379
3856
5756
-6929
-4027
-7000
-9555
126
-1410
-6748
7467
-9885
-3157
9008
4233
-3498
4563
-8354
176
-4020
-2994
-2703
-8742
-1174
-5901
7230
7136
-6011
2998
-7343
4721
-4990
-9368
8829
5264
6882
8446
3054
4661
-295
-5185
6529
-5334
487
-27
-7038
2149
-1630
-3741
-3077
2399
-4715
-1692
9372
4164
1868
-3616
8913
-3209
5027
1635
1089
8434
-645
4874
6307
9890
-2357
-3807
9739
1363
398
1257
-769
1618
9986
9818
-121
-4537
820
-7408
-3656
8582
-6419
-3642
391
312
-5070
-9761
-2441
4954
-3874
3975
6225
-9497
3544
2226
-7585
-157
4424
1656
-8248
6639
3538
311
-7442
168
-8378
2022
-421
911
5614
9800
-5166
-3125
-1962
-4570
9569
3123
-9994
8633
-4051
5988
3887
4834
-8764
-1852
-8801
-3115
-245
-1518
2844
5836
-9745
4209
2473
2082
4299
7330
534
9001
2073
-9240
-1162
-5167
-5486
-1274
7268
6932
-9223
4480
-4438
3794
5329
-9909
-9737
2904
4298
8657
-5128
-6026
-9305
-9320
2994
4479
565
6064
-5602
8914
8143
-43
1251
1117
-4517
601
7329
4468
2683
347
-4524
8167
-1636
-9992
7023
-7887
-8731
-4647
-731
-2123
7572
3195
5197
-9184
-858
-6281
-5289
4517
-9926
6500
-5450
1828
6586
6434
-2796
-4355
8326
6335
5308
-4554
-4910
-3451
7853
1450
3008
-9276
1927
-4953
5597
9302
4611
-5556
-4569
-2283
-8498
-5992
-8216
-2453
-7108
-8681
-125
8652
9657
-9086
-2327
-8916
-4962
-455
-3537
7710
6728
9862
2798
5706
1494
-8940
9913
8744
6122
5239
-6673
3495
3854
-1771
-7086
2180
-6705
-2967
-551
-7702
7215
-5000
9253
3529
4461
-7253
-9912
9780
-7608
-9533
-479
-8080
-5269
6603
-4348
2961
-470
7539
8257
6881
9110
2519
5125
9212
-4469
3718
-9818
-6995
-1532
185
4039
-6670
-2686
8808
6391
1541
-689
-4763
-5006
-9294
-5717
-5214
-3105
7535
773
9449
-2322
3021
-3764
-7137
4726
2035
5160
-3905
2056
-5153
-7295
101
9934
-9594
5097
4216
5504
-6251
-8330
-7242
9322
-6539
2236
-7986
-6158
6297
-6936
2253
-4821
-69
5851
729
-4139
-9364
9993
1368
748
-2693
8046
-2164
4529
-3569
-1803
9260
9161
-5011
-2786
3564
8556
5561
8615
-6244
4732
2347
-7060
9786
-9070
1294
1633
6668
6820
-3233
-4999
2110
-4263
7359
-5582
861
8945
269
8277
-527
6078
-9619
2393
-5545
-8362
6353
-8609
-6611
2239
8407
2090
68
-918
-1789
-662
594
-3364
2054
-5439
-8361
-8905
-292
6209
-8792
9101
2994
-5435
8991
-2088
-4387
-2843
-10
9730
-3206
-7191
-8194
4614
-3210
3065
2048
2168
-8258
-8311
3274
2988
-8231
-2073
1963
-1850
-1704
4303
-6251
-2824
-4889
5077
-6199
4392
4089
-6115
-133
4553
661
7442
-9225
3519
-3329
9353
2711
-794
2564
3501
1824
-4179
5719
-7262
5238
573
-9609
-2346
2642
-2293
9326
2034
5894
-8099
-8197
1418
-9161
-5098
4022
-1510
411
6274
981
1222
-6696
8508
-4926
857
-4741
-7652
-2196
-6976
6577
-462
-8497
-1283
-7148
-8028
-4963
5533
7133
1682
-3051
356
-9618
-357
8580
8375
-3611
-7802
-7949
-1013
953
9201
6295
-4015
5670
-9303
8221
-8808
6446
8397
6592
-5620
3581
8213
3873
9487
-1507
-7135
-3471
2179
6759
2996
5655
-1454
9142
2157
-3751
-4030
-771
-5596
-1521
195
-3641
-6255
1894
-6075
1436
7073
-567
-4234
5386
5774
5356
-4498
-7178
-770
-3675
4693
-4140
-2315
-5980
5307
-3228
4470
-2656
-3023
709
-6325
-5431
-5519
3841
-5475
2109
3974
-9364
-2779
-5193
313
-1138
5063
-795
-3383
5894
1644
-4116
1967
1724
-1257
1748
-2841
8688
-8326
9043
-8900
-4697
1367
-2910
5815
2710
1778
-6506
5638
-7190
8231
-2523
2294
8768
497
-6015
7033
-6087
-6619
6059
1526
2951
9066
7931
2542
-7025
-8731
3922
4921
-3616
-471
1450
-8892
-4335
-243
1704
3694
-5810
-1860
685
-1959
8046
843
-7232
8298
-5511
3969
9373
1171
6578
5700
1179
9253
-8564
-6875
-7199
-2253
0
-6818
484
-1397
1713
-7303
3260
-6652
-1393
-5715
6354
6176
-5581
5169
-4659
8439
683
-1371
1086
9001
2013
-9545
-756
2026
9205
9896
-491
1272
647
6762
-6068
6511
6501
4859
1153
9127
-2093
5833
-7336
4972
-4760
9726
-4300
-3486
-7618
8885
2759
9530
3111
-6348
-536
8461
7709
-6817
-3911
-5502
-6672
-5947
2188
-7709
-4389
-2858
-3343
-466
-1496
-1553
-2542
791
4697
9228
-3379
6553
9035
3318
3703
-4101
5179
-4606
4114
6796
6268
674
-7354
3458
9798
-2582
-1124
8843
112
-7762
-5171
-7908
6142
3807
-5891
1868
7263
1099
8139
6811
7299
-7023
4458
4987
-3088
-895
-6537
4802
-9300
6672
2310
-8015
-5707
-6
-4857
1666
-6501
-7289
6007
7865
-3897
-6934
8390
-6723
9789
7354
4556
6431
-9952
1837
767
-9780
-5002
-7821
-6047
-8251
1123
6992
-4190
-3223
-1431
2999
-7548
-8800
-5785
5655
6622
-2325
-2805
3998
8778
6699
2958
-5756
-2691
3327
-5626
-7420
2560
-5692
-6302
7392
7564
1379
-2243
4504
-7554
-4688
-6246
-5544
5555
-2897
-8558
8409
-1299
6705
-6356
-1972
-7713
-9416
8723
9835
4046
-22
-2591
2745
-5164
-2503
-1735
-3682
6415
7374
-6577
319
-7449
-1807
7296
1931
6360
-1493
6529
-1649
7628
-807
831
-455
3468
-7835
-1956
6248
-8396
-7335
39
9946
1094
-7796
781
652
-5986
-8447
7865
3655
9332
-8246
-8
-8240
1093
1703
9270
-7147
-4345
-5704
3570
-5844
8603
7435
1691
-7759
-2048
5964
-3495
1100
365
-9067
1566
3952
6660
2503
3010
-6986
-7767
-1063
-1808
7273
7126
9485
-2731
2492
-3389
-6566
-7616
-2091
6928
7682
-3564
863
3470
9310
-498
-836
-5280
4137
2447
-9367
5457
6861
2891
4907
224
-8882
9574
-7026
7398
-4766
8273
3965
-6626
4536
-8229
9265
8427
3685
-4127
8793
4595
7103
-861
911
2106
-4057
-7656
-5426
6310
8791
-7535
1503
6879
-5399
6636
749
1789
6167
-5396
-9344
-394
9780
267
-2241
-6586
9477
-268
-3248
-6959
1557
-7436
7086
-6935
-1442
4037
-3429
9875
7946
2243
-8326
346
6359
-3929
-5468
2923
7477
9200
8256
2163
2820
-2342
-3817
-7741
-5933
-2969
1766
1087
-5876
-8338
3771
6373
-1818
-25
4811
-9174
6958
-4451
3362
722
-5941
2134
5716
-4322
-2384
4926
-9121
-3190
-2172
4020
-9503
-5747
3769
4035
-2151
-5241
-8960
107
7943
-5449
6154
-5594
-3446
-3163
-3658
-7721
515
1204
2181
7318
-9927
-2768
-4247
6631
-3992
9050
-3131
-6146
5114
-7310
-5522
7317
817
5810
-145
3169
891
5360
9302
-2839
8994
-4642
-1448
-9292
9310
7900
-751
1702
-8666
-9122
3902
5265
5881
-6407
-5363
-1589
-3096
3879
-9698
2218
-8281
6164
-3693
6348
-4230
-2281
1516
-1323
6946
-1569
3401
1123
5538
4187
1969
3731
6471
-2703
-678
2996
7350
9258
-5654
-4402
9288
4903
-5626
-7042
2346
-3856
4627
5971
5536
-5600
8659
164
1433
-2028
628
1278
5601
5194
7501
-7601
-2673
-3570
9866
-5694
-4244
1209
6849
-9485
8480
-4711
-8700
-2884
-7783
7480
5263
7331
-8764
9385
1013
124
8259
-2659
6373
2854
-238
-1639
635
1827
1038
4762
3950
-3972
4555
-2150
4588
2382
4800
1041
2928
5405
-500
-4381
-5521
-1972
5349
-4925
-940
-3732
7909
8379
-4122
1474
7194
-4294
-7442
9302
3524
-2709
-4840
5094
9351
-7842
-9993
9869
1477
7561
740
-1859
-4304
-8786
-9756
-3351
-3592
4505
5802
-9605
1573
7680
-806
-9581
-7204
-924
5493
7585
-9840
-8590
298
3437
-699
-9623
-8931
-6346
4067
5396
-9073
4236
9452
6631
-8452
5989
6560
7458
-4777
8776
7377
2686
-4916
-6457
3423
-6436
2050
-7902
-1770
-6436
-9558
-5980
343
-8485
6875
8988
-1650
9837
5713
6308
4160
-8620
4634
9209
2289
-8778
-6234
-5875
-9155
6474
3958
-6994
1124
4428
4912
4507
-9510
5232
-943
1532
-2752
-3318
2748
5827
1888
-7991
783
-2729
-3204
-6662
-2353
5977
-4571
8295
-6412
-6486
6178
-1929
6341
-9800
-2096
-4121
-6219
-2681
6453
-2171
8004
-8101
6857
-7051
5389
-5751
-8153
-1120
5106
2133
1593
913
7977
241
8076
4548
104
3938
-9222
-6628
-9242
-6210
6765
-920
-2632
3664
8958
-2529
347
-1881
-2540
-6821
-2551
-7513
-169
1911
9975
-3408
-6160
-5193
4399
2429
7901
-2074
-9938
-4153
6330
6867
6555
-6175
6540
1600
4350
8341
-8738
-8409
-935
-3927
-526
-5141
4432
6501
-3826
1785
1548
-5018
-3596
-7467
-3519
2548
-978
3854
-2728
-5961
-472
-1031
-9342
4902
-9330
6196
355
8390
7468
-3811
-3157
-6538
-7900
8284
1902
3045
-935
-6684
7780
1320
214
-9505
3613
3449
-5005
-2101
-9116
-6535
-1156
-8037
5641
5382
2577
-8298
8234
-3984
-6200
-7098
8459
814
-5988
5825
-3573
4533
-5754
-1569
-6377
7413
6313
-5640
5344
3487
9782
489
-6469
-7264
-2745
-522
-6693
-6686
420
-3457
-3740
-936
-5988
4065
8703
-9701
2773
1411
5857
5524
-2133
4019
8801
5007
6584
4831
-3254
-7799
-5927
9215
4645
-4521
3985
-4848
-2934
-6110
-4914
1859
-8054
7393
1005
-5265
6800
-7153
8375
-9424
6057
-5418
3048
-6023
-7817
6254
-7509
-2924
8631
-969
7029
1095
-9837
-2290
5820
812
5193
4820
5358
-6322
9406
-889
-1131
-258
4426
3752
9478
5207
373
2036
3193
-81
-4495
313
-3151
3164
4614
714
-3312
2075
-3243
-9633
-8170
3244
4705
1727
4958
-9998
-419
657
7724
-8822
6851
2321
6798
7977
-6513
-1688
-5076
1282
4904
8749
-2080
-2584
-5280
2629
7779
3183
8773
-5400
842
5353
9504
8794
-107
9932
3070
7646
-3873
-4982
-2090
-3681
-8900
-5458
4286
-2009
-9869
-983
-7045
-584
-532
9902
7338
9808
-9744
-3040
-7416
-5425
9167
9833
-4802
2913
4527
-2833
9764
-5704
9036
-3992
-4642
2718
5802
-7576
-7237
-2926
5899
-71
-4767
-6001
-122
7046
-5821
8407
5403
-546
5237
3774
-1362
8339
818
-4831
-8533
8054
1428
1767
7434
5129
3160
-8452
6836
-3341
3984
-3685
-330
673
7581
9306
2634
1272
-3877
-860
-920
6335
-7262
9336
1906
-2923
-3386
-4434
-2466
-9870
1991
798
-39
-4258
6335
8711
9291
-241
9411
-9838
-3143
-4393
3383
6806
-9537
8217
1450
2619
-130
-8968
-710
2223
-3483
-4517
462
-3887
-3244
6628
-2908
2498
-1342
-9745
2196
-347
-7245
-9109
-3399
-3538
-7001
2898
-5121
-3750
9933
7962
-8200
5789
6635
-7669
8210
1050
9220
-3403
1358
5868
-3654
8345
-1732
1541
-4436
-3298
-2872
9786
-3916
-9520
-8133
-3328
-2063
2809
2425
-6402
-7664
-6405
2572
4045
8602
-7676
-4741
-2236
7115
-4982
-5186
-3174
-5759
6682
-4899
1278
1167
3763
9651
-5871
-5648
-1276
4409
-5916
-1152
-1414
-5107
664
6212
-2879
1383
-7631
-4090
-6992
1026
5920
-9544
879
-612
8581
-2386
2072
-7084
-2454
8320
-6813
1879
7706
-1415
-6496
2615
-2170
-8024
2762
-7318
-7496
-8942
-2028
-2707
-5109
-5175
4446
-1145
44
-2821
-653
525
9793
4235
2045
-7585
3527
-5921
-6784
-7918
4246
-8407
-4236
5305
-2739
-9717
5146
-8886
7577
2015
-3478
-9181
-9811
499
8573
-2977
-4499
4652
-3021
2721
-3762
4645
-2496
-8189
7680
-9808
8680
-6955
-9989
1897
5369
-5431
5302
3157
-855
-4123
-3361
8084
6789
9140
3701
-8208
-4820
-6973
1015
1249
-7581
-1092
-7499
-9516
-9785
6994
-3524
7615
-8591
7012
-2069
-6138
-9738
7405
5531
-6338
-7449
8022
-5766
-543
-1575
-9213
9519
4489
-5071
-1516
-1755
660
8522
-1174
-8818
6225
-6133
-8529
1861
-5268
9373
-6958
-8502
-2566
309
-7166
7301
-5418
-6522
5363
-5307
-757
-3494
4166
-3685
-7081
-8330
1868
-191
-4636
-803
-9166
175
-2721
-3811
2378
9676
9959
-5577
-8743
5174
1992
-155
-2455
-4616
1134
1173
-9795
3441
4243
-6095
-7869
-7499
8304
-4785
-4341
-2003
-8037
-6623
-4786
1941
-6223
-5057
-302
-4753
-5372
7064
-410
-483
8874
-7748
5340
8115
809
7022
7409
9346
-6272
-6203
3315
-2663
-8185
7190
7933
1258
-2398
5890
5450
-8067
128
-4552
5551
9993
-5711
4760
-747
-1260
-8052
-3970
5929
-2756
-6176
3690
-2752
-201
-2835
6665
-9563
-9049
-5268
-3760
-2218
8119
-8879
8615
2395
-7142
-7881
9635
-7747
-5628
6731
4350
2625
1790
-7594
794
-8981
577
1984
-4184
4547
-9328
9249
-4876
-9410
-8041
634
5364
-2716
8771
-5264
9892
8361
-5323
3599
-163
-2288
-55
4652
4571
4257
9343
-5585
-6412
-3830
3062
-6167
8587
3693
6317
6012
-8489
3435
-3538
-9546
-6930
-3416
-6092
-2172
-9265
-1460
4564
-1272
5182
-4775
-6021
7338
-6020
5701
-4691
3814
4948
-2705
1776
8998
5832
7335
-6387
-9787
1210
3826
-4956
4926
-8451
439
916
4980
5845
-720
9902
7275
-7168
-8415
-8300
-6690
4090
-1955
4575
7392
-674
-3139
3467
-6316
3185
9933
2903
-6552
1436
5145
-2256
-7650
4975
-1131
8459
295
-8581
-5687
3377
4821
6707
5792
-1871
6580
-5807
-3966
-4982
-6325
6801
6666
6833
-435
-7320
5381
6966
-4094
-4839
-8833
-2109
306
7313
-9085
2641
-9050
7528
-5210
-9404
3795
-988
5702
5908
-7083
-4913
4797
-9499
2996
-7636
8499
-2565
1903
-3573
-3239
-1513
2103
8774
3846
-6877
3716
6076
7761
2695
2503
6852
9284
7056
5154
8446
1069
8614
-3040
2543
-14
-5758
8421
9893
-1267
6136
-5653
-1111
-7136
-4262
-95
1576
7367
4072
9071
874
-3455
1433
2522
-3646
2468
8877
-5776
9271
5169
1121
3262
2333
-9167
-5280
-9913
-4532
-272
-4129
6522
1332
4276
-4239
6361
-3470
-6976
-3368
3027
-4246
2408
3092
-3636
8394
7985
3349
-7268
7348
520
-5288
-5850
-8652
8942
7629
-3581
4414
7961
-9589
-1395
4817
-1852
362
4997
7885
9113
-1120
8563
6024
-6824
567
1301
3122
-8182
-9150
-795
3450
7941
-266
-5268
-5003
-8224
-8982
-6751
-5475
-1574
-110
-8491
-8633
8959
7853
-2893
2495
-7971
8629
-774
-8408
-459
-7199
8791
1930
-9435
3747
-9515
-2199
-2272
-6195
7826
-6408
906
7687
-8038
-9925
51
3933
-8506
650
-1285
-8893
4310
8247
-4265
131
4076
5053
6300
-7124
3992
5667
8056
6755
622
-6484
-6244
-321
-4276
4772
-3818
-5432
-6368
-9293
4412
4415
-7437
-892
559
-8040
-7354
-2053
4536
9674
5562
8922
6631
-364
-7198
8030
8069
-9747
391
-2567
-4884
1182
1131
9897
4608
2034
-4720
-2778
-9819
-1690
7000
-1694
1295
-499
4310
4616
-8818
2627
8446
3552
-9512
4576
-1750
4329
-2006
-8991
7934
-7172
-9687
-301
6206
-871
7835
4734
9846
2583
7537
-2281
-5528
-8645
-3935
-2305
6323
9180
-7561
7664
-9631
714
-5334
4444
-1052
-6551
2108
-5720
6615
-4240
4582
-8088
8706
3092
-6846
9173
5560
2417
883
2783
-208
2938
-5934
-5919
-2447
9637
-7779
8495
-6539
-4199
2742
-2259
-8144
9176
-1471
-173
6269
4011
-4418
1282
-9911
-5123
-4344
-8984
4516
-8427
1134
2532
-356
2842
764
-2571
-3518
-7628
-3328
1588
303
4702
-4720
9236
-7531
9491
2762
692
4509
343
-1377
-3425
-7220
6996
5719
-4062
1668
-3239
7120
-2397
1272
-7499
9151
-4010
2669
7805
-5145
-6456
5399
4369
3116
-6515
-3523
-3811
6181
-7641
1443
-3997
5297
-7371
-1940
7369
-6407
4247
1764
-3695
5957
2549
-8963
236
7129
1054
6624
-8469
4114
-8899
9640
-1701
-3299
-7669
-4748
7207
8292
-3839
9150
-9812
-440
-9835
-9760
1265
7635
5143
3352
-1198
2047
-1117
7698
961
1736
4482
5184
-1245
2029
-4823
3289
-7997
9973
-836
-867
-8888
9279
-8566
5189
-4311
3689
2417
-2359
2770
3924
-6334
-2890
359
-7039
8230
-5000
8030
-7336
-5454
467
-8344
-4803
-2916
1799
5476
-467
8335
-4883
8404
8018
-993
-8299
-7404
7593
1378
-9035
-8247
-714
9144
-4479
6815
-5012
-5920
2241
-9266
-3605
-7678
-2625
9297
6792
-8615
3362
4624
-3032
-4790
2625
-9316
-2130
1118
4252
7322
-5995
-9768
-8627
-5189
-1377
-1463
-3735
8763
-4583
-3766
-3506
9487
-331
-2018
4803
-806
5630
-9285
-92
-4129
4838
-1398
230
6840
-3914
-1984
596
-1920
-286
215
-4300
9861
-9713
972
8180
8807
3067
3059
-834
8076
-4056
6192
7126
3583
-3559
1575
226
1041
7467
-4047
539
-4326
-2718
6044
-679
-1832
-541
4891
7025
-3311
6844
-5320
-1322
3261
7160
8522
311
-4663
7576
7535
-7427
8653
3679
-6313
-8227
1499
6718
6436
406
181
-9888
1099
12
1830
7931
-739
7779
263
-93
-8477
-3379
-4974
-9892
-6397
829
4052
-5110
5628
-5297
-2728
7966
4146
-115
3493
-8513
6311
2919
2081
-3977
-7218
1556
-5991
2947
-3147
3613
8696
-6146
6616
8272
3164
-4825
845
-5542
2950
-3754
3814
5884
-7714
-8236
6481
-2727
2757
3621
-3278
1456
-8911
-1378
5478
1051
9966
7951
9692
8793
9704
-1340
-4416
4143
-9560
5631
-7257
-5276
957
-5552
-4305
-585
-3434
-1534
-962
-7928
833
721
446
-6396
3011
-923
2209
-8925
9823
2582
7529
-9232
-7433
8497
-3658
3217
-4424
2266
-1084
-3239
-6611
4175
694
-3485
-4994
-7636
-8931
6029
872
-168
9392
114
5760
-372
-8750
-1698
1476
-6425
3353
6368
7524
2161
416
-6342
8741
-4015
-4319
1487
-6039
-5790
-4223
-5023
7063
-8513
-3915
-6884
1589
-9474
-8630
-1621
-8553
7969
6431
3131
7770
-5227
3669
-5516
-9585
-2525
-5018
-7954
9980
-4618
8642
1555
6983
-5246
-6162
-7908
-6624
7703
-5237
-2241
-3124
-6248
9858
8943
-8550
-3479
-9705
-3592
1706
4681
5320
3539
-4718
2668
-223
-8619
8440
5637
-4652
-4633
4602
-6153
8078
4855
-3426
1570
-9334
-9005
354
4881
3807
4905
-4469
277
-6921
5329
-4216
-9574
-1922
-1432
3098
4022
-7830
-4599
9199
1035
-359
-550
-7530
6870
-4600
3093
-3534
-4403
3273
-54
-9357
-9809
8516
-604
1909
-3153
8321
1439
-3208
5713
-960
-9112
8983
1171
-2070
7153
-1127
8737
9397
9600
3205
-3732
-9646
7022
-5952
-5198
-356
-7207
1438
-681
-7272
307
434
-5518
4304
7415
-7385
-7655
-8823
-2319
-1356
-9309
9792
8464
9345
-3664
29
7059
-418
-8147
-6747
-7693
-5287
5845
-6461
9810
6136
3134
-1310
2000
5772
-4705
-3932
6133
3526
6793
7085
-5111
7699
5695
2447
-6214
809
-1383
-195
-6868
4421
-5409
-7332
6014
4919
8195
8021
2216
-208
3245
-3678
9141
-59
-4907
4005
91
9576
1842
-2729
5930
6060
563
-3411
-4906
4499
2116
1356
-8634
-5808
-240
-7414
5825
-4995
-1215
8232
-4205
-3500
3995
5402
1530
-1101
-4208
2861
-8590
7971
-7132
-7886
660
6756
-2839
6083
-8996
7867
-1391
-4880
637
8572
-7153
3186
3066
-7915
9100
-7158
-54
5040
8328
3265
6417
-8042
4884
-246
2344
4135
3522
952
-2469
9612
-1985
-3553
896
9865
6063
-9163
-1042
-5531
-2774
-9510
-8344
754
6797
3981
4623
3482
5516
-106
-5202
-5761
-4917
-5313
3793
-4039
1969
704
5548
-5663
-9096
9457
5724
7937
2879
-3514
-9952
390
2234
-2207
-2212
-9230
940
-5617
-8350
-5333
5656
-3635
-6180
3618
-3301
-8907
-8046
2120
-1064
8173
-8109
-3689
8175
1850
4542
1887
1076
6140
6324
-5331
-2634
5435
-5404
1531
1663
5333
7602
2081
1149
8192
9841
5963
2316
-3828
-7023
-6668
-6952
7682
9197
1876
-2245
7616
8534
-1495
795
-8313
-6067
-1015
-3454
-9212
155
-2336
-4155
-7893
-2204
3484
-3991
-5858
-275
-1993
6488
7780
-7943
4070
-7203
8471
3986
3174
-8575
-4027
8310
-7111
5320
4955
-904
-2353
6536
-9396
-3533
-7917
8180
-4017
-8412
-8866
3601
8628
4134
-1230
-418
8107
6779
6004
-9175
-1852
3309
9758
2942
-6641
5098
3353
-7303
3514
-1786
-8272
-7018
-3109
9486
2156
9075
-6708
2853
-1285
-1772
-2224
7492
7933
6064
5294
-7762
-4812
8448
-5732
5167
7132
-4354
8686
-4193
-5221
7224
8022
-5724
7065
1227
-6693
-2974
696
4925
-5164
1245
-885
-9098
4291
768
-3291
-4430
3517
-1387
-1863
3740
-8712
-8899
-2119
9119
6524
-5511
3720
6394
3744
-1031
-649
-8159
845
-7204
-6284
1817
8595
-4882
-3646
966
5445
2615
-8205
6858
-1244
5681
-1745
1643
9784
6575
-1018
-6603
8624
-1551
4174
-6742
9728
2923
-1280
-7690
8545
-3526
2637
2145
2325
8003
67
845
-732
5380
1848
7396
-3071
-8765
-1562
7217
-6853
985
4752
-8305
1804
-9414
5019
-5577
-1938
-9375
2913
1138
-5858
3068
-6840
-9960
-2047
219
5091
4224
1605
-7348
-2027
9808
5600
-4901
-9519
-5286
8027
-5364
-6776
-7198
-8217
-894
-7874
5324
8440
-6036
-6466
-8216
3488
9635
-1467
2372
-9009
188
-5789
-8046
-4522
579
2640
948
-5191
1370
304
-1856
3681
6653
-6901
5505
9726
2853
1143
6035
373
8775
-3783
-8733
8327
4736
7155
-6870
9282
-9656
6948
7992
1676
-7614
-1224
-6209
-3930
9576
-6541
-5734
-4892
-1751
-34
6210
-2948
-9319
-9299
-2212
8072
-3208
9022
7718
-8926
-7971
-4424
-1303
4060
866
6803
9363
-2253
5781
-5735
2761
-2064
-786
-5794
6931
4802
4765
3090
-6732
-8263
6863
8319
-5091
859
-2264
-8606
-8838
-7025
-9213
-9938
6046
5174
5142
5669
-6652
8887
-4229
-4268
-2169
514
4824
1248
900
3906
2770
-6047
-2214
9610
5862
-4526
-7184
-1541
-5413
1702
3142
-8868
3238
7345
6573
668
6222
9173
-2171
-3736
6084
4478
-5858
-5894
-8970
-1267
-6081
8108
8024
4242
817
-8775
2277
-9275
-7375
2651
6829
-2445
-8282
5085
2583
6131
-9351
-9420
8586
-5196
5355
1767
-6429
866
4653
2677
4068
-8558
-6571
-9698
5970
-8601
-4386
-8261
7505
-5581
-2350
897
-4178
2859
7352
-6417
-452
3703
4535
1316
-8674
9438
1474
-5458
5948
8030
-7354
-2840
5638
3603
2003
-6139
-664
8517
-4622
-636
7736
4870
3543
9130
-5225
1529
6499
4472
2524
-6117
5493
478
-5418
8825
1624
-5158
-250
-6300
-2963
2421
-9466
-9447
-2959
9719
-2526
-8519
7737
-9462
-9074
-2526
-8136
1451
5798
-7701
6351
-2062
-4437
1526
7662
3480
6062
4649
-4865
2855
5901
-2918
-6771
6974
-3776
5719
-2385
2749
-7489
-4802
-9263
7615
-414
-9889
7918
-6818
-9962
-3477
-4142
-6486
595
-7462
7626
2342
-3638
-8478
8375
4003
6252
7179
2046
3899
3638
-9073
1592
8009
1767
-987
-5349
2883
-2778
-7743
1053
9680
-1533
-8225
-1214
-1332
-9783
8639
7687
-3372
-3876
3485
2376
-2441
-3029
-1534
-6545
-9033
-7789
-4907
3425
2666
-2509
4277
-7466
-8325
-1426
2158
8927
2768
-5212
-9244
4292
8077
-3793
5874
1437
7710
-1612
-1818
3445
7216
3583
2790
-6470
-7778
-3467
-1375
-5189
-5792
1613
-3349
-4003
-5797
5620
-7819
-3389
7246
-5787
-1020
8582
7853
6992
9137
-2107
7540
47
5110
-2601
7371
8480
8013
-9828
-7291
1253
1301
-9818
4961
7924
7992
4667
-5543
-434
-6686
-8691
-8893
4879
2200
6343
6294
7358
-8563
-7588
3597
346
-144
-3276
1439
-9863
-8732
6463
-6067
9194
580
5600
6228
-1904
-7567
2041
-2547
5436
972
-7421
5904
6746
-4610
6106
-390
-3079
6540
-4150
4629
4266
-4953
-8955
2467
7735
-4412
-3215
345
-3791
3160
2577
4014
-6678
-881
8983
1700
6429
8988
644
-4290
7563
-2281
5210
5666
-3344
1668
4876
7940
8479
2488
-839
6987
8897
-2001
-9855
-3442
4556
2548
7461
3097
-126
4028
841
-8518
-8795
451
-9276
-619
-6492
528
1693
4893
-7343
-1548
8849
-2104
6342
-9106
-2432
7285
-1881
-2627
4503
-4124
9037
-8133
8540
-4014
-4350
5147
7663
-360
-4182
4284
-6545
-9103
-1681
5650
-961
5817
-1915
5942
2987
-8263
-746
3846
440
-793
694
-9219
6311
-3636
6212
-1385
7666
5750
-1519
5861
-3773
4689
-6506
6831
-63
-698
54
4781
-7922
-5135
-5574
-4826
313
5242
-576
1494
-9732
8258
629
-9975
-8114
7923
-8206
-2195
7953
5548
8602
8443
-136
5972
8362
-1755
-6748
-5994
-6465
-2777
6488
9129
4890
-7377
6196
5951
-3143
7969
-4518
3646
-797
2178
2716
1945
3194
9250
3263
5112
8057
-5460
-9001
-1298
-4968
-4640
4374
-1233
5417
8914
-5514
7971
8425
7754
-7831
-8200
-5656
-526
8128
3489
320
-8871
3277
6772
-6239
-438
8980
-5346
-6938
-4777
-280
-6721
-9816
-5523
-100
7763
7091
-386
3352
-750
-3503
1934
1898
2186
549
7655
41
-1540
8403
7380
-1070
-7408
-9631
-9786
-2921
-8046
3296
7391
-4994
1694
-4114
-1243
-8791
-9668
-8960
-2324
-2194
-1794
2195
-6568
914
9453
2059
4381
933
-6227
2666
3529
2609
-9935
37
-6379
-510
2721
-6021
-8585
-3024
-7764
-983
6544
2331
-2183
-4681
5194
8397
5744
-4892
-6077
326
-4095
-5033
-7957
-4638
-3429
5278
-8760
2775
-708
6479
8116
-9552
-9886
2585
-4349
-121
-9918
5190
8417
5510
-4785
3334
-19
-5841
9221
2761
-7822
5904
6427
1454
-6619
-9939
-5601
2459
-9116
-1199
7855
755
8988
7133
-8768
8269
-4880
2901
4673
-9964
-2096
4311
-7597
-4420
9863
6266
717
4290
7271
-4322
2182
-5594
-245
-5064
194
9952
5253
5670
-6353
-513
2813
4226
7443
628
-5363
-191
8077
4100
-9541
-8689
7926
7246
2507
-3275
-7587
-5905
-5601
9257
-6609
-5094
-6307
3697
5655
-4995
1294
8811
2339
4668
9095
-2652
-6876
-4002
-923
-4669
-9375
-5217
-2035
4030
-5336
-7525
-4108
-5432
-9682
-2426
1139
-534
-2576
-2583
7557
3131
2138
4184
-7413
-2688
-203
-1307
-7790
3994
-7286
-880
-7917
313
-2053
-8576
-7839
-3654
-8747
9175
-6977
-8554
3277
9789
-3415
5122
-4952
695
9318
-2997
6239
-6462
6569
334
-7301
-9584
9368
986
5605
-9854
-7336
8616
-3401
-5378
-3499
8675
7508
5312
-6381
-7851
-6505
122
4456
-5911
169
-2538
-4150
-6708
4790
-1198
-9735
3497
-5867
-9456
-4541
8723
-6603
-3798
-8167
9929
-6618
9901
3593
-1570
-311
9484
1466
-7151
8477
7791
6203
7329
-9884
9791
1
7422
1817
-3017
-6393
-2086
9849
-6311
-4540
-5851
7487
6711
9104
-5673
5747
-1200
-8244
5674
1221
-6105
4064
4876
-8716
4567
5644
5843
1189
-1680
4702
-5922
5350
-7673
-7879
2999
6064
-1785
-7644
-4583
-6453
-3401
-5940
-2401
3497
-2434
-771
-4691
-822
7929
6189
4872
-1372
-2473
381
8414
2703
61
-4894
-9346
6741
-6812
-425
-4089
4040
-7155
1060
-3074
-9795
-2910
-9361
-9943
-5156
-9101
-9293
4065
2787
8227
2601
-4527
9993
4284
6972
2839
6258
8816
-1086
-7166
-4561
-3985
-2469
-3041
-7474
1765
-8978
4274
-9698
4165
3693
-3017
-8436
-6683
5991
9818
-1810
-6069
-8705
-2889
-3370
-3916
2350
784
-7695
-9608
2661
4233
-8047
9701
6913
947
-2095
5959
7850
-1898
-5852
943
-1434
8768
9115
8315
6071
65
7961
-4815
-6501
-7746
1129
2263
-5121
7090
7506
-878
-7134
33
-1314
-9692
-3645
6225
139
5912
-8573
6643
-8443
