-3668
-8057
2994
-5745
3721
-2967
1195
-4876
7115
2320
-1856
237
4098
5103
-3236
2781
-808
9456
2290
-996
3257
5574
-8534
2072
-828
2122
7506
-7163
-3419
7041
1622
-3087
-6838
-3791
-2754
-3764
9629
-8377
3959
4770
-4646
-810
7421
3467
355
-7057
-1944
-5374
-128
3999
6037
-4645
2587
401
2063
-2854
2434
1535
2767
5623
9150
-3668
3995
1065
-447
-7394
6463
-7492
-8412
-5524
4994
-407
8921
2086
-5836
372
9088
3880
1372
4061
3250
4979
-6823
513
5336
7614
5394
-3416
-4312
9920
6719
-8103
-9845
-2184
-8420
8865
-7344
-8458
2155
-8188
5090
-9630
-3597
-4556
-1271
7397
-466
9559
5484
5994
3937
8269
7454
9943
-6551
9013
-5584
1646
-4088
34
9296
-2213
9768
-858
-2078
-2532
6631
5615
6650
-9351
-7957
-4050
-9726
-2846
-6213
-3516
1473
8019
-8141
1838
-3966
2153
7342
-6621
3676
-4507
-5991
1311
5367
2439
-4158
-2112
8612
243
-8618
2721
3639
3125
-3015
-5788
-149
-8932
7762
960
1381
4538
-1172
-9438
-5769
-2106
2952
4097
-268
-2846
-7437
2367
2647
-2331
-6703
6325
4881
1975
3061
-748
-6147
-5828
-6324
5230
1856
506
3727
898
4680
8775
-9405
5744
4565
4065
5929
-5134
-7382
4036
-2556
-5681
-6022
-6206
3584
-1327
-3538
-7583
5464
224
-5193
3312
3183
9798
5213
6366
4840
5256
-4429
-1504
-8299
-3683
-7030
-1890
-5333
1918
-8199
6067
-6794
-1395
9533
6256
6967
7269
5830
-6421
6515
2332
-5100
9919
1186
8433
-3439
2118
-7820
9442
7822
2937
-68
129
2761
-7889
3752
-4798
-1327
3943
-5783
-7944
-7065
8245
1175
-6803
-964
-3624
-9861
2249
6852
4639
-8691
159
9310
-1945
-4347
-138
-535
-700
9672
-2243
-6446
892
9406
-5266
-7786
3540
1208
-2006
-8933
-6974
4451
-7977
5760
-1648
-2310
46
3946
260
2370
-596
-879
-2379
7172
-976
-7513
9193
8908
5279
1377
-4541
-1825
1717
8290
-2955
-1796
4295
8299
-4092
-4999
1862
834
5624
-6672
-5122
5157
-3450
-6503
-4735
4806
-8889
-9385
-5250
-8918
-7434
8967
277
-9061
-2589
-6743
4062
-7549
-1331
-1239
3396
-2055
-4815
-277
-1685
-1789
9101
4281
-3908
2536
-5849
-88
-7183
-1354
2240
-2865
-6713
-6940
2689
-8352
-991
-8270
2288
8904
-3323
2459
3427
-4558
-8955
2530
-2501
4731
8392
-7209
3222
7029
7873
7766
6701
7143
-7361
-1454
6144
7825
4918
-7134
5802
-5544
-3875
6329
-9632
-574
5818
2112
-5014
-9989
8082
-9008
834
-3317
-9189
9394
7257
7466
-9460
-5753
-6584
924
6888
3590
-762
7221
299
6808
-1265
-4167
2785
-5916
-1396
-8467
-8480
-9562
9334
-5005
-4825
1573
2691
6265
-668
8945
1748
-166
-7766
-1019
9112
-3940
-9565
6491
-8062
7574
6482
-2806
546
2808
1356
-2014
8447
-2727
-2202
8211
8545
-2572
-1965
4346
2400
4554
-6576
-319
7307
-8176
-3279
87
3382
2855
955
2789
-4919
1469
2947
1793
-1164
1883
754
-5971
-2868
8464
3907
9575
6126
7125
-7291
580
4317
-5547
2261
-2533
-2269
-4877
1986
1629
4168
-427
4640
-8972
-8200
6666
297
7804
6407
-6172
-8680
6865
7846
3090
5277
-3982
6755
-9129
-2759
-8478
-5159
-4158
3136
7085
-1109
-4066
3606
-5628
-9558
5686
-5695
7978
-2808
-2346
-2939
-4507
-1382
-3831
7105
-4580
-4210
1461
-6744
-1521
9101
2323
4726
3910
-599
6733
3341
4082
2545
-9476
-6531
3249
6926
-8523
8859
-2814
8911
4539
9944
3116
-396
744
-1268
-4103
801
5461
9469
-7256
-4403
9023
6584
-4440
8058
2646
-3005
-7329
-1821
-9311
3393
511
7647
-5756
9235
-2504
-8170
-272
4317
1466
8343
3140
-957
6647
-7644
-5279
-5562
2322
9490
-5966
1754
8299
7533
2312
-8176
9946
-5580
-1607
5875
-1144
-9027
2607
-7156
5551
910
-3373
-3723
-5153
-4919
-1362
7028
-167
-1086
-6144
7813
1110
-7215
-6315
-5039
-2019
613
9981
-6605
3711
157
-2529
5592
-7266
8354
6287
6078
924
6666
4195
2060
-8038
5085
3577
1435
-9821
-8714
6770
4604
4232
9933
-2447
-3824
-1560
4633
-5282
-5139
7985
4937
1791
-9449
729
8869
-7113
3064
2300
9492
851
965
-6730
2187
-80
-7914
-7752
-8947
-4168
-3533
-7412
-2837
9141
7539
3717
4088
-8993
412
-7648
1688
7543
-2963
-3087
799
-7250
-5493
8038
6836
727
3549
-1894
-1625
6595
2625
1445
-5699
-3819
8597
-7809
-3516
7663
4148
7564
-5100
-6027
-4018
-3944
-8507
7068
-3490
8199
-2348
7749
-5215
-6914
6584
-8211
9232
8466
-2834
-8740
-9793
-600
-2495
4493
510
1607
-2130
8125
-6245
-9556
-779
-1979
6136
-7601
3122
9614
-7238
8515
5746
-1098
2330
8292
-1164
7704
8637
6918
5687
-9445
6447
4200
-2775
-3219
7895
-9947
3059
251
6563
-735
5883
8983
-7943
-9961
-4912
3599
-9328
3994
2120
8969
5218
4827
307
9953
951
8845
4180
-6725
2953
-2057
-3991
8067
8706
4481
3746
-1411
3372
209
8075
1849
2842
5161
-7994
-2257
-4912
1506
-5995
-3250
1283
6310
5184
4768
3113
2098
-5482
-740
-1986
8688
-2341
-4504
6304
-8935
-9832
5460
369
-5816
-539
6734
9724
-4672
-9207
9598
1653
2362
-5793
-2806
-4201
4580
-6240
4076
-537
3671
-6065
6538
8033
-1876
2702
5105
-3067
-9150
-7400
-6469
3192
-449
6476
1697
-8089
4681
-4686
-2258
9496
-6402
-611
-8682
-8169
-1785
-5059
-6092
-2873
2372
-8705
2312
2359
3707
4459
-2391
-6352
1059
3376
-8034
5694
1132
-328
1643
4916
6928
7081
2469
2814
2725
5989
6693
-7847
7512
-7040
-4207
-5566
8184
-4682
2294
4699
8263
-8521
-458
-7000
-4012
3785
1259
-3528
-7416
3247
-9145
-6620
4694
2221
3012
2514
9779
2178
8502
4287
4475
-6559
-2878
-8610
927
4435
-8756
2642
7443
3817
-2916
-9342
5719
6608
-2951
448
-6100
1475
7632
6411
7599
9228
-6493
1723
-1130
-7709
-379
-2200
7625
9633
7487
8050
7545
-7343
8764
2857
4659
3019
-2432
-3947
-4911
-1544
-9900
4053
683
5897
-4340
-7675
1858
1752
-8795
-8062
-7668
-8752
2867
-2383
-7551
-862
5728
3305
-4951
-7122
8503
4947
-5334
7160
904
-9968
-8567
-2896
-5408
-2411
6230
-9027
-7240
7853
6468
52
-9962
-8395
-2502
-915
4564
5068
-6100
-1618
-4589
4361
-3964
-3602
-1087
-8716
3247
-7101
-8936
3123
2240
4235
435
1190
3626
-2147
-2979
-4471
667
-4171
-5087
8229
1150
4689
9113
-5310
33
-5123
9519
7354
9312
4337
2810
-9175
2849
6608
8887
7816
-4647
4277
3908
2526
-1355
231
-1567
5703
3701
7423
3105
-7696
-6940
8783
6368
321
7458
1097
721
-4868
-1190
-676
7746
497
9677
6975
-7314
7977
1248
-2726
4825
-1923
8075
5577
-8201
-1915
-4679
6784
-2568
-9185
9804
-7043
6465
-915
1553
8224
-5891
-8609
5171
-2460
-1524
509
3908
6801
68
-543
-6044
-2501
-2813
-7930
5333
-2875
3225
-2228
-7887
2621
-675
-8352
-5821
4531
-9252
-4879
-6870
-6587
-9005
6843
9622
3575
-1959
1107
6007
2577
6739
8421
-6271
-933
3786
1319
6751
-8632
-7747
-1084
7497
-4459
-4897
239
5012
6692
1199
9212
5202
4651
964
7152
-3023
-6995
6984
-7211
-8208
-6288
-481
6048
-1017
7082
3241
-5792
-7966
-6500
-4912
4251
5146
2180
5582
-5756
-5927
2272
7502
714
595
6206
-70
-6682
-7766
2891
9067
7564
1339
-5160
4525
389
-2146
-5350
1584
-1077
-477
-7164
5231
-1558
4241
-3204
2905
674
7603
5894
8611
-402
6688
-1906
-8411
7105
-2142
6681
9939
4764
3178
6105
7928
-3430
-4119
-7028
3664
-1515
-2374
6937
8724
4939
-6283
5791
2415
-9659
-2358
9807
-7911
6648
-4041
-7810
-4250
9999
-8300
5662
67
9498
-2160
-3214
234
-8773
-8536
1282
8404
8885
9655
3186
-6899
-5123
-6765
6576
297
-1668
-6837
6429
674
-4790
-550
9410
496
276
-941
3096
-3839
-4918
8820
955
-7846
5048
9299
-5444
-4083
7346
3570
-7082
-3829
8450
-1496
6966
2236
-267
3456
3799
-3749
7278
-4449
4259
5241
-652
9473
7241
-3883
1511
-6862
-8394
3940
-2304
-5423
-1226
419
-924
1997
-5027
7741
6936
8353
-7872
8500
-3093
-216
-5034
742
-8150
6679
-9305
-2190
8949
5222
9905
-6372
705
6165
936
8688
-4480
461
-8670
-136
9952
-6478
-9345
-2612
-9742
4622
-5607
-2511
8823
-3500
253
8663
-8799
-7684
-491
6591
2252
5088
-4615
3505
-6722
-1448
-5648
7523
-1418
-496
-3321
161
2289
1010
6558
3329
-2680
-6135
3524
-770
-7512
-6114
5284
-9168
8605
2877
2096
-6001
7628
-3829
-8466
9613
955
2593
4233
1961
7683
6499
-4150
6018
8025
4129
7698
-7912
-4343
-1411
4205
-8540
1215
-1397
-5724
-614
4070
1125
-1588
-4882
-8211
8805
4078
-3616
-1283
5907
-4211
345
-2668
1690
-303
-2326
-2655
2221
9675
6232
-2771
1970
-5625
8160
-6162
-3719
7618
-6208
3559
1706
2560
7606
-6024
0
8946
2647
394
9766
3712
4521
7176
-272
3699
7576
-3460
9286
9766
-6473
5389
-8827
1808
5256
-5671
-6126
7201
-8458
1689
-7152
3509
5987
8876
1021
-8715
-9811
-2189
3252
-8656
3198
5740
-607
1879
2624
6988
6640
-6717
-8401
-7181
-5036
-4020
-2495
-4250
7286
1678
1076
7755
-2361
3850
-4937
8109
8617
8640
-3047
-3862
-2398
-2843
-3255
-1527
-3532
-1357
-9438
2165
5244
-1866
6212
-7737
-4861
-2465
-765
8093
-2167
1078
-6316
-6408
-4221
675
-3244
6825
-9046
3604
2040
-3165
5721
1672
-6871
-1624
-5069
-5979
9787
-3590
-3446
1998
-3362
6918
1869
894
3940
-5341
4179
7649
-8515
-5994
-812
226
-5803
4528
-9296
-1674
6055
-5705
-8621
8883
-4756
-4967
-2290
-7506
2556
3059
4026
2448
7441
-1453
859
-7309
5483
1086
656
4154
-3318
-683
5008
-7078
-8945
3847
-3841
-9180
-7375
-5960
-5114
2755
4216
2992
1542
6782
-3359
-4312
-6391
4131
4609
727
2096
3273
3301
7162
8707
-5775
6749
6590
3962
-1342
-1693
8176
3195
6758
-2850
-7905
-5184
3745
-5116
-4425
9605
-3423
1026
-6311
-2746
-1854
-645
-9493
-843
-1971
-3247
-5233
4525
-2081
8855
9664
-3638
102
-2975
-5695
9038
5686
-9742
-6826
6787
9490
-7071
342
-671
-9975
2386
4211
921
3330
-9045
8063
-596
-1390
-1665
-3620
6240
-5728
-3199
-4098
6055
-3516
-7862
-5255
-7157
2191
1760
3003
-3226
5488
7453
-3796
5302
2966
9547
-4373
1355
-8827
-5932
6854
-4827
3493
-3269
3680
8344
3205
5965
4428
-6463
8730
5000
3141
-507
4141
-6710
-513
-9264
-608
-1915
-9964
-1674
8147
-2611
474
1493
-361
6859
-1889
-9343
-3325
-2500
-334
4598
-18
-6805
-2377
-8081
5921
-2320
6596
-6706
-9776
8791
354
-2860
5852
7281
7740
-4601
-552
5388
-1869
-7532
6703
1789
-1033
5618
-3433
-4284
3577
6129
-8213
7947
-763
-3403
-318
-9044
401
-7194
1749
5970
-6558
3983
-2481
-619
-2278
-3829
1781
2309
-2905
-1093
6330
-1681
-7359
4662
8859
-3830
3498
-2207
-8115
8340
1552
-3422
-2115
-8850
-6572
-9207
-1835
6334
-6785
7322
1774
-8358
-9823
-154
7121
-1238
-2883
6949
-4709
3242
6075
1092
6327
-4781
-424
2844
-8526
-5837
3311
9329
2615
-1838
4481
6476
-2194
-6619
5203
-2158
3263
5157
-1601
5810
3735
-9367
780
7441
-4982
-7402
4940
-8152
7972
605
4363
-5014
473
-2582
-4906
-5475
-9845
-1655
9393
-358
-8007
1428
5211
9920
-1309
-4108
2298
-4480
-8263
-7797
6710
9662
2312
-2052
-5024
6440
-5202
5668
3903
-7847
-8867
6860
-7363
7489
216
8805
1497
9783
3729
2860
2710
-8247
1329
7649
896
-6091
-7676
-4726
3387
-2867
1688
521
-9015
-2001
-1907
9882
-4160
6645
4119
-8697
-4283
5502
4564
1765
5090
-6000
995
-7428
-7248
9523
-6890
2246
-7340
2286
-1181
-7478
5624
-5858
7021
-4049
8081
3377
8304
4246
-6211
1021
1927
6473
-3125
9466
-7116
-4044
8527
6725
513
-241
-8420
-2025
-7208
9604
7564
-190
-3377
9810
-4030
-7378
5816
-9380
-5544
1959
-7243
3932
-6755
-8819
-4007
7719
-5042
-1439
-4570
7822
-9998
3738
-2967
-5468
-8391
-2839
-1352
-2730
-2028
4681
-9680
3089
-713
6716
8606
1237
6270
-5801
3739
-854
-6490
-4826
-5570
-9116
9746
-8653
9549
3187
-2047
8459
5104
7051
8317
3751
-682
-6723
8823
2967
-4312
8053
-9832
-6865
-5642
4165
-4819
-3685
5893
8891
8849
1480
6802
8484
4114
918
-8218
-6348
-9035
1375
-6754
4569
-6815
4216
4652
1635
1890
-9755
8852
-7860
4333
-8611
5133
-8779
2925
3899
-1194
-2059
-7373
-8028
5491
-5294
8925
6752
5798
-487
-6509
3548
-2547
-5980
-2440
-9417
-7239
-8136
-7736
-6740
5478
-3144
2116
988
-7497
4023
7877
731
-6463
-9079
-21
-4670
6277
-5877
7229
-4234
-6118
9121
9588
-1631
8560
1761
-9335
-6218
-1724
6094
305
-6533
-3641
-5680
-255
1407
-8765
-9476
-7791
1188
2412
-6753
2228
9324
8774
5093
-392
-5275
2148
4017
-9109
2055
-8994
3679
5923
-5582
553
1438
-3449
-8443
-1876
9103
4688
-7698
3327
190
7620
-4895
4903
9594
7430
6611
-2008
7782
-3858
5509
3764
7786
9308
5161
-1346
-6100
-603
-6709
4373
7897
3575
-1784
7974
-2926
-5029
4086
1750
866
-1055
1492
4626
4022
-4139
1637
-6268
-765
-4076
-6550
6663
-5334
-9310
6100
-270
-8315
-5974
5770
-164
-7389
-1672
1585
-577
9812
-9815
3898
3342
-6463
8204
2187
-4875
-2300
-2463
5003
5540
9580
927
-2780
2509
8293
-2618
6351
565
-2924
-4078
693
2674
-5885
3972
-1680
-3622
5719
6649
-3450
-5527
-2554
7104
5336
3601
-4165
179
290
4214
3490
-6254
-1211
4972
2483
4162
7638
-8329
-7755
-9604
2934
6059
-654
3984
-1240
-1810
8113
-4201
-4248
-2935
914
-8744
-153
-777
2835
-9155
-1027
708
7573
8861
278
-9324
303
3243
-8885
-6441
-7242
-5833
7646
3769
-9743
-5556
2807
-490
9018
9054
4136
-8376
3892
-316
7752
5484
-6715
7041
-829
8051
-1930
9501
-1686
4734
7705
2988
-6698
6018
3493
-9407
-4975
-4309
-5434
-6997
-2816
6989
-7091
-9781
-2582
5554
-5192
-9895
-4790
-8838
-8745
-6663
8035
7288
5202
6005
8607
8270
-9171
2556
582
9458
7600
-4757
7596
-8519
-321
75
9501
2495
-6374
3526
-694
9557
4621
-7693
1999
9138
-1842
-6573
4714
3840
2695
8726
3647
-7974
-3720
-7479
-5811
3089
-7926
-7183
2803
-463
-7370
4946
-7842
4120
8660
6619
2953
5700
291
4361
7811
-4225
-1372
620
-9438
-9668
8417
-9988
1098
-9114
618
-6062
9488
-8246
-4300
5190
1671
8931
4090
2756
-7025
-5731
-1752
547
4966
-343
-3608
-5640
-6176
3127
-4001
-2265
3641
5216
-5341
-8123
9939
-2956
-4948
5753
8890
8884
-5111
7740
2948
-9860
5585
1750
-2520
3515
7071
7725
9781
8740
-149
-4888
7483
4593
6599
660
-2767
4701
-9079
7074
-7058
-1008
-717
2807
5719
1545
8350
-570
-5380
1779
1851
281
2552
-8090
-7253
-8156
-4506
-4897
-3273
681
-2226
-4057
-9185
-263
-5723
-6322
7017
6311
3966
-9788
2536
1448
5285
9615
7616
7638
-9189
6552
-1219
1106
7275
-9237
-7454
8100
9104
-6703
-6940
-5795
8795
2996
2085
3918
-9408
5438
7753
-3058
-5167
-1683
-6304
5025
-6049
8421
-9991
-9124
5354
6372
-4321
5758
8473
2017
-3130
-5372
-283
6416
-9840
6443
-9325
-5425
9666
-943
9274
-3632
4367
-9503
2031
-6420
4560
1378
-2270
-691
4571
-6221
220
5014
-1344
-5668
-8061
4216
-2018
2797
5424
-1750
4437
6598
-1190
5602
-1093
6826
-2001
9915
-9756
-1768
2758
5057
-3437
-7834
726
-3418
8181
-5174
2796
6878
-9713
-7997
-5005
4590
-8953
-1728
4417
6471
2027
-1688
6143
8671
-2572
-9613
2445
-2115
2820
-4976
6620
4237
5268
7834
-1698
6988
8556
-8709
-2817
1320
-9605
8868
2644
9456
9018
-1319
-1143
-1493
-8303
-8782
-4609
-2132
5545
9985
3995
6660
-842
9718
-9232
2719
-4016
1270
4520
5825
-4910
-2100
9378
-2142
-914
-4887
1592
-1585
-7283
-6485
-1184
-7969
-3278
6710
8978
-618
-1186
-7396
-9450
3645
-5879
-9671
-5129
-4903
9731
4064
9059
-6531
1424
3674
-2528
-2960
7473
5423
7627
-266
2118
8157
8063
2837
4679
9274
7078
-9456
-3400
-3439
8356
-1123
1369
-7969
-4336
7193
-3182
9478
6492
4735
-695
5531
-3832
-8426
-2395
3183
-9102
-4737
3745
-3560
-7024
4675
-5177
7898
-5243
3959
319
5839
6621
-8108
9521
1212
-1012
-2658
2770
3992
-5701
5479
1692
-9700
6350
8987
2466
9104
-4436
-4950
-250
-1759
-2978
-3537
-943
6672
9599
-1281
-7990
-2145
-4906
9693
-337
4765
4562
7425
-2612
-4358
5464
4078
135
-7793
-9975
3009
-9463
9505
7304
3834
9843
-749
-7819
2723
-2143
2775
4308
9997
-9633
1320
-4041
-127
9329
-1155
6858
8731
-3527
-9744
7439
4877
8599
-8524
-4410
-4670
-2204
-8796
-5031
-3872
-607
-6752
-1808
-3137
5000
-8791
-6567
-9350
-9421
3946
-8304
-482
-3153
-4975
-3400
9422
7330
3468
-706
-4313
-8888
-7202
-9407
-9057
-4965
-9859
-4613
-7869
7395
4267
4151
-2028
-30
-306
186
5290
-1278
-7790
-987
6831
483
-2779
1382
-7054
9539
3014
5299
2073
474
-4476
120
-7325
5678
6427
569
-9345
-9867
6708
9301
-7481
1969
-2570
-2470
-4090
663
-4850
1150
2566
-9486
4918
3685
-7466
-6147
-4502
-9804
9943
5947
8223
-4630
-4717
-1079
-7483
-9608
-1891
-5959
-2197
-7806
8063
-3747
3797
-3055
-6404
-709
8916
5942
4604
-3203
-8202
4817
2963
-6701
-8839
6648
2262
7505
2513
-817
2520
-5581
-2803
8766
-9258
1281
7273
3777
-3468
9647
9903
8107
-5135
-3440
-8926
-9202
-7849
92
3617
2784
3837
-8349
-1127
-8229
4551
-7565
-1080
-826
1847
-6289
-1312
-6302
8764
-7109
2865
-5263
-6894
1523
-6171
-9106
9447
2059
-3179
4398
-5242
8790
-2157
9709
9057
3962
-2837
7442
8056
-1537
9653
-3366
-2313
-8085
-9914
8205
9873
7731
1944
-8911
3237
-6595
5439
-2065
4658
1544
2612
8208
2243
-3967
4030
-3876
-7483
1755
7503
-7576
7525
1707
-1844
7036
2314
176
9885
7668
-7495
1932
-6733
-6395
-8925
5922
-9938
-714
-3549
1917
7969
211
4443
3859
-2200
6603
-4896
4141
5455
8832
7533
8027
7118
1727
-9724
-8928
-763
-322
5731
-3386
-5320
7051
-9453
9239
4926
5706
8933
1678
5746
4337
5335
-9696
-323
9037
-4543
-9750
-1277
-1981
9159
-4401
-6577
-9988
-2302
1134
7989
4402
-2317
617
-2826
9146
9281
-4232
6661
-1423
9992
-7898
1257
-8728
-8074
-2896
7685
6608
9722
4714
-9287
3886
-3681
7751
-2987
5975
6104
-7163
-271
-2323
7089
9059
-1119
1051
-5887
6831
5126
2396
-6068
-4464
-4131
-2704
219
-7365
-9742
-2412
6186
7420
-7370
-4698
-3300
1842
-5572
6307
7542
-4635
-5835
-8422
-9209
-5493
-3287
3406
-5245
3347
-3223
-2729
1151
-861
-1868
2460
-4119
1750
-2287
5344
9883
-4951
-8022
-2651
672
8399
7660
-4766
-592
462
-3314
-6764
7811
-8899
4760
4135
-9957
-5651
8879
-4223
329
-716
914
983
7682
9910
119
4180
-1658
9413
7338
9335
9227
4627
-6247
-1358
-4911
-2150
-3097
3097
-9029
1393
-2077
-9841
3700
-6752
-4693
2169
-5934
-2142
1933
-2509
766
-7171
-7395
5247
-5132
-8268
-8064
6306
-4896
-8667
-6954
5737
-3327
-8319
-8446
-6046
-9164
-8519
2840
-9749
-6414
-6312
-1354
-1945
5987
599
-6624
-7591
-1419
-5264
6593
8578
-7007
-4616
-1644
-2737
-6951
-2982
-5756
-5455
-8310
3356
-2585
-4690
-8940
-9709
-6408
1912
3986
3742
-6109
4692
-899
-9679
7570
-1513
-3545
-30
6164
5743
485
-1157
6388
-3651
1185
-9960
-107
842
-6610
-2030
8367
2560
-7426
7187
4273
-5931
-3854
533
-6059
6412
6128
-5807
126
-6456
3452
-3162
-3583
1716
-2377
5304
4616
9013
2594
4352
-6858
-690
-9273
-6734
-889
2014
6317
4999
1941
-1831
-4108
3469
-7968
1816
8728
9380
6337
-6345
6951
2315
-548
-3266
2828
-2557
-685
5665
7149
3337
2530
6103
-688
-2820
-683
7726
-5746
-9200
439
-1164
8241
6254
1644
2206
4333
7346
-5341
-2833
-1438
2991
-568
7429
3331
840
-4413
-6690
3041
7219
-3107
4115
-5223
-6188
5776
-3794
1792
5522
-5308
-3686
-735
-8961
-2741
5554
-8234
-617
-2522
1309
-8481
-538
-6099
-5624
3928
-56
349
-6385
1069
-1794
5577
-7782
-3334
-1977
5018
5671
-3190
2044
-4102
1215
-103
-2455
3072
-6728
-9686
-4074
-1006
-7186
2048
1534
2744
-1902
-4113
-8572
-2799
-3498
1550
7516
1917
5516
-797
-3784
-2651
5719
-650
-1566
29
9493
5904
8709
2203
6611
2589
-7201
3831
-5071
-5521
-663
1858
7703
4059
1755
-9362
842
1259
-523
-8164
-9452
4913
9361
5031
-9786
-6389
1475
-9445
8951
-4603
7543
-3193
-499
-8015
9586
3284
6610
7087
1980
-91
319
3291
7027
2026
-5769
8486
-6505
-6556
538
197
-1248
4897
1686
-4227
7925
-4348
-6401
-5867
5953
7903
8838
-4946
7719
5508
7074
-8002
2170
5123
-7990
-2892
5195
4629
-3298
-7342
-251
-7531
-6976
3111
9158
6393
2902
1738
-6121
-7992
-1624
-6150
7690
-3298
6888
4810
-7583
-3548
5794
-1546
8077
-921
1273
4704
-9026
8637
1948
3859
-1480
-624
-2383
-963
5324
5379
6223
-5502
-9412
-2074
5805
11
-8273
-9555
-4428
3131
-1583
-466
1676
2262
1375
3414
-7931
-6852
-7195
5826
1523
-6358
-1283
8946
-866
-3997
-4254
4283
-4328
-8555
6739
7747
-2618
1732
3962
3688
2035
7744
8327
6113
2017
5261
9775
8462
-7178
-9141
-4841
6493
-2200
867
-3178
1068
7835
-2129
4615
8938
-7581
-5561
-762
-9966
-7597
-280
-2616
8673
6868
7600
9671
-6461
749
-4046
-6631
8429
8586
-4613
-976
-5303
-5366
-9146
-8356
6669
-8036
-8616
-3070
-6445
9503
-6143
7730
5333
7149
9655
-9634
-7816
8192
-9225
1306
3248
1169
-2352
-9250
1513
1430
-4692
7998
3821
-8621
2091
6241
-8289
5855
-2165
-8025
-8159
-3496
120
-4789
-7711
5310
4021
-3357
-7246
-1115
9321
922
-3882
-7987
1059
-503
-9301
1602
-4902
-9427
9106
341
-4908
8943
-969
7418
6774
5263
-377
-484
186
-1037
-3456
3906
2865
-1542
6074
6238
1913
-1729
-7255
-4281
-5136
-8659
2751
5554
-6189
-8859
1595
3022
-2551
-1623
4399
9479
4652
7415
-7238
-4100
-7765
-5174
9063
392
-5702
-3532
-3761
-3001
-6775
-8756
204
667
-8028
6571
4961
-3972
-3312
-5903
-2671
9495
-4421
92
-8509
6456
-2211
5123
5695
-8035
-6395
-5039
-8484
-7137
-8531
1846
7756
5601
2620
-960
-1930
-6570
1678
3497
-728
2082
6673
3589
-3058
-1805
-6286
-2286
-3179
-4272
2115
9599
1233
-8989
4121
-2755
-5198
6341
5409
1846
1376
2360
-3754
3683
-9652
-7097
-9670
-941
7909
8595
7281
-6395
7240
-9279
4780
-1453
-5891
-7954
-5821
4064
-5229
8539
1848
3565
5455
-6162
8072
9059
2263
-2332
2546
3515
8204
3479
-8674
7929
-4119
-1406
-6313
8630
6676
9898
5639
-6068
7795
9071
-944
5283
525
7922
8595
-6664
3818
5965
4568
577
5551
6863
-2126
962
-9149
500
9526
1106
4199
-5104
937
9458
5565
-7678
1148
4575
8677
9279
-6126
-6048
-915
-1490
-6952
2637
309
-1804
4305
-9735
3113
-8575
4253
-5736
1274
-716
-3836
954
9267
-3345
6714
3298
7343
8259
-4935
-2081
4822
-7265
2823
5080
2769
7162
2905
4199
-92
7495
1820
-1999
938
-6057
6256
4696
-4077
2571
-5070
7264
-6944
7979
3970
2759
7939
-5334
3409
-1124
687
8401
-8660
2338
-3019
-5803
-3440
5064
1657
-1737
4900
4649
788
9175
-8324
3761
-9020
7768
-4460
-4786
-4599
6664
-1034
-5619
3137
1934
2725
9511
-5642
-9355
-622
-5207
7161
-5938
3044
5801
-7959
-7788
4465
3427
9837
7601
8266
-2207
9935
2456
-2034
3713
3140
-1420
-1229
-7608
2118
-2909
-8165
5106
876
-3780
-8456
-4426
-3765
-5672
-6365
-5500
6894
-9246
-3805
-5871
2998
-3663
-5136
906
4031
-6900
1359
9290
-7943
2303
-2846
-9027
-7423
8160
-9276
185
8751
-28
-9145
-7987
-8318
-23
8889
-3976
2863
-3380
-3428
3518
7025
185
-5796
-5076
8421
-9390
-3369
-441
6128
-2977
2209
5344
-3195
-429
9019
6745
-7599
-7568
2304
6503
-8918
-9246
479
-1092
9944
2374
4847
-3567
3400
4361
-9668
7075
-4017
-2120
9847
-8874
5318
-8536
9172
-33
8625
6508
8488
8775
9055
5498
3701
-4764
-9569
1923
-8107
-7563
9475
2616
-2152
4934
8252
-136
-6471
5705
9012
9736
788
7522
-8475
436
2113
-1946
1963
6852
-547
8106
-2564
-4147
9981
1362
3365
5830
-3970
5323
-468
2971
4161
-3929
2333
3855
-9785
5315
7941
-5102
-1934
-678
-2250
-8824
-5622
9483
-2455
-5557
-5918
-7000
2689
9350
1900
-1369
7975
-9670
3559
5191
451
-4605
-2363
990
-2231
1191
5727
777
9591
-1668
-9297
-7442
2603
-8940
-8672
-9723
-2838
-595
3917
3092
-9283
8462
-6104
6068
9266
-9886
4951
5178
-6812
-7617
-648
-2071
5620
-7571
-910
3146
-7652
-7567
6437
-5441
-1158
-5582
-4062
-2534
-3914
3096
-7093
-704
-8420
-7625
-6619
8725
5869
8704
5871
4301
-4778
3240
2142
-6395
-8393
9432
-7200
5465
2169
-3248
-7666
2975
-8958
7851
1397
-7468
-4887
-4275
4564
6938
3320
-1176
-6809
6286
-7818
2553
-8652
-4242
-7519
4927
6129
6274
9998
-9696
2541
8754
7341
2109
6162
4907
-880
-5631
-5746
-4947
8865
9334
2782
1161
9193
6404
561
-3735
-6230
-3846
5349
-4606
6778
-7034
4206
4722
5250
-7884
7340
-4783
2268
-2119
-257
-714
-4022
-9333
2451
-2931
2026
9397
4859
-2806
-4147
109
7927
-630
8188
-3940
5737
-6858
8704
-6221
-9382
-2448
-6224
-3192
-4516
4695
5609
5953
-3864
-2141
6875
5540
5343
5830
-7486
-5123
420
4490
9872
7611
-5338
8054
1697
845
-9928
-7341
-9303
7993
-4866
-7697
6640
7758
8439
918
3011
7583
8147
-2884
-2979
-3158
805
-3978
925
-9233
7205
-5607
906
-9974
-3832
8886
-9677
-1928
4676
943
-7096
-9048
-735
167
3415
-7146
-3466
4214
-7469
4651
-1133
3618
-3179
-7639
3777
-9437
-4401
-9681
-3358
5544
9727
-1295
512
-4866
-9514
-9499
8329
-4188
7196
-5300
-6558
3954
-5673
5834
-6748
7930
-7479
-8281
-9958
-2552
4338
4720
-3877
7316
-7697
634
-5481
-5668
-6887
-4887
-8652
500
5660
5728
-3604
9602
1046
-5574
-6403
4160
-680
-7184
2394
-7789
6072
5194
6914
4459
-9648
-9913
-325
-1149
2805
4806
-2109
5126
726
-5131
514
-6287
-7229
-2835
100
2226
-9558
-2017
-9398
-7348
8678
9978
-4867
7681
5382
1239
5354
9855
6317
5759
3320
-6130
-6905
-8018
5273
-7348
25
-663
-4011
-2176
-360
4940
9593
-4143
-4321
298
-4240
-7610
-4586
-7211
-8798
-33
-6468
537
-4825
673
-555
5541
-6897
5248
2375
5074
-4292
-1922
-5188
4364
9881
-6507
6440
-9349
-6728
-3785
-1886
5576
-9679
-7456
3969
-7282
81
3357
-2612
504
6603
-9347
-7291
-9768
4145
-521
-8956
5280
5809
246
-9218
-6361
9987
-5962
2018
-7339
-5770
-3612
9971
-4122
5090
-6137
-3533
-3208
9266
-9554
6206
-42
955
4778
3090
312
9916
-4602
-3282
6015
-2426
3000
8848
-7970
-9736
8289
4394
-7786
493
-2574
-1623
-5284
-5751
-7388
-2703
-1829
2835
9453
4723
-6118
-6157
-1110
5107
6599
-8855
7097
-4431
-3858
-9049
3089
8776
7102
-8472
1696
-8502
1151
9211
8466
-4085
-4230
-6422
3829
2569
2323
990
6911
-78
-2801
-6325
3666
6825
-8658
-7753
4880
-1105
-4758
1284
9246
7885
9247
937
-2944
5746
6467
-261
-9932
3198
2596
-4196
-6505
1676
1554
-2006
9593
7884
-6688
665
717
-2585
-3245
-772
-6594
6405
-7698
3832
-2934
-5802
-2629
601
162
3917
50
5038
-8508
1741
1806
-7415
5191
-4725
3016
-3107
-8258
-8816
-3367
-691
-76
7688
1557
4121
8417
-9945
136
-8952
4617
-980
-1590
-1834
6399
9285
-1638
-5866
7589
1082
-2381
-1749
8189
-328
-6221
-6174
-6041
-3390
-1264
-4355
-5684
-8985
294
3237
882
4315
-8378
-5533
-4804
-7804
8609
-2434
-5844
7267
-1616
4646
7690
9943
2050
-7187
-9378
-7402
-4480
3312
4819
4030
1856
-6863
-1555
-2512
2040
-371
5339
-3557
-1744
8312
-556
9946
2701
1058
-6468
6924
1854
-5293
-5796
-1940
-5946
-880
5252
-6777
-985
2563
-7281
4246
8790
-7218
-8522
-9767
6044
-3864
3240
-5428
-6100
4148
-9362
-365
177
-5583
633
6729
-2508
-8501
-905
-4867
-3507
336
5571
-4876
-6094
7663
787
-4218
-2934
7233
3253
2702
-6540
-2120
-2070
-6794
-9945
8088
9457
-4994
-2953
8265
8958
-4766
7870
-1320
8188
9415
-9043
-9467
-8130
-189
-2540
-7820
2524
4909
5869
-5915
-9002
9440
2779
-5519
-8252
-2460
4823
-6241
-8748
-7140
-9694
1943
-2347
5588
-6074
-6428
-390
3205
-6189
-6486
-885
476
-145
-4021
4787
-9129
659
-6673
-3438
8086
-2837
-8134
-9836
-2173
1309
-5173
-3534
-3183
6178
8279
-2713
-8550
-41
6809
-7253
-7612
606
7499
-3460
9277
-7351
-7332
4524
7736
-6072
-7846
760
4796
2193
-8216
-197
8414
-2269
8680
3201
-7021
3238
4222
-4455
8390
-667
818
1854
-9920
-491
3002
4645
4489
-3563
-2031
-2498
2296
8696
-8498
3092
4499
-7836
1905
-8288
8861
6488
-2383
-7964
-1111
3600
-6556
6217
-8273
-7724
315
6770
-1826
-458
6234
-3160
9243
-3953
-2253
4546
-2175
6540
1300
9847
8357
-9453
8604
1309
2174
8031
4591
-3570
-5745
2797
-6441
5850
-8366
9384
693
2948
7220
-1383
2567
5429
-6344
6905
5107
-572
4040
-7875
2672
-3450
-1150
912
8837
-1853
-3900
-6
8347
9680
5404
-4164
6394
883
9308
7677
-6212
91
-7580
-6746
7734
-6639
1969
3810
5907
-5878
5283
-125
7124
5352
-4309
-7894
-6220
3751
-927
5546
4465
7345
-1775
3665
-1097
2043
9689
4484
7054
9187
2041
-4877
-9790
-9719
2126
1342
2314
4454
9754
-5595
7920
7857
6339
1082
4493
-8939
7956
-3971
8685
-5666
-7052
6998
-831
8627
9807
930
-5993
5616
-1517
-6314
5220
-1242
6753
7734
-3770
-4740
4600
3809
-9847
-4706
1756
8842
8198
1700
-7947
6165
-7844
8315
8739
9040
-2144
-1657
605
2227
-2434
-4961
1861
6262
-3538
-3546
-989
6880
-608
5217
761
4063
-1959
-6804
-2567
8725
1806
-6603
414
-184
180
-7131
-8156
-4268
4644
3862
6708
-147
-9941
-3354
-204
-3792
7168
-8555
-1402
7346
3696
9962
-6948
-6638
8663
-8798
2581
-3553
6602
-2381
-6822
6060
3509
-2475
9239
-6302
-5501
4569
6008
-6370
-103
-9727
1140
2095
4153
-985
-6506
7562
-345
-3047
7568
-6865
-6485
7517
4602
-5111
-7711
-5806
1114
7655
-2104
-8432
-2134
5131
-4399
2518
-5132
-1945
-838
8917
5412
7616
579
-6681
-5985
-3584
5565
-5292
-9206
-2920
-1235
4497
3725
6762
5076
7445
5656
-9212
-8621
5302
-7340
-1979
1245
588
-502
-1063
830
-2022
3195
-443
7254
5872
-1522
-1897
9493
-7480
7798
5854
6136
-1958
-6546
-5467
2098
4866
8537
5008
1386
2101
-932
4078
6963
3205
8502
1182
-3906
-3818
-6906
-3737
-1350
-1118
4044
-6728
2045
714
9615
-8930
5728
-4728
-6185
-3830
-3974
8534
7307
2229
-9713
8007
-9531
-4874
-4175
18
5506
6401
7667
-6395
-4802
6367
-8290
-5607
7561
-9246
4481
7003
-3630
