-7716
-621
-1152
-6060
-2484
-3367
9199
-4505
4550
7977
-1825
7326
-742
4656
4158
6165
-1954
-7981
4089
3274
7426
-1125
5588
-5250
-8958
6111
-4117
3381
-1245
935
1943
2919
2984
4642
-7665
4604
-1898
-5682
-7394
-1788
-7014
7196
4659
5648
-3170
-5296
-2339
9134
6011
2846
-2712
-7524
-535
-1772
1053
9788
2628
1499
-4112
295
-964
9775
7292
4831
6163
4833
3368
8392
-5134
4603
1178
4745
-1198
9545
4892
-9379
4734
-526
-3177
8137
-4872
2158
-2856
-3546
63
-5006
-3501
-9681
-4222
-7157
7835
4231
-5608
6810
7743
3401
-7556
2702
-7273
-1223
3814
-8517
-2073
-9932
-6284
685
9364
-2162
-9723
6435
3814
8891
-6168
-378
-2397
-9295
-1688
3424
5718
-9993
-9426
7439
-4167
1483
5853
2645
-4754
-9044
1637
-2530
8484
-3832
4603
2740
-8750
-7440
-9902
-6308
-8382
9848
-1661
7441
6680
6306
-1187
35
8084
-3475
-9049
-5133
945
-8919
2316
-3586
8290
922
3590
6360
-2442
-7525
-5541
5090
-1869
4642
3163
9799
1768
-3207
6143
-8982
9516
-4363
5385
9695
-2354
-9923
1009
1703
-7454
2542
3945
278
-3865
6345
-9630
-6830
1736
-4127
249
-5159
-6687
1643
-1458
3871
-6239
3017
606
2219
806
-3836
6083
7498
-3897
-93
-1627
-6996
-4921
-1851
5159
-6465
-3257
-205
-9043
-84
4090
-4917
-7534
-3984
4935
-8007
-7631
6536
-6748
5427
1528
3797
5020
5013
2454
7804
-4403
-3905
-796
8716
-5016
2753
4091
-9196
9840
7210
-2739
890
-386
-9428
3081
-8379
2144
-3603
891
-5541
-2266
-9932
1241
2927
-9372
-822
5229
-2446
9423
1630
89
-7420
2192
-5786
6872
1911
25
772
9039
3106
-4301
7065
6078
4499
-5292
-6935
-8576
5637
-7952
3755
5023
6267
9602
-5356
6115
-8872
5408
-6879
9276
3775
4123
9562
4714
5277
9638
1957
-4437
-5616
-3535
-9165
7362
-5909
88
3875
6872
-9737
7915
-208
2027
5503
-1828
7679
-9987
-8300
-4364
7948
5149
672
8914
1442
-6
4336
5430
4454
3800
-1717
5272
-9815
7669
6969
-3911
5909
-9171
1063
-8939
9420
-4824
4446
-6104
-6989
6619
-3832
-7957
9696
7336
-6742
-8066
2215
9934
8547
8772
5343
-8275
-2001
1963
6649
47
-8490
-431
8996
-7813
-3563
2078
-824
868
6715
407
5253
8792
6831
-2543
-7285
7431
220
-384
9706
-9391
7758
1364
-8633
-4079
-1294
-2800
-9087
6852
-7180
-7824
-9443
2841
-6545
-1489
1182
-8705
7783
2813
-6948
4729
6603
2224
5630
427
2936
-4171
-7869
9141
2036
-1499
-9254
-1002
9169
-1608
-1272
-9050
3448
-4360
-2042
-308
6542
8274
9835
-2200
-6306
4601
-2420
4782
-3661
8548
-4414
988
-3470
-3161
2953
-319
6611
-4111
-9280
6226
957
-3027
-95
-3826
3552
2886
7921
-2490
4935
1469
4130
-7409
9235
7904
1779
5240
461
-2930
-7939
1607
-6215
-5667
6825
-2411
-4967
-8388
5711
6635
1985
6091
-5326
-5675
-2001
-9508
5255
-3084
3828
-8578
-2717
-9059
-3234
8416
-16
-6012
5610
1308
-1939
5120
9242
6392
-9456
8879
-3296
3306
-135
1378
-2066
7336
-8917
6267
-8434
-1368
-5087
-2186
5060
-4290
2600
-6835
1366
6401
-1275
-3755
8034
-9866
5795
454
-8438
-6261
7937
2507
8208
3887
-4999
-5958
-9939
4650
4023
-9467
-9964
4060
-7048
8470
-8053
-8151
7416
-5878
8932
-8008
-898
-7742
6575
-5958
8308
7752
8395
7477
8186
1444
-6633
9389
-9106
-9523
-8530
-8035
-1218
-9876
5199
735
-5770
9527
-1493
-98
9486
1010
-5630
-3527
-7942
2492
7856
-9580
-8382
-7338
1997
8791
-7759
6724
-2400
9009
6219
-8462
1470
4346
9744
-6202
9773
-2418
-8197
-5861
-1507
6742
6639
266
-3030
-9834
8454
-8798
1111
7884
-8567
-6097
545
-9683
-3818
2796
7909
-922
5427
1678
9319
9935
5422
4641
5310
2483
4865
-9449
5181
-1309
6774
348
-6507
801
-745
3325
-2903
8358
-9459
5043
4574
1833
-9478
-4294
-1718
-6746
68
-6197
-412
7912
-4094
2285
-4264
7552
4514
4171
-2817
6028
8448
4492
-9456
1914
8350
-6502
7409
-5287
6443
2859
-2299
-1829
4231
-4885
3700
-5634
3639
-5925
6133
5435
-153
6292
2033
-2400
-1150
2707
-5350
7595
4595
-2183
4679
3755
4194
8834
-9047
-9105
-7206
2232
-7829
619
193
-7621
-8672
-334
6160
-1544
-3741
-1119
3798
-1274
-5123
7638
5817
2778
4815
-4160
8724
9929
3349
-3346
832
-7145
3833
9161
8774
-8716
4928
-2657
-5320
-711
7137
1558
-2945
5536
1654
3252
8237
4961
9995
6118
1987
-4772
5626
5952
8597
3058
-5917
-2642
6305
-4590
-3854
7245
6650
5755
-4179
-1136
-7582
8063
7884
6987
-9674
3392
2303
6010
-9013
-788
-1461
7112
3496
2939
-2772
-1378
1527
206
1719
-9671
-3380
1514
5708
-2028
5876
4311
-1930
-5002
423
-332
1805
-7142
2989
-9948
6294
-3385
2079
-5525
-2244
6319
-7453
-3394
-9800
5959
-7948
4787
4867
-9990
1524
-8421
8653
-3267
-4473
1271
-8361
-8776
-9535
9526
9279
-2210
4662
-8710
-8708
-8881
-5091
539
6413
4756
-1478
4178
-4666
-3070
5939
1287
3280
-4211
-6024
-7461
1534
-9314
3880
7523
9385
-7386
4164
-8467
-4952
1673
-9626
1812
-3895
3453
-7704
6631
-9011
-476
-4966
5560
-5156
2852
-8770
8751
-5412
1386
-7139
-4896
-9320
2023
8514
4210
-2949
5401
2784
5591
3609
2322
3788
9018
-9055
4377
1362
4720
-2221
-3921
7901
2634
-7689
-9136
-420
-9242
5383
-8012
4118
-3995
-309
9726
-7595
-4225
4553
-3144
3008
5715
9187
-9915
-6724
5876
-9292
4015
7292
-7890
-4834
-475
7956
7103
-3810
3517
313
-5452
1786
-8338
-4244
-5782
-3678
-1394
-6769
-5528
9511
1189
9098
8434
-5739
-5287
6832
3732
-7691
9562
-2982
4505
-6710
2528
7299
-859
-7644
1024
-8247
8948
8482
-3474
-5894
-3903
-4135
-3496
4965
-3294
-635
9716
7362
7856
-4345
-7304
-2564
-7921
-3173
-2981
2488
-7238
3242
8009
-4640
-694
-4972
-3041
3671
-8789
7123
-4604
6824
9705
5980
5460
3181
9281
-9582
137
-94
-267
-3643
2489
-2748
4889
-6660
4338
-4414
8896
6589
-2937
-5598
1070
429
309
80
9446
-1063
-9331
4575
4390
-2790
-9864
6656
9119
8133
-3194
-2486
-250
-3705
4572
1883
-4520
-2164
-1755
3303
2956
668
2088
5447
-467
3573
-1910
-5337
-7067
8624
-9828
4986
-6756
1372
9763
47
1489
2138
-576
4218
-556
-3512
-6556
-2586
238
-4034
7075
5574
-4653
-5522
4321
2739
-6325
7293
5183
2220
4220
-468
7057
7377
-7716
9447
7663
-6847
7322
-5725
5772
-8057
-6802
-1233
3177
-7119
6838
4583
-8198
-9907
-7327
3772
7550
154
4008
-3180
-6499
-424
-5223
1017
-6883
924
6294
5783
8802
-9326
-2293
6739
4572
-1958
4743
-3922
2855
3074
-4193
7808
6823
-4227
-8568
7376
-2654
-220
6645
8018
3712
-1603
7122
-7530
1340
6193
6347
-9222
-5376
-3762
1965
6103
-6194
-8663
5505
9035
-5392
-4922
4229
4766
4051
-7127
1450
6858
-5935
-8295
-4967
-3633
7955
2828
5264
-2483
1755
-8647
-8679
9170
8371
-7662
5889
4039
-2579
7823
-2727
4496
-4772
-3185
8633
4530
-5969
653
7805
7597
-5932
-3373
-9545
8736
5249
-1095
-7195
-5472
9736
-7253
9585
-4717
9530
-1012
4970
4693
5828
-45
5047
6694
-5434
6461
5869
1417
6921
3939
3174
-8556
-2576
8876
-2015
-6329
7088
-2161
-4409
-9750
-7365
1034
4188
-2542
-7852
-2430
-5237
7823
-2214
175
-7842
-6965
5401
-8466
-8048
4351
-9712
-3173
6555
8126
4741
668
6984
3544
-3841
1133
8126
-5977
9111
-9595
-1193
5258
2796
-3291
988
-1686
5483
8391
-9464
6682
490
-2614
1160
-7911
-9459
-2776
-2663
-9460
6305
7975
-2410
-2585
5400
-9745
2922
1506
5168
278
4837
1697
86
-8600
1040
-5264
-2515
-2437
-9569
-9092
752
-461
6025
-6673
1216
-5564
9759
3798
-796
-4865
-3222
-1601
29
6276
591
7876
-9001
-4614
9990
-8994
-5663
-2487
3481
312
-573
-2485
-352
-2511
3007
7567
-2168
4958
833
-5941
2578
4894
-601
5264
895
-3016
-4862
8477
6138
1832
-923
-262
-7374
3100
8941
-8734
-6978
-4579
-7556
-1753
-5731
-4353
2096
1009
-2554
3082
-3813
-9922
-7119
645
-8562
3302
-577
-3881
-9878
7713
-8207
-6366
4499
1526
-7919
9533
-8045
2763
232
6795
4774
1010
8605
8818
8127
-6892
-3804
8584
-8127
8943
2366
-9490
-7585
-3022
-7179
-8341
1550
-3873
-7668
7830
-3478
-1921
8170
-9839
7182
-908
-5687
-1752
5777
-3642
-2413
2836
-7570
3740
-4162
-6726
-4127
-1044
-3168
-9042
-7575
7138
2568
-6278
-2630
-5286
358
3213
3791
6030
2573
1317
-9705
-5658
9045
9899
4752
-9819
199
-5049
-2614
-8660
-24
8847
7777
3051
-8654
-2746
-8704
-3676
-7745
4567
771
-6086
3270
8114
-7960
-5164
3254
8067
9780
-1884
-2490
519
3908
-3711
-2342
-1269
5649
7564
1357
-9846
2471
-861
1608
7108
-5585
1839
-6444
8221
-828
5081
-7619
-836
-7953
-1987
3676
383
-842
-8764
-6876
511
-1115
6476
2983
-6937
4154
-8632
6769
-7213
-9656
1878
-6234
7268
-8481
4447
-225
7966
-3784
5207
-7394
1362
-7209
3383
-9238
6894
-254
5312
6354
2287
-6847
-9974
-4980
-2606
-5618
-9458
-374
-3611
-9407
-3991
4691
2318
5131
-3735
9587
8494
9289
1152
-8033
5738
-3127
8408
5510
9721
6729
4037
-8120
4193
3190
1867
-4004
2440
-2396
3096
4895
-3028
8938
9292
-6636
3848
-196
129
1080
-7780
8741
4666
6875
6595
7855
9124
3367
-7124
-189
7281
-81
5162
-7359
-1832
4059
-8117
-2642
-6362
8724
6962
9813
7966
856
-1728
8669
-9930
-6787
-2436
-1790
-2409
4978
9184
-7703
-6570
-9777
-889
2752
-4297
318
-2113
-7732
-1193
9324
1330
5587
5392
8830
-2022
-3345
8466
3779
76
4868
7587
-9833
7086
955
-12
8778
-9370
9876
-1967
-3444
6789
-4518
4033
4209
-3778
-1963
-4273
816
7392
7564
8476
6526
-3622
-8339
-4180
6392
3766
9875
-1382
-7865
7202
6835
-8252
9860
5571
-9609
-4549
5893
6067
-8728
-8966
8015
8310
4208
9139
843
100
-9184
-4693
-9208
-2253
5902
4368
8688
1660
-7405
7997
-5596
-4745
-134
-2905
-1884
-556
1029
-2171
866
3901
0
-9115
1634
-4095
1881
-8349
-3656
4204
-4050
-8785
-8123
-8972
2619
-8119
9339
7002
1231
-1453
7665
-4258
-6363
8988
5388
-1420
1336
-8987
8204
7243
-3866
-2601
8006
3698
-1750
6538
7120
6384
5310
-8084
220
-5450
-5818
4495
7785
8135
-6279
-5408
4130
-3868
4665
2598
3810
-6896
9999
-6138
2515
9359
-8494
9806
2429
9852
-404
1470
-7490
-8648
-8184
6086
974
954
-3097
9927
6400
3834
-512
-4739
-2871
-802
3782
9592
7661
409
2813
-6396
-2116
1688
-6237
-2279
-1731
9761
-5407
8322
7670
-9555
4397
9506
-4913
-4161
-2601
5159
-1720
7132
-5610
2662
6186
4731
-5600
-9739
-8249
5001
4652
-2251
9751
-5423
3136
-5102
-859
-9854
-557
3592
-8498
-8499
-8146
-1351
-1307
1700
-839
-8862
-6085
-9524
1305
3479
-2673
4276
-174
7863
7816
-2389
4750
-8791
-3629
-5425
3119
-2392
3034
7355
-1808
-5074
2742
6694
-2922
1604
-4198
-7642
1037
3123
4262
3908
1017
-8244
-362
-2565
-5431
-9776
-9333
2991
-4247
8141
5238
-7712
-73
77
-9084
7773
9414
7828
-2544
-5203
-4080
-9715
8535
9051
-7203
7696
3830
9500
5155
1349
-2760
6668
-58
-539
6475
-6806
7562
981
-9275
-8854
1090
-7895
-2058
8544
6850
-2978
-3064
5596
3571
9051
-7794
1930
-7140
-4906
-3217
-5288
-3097
-101
-6222
3147
9301
-5785
2604
-6432
-6978
-2939
861
-1128
-832
3914
-4545
8632
7946
-6567
8000
-2452
-777
2889
-2914
9647
-1726
5611
7351
371
5475
-6951
4624
7757
-558
3408
6733
-3461
-3495
-9294
-5938
1214
-7231
9571
-8492
-1920
-545
-9474
-6552
9005
6710
4393
7858
-2006
-7694
8537
-7893
9722
4913
-4993
-5925
-1637
-8732
-3016
4585
7771
6716
-562
-2457
-2654
4962
1416
-516
8680
7757
6622
6207
7746
-8280
9326
-3457
7783
7104
654
-2954
2567
-5829
1788
4691
9010
-366
-3993
3941
6032
-2077
-4066
2569
3070
-5305
7368
9931
-4305
6614
-4429
-1467
-6750
-4532
9969
8540
6497
8508
-5095
71
7631
2351
4429
5089
2569
528
-9970
-5446
935
-5314
2598
-9625
6451
-9061
306
1825
-7796
8580
-9491
-5336
-9896
8039
-1910
5568
-6689
2618
-5299
6051
-5054
-7698
51
-244
-2287
7348
-7845
3004
6298
-1492
682
-8263
8502
3287
-358
-3578
-4298
-6977
-9120
-8025
-4966
-1749
1960
-7208
7843
-8988
-9808
-8006
8706
8706
-746
6156
1441
-5934
-3302
-1756
5285
9343
1833
-1329
9182
-2518
9109
230
6146
2905
-5266
-5862
7884
-4724
-5510
-409
-1434
-9892
1169
-1637
5028
5361
9999
1648
46
-6174
2009
-6456
9489
1020
-6480
-3715
-1172
-1104
4375
2041
-5569
-3732
7838
-2936
4073
-9186
5136
-5577
-3346
3167
-5037
-5424
-5370
7384
9378
-9976
-837
-7693
-6360
8812
-5591
-2627
9983
569
-5989
5097
-2934
-6446
9233
6594
-1260
8419
-9012
6322
-9172
490
-5112
7337
1478
-2942
-8047
-8000
-9260
-2871
-6229
-9822
1716
9043
3686
2138
3324
5525
-948
9952
-887
6460
353
3752
-9417
3882
9708
-9150
-9333
-1499
-5052
-9782
9945
35
-4052
9060
5874
3874
-6487
-5104
3673
4541
-7218
-8447
-5684
-3832
61
-3960
-6952
-8303
-8054
-6863
-8887
-7270
6772
7627
-277
-8462
-2515
-2150
-2250
-9030
6502
1642
-8833
-4770
-9497
1346
-8858
-7069
-8711
8412
-8149
5365
-270
7069
-3154
-2709
-6047
-3517
-8492
3407
3264
-3952
-1227
4645
-8873
6535
4142
-8517
-8469
-2190
8726
6925
1228
-9708
6173
9466
-8204
-7774
1290
-3583
1219
269
9873
7051
-3513
1489
-4875
5125
1364
-4745
-448
-8619
7951
-1238
-5855
4569
-6880
-6067
3119
8168
-3006
4757
-3292
-3223
-2435
6795
-6276
8480
-1935
2312
8236
-8909
372
4291
-8791
-4229
-1245
-1425
-7469
-1818
5898
-6148
5140
7506
-1599
-8213
1548
-5690
-7268
6706
4473
9716
-2400
-2405
-9541
4537
-1450
7966
-2241
-6281
6798
-5617
-5341
-7561
8300
-730
-5538
3094
6396
-4934
-2941
-7516
-8735
4283
5774
6187
-7402
-6394
-540
157
-4924
-5439
4823
8535
2484
-5427
5885
5013
3001
-269
3268
-456
5093
3829
-7711
151
1312
-4335
-1886
2546
-5508
5337
-673
6148
-9694
-9746
10000
2602
-356
-4371
-3650
6942
-7806
-9865
6828
-464
-9874
5026
-3805
7785
3006
-4969
4475
-7239
-9663
-9873
1285
2970
803
4708
-3682
7838
6201
641
-1931
-8541
-3361
-5658
-5981
8279
7858
-5355
-7907
7674
4098
4809
-8380
-1700
-5686
8996
8603
-8929
-8853
-2290
9211
-9520
733
-7259
-6714
-69
6662
9174
-6283
-6710
-7143
5466
-6866
2634
5622
-8653
-957
-2603
-2799
-7227
6680
-4971
-1871
1431
-4289
1192
1759
9888
2653
-3919
2182
8647
3872
7368
-5258
6376
-5740
7839
-3181
8135
2501
8041
524
-5467
4014
-6174
-2694
-2361
-2306
9581
9162
-5087
-2301
-3265
1241
8842
476
5531
-9375
5691
1155
-6581
4173
6384
5212
1046
8772
-3297
69
-2087
7463
-2935
-3039
2985
-7022
-4256
2302
-1929
-2661
-3398
1115
7110
-114
6304
-1196
2138
-9025
8210
-663
-6345
-479
2998
-385
-549
3324
6010
162
6530
9728
1075
-2751
-7625
330
-6220
9431
-8615
3280
-2830
-5543
-5388
-9507
-9852
-8236
8747
8609
8064
1508
-2147
-5901
-9374
-5557
190
-1400
2688
-8447
-3218
5735
936
8141
-3523
-6349
-3539
-2056
-340
9731
-4799
9483
-4067
1869
-1490
9446
4969
-9649
2267
2859
7975
-474
7416
3227
3157
-6067
9955
-4546
942
-9075
-8094
8529
2204
-7897
-4711
5873
5979
-5970
1599
-7850
1781
-6651
-5008
-5212
9184
3768
-4271
1113
4721
967
7129
3569
-4970
-13
-3827
816
5169
9396
-6967
9885
-4694
9762
5680
-4649
4292
-1966
757
4698
5114
-6886
2037
474
-6235
3518
568
3283
5652
-3326
5858
1043
-9532
4342
-2856
-1916
5870
-8098
4224
-8337
-1654
6099
-928
3385
-7140
270
8211
-9909
6899
3554
-4608
-389
-4928
-2695
8815
-2118
-311
-5112
-2947
7950
651
5736
-1017
7631
2833
7686
8281
-8476
-4540
2766
548
-7079
5377
-3878
-2473
5605
-3478
1672
-432
-7250
2022
-2008
8644
-5469
-221
9147
-6865
-702
-5017
1974
4224
6499
2991
7009
6514
-4174
-6803
-2477
3641
-1418
-6844
-2316
9801
5684
-6733
7588
1464
7539
793
-5530
-7239
2700
-2697
3194
9327
4018
7110
-3488
-8394
-6249
340
6313
-2446
7181
1759
6438
-5542
8370
-5074
2792
4059
-7567
-7407
-902
-6594
-2778
4573
-1393
-8601
4807
2957
2615
-4352
-1129
-1953
4782
6941
8995
6047
6306
1681
9765
2328
-413
9494
9657
7458
-1576
4644
4322
-7936
-6837
5535
-5967
8888
6632
-8196
-2090
-9536
3427
9534
-4343
8018
4126
-1491
4497
4269
-4026
-7824
2048
7337
5876
-2374
4613
2669
7543
-1441
-7931
-5653
-5702
3134
7038
-43
-986
-3432
3949
3743
-2160
-2085
-86
9880
2947
1473
-3587
-8092
-5414
-8047
2611
9524
8050
-9106
-5831
-9157
-5006
7290
-392
772
5368
1413
-5800
3111
-7790
-5024
9435
616
-6310
-3457
5693
-8496
-7785
5995
6094
9809
9998
-2304
-2172
1757
-2199
1260
-6373
-9458
-6631
-5947
-8816
-8070
383
-717
9315
-8345
-1850
-4954
-4781
-6444
4986
3449
-1839
6152
-7610
5153
3292
506
7045
-463
-4929
305
7565
2192
-6112
8945
-9292
-6888
3533
6624
7479
-1271
2610
-2045
-4421
-3207
-5082
-6477
-3662
-7883
-4560
-3253
7574
-7587
-3988
-5623
-4953
7885
-319
7232
4812
3883
2023
2458
-6236
-7701
-4498
-8337
1818
2386
6943
-5843
-4024
-8001
-1766
-5975
9602
2879
-4262
5217
7096
6660
-5926
5770
-6449
2084
9534
-8188
-7703
9323
7890
8002
7891
-49
1048
-3298
-1356
-8401
-8680
-7250
-8934
2573
5305
8161
-5699
3801
6102
9691
5323
9217
165
-5656
1467
-1241
-6215
-6998
-3084
-8979
3043
-3392
1055
6430
3226
-8284
8110
-8208
-4048
-4121
-2690
-5977
-3960
4036
-49
-7814
6427
7299
-719
8307
5513
-8486
7246
9368
-9222
-4503
-5025
-445
-7243
9358
-2006
2130
-9502
-3876
5068
-8949
723
-6447
7923
5606
-4061
1321
6575
-5845
3783
-2970
3548
-4687
2972
-8617
1370
-2865
7284
6126
-9138
-6940
9863
1170
3362
9814
-5753
5828
5762
4130
6315
578
6199
-5389
-5511
3035
-8499
-2542
-251
9721
585
1263
6421
-1644
8010
9162
712
-561
1788
-2767
-5906
-372
-7221
-3304
3890
7349
-322
1972
6349
-3588
-2394
-5740
7808
-441
1334
1510
9521
-2531
323
-9907
-5529
-8402
684
-9939
-4170
-861
5930
2269
-9279
-8620
8244
1990
5393
-996
7015
-1392
358
-9093
1406
9490
6936
-161
5405
-7808
2232
-6616
-4325
1311
50
7622
6286
-9245
6686
-9034
-887
-3144
-5032
-7025
9939
8279
-5416
1784
-1926
426
-4091
-296
2683
-1991
-1947
1396
9680
-242
6663
-2056
-6235
5692
1261
-1170
5018
516
825
-5976
7286
5291
-7015
6705
-5417
7324
-6911
-7035
-1526
5370
8731
1496
4224
3627
1996
-6120
-8881
2548
3846
5272
4188
-5272
6359
5911
9225
6187
-1999
286
791
-2561
-5565
-9497
323
1026
1440
3251
3363
-8210
-4296
-5678
2257
-8809
9946
-3110
-4512
5033
-569
7377
5100
8468
-5123
7337
856
-9154
-1474
-2134
9095
-6947
-1477
-1975
-585
7077
4050
-6105
9090
-5227
4145
-3088
-5840
7431
7456
5521
7494
-6618
-1655
9841
-431
714
5049
-2059
2512
-6907
-2607
-1889
-5901
2849
7517
-1049
-910
-8409
-3660
-6274
-1438
-880
681
3992
-7075
2508
8698
1539
-5644
1625
4126
-9304
2623
-7754
-1567
9227
672
6605
-9267
-7755
-3318
3079
7262
5485
1739
9073
7997
-1535
2552
8216
8944
7957
7516
-1457
5548
8399
-3152
-5879
-678
-5668
9414
4048
3700
4831
-1766
-2779
-8267
2077
-263
-8240
2961
4672
2590
9049
-3065
-4024
-5395
152
-4862
-2170
-9690
-8143
6161
1736
1650
2950
7992
880
9679
1786
2804
7605
2288
8689
3916
-2364
-9007
7035
-9459
-3932
-8344
-2991
1592
1150
-2621
-5033
8382
2329
-9410
8388
-1438
4874
3253
-3519
-7080
9967
-9366
-4645
-2670
-1065
3094
7667
2559
-380
5061
-6878
-47
-4517
-2111
-6320
2728
-9017
8460
-4803
8655
-1682
9767
-3201
-9848
-6222
-5248
8919
7871
-1051
9398
-5152
-3411
-2856
-5418
1954
-8122
-937
-7009
-1995
-2322
-6255
-3844
-6398
6592
-8645
-8745
-5058
8782
6696
1336
-1430
-497
-7430
-3794
3968
-8740
-7105
-9205
-5077
-9060
231
1980
3752
6302
-1166
-2826
9909
-7830
1592
7805
6829
-1989
7546
-2221
-3100
1467
-1739
5198
-6974
-7213
428
-165
-4175
-3631
-9240
9726
4801
9855
-9046
819
-6256
5105
1214
7529
6853
-8346
1417
-4402
9140
-3788
-2509
-2733
2866
4104
9962
5910
5008
-2687
-7818
7603
-8271
-4739
9221
8391
-119
-4546
-3167
-2186
1511
2890
-8351
3777
8268
-4239
-5713
-2712
8243
-8080
-3594
-6789
-4366
-2563
3318
-504
-6985
-1483
-8429
-9918
8937
7564
7824
-5658
-3299
-5967
1591
-9988
-6865
2029
8484
2246
-2058
-6315
5650
9321
-6204
-8273
4493
-4309
-9879
-6991
1353
-6993
5381
3862
-8067
-4385
-2297
7345
-5424
8200
9598
4392
2008
8843
-2732
-6637
2010
2249
-9769
1972
-8204
-6771
2843
3751
472
-2160
-9801
532
6018
-1684
-6320
9010
-4725
1412
540
1594
1991
7799
696
-7935
-1803
5820
-1215
6637
-4830
5145
-4240
9375
9867
1065
1681
-4692
-2100
264
7513
2850
-8333
8876
-1296
6295
7590
-1753
1644
-2522
-5321
-7377
-2743
7435
-777
2417
-7907
7652
-131
3606
-1632
-9626
-2347
2279
-5667
-1949
-922
-8711
-5176
4742
-2217
9213
-8258
-6667
305
-8831
-5792
5736
8996
-6456
8873
-4865
-4036
7176
7926
-6895
-2333
-8755
-1032
6678
512
-5307
-8926
9740
2108
1403
697
8016
-1258
4125
7294
-3227
893
8935
9607
7540
-5107
7578
4121
9362
-8644
-2729
1901
-9330
1257
4596
-6043
-7878
1056
9269
-8604
-1103
-8921
7257
-520
-6097
-5544
-3346
-7036
379
3740
5698
-6774
-2619
-1276
-2926
4730
3467
-3677
2769
8198
5952
2211
-4971
-9913
-4666
-9565
3949
-4553
-1750
-4599
3953
-3130
5551
-8032
-527
-4791
-4748
-2864
7323
7080
-6733
-6968
6550
3795
-4069
-340
-4699
4237
-6982
6257
2560
8889
-3000
-3786
19
-4311
7082
-8942
-1611
4410
6903
3139
8429
6144
8309
-548
5586
-5183
-5363
-445
2159
-1094
-7923
-6732
-2318
-2206
-7224
-4406
-2138
7474
-6532
-1970
-6524
-6371
-9649
-9507
-4616
-8137
4744
4475
51
8545
4818
-1144
4552
-5757
8955
-5034
-9460
-6820
-418
-724
9
-2879
-8691
9967
1438
4266
2541
-7157
4338
6324
355
904
-9053
2991
-2134
3709
5383
-8000
-4783
6563
4365
2854
-8631
-1641
-3495
-6699
-8480
-4243
5388
-5615
6893
-4593
2577
-7952
932
1210
-7925
-7880
-6101
-156
953
-1505
2856
8686
5274
-8631
1722
-7565
-1290
-8492
-2795
3618
-1313
9685
-4195
2983
-1354
2875
-1921
-5949
-4984
9881
451
6292
9840
-4219
-9441
-1554
-6664
6334
-6921
5862
4042
1371
3482
3568
-9449
-8564
5149
227
-8624
-9123
4841
-7276
845
-3822
3648
-8116
7238
-2411
-3484
6275
-2888
4444
2135
-796
-1265
5144
-172
-100
1184
-535
-6775
-3152
-2414
-3207
-8105
-6003
5890
3820
-7560
2470
8462
3734
1952
95
-143
975
-1474
6351
3866
5202
-4171
-5526
3934
7253
7554
-3716
-9531
5428
983
7917
3946
3741
-2500
5335
-8473
7029
-2891
729
-2363
-4048
-7950
2836
6642
-2428
-7128
5768
145
8763
-3070
-7625
-664
2963
1910
6516
2798
-8494
-8574
-3684
6753
9183
-4892
4495
-9129
-8803
818
670
7565
-1888
-685
-1345
-5998
-2871
7104
-6272
6234
-5991
4841
1820
4586
203
-5811
-9272
-9359
-1774
-4179
5399
6165
-2198
-7505
-7251
-3197
600
-5827
-6699
-7905
7900
5646
5384
9824
4659
9880
-7392
1697
5755
8031
-5279
2508
2817
3040
-4820
1526
-9693
2610
5293
2077
-7135
-3134
5001
-7382
-353
-3795
-6275
-8506
7129
6880
-227
-6231
4772
-7912
9189
-4514
1349
5801
-3937
-3042
365
8912
3549
407
8330
7648
-8082
7387
1501
7986
-8117
1936
1508
3235
-647
-3618
-9516
3213
-7818
-5416
-5151
1057
3559
5127
9462
-7868
-3302
-6881
891
4577
-3648
5703
-9429
8531
2109
4518
6909
9566
1870
-3483
752
-6631
2875
6143
4371
1375
8493
5520
9926
9547
6535
5980
-8151
4530
-4421
-3460
5546
-9907
-960
7493
1443
-9521
-1375
-3346
6097
-4221
7966
-1539
6313
-4176
6107
5055
6911
4467
-4164
-1590
-4764
-9506
6356
9376
7113
8783
-9570
288
-7390
2392
8733
3227
9876
-9876
437
-4090
9190
4
1234
6042
1806
-2299
-5248
-5256
-4603
-3343
-5575
2804
9772
-2217
5317
2949
-6339
-9765
7043
1767
-6008
5804
3944
7687
5084
-6904
2066
7341
-4811
4889
-564
-5925
9639
2837
-6182
-1174
-6638
1009
-8845
-4009
9565
9914
-7622
6924
7943
-1468
169
-3269
-4908
2102
-4183
6732
7559
3574
6453
-503
74
8250
-3598
9911
2955
5646
8747
-616
1420
-6141
101
-6849
2182
-5958
553
-664
-638
-4723
2371
-3634
-9835
3233
7322
-7069
-8494
4406
554
5419
7838
-4829
-6055
-259
-6000
7791
2568
9026
-4394
1240
-1480
-3484
2584
-5729
-2376
7800
6897
8058
7719
5082
-3333
-6093
-5418
-4214
7143
9018
6918
5938
9876
-5134
-8917
8249
9654
6267
8768
-6399
-1975
3811
-7234
-2039
-6432
-6480
7368
9405
-9401
3983
-4973
3798
3970
3965
-4378
9093
-6160
-1836
3041
-6536
-839
4385
9904
6624
-1642
8435
-5343
9572
-6666
-5236
5057
7506
-5762
9774
-6322
-3349
5827
-1699
2640
-7155
-7662
-1227
-2026
-560
-1682
9017
4901
3966
-50
-3756
-9907
-9097
-9652
-5018
-9799
1639
3734
1779
-5045
-4824
-9990
-8925
-9734
-5025
-9442
5076
-2988
4685
3529
5071
-9173
6251
6476
-9609
1909
-3158
-6264
-2675
-134
-377
-279
-4650
-9273
-7556
-1059
5286
6962
2346
3500
6084
705
-188
-7314
-6051
-4341
9483
7594
8292
-1267
7891
-1913
-7427
5000
-6302
-4565
9474
1822
1924
7265
6462
6043
882
896
7811
-5692
3759
4769
-9307
5358
4560
-8240
-8342
-3309
-4750
-4509
-1053
2051
-9207
7963
2933
5034
-204
4517
-9564
-7336
8853
9071
-8242
-4867
-862
-5405
-4403
4854
4888
-1638
9033
223
-7282
-8710
-4514
1831
-6640
-260
6746
5472
-5156
9740
-777
-5056
1551
-4638
5697
-9453
-2044
8280
-2067
-8094
1727
6848
1786
9632
-8553
-2945
5963
-8699
6120
7363
-1104
8127
-9458
7514
7721
7865
88
-4411
-8318
-7273
-2775
-74
3666
4462
-6607
-3724
-7219
4937
7290
-8277
-7618
1897
-5879
8261
8309
2267
1565
6539
1487
-5755
-2599
9969
-818
9080
9912
-3506
3681
-3855
2645
8151
9036
-4580
-3353
598
-1453
2679
-3438
1519
5325
3601
-6071
4954
5811
6603
-4732
3492
-4718
1066
362
-2606
141
-8888
9104
-2817
-8472
-9874
5593
190
6160
-5874
3882
-4080
-6458
-9884
-9172
6023
3347
-8316
8786
-5180
-782
8216
42
3865
470
-6319
-6031
1328
5506
-3550
-7710
-5181
-349
-6799
-2150
7659
9867
9625
-2310
8231
1491
4941
-3300
-5002
4852
-5627
-3708
-4803
2722
3573
-8303
-5907
5551
3667
171
7912
-9458
-6916
-6183
-471
-4125
-6041
9586
6285
-2735
7659
7454
-4057
812
7475
8762
3946
4647
-8788
-926
-1463
2824
-34
8793
5737
6310
4130
267
4608
3541
904
-7022
2074
-6996
-4053
-7106
3327
-6863
5747
8588
-8779
5560
5258
9909
1312
-4126
2799
-3073
291
-7801
6127
-404
-1805
3441
5440
4267
7091
-5887
-1547
1801
-80
-3856
3404
-3539
651
8476
3689
-5573
-2311
-9224
5339
9838
1731
2663
-7647
-6052
2883
-9140
7908
-1825
341
1392
-3419
-4597
4716
6860
9122
139
8200
2465
-8151
7598
-9676
6553
-6115
-325
-6995
7775
5104
-5058
-8645
4801
-34
9399
8274
3899
-8276
-9034
3313
-3697
-3257
1591
3284
-7688
4140
-3679
4276
-5456
-6632
1249
3585
2979
4428
-1139
-2485
888
-6924
-3431
-5748
-7070
-6412
-82
-3653
-6656
-7172
-5175
5968
-8083
9642
6096
7654
8657
5148
2968
2901
6854
552
-5728
7505
1447
7620
4418
-9561
-9479
8919
8414
5002
-6074
-602
-4634
7580
-9151
2587
-3059
-2567
1197
-8299
-321
-9664
8421
-9429
8534
3387
4895
5938
7111
-8559
-5510
7965
-9830
-4417
-7024
4171
8115
-3353
816
-611
-4144
-9304
4525
-5263
-4223
6422
2239
-5970
3642
-817
4551
-3746
-9156
6860
458
-9149
-4173
4852
2806
6739
4765
-8690
7803
1510
-1667
-563
6973
1631
4608
-4701
6837
-3830
499
-3720
-7618
-1320
-6284
-9206
7295
9295
-567
2838
-1448
9706
5565
5567
2513
-5288
-2336
-165
-4308
2626
-7800
-6782
8967
5401
-1615
-2082
-3807
-1937
4627
-9975
-5067
-5632
8324
6010
-3936
-2939
-6479
-8098
-7840
-1203
-6000
3362
-6589
7820
-3911
-4669
8618
2948
-1315
645
-7341
-343
-3242
-9864
1386
-4709
5341
-3253
5389
-9452
-4519
8787
9907
5698
-851
9037
-25
-1992
-2330
5236
2267
-4260
2383
1223
8531
-7251
2442
6783
3960
-1987
8341
-2742
-2868
8508
9806
-9493
3163
-9625
-6898
6537
5062
-9289
5911
3102
4315
8725
-9929
-8937
3645
4518
-6006
9967
8654
5473
1777
5651
-6060
-9271
-9199
-3621
-2820
-5663
-2060
2451
4383
-316
6934
5239
9182
-2229
4319
5132
-4274
-8142
-7861
8845
4002
-9318
-4740
-5801
9521
-9669
-9602
-8582
2080
-9312
7713
5073
-7068
-4332
424
-3855
9009
-1777
-7494
2245
-9905
8744
-6321
673
-4672
-5758
7717
8020
7705
7622
-1521
20
-4117
-9385
3018
6839
7594
1175
2925
6553
4441
-3223
9533
8411
-9932
1655
1470
-3469
8812
-6317
-3521
-495
6488
4259
-5954
1852
-1272
-6372
9875
-7514
-898
-78
-7297
5314
-8440
8028
-4774
-2061
3778
-1291
3773
-3268
-6762
5648
9237
8882
-7387
1306
-207
-8633
6427
-9596
-2840
-3394
-7216
5022
6642
8305
-5597
7424
-9347
-9309
-377
-6934
-4500
-7213
-1070
3934
-8514
-2449
3204
-7258
725
-9270
4011
-6541
829
297
-2909
-8773
-2931
1052
-1899
-4899
-4444
-9379
-707
9590
-1052
-6522
300
6225
-6050
5030
6284
9518
-3513
-3612
-611
271
9960
-630
5980
253
-8419
5991
2417
-388
-2164
5858
9584
2054
-2773
-5837
1568
9624
-8590
-6059
3120
2125
-5239
5937
7636
-3313
-9360
-7282
-7500
-2390
-443
1925
-6870
-2078
3273
-4049
5438
6849
5334
7988
-9281
1721
-9291
9456
-1494
1229
605
1860
1000
-8926
4271
9637
2649
-98
-2679
-7416
5530
4221
-8711
7194
9272
9170
-4280
-5699
36
6158
4770
647
-8886
-2966
-4080
7684
-5291
3141
3301
-9476
7586
544
-8452
4619
432
-1855
9183
-6832
6529
4493
809
-4244
-6139
3744
-6688
4476
3344
876
6557
3722
2377
-3473
-9145
7028
862
-327
4175
2597
-9338
-5829
-9670
5087
8054
-2992
5397
1596
-2712
-5
2202
9305
541
-2513
-49
5608
-6917
-2707
4622
9961
579
6746
-3510
-1637
-2428
-4032
8196
9139
-8888
5416
-7328
-5081
5830
-2568
-109
5049
-3214
7391
5988
-124
-3732
8651
8348
-581
1006
2784
5346
2589
-4178
-7230
687
656
-6088
-7573
730
6054
1678
-4288
2035
5441
1713
-930
-5229
4563
-4504
