8678
-5048
-499
4350
-4877
977
3958
-697
-7110
9677
-1733
-8632
-1848
5554
240
881
2906
268
-9643
2834
7299
-2188
6775
-5271
2809
9375
7667
1190
9185
-6949
-7463
9063
7606
-9895
2064
5846
1568
-6652
8912
-3087
2515
7135
-4008
-8624
5211
1248
-8452
4515
-1096
402
601
9080
2686
-5058
9279
-7251
-8471
-5895
-9361
-8755
5676
4877
3565
8130
-7774
-5139
-3273
-3987
4691
5440
6839
7567
-6288
-5728
-5962
-2172
-3866
-5255
-9466
5783
-221
-3642
-9060
8871
6066
-8329
3550
-8246
-9547
-8876
6342
-5612
-5962
9781
-6067
6451
6876
8653
1694
-812
-1298
-5842
-1564
2684
-6791
4984
492
-8665
5031
1280
232
-9896
4591
-5816
6455
3402
-3550
9717
9681
-314
-5899
-1534
-8544
-8797
8650
-4883
1235
8934
-1066
1085
-4983
-5301
-3484
-3293
-4065
-522
833
4462
-3957
-9693
5160
1358
2983
1256
2174
-820
3086
4620
9204
-2443
8217
8641
5785
-3981
-2206
-7923
3558
1881
-7987
-5835
-9159
9577
-6566
-4119
-2339
-438
-7203
-9011
-1687
596
-9983
-2926
-2019
-9259
-8102
8895
-731
-595
-45
2223
5256
-1772
1146
108
123
6314
9912
-5312
48
-595
-7010
-4448
-5026
-3983
-3807
4870
4407
-9919
2964
6745
-9607
6047
-5756
8490
9269
6398
-9480
4414
-6464
-7593
3639
3163
4805
-4044
-5383
-4350
-9258
-4215
-3148
8614
7849
-1137
2367
-3293
-2484
-5595
-8687
1854
639
-9656
-2191
-297
4846
-1540
821
7845
3546
-244
-2381
-2425
5158
9748
2314
-3646
7017
-8206
-8759
7327
2231
-7042
-7346
5941
398
-8559
-5610
-8807
2693
-8359
-972
-4312
-7847
632
-6821
-4028
3175
218
8385
5160
-4039
-5225
3799
3488
-5819
-7948
-6076
-3638
4840
9847
-8503
7386
-8547
-8430
9437
3490
657
-20
-2392
4531
4046
2598
-3891
-7182
2662
7176
4623
-2409
3900
4480
9112
1193
-4572
-6142
5323
-9550
-6823
6008
8420
-3862
5201
7731
2233
3823
-2441
9383
7895
-5672
-9456
4437
1576
2805
-4561
1233
-2308
-4350
-7986
9744
-6435
4832
-377
5333
7425
9663
8183
4071
8494
1887
-4554
-3134
-749
-5304
-1717
2831
-1439
-7952
-9646
3871
-5287
-7737
-6312
-4647
-6850
8951
-6774
8502
-3399
4402
1949
-208
5896
2921
3032
4236
301
-6133
4203
-4774
2672
-1541
-4549
8900
-9302
1212
9895
9857
-7471
6665
-6661
-6925
3327
903
2766
-2066
834
-7967
-5132
-1182
-9820
-8874
-9365
-9630
-1688
-352
-4879
7442
-8573
9383
7841
-9607
-5394
-2262
-5139
-717
-4573
-1602
4842
1298
-24
-8500
2519
-5236
-417
-9980
-8213
3844
-1696
-3712
-5886
-2309
5385
3009
-5685
8553
2268
-5166
9538
2849
727
-5286
2258
-8931
5233
-5945
-3593
3802
3240
-254
-1467
-3947
-8127
-2202
3053
-244
-1701
3501
-8226
-2524
2259
601
-9483
-7398
3241
-9004
-3450
9781
-3105
4581
1748
9342
-9203
-3190
-3150
-8014
7166
-569
-4758
3651
2584
4219
7186
-7940
-3625
-7791
-7666
-3741
1613
6347
5394
8205
-1614
-7791
5458
3169
6537
1763
1254
3665
6418
2308
390
-8642
-9189
-4790
5828
-5444
427
641
2206
-1007
-7419
-5820
-7130
8285
7169
126
8597
-5962
8925
4871
-2645
3191
-9234
-5870
-9829
8758
-1601
7150
-5189
-5879
-3414
-8368
-4003
-9648
-9928
-5507
-4798
4036
8877
-129
-1872
9334
-9507
7151
1845
-8898
6702
-4964
-2687
-6181
-4296
-4531
9082
9159
1579
-6049
4986
9447
3616
2743
-2809
7714
-9017
1400
-8799
5284
-8508
8365
5841
4240
3859
7906
-8200
4784
9490
-7082
7502
-9135
-8444
-7534
5650
-5811
319
12
-8310
6810
1215
-1848
2084
-2879
4789
-1081
-9578
-8850
9112
3484
-9185
-1847
6166
367
-593
49
9560
-5691
2783
8673
-1311
-761
8599
-2826
-378
3592
8839
3993
4075
7854
-9266
-8031
8419
-3290
5941
-7781
-5027
-5419
-7830
2648
-279
7447
-776
850
-7086
1374
-3624
7409
876
-8480
5508
-2445
9135
-1614
3170
9807
8237
2992
-8512
-5697
-2177
-1582
9549
551
5293
3585
2424
-5185
5112
-7979
-8221
-3930
2027
-6685
5917
3367
9699
5480
-2020
5122
-3770
7496
8195
5147
-6778
-5848
-484
-9955
-3992
-5747
-7604
-2316
-8320
9329
-1251
5103
-2377
-8325
-8343
-2146
-2372
704
3687
-9258
-1533
-7469
-1697
6884
477
-4888
7463
-8263
8135
5622
744
-3401
9627
9453
1254
9717
6836
-595
9988
4761
3331
3964
-9288
5075
7757
-7170
3847
-7968
-8859
-8508
5897
-9726
878
3770
467
-4638
237
-6291
-808
4078
3152
-5341
9776
-3870
9064
7704
-344
1151
6671
6064
7248
9058
7717
-5721
2227
0
8678
-8036
-7314
2918
-2019
5026
4206
-6236
6781
-4563
-2862
7466
-2939
-9744
-9169
-402
-5158
-9178
-9773
8231
9393
7162
1967
3450
93
-4033
-7946
4443
-6713
-7323
5620
-3594
-5655
-3791
2742
-9451
7866
872
-7115
7283
-2840
3649
-3310
8150
-6982
47
5492
-6558
-8001
-2637
-6723
649
7259
179
-7399
6982
8883
-5801
9386
3957
-7832
1611
-7830
-4142
-9085
-1435
-9645
-5932
-6661
4384
-6225
-9240
4262
-1966
8059
-8266
-9005
-613
640
-6773
5903
-9641
4264
7742
-3577
-1896
-5178
9821
988
-650
-1886
-7542
-916
1670
8364
933
8358
3800
5444
-2852
1076
-4882
-2686
-9140
-5106
2403
-5689
7523
-186
-9855
-7972
-6082
-8824
-473
2323
1055
7951
-9745
3809
6779
-4009
-6905
-5542
-7639
-678
-3457
-8702
3028
3466
-3730
-358
1551
-6880
-8414
6162
9958
-8014
7117
130
5615
-5040
57
422
-8737
319
-2214
8260
2029
5603
5457
6974
941
1189
5506
-9499
-7281
1759
-927
-5628
-2596
-9120
-777
-4801
-5441
6102
-6015
-6278
8397
6449
7344
6182
-6564
-2719
8751
-79
-9114
-7905
-1683
513
9475
6791
-9556
-1232
7697
-9897
-6068
-3714
688
6271
-3660
-7058
2074
1356
385
9268
-3722
2711
-4450
-6577
-5168
-9434
5719
7528
5563
-808
2596
270
-5126
-5914
874
-4737
-9540
-8737
-8365
6225
-1277
-2617
5446
-3229
6367
3848
-6988
-372
3825
6646
5586
-6735
7609
788
9476
-979
-7776
8785
-1083
7258
8329
-1627
-3755
136
4123
-865
4900
2449
8183
50
3509
-7388
-3781
431
8798
4934
2703
4196
-4622
3243
-2293
3516
-1184
-7546
9044
-5201
1587
-2732
-5802
-8847
5805
882
2942
1029
8768
-1715
1309
-9315
2430
-2168
-6141
-7649
3914
-1145
6715
-9008
-3154
6838
-6058
2138
-3780
6969
8665
6648
-446
-6806
-1927
-4776
4266
-5866
8685
8733
-5588
1847
-4192
9697
-9936
9520
-644
8226
-8627
-3060
6400
-6187
-311
-2623
5024
-7089
3474
9834
1363
-5169
-2811
2300
-8027
-3500
4292
4278
-5827
7973
4742
-9154
-6007
-7061
1794
-9560
427
-6946
-9192
2622
8254
7828
-591
1082
-4171
9976
-2238
5853
-3623
-7475
1220
-1967
-5219
3498
1327
-7771
-9024
-3411
-2985
6772
-2210
-1062
-7237
-2560
277
-9184
6249
9897
-2898
-7020
4480
-9228
-8342
-6974
5295
7619
9354
-7408
7539
6473
-6433
-509
-5413
-5203
1488
-2601
-2823
-529
6016
9216
-320
-3036
-3155
8791
-8720
6199
2210
6935
8561
-8230
-7604
-7888
-8632
3758
-1591
-1007
26
632
-1513
-7884
4372
-6937
-7912
69
-6204
4696
-9390
-8268
9812
9667
-3738
-1355
311
-1153
-2578
7565
-7160
-1791
8515
-855
5937
4938
-9636
2550
-744
-6433
-6077
2119
-5326
8299
-7345
1231
-5703
-4219
7090
-2048
-932
-555
4101
4156
1445
2050
-4457
-4487
6384
8430
9950
-1118
-2274
6615
-2177
4938
-5493
3425
27
2828
-56
-5348
-673
-2211
427
-5155
652
-9632
6316
18
-4101
5345
-2694
2111
-9846
1831
-3642
-648
-7632
6598
-3066
-3794
-6520
8686
-8784
-9963
5237
3859
9072
-643
5092
5671
2324
-1054
962
8259
1195
738
-4808
2045
-2307
-3460
9216
5347
1407
-4688
-5495
-3320
1717
5366
-2069
-616
-172
2679
4033
-5682
-2166
-2101
4079
2715
-556
-103
-8281
-1949
-8702
-3640
7639
169
-568
-731
7736
1132
-3095
6309
4376
9921
7372
-8866
-2660
-6163
-5506
6371
583
-8518
9496
4426
-5954
6869
6903
-5714
-7211
-9260
-5681
7396
-4517
7756
7115
-2312
7427
1143
1495
603
-9373
2677
-5914
-666
-7229
-7894
7340
2251
-6290
958
6994
9926
-7153
-7945
4001
2169
1186
-2036
-7234
9873
5552
-8644
4354
-8210
-7048
8205
-6139
7471
6477
-540
-2375
1752
1643
7514
-2824
9180
-7657
44
-3075
-3742
7766
-1408
441
6718
6582
-1313
9508
5231
293
-4168
412
6479
5207
-645
5463
-8848
-6789
-3731
-1375
-5297
6283
-9234
4997
-149
929
-5950
207
7747
6814
2584
2420
-299
-498
-6877
-5009
-2687
6655
-7422
8885
-4015
-4219
-124
2449
9225
2760
9407
-4195
9244
-4168
8886
4330
4825
2087
-7478
4980
7480
-3040
4688
770
-721
8657
3149
2859
-6210
8020
7432
-9892
2359
-2797
-5569
8737
-7400
-5507
-3807
6375
-5050
3051
-5677
-1849
-8482
3472
3639
-3788
-7528
3785
-5268
4712
4786
687
6250
8050
-8613
3979
-9283
-7585
-4861
-4585
-1394
-1937
4675
5231
2159
8594
2628
2024
1840
2984
-8093
-9461
-1542
-8151
-2814
9697
-7176
9693
9396
-9340
5196
8791
8610
3448
-904
3413
-8301
-6944
-9424
4059
-2999
8263
5388
5777
-1319
8636
-9818
-2603
-7702
-3180
-1740
-4087
6145
-6694
7664
6068
-6177
7885
4199
9523
-5517
-689
7821
-1959
-9637
-242
-1084
-5555
5734
4120
6391
5083
-7504
6534
-6891
-6454
7551
4306
-8999
-3717
-6273
8648
-2591
8269
-9613
6062
3015
9122
-3209
-4977
-3721
7167
-7154
2148
9524
-9548
3835
4301
-8318
2509
1135
-6009
-3371
-2354
4652
4386
9280
4548
5535
4808
-2101
-380
5039
9582
8218
9133
-2965
3268
7118
1205
4769
4156
370
4301
-1329
-1323
2870
-417
6102
-635
2646
6140
6709
1083
-2403
-2538
-1889
-4908
9382
3803
-170
-1139
-74
5725
-3632
2345
2862
6059
8690
8689
-4777
-8896
-5952
1693
8185
-4269
2902
2517
-9473
2391
6405
6011
4551
9154
6845
2319
5368
5827
-2092
-2389
7523
-1253
-7421
-2387
1533
9254
7015
-4722
9350
-7452
3756
-157
3318
6269
6611
6293
6916
-8455
9149
-2641
5354
-200
8423
1417
9378
4594
-822
-6229
-7472
7009
340
-7911
-75
-9854
5146
-7885
4370
-1035
370
4647
9775
6496
-8557
-8246
2326
-2215
-4370
939
820
5163
-6845
9618
8801
5920
691
-7033
-4257
7845
-8018
-4391
3235
-9030
-3182
7445
-4508
-3602
-6430
-1873
-9863
8386
-6495
1418
-8664
9403
8375
4051
-5877
250
-143
-7241
9965
992
1840
-3293
736
-1910
-242
9708
7531
-1138
5608
-7490
-4974
9057
402
-2450
6934
5169
5412
655
-9291
5069
-5694
-9421
8655
6169
-7334
9476
-7276
-835
6152
-2277
-4022
4716
1146
-8843
-7571
6255
-8750
2922
678
544
-8776
1845
-3793
-7045
-9290
2964
-2161
6023
5617
2257
3039
-2975
8169
4353
8671
3823
-4853
-14
-6295
-6185
-6446
7945
-8572
3658
7508
2682
6571
703
-1169
-9264
2732
-5488
-3415
-8441
-3066
6802
1406
3202
6240
9061
-785
-8584
2216
-6319
8915
1936
4590
-2179
4600
29
8910
-7589
9914
2803
-3897
-2566
-6493
871
3715
1105
-6883
-5398
-7213
739
-1334
-4470
-4427
9548
1851
9651
1512
-3731
8201
81
2765
-8322
5112
-9143
-2426
2089
5952
-543
9533
-5220
-5808
-6417
6285
-4996
6064
28
4059
-353
3340
9537
-1543
-919
7964
-7354
6252
9988
-1032
-1669
-4157
3661
4527
2888
-2070
-409
-6015
-7920
-3995
6198
7945
9517
5752
451
1758
-6206
-1823
-7182
8661
-731
-4597
-3822
-2200
-1410
-8976
7505
-2563
1288
4649
4868
-8929
4575
-4248
-6787
4129
8500
-8072
3891
-5350
1399
-5093
-2187
-5733
-4635
-5565
-671
4289
-6790
2702
-4416
5785
3432
-9619
-7310
7979
-4737
-3021
8327
-917
-6264
-6943
4047
1867
-5248
-8292
7977
9909
5927
-878
4159
-6205
-2627
-6171
-8536
9540
-8584
7120
-6596
1840
1834
-6010
-9925
5072
-6862
8577
-7473
9184
-2197
4363
9572
552
-9614
7662
-4054
-1779
-225
4284
-4161
6635
-6349
6872
7371
-8421
-5783
5506
-2767
6117
-6843
-948
2088
-280
-8391
5037
-6249
9879
-8939
-6441
4768
1965
2897
288
-287
-8434
33
-7023
4160
-7975
6290
-9256
-1956
6771
273
-5331
-9644
8488
9898
4874
2201
2695
-7962
4699
6465
927
3753
3068
-9114
-1359
-177
6568
8893
-6250
2349
-6609
9380
1174
4120
-1919
-4935
-1410
3576
-9323
-7795
8806
7199
7528
-8739
1936
5079
-7729
7209
-3444
-6346
-380
-9318
1066
4794
-9684
-3814
-3046
-9596
-6056
-6724
4391
-4933
2087
-5123
7737
-5409
-9407
9319
1452
-1160
2232
550
8086
7767
-8351
-8258
8226
1225
-9872
6963
-8425
-7538
-4093
7824
-6964
-9815
9563
-4085
7930
-3126
-3607
2755
-2309
8874
5355
7150
4643
5898
2691
-6182
5148
5154
2414
6665
142
8425
410
-4325
-8144
9251
-2626
-7686
5043
6005
-8266
6564
9390
2889
3775
-3482
-8041
4519
9892
-2040
3129
-3708
-4346
965
3675
91
-9608
6391
-8993
-9305
8530
7777
6523
-8581
-650
-4779
-3695
-4808
-8510
3411
2008
5416
6395
9832
-1632
712
-3585
9257
6527
-8756
-409
5629
3331
255
-8210
4939
-2081
-1521
3621
1373
-3197
8091
3521
845
3122
-265
-9461
868
493
-4505
-9413
9225
-5786
1429
277
6453
-14
-1941
-6746
-8735
-2235
-7954
845
-8510
-1389
-3091
1743
9814
-5284
1791
7296
-4179
-8453
-2313
7157
780
-1009
286
-2293
1429
-2655
4627
-7270
-7026
-9554
6975
9748
7098
6915
-9047
-6306
8192
-6792
9777
4935
-45
-8910
5517
-2310
705
2079
2104
8296
3051
5204
-7195
-1083
5567
9762
4887
-3760
9586
-192
-2356
-7230
3771
-4657
-37
4916
4094
-6283
-2654
1898
4230
4182
-8340
4831
-6916
-4283
7027
-9266
1602
2348
-7296
7862
7485
5411
-2976
6373
-3896
-3293
6908
4261
1935
8906
-9494
-3337
-2232
-4561
3938
903
3745
1659
-8391
3546
-7657
-2829
7622
-3953
8556
-8818
3286
5884
2372
7258
2371
1803
6793
-6819
-8009
3575
-5285
8181
-5443
9083
-235
2776
8683
-6698
-4247
1310
120
5076
-1142
6687
6233
-7959
9861
175
-7370
-2358
-5095
-5390
8592
3775
-8259
-1968
1532
-3981
-1173
9729
-4353
-5260
-2713
4502
-7997
16
-5597
8856
-2123
-6160
-6468
-4481
3430
6787
-7477
-8136
-2348
-7333
-1689
-9763
-1511
4598
-7798
9579
854
9815
1889
835
-9715
-2295
5267
-6259
5873
1072
-7739
-9160
-5143
9465
5171
-4666
2798
-1483
8619
-2636
9903
9608
9860
-1420
-3446
649
4822
814
-9056
83
-2001
3315
-9059
5567
7771
5116
6623
7172
4231
2118
8831
-5277
8135
-1714
7683
7059
1342
-8081
8191
-9014
-4243
-7281
-7044
6065
-3634
-8609
3618
7469
5655
307
-7511
-5940
-2556
1022
-3242
-9205
-9296
-3180
3259
-2549
2296
-870
-4987
-6811
-8012
2711
6306
8764
3413
9731
6507
9859
-3957
-9320
-6610
-4879
7184
-8950
-3688
4240
-1671
-7564
8787
-2376
-1767
-8255
-6960
9938
-8244
-3204
-958
9364
3834
-701
7191
-1829
445
-4512
3744
8495
1797
-7886
5396
561
-1204
8008
9898
-698
-9259
1887
-3055
3087
-319
-1322
-7602
-541
9827
-2848
2260
-4933
6782
-8385
-2921
-1536
-6922
-3689
7477
-8755
2600
-4630
-9431
-2223
4706
-5855
-3171
-6270
-501
2409
-5523
6337
8781
2575
4042
3119
389
-9322
-2397
2884
7765
8556
-7149
-8741
1967
-4643
-8250
4457
9406
7570
-7666
-5827
-3365
1551
6664
-4594
-7342
1871
-2528
6417
8195
-5349
9704
-7510
-7161
9897
-8737
-4219
-5896
-380
-8737
6020
2878
-1194
-5569
-5220
-2750
-823
8477
-5976
7466
-7
2452
1153
3470
3068
-2256
-8033
-3583
-1492
6769
2891
-5716
9871
-9046
72
3116
6987
-8343
3351
2446
8976
5225
-6089
6674
-7282
-9863
-1957
-9476
-1407
6601
9884
-6681
5356
5006
5250
8121
7115
-8699
4358
-178
2489
-8522
-710
-5323
8193
5825
9749
9977
-4240
-5021
3354
-6123
2327
1906
6616
5311
5190
-5747
7193
-5883
-1710
-8620
-1903
5594
3933
-5068
6103
-2122
-5091
8820
-8893
3429
2238
-961
1195
-8362
3159
5770
-4380
5511
4836
-6239
-4243
-4860
9970
1177
8876
2537
8774
9785
-9249
3612
5594
7562
-8172
1771
-3785
9543
6707
7505
-7690
-2939
7076
-8387
-7614
1527
7645
6016
-2196
8343
8649
4230
-2755
-1611
-7005
-2319
-5843
-1197
-4750
5128
-3526
9351
8445
-9199
5668
-24
6231
375
-4953
-5595
-5118
3654
3237
-8527
3575
-539
-7384
8150
-3510
-2554
-3771
-9530
-1324
2210
-3292
-2253
9902
-4264
2864
1789
2092
-827
5211
-5108
1529
-3587
-5993
5198
-8509
5221
6244
6246
7002
-9935
-8514
2367
3895
-9997
-7099
-7967
3065
1089
6343
7116
4993
4400
-6082
-2618
7267
7443
10
-2858
-2586
8788
1013
-5975
-8598
-4120
7289
6409
-8311
2347
-4496
8472
-683
-822
2089
-5208
8489
-8187
-6485
-8545
-4585
-1823
-9818
-8473
-8298
4441
607
-4848
-803
963
-1899
-5290
2110
-2508
3177
6597
-2522
-9048
-4639
-5148
8303
6076
6345
-3793
-4694
3523
148
8926
9373
-7042
-9339
-1601
6016
-2805
-9508
-842
675
-6978
4225
-5621
-3383
-164
869
-4364
-3596
-5275
5148
7317
867
-4530
7695
7601
-1498
-7580
-2495
1376
-7822
-8106
-4827
-6183
9237
-685
-5920
-9224
-3152
3179
-2580
4117
9588
-2477
2677
-5489
5347
3001
-1558
5661
-2392
8099
219
-6649
-323
4134
-3382
3689
-4744
5945
4483
-3626
-1660
130
-5037
2580
3052
-9625
-7838
-2591
-307
-8938
-7018
-6126
-265
-4535
3114
-733
-3304
-8918
7984
-3473
4121
-157
2670
6242
3621
-841
-1103
8596
4710
1734
-3948
4282
-5657
-5768
-9798
1323
-2185
7443
5454
3195
3488
-1175
-3073
417
7935
9699
-9606
-7702
-1427
-223
-3127
1706
-5047
-1732
-1412
-8358
8964
1544
446
6801
6370
-3057
4400
-9016
4661
9436
4069
375
-1011
9982
-7765
-6558
6072
-6836
-7219
6537
-2566
9779
1167
9662
-5254
-5971
1006
7294
-4932
-9649
6130
5840
-1945
4054
-1387
-8618
3993
-4126
-5484
-8524
-8973
-3918
-7075
-2116
-6020
7037
-4802
-8459
6976
1970
-8609
-2821
6099
6661
2267
6141
-7987
-8334
1262
6104
2401
5221
-5922
4579
9975
-6597
-6995
-9223
-4626
-6330
9751
-4127
6897
2997
-3141
5502
-7434
-6543
-2521
3649
1334
-7482
8031
1671
-2184
9623
5853
4774
9289
-1485
-6236
1346
-2798
-4679
-449
-8491
-9204
-9820
8638
-189
4082
1791
-1922
5860
-9782
-6576
5019
-724
3314
1267
192
7074
3670
7386
9360
7340
-8419
5149
-8865
5648
-6587
-2966
548
4480
8553
-2120
3567
6985
-3947
1292
3689
3521
-5427
9433
661
-3076
-9577
8310
-9721
-6363
-6173
7995
299
-7597
3571
9557
3517
6217
1083
-9243
-255
8152
-8864
-7576
-3182
8623
2040
-4943
9481
-4931
-8606
2505
-5729
-8187
-9965
3544
-2836
-7534
8879
5731
-6845
9050
2087
9223
924
-4215
3858
-8980
-4921
9607
-2376
2245
-1501
-316
-2966
3738
2061
4461
-941
1788
-1379
5135
-2094
-8377
-7254
-9150
723
4843
292
-8999
-3479
-2875
-9410
-5627
-2306
-7344
648
-4785
1269
3504
-444
9017
152
-6143
9630
-663
2392
-2381
-1130
8654
-6103
-2976
2579
-3308
-4762
9253
4879
8906
-8443
-4043
9116
-3336
-7412
5410
-7180
-7799
7367
-1343
-5937
7239
9621
-2096
-870
-3938
-158
-4391
-2731
2552
8601
-8317
9933
-4744
-1903
-3449
168
-5535
7816
-5406
7041
1513
60
7914
1404
-3108
-509
8259
2502
-9299
3703
-5979
-1037
-3308
-5495
-5590
4844
-2128
-768
4217
-7975
1021
4807
-4116
5699
6566
-9110
-8209
1151
8249
-5250
4044
4209
-9126
-9695
7851
-9531
669
-8440
-5733
-8629
5540
-2756
3481
368
4744
-6399
-9937
-5332
-2397
-221
1447
2132
2138
-2276
-6485
7914
-4154
-242
256
-1085
-698
-8261
8804
1586
1028
2140
934
2916
3760
-5268
-4155
-553
-5778
-2587
7732
-3413
-2037
-1452
1964
-8575
-9888
6355
-7811
4588
-4844
9128
-5142
5408
2150
-7431
-1032
-5229
-9920
2179
1761
-4313
5167
8840
-3498
-7292
3607
-8497
-6984
8335
-7768
-1991
965
2115
-5638
4550
-7620
5543
3859
-8848
761
2864
5297
1635
-4198
-5932
711
-2783
3355
2181
8210
5887
7927
-5178
-2186
6387
7193
-6471
5514
6615
2447
-2935
-4921
7100
2944
767
9678
-45
-2729
-5889
7972
3950
5785
-631
-3721
-8020
6026
8238
8919
-1241
6860
-27
-3091
-3747
-2252
-4815
1958
-7500
-7548
6614
1960
-9153
3664
-4544
-5968
-505
2661
-8403
-8192
-917
6243
4409
-3069
1719
-1222
8230
3750
4754
7648
6658
687
5942
-5943
-4976
-9789
25
-9128
-4416
-2618
-4511
5040
-2996
-8195
9225
-1273
3408
7108
2859
-2523
-3696
3836
-9445
5994
-9990
2461
-5761
-5577
-5689
-4274
-5358
9604
-8190
3172
6084
192
2507
-6197
-5810
4390
932
-2097
5358
-8655
9278
-336
-8580
-8561
3165
-6677
-6993
-5038
-2343
-9112
386
-6946
-7072
-9708
5465
-7332
8241
-3784
-1698
-7330
-2069
7675
-7284
7335
-1012
352
-8443
-9817
-4778
2154
2064
1951
9267
5960
5154
-9086
6672
-2299
4524
2010
6964
-81
-6645
1944
-9598
-8903
737
-7264
4339
7219
-7788
5041
-1855
3057
-4439
8674
7937
401
-3438
-137
38
-4912
1727
1627
1193
-7204
3111
-6809
-4334
-548
-4970
6225
-9493
2595
7452
-4972
-7471
-7454
-9238
3260
6177
5311
6084
2099
8
-1644
7088
7026
-8426
7073
-8907
-2524
-7174
-1888
7
8585
-4470
6356
5402
8717
-4938
-9102
7358
-5642
6067
-1006
9031
-6900
-5510
-1371
-6122
7628
2706
-6431
-6289
-1898
4970
7634
7274
7162
6460
-8653
2482
-8606
8227
5527
7109
1494
8964
-3956
8804
-9952
-8978
-1408
-4338
80
4425
-9395
-7780
3735
-4903
3045
-6269
-6913
5151
-932
-6646
-3235
-747
8008
9906
-8749
8505
8448
742
-8963
-4520
3237
6274
2854
6763
-9385
1476
1437
-4489
-3832
-8791
-410
3794
5289
5938
7379
-7165
-1533
9024
4212
5029
-8001
7739
4192
-8985
5936
5619
1786
9649
4760
-1135
128
-6871
3921
4759
7563
-6444
3968
3003
-5
5373
5324
2945
246
7286
-5883
-9766
-8875
-589
-5340
5431
-3990
-4670
-4999
-8794
-8507
3553
6686
6133
4544
2251
3357
6399
4091
8291
7009
7330
-3979
-9839
-6564
-6950
-1022
-2236
-9574
-9981
128
6788
6761
-215
-4161
9206
-7706
-7972
9389
226
-9308
6474
-4458
7622
6032
2119
4009
-7076
-2443
-1492
-304
-9191
-3993
2244
-7486
-1306
1666
-5904
-3518
5711
9667
8149
-4218
357
3113
6102
-2324
4234
-4384
2803
2050
7198
2677
6180
-6232
3246
-1163
-3559
-8817
-6944
127
3011
-176
5088
2460
9737
-6556
-9491
9992
9029
-7811
2291
-5247
7377
9488
2111
-3462
9787
6349
8039
-3927
-4486
4420
8449
8070
-5851
7811
3440
-4091
2604
-4695
-2870
4398
-1118
4079
6809
-2624
-3010
-1318
1602
-1584
-2113
5636
2659
2170
8382
7406
-4622
5880
-5339
-6372
-588
469
-3231
-4573
-4721
-9008
-2258
-9342
6763
-7557
-8940
-2401
2704
-5592
3963
852
3199
-6359
-1716
4618
171
-1406
114
2772
2519
-4666
-4282
8130
-3807
-6710
9219
-5432
8401
-9009
4630
-3520
7653
-1417
-9811
6014
-4395
-3442
-7646
-8163
2281
-1364
-4606
-9799
6320
-8737
-7943
5585
2325
7433
2212
-4167
5925
-9995
-4709
-7194
-6324
1786
3446
-7723
-6012
-3196
1893
-5024
-5303
-7973
-1848
9440
-9721
-3675
-9557
6621
-9054
4159
-447
5190
-9163
2052
-4707
5696
1553
1251
-9358
1565
1110
-5604
-2415
4699
9461
156
-1277
-9346
9919
5607
583
7917
-157
-4946
-4442
-1530
-406
-3639
-4126
-6260
-8244
-1182
-5142
-3270
-5849
-2363
6930
7341
-1971
1155
-4320
-3636
-8818
-8791
-2392
-7003
3531
-301
5375
1562
5041
-538
-5857
-912
-9656
-1551
-2697
870
-2981
-8081
4780
7356
1480
-6869
-3031
-1754
-4333
-8521
-4934
-4884
-5096
-7738
-4236
8601
-3133
8854
3474
-909
6764
-8854
8489
6540
3672
9279
2197
-9917
-9205
-1788
-9543
-1596
9915
9521
-6791
2414
-7940
7858
6064
1830
1613
-3703
-422
8234
-9105
1992
5656
-9357
4810
1760
2455
357
2698
-1825
6624
5615
6940
-7904
5649
-7854
7697
8790
-7042
4774
9206
-9157
7628
9103
-7997
-459
-3218
-2665
-1433
9448
4967
8900
-609
5904
-2101
1107
-7104
7293
697
5608
76
8318
-4713
-35
-8757
-7549
-8559
6967
-5529
1668
181
-2277
-6450
-276
9823
-5702
-9358
-625
-2429
-8402
-4488
-2188
-998
8566
8919
5547
-4101
1487
4101
8719
3243
-4941
-5231
6753
4796
-4214
2276
7199
6810
3640
-5116
4858
-3175
3159
-9429
4162
6333
-9035
-5710
-6424
-5009
-7665
1129
2281
5285
-147
2810
6681
1752
3190
-1548
4942
-427
8837
-6987
-3587
6692
1487
-8846
-8969
9557
5714
3912
-9968
-8261
-2533
-5187
-8503
-8397
-4912
7859
3007
2573
5562
-6568
5544
-4928
-1359
-9796
-2845
9760
9095
181
-5161
1986
-6669
4045
4535
1168
2357
9471
-5888
-1463
-2294
9930
-117
-7001
2952
9611
8301
-5903
1068
7376
-82
-6464
8181
-8585
-7289
5838
-780
-7890
5955
4993
9894
-1559
-6031
3672
-5894
4880
-8288
5621
5252
8756
2183
-7439
-6071
9753
-6790
4080
8280
9513
-9277
245
-2604
-2737
1881
9674
-9600
-7729
8852
3731
-6415
9875
9398
-6526
-4220
-6390
-1319
-6362
-3740
-130
-2738
-2246
-9773
1371
6060
9874
8133
9055
9177
3604
-73
7206
3782
-9685
-9922
7967
-9634
-1270
-1382
27
6632
7607
6762
-74
-3628
-8196
1270
5365
4063
7670
1397
7493
3695
-8712
2448
-1003
-4988
-8378
5278
5622
6020
-7899
6453
-7589
9206
-7216
-9171
-3783
6538
-3314
-4582
2188
3615
5742
-4377
3611
-4263
3642
-5936
2483
1228
6058
705
-9115
-6111
1334
4982
-1808
3485
2013
-9834
-4863
-9962
8809
-3488
7723
8882
924
5182
-1233
5228
-295
4246
9308
3418
4171
1934
-8186
-2680
-3864
6431
887
-869
7449
3346
-1485
7797
-749
5012
-2372
-3396
-4032
1966
-7832
4387
1497
9067
8913
5498
-6846
6908
-7845
7747
-1042
6414
5073
-6815
-7674
795
-8337
-9110
-7263
-4415
-1191
-1786
4335
-2529
7826
-5647
90
-9357
2159
-6683
9117
-4497
-1744
2773
742
9277
-1288
7006
-4331
5364
-6264
8020
3158
-7621
4467
771
3266
-2071
2210
-8235
-2195
-7621
-2308
5681
7391
-7184
2991
4356
5657
9771
474
-700
3111
-217
-2994
-528
9739
7282
880
-5024
-3909
-4066
5395
-6819
-9937
-6902
-8976
9978
6179
187
828
7282
2018
4986
4785
1820
-9586
8650
852
-7643
-95
1193
-7910
5983
5256
1702
2673
9348
1396
4695
9207
5753
7641
-1972
-4051
-9238
9790
289
4294
887
8351
-8947
9854
-6620
-2642
4273
6628
-4186
2793
-9863
4194
1971
8063
-2499
311
6530
-2932
-3627
-4585
4050
-2135
-5463
5347
-3377
1990
8920
-7087
4664
8169
-7817
525
8239
-9411
-100
-3864
-2856
2574
-2201
-1637
-1144
-6903
-7047
7106
-2767
4412
9759
-5221
-2586
-8890
7579
5767
1928
8191
-2235
-527
5976
3177
-3568
-4051
-9244
-1991
-3025
4891
4101
-166
-4401
3110
4429
5475
-7072
231
-7592
-1433
-3904
-9878
-3142
4856
1981
841
-5923
990
9371
9504
4591
-4407
5245
-5195
-3935
-5042
-3831
320
-860
-6563
-4957
-6938
-9399
-8587
-5176
2790
-9707
-5198
3896
2784
-9625
9640
-8299
-6388
-5114
-9148
-9369
7486
-7628
-4436
8862
851
2316
5538
-3687
8603
-848
-9411
9826
-749
-6596
-5001
2664
6237
-7949
8297
4391
-4816
7584
3347
2021
5447
-1691
-5129
-1458
-3998
-3328
6752
4074
1535
-8380
-6513
-2263
4643
886
45
9592
-888
6928
8951
9306
5805
-2712
-160
2207
-2592
2993
-9554
1211
-2081
-573
9318
-5255
-8488
6246
970
9648
5946
-1275
5018
-3443
-1893
-1241
-3826
-6959
-6021
-943
-6399
-4207
-7653
4918
2532
-5603
219
7112
9055
-6159
8745
6230
2740
3066
5225
-402
2854
-4499
-7114
5919
-1302
8373
6239
16
9856
-5773
8942
6932
-2032
8819
-3442
9826
-1876
-6865
7043
8495
-3094
-8064
-4121
-4315
-9783
-5605
5581
-9349
4347
-9218
1903
6112
9088
-2869
4804
8165
-5452
-9061
-7042
-9397
-8908
-8564
5995
1619
-8077
-2012
4203
-5926
3855
-6373
-9329
3180
8001
4994
-6688
2929
-950
-4648
9831
-8066
-5461
-6822
8557
4650
-6098
-3327
9139
-2423
-4540
8253
8578
1777
-7224
-9270
3254
-7199
4935
1321
-2454
5522
-3622
4879
-8985
-9748
1908
-9094
2282
-5617
-3593
-7404
-4281
8652
2752
-9493
-4677
3969
4949
-8804
133
9778
594
-9294
-1512
8243
5435
-8549
-4262
-4077
-8844
-6957
-9719
2135
2662
4254
9272
-134
-2118
-5399
-9098
-1571
5606
-7513
474
-6970
1958
8367
-9573
-8616
2249
4829
1063
5117
-8159
-6522
1850
7334
426
6018
-4863
-6456
9038
-1876
-7910
8368
-1464
4967
-9314
-5839
6447
-1722
-300
-1481
-8660
131
-3914
6
-3871
-5672
-1640
7836
-5191
-4657
1796
-1787
8411
-1954
-8327
6260
-8512
-8504
-4651
114
-9989
-1590
4849
-254
816
-7465
-3681
8844
-3584
1586
-7668
5006
7629
-6443
-1775
-9903
-2826
-784
128
-6162
9108
-6893
4623
-8752
5766
-4483
2305
-4621
1109
795
-930
2692
6140
-6483
-2279
4102
-5606
-6045
-4466
5015
-5950
9671
7742
-747
-2516
654
3105
495
-7684
8799
-9407
-6516
-7517
-5623
2586
254
-6993
-1561
159
-634
2910
8891
5166
6476
-9142
-6626
-6390
5842
1118
5236
5868
8
5062
9749
-458
8713
-2873
9499
-1527
6340
5320
1592
5737
-5798
-4670
-3036
312
7971
2823
3389
-8176
-9847
2557
5761
1943
3678
-7591
-9091
829
-2870
-1835
-8672
-1273
7685
-9396
-5125
298
5295
-4727
4241
-449
4250
6609
-1384
6535
2986
-604
4557
-7338
-5672
-2064
9609
-9942
6362
5818
-9589
419
4220
9264
-7766
-2223
-8395
-2733
471
2830
-1014
-4743
-1576
-9929
-739
2
-5174
-768
-7330
4912
-6808
2141
-9733
-8686
-6467
-3946
-6377
-8207
-8494
6238
6556
1257
4529
-8280
-6022
-5853
-5668
-8193
8286
3084
-9112
-3532
5483
7074
-2789
-6344
-9110
8447
8625
1074
-1506
-7065
-1469
87
-3457
5666
-6036
9488
2019
8544
8633
-7433
5304
-8410
3957
-8196
7776
206
9757
7874
-414
-2754
3811
-1801
-5005
7902
8305
-9508
-769
2055
6456
-354
-4562
-6861
-5013
-1864
-2945
4225
4146
3222
5595
-5773
3125
-8373
4695
-8459
-6220
-6774
4238
6059
-8253
-4930
6500
998
-3399
-8562
-328
2141
-3954
-3499
7340
-1988
8065
-3199
-7669
1039
-6687
-2190
-6439
-8020
420
-7636
-5829
2115
6267
5777
5255
7404
2894
-6016
-4005
276
451
-3075
6461
7764
7698
6825
-9943
8468
4796
149
9182
-8003
4890
7511
9423
-7770
-1410
778
-2241
9237
-848
-4283
-4329
-5919
2742
8128
9669
1740
9529
-7271
9804
7582
-9031
4087
5254
7489
-1399
-3767
-3490
2185
559
-5191
-5361
375
7409
4703
2374
7642
-8329
-6601
-1801
-8640
7916
-2108
5247
780
-9309
-8067
9001
-6626
-8906
7695
1270
7801
-4876
8328
2224
5400
-436
5309
7669
581
-3582
-6897
-6117
4320
-4644
2407
-2064
-7149
-1890
4665
5320
-8116
3229
8280
7433
-7145
-8995
-7283
1412
6564
6787
9199
-230
5591
-4385
7761
-2948
-6308
869
-3200
-4646
-791
-9252
7221
7839
6917
6158
-9681
-8553
4676
-5400
-5269
9837
-5728
-2641
1520
9098
6428
-7781
-3910
3384
8570
-166
9909
-8489
-2685
9289
