8272
-6800
-2105
9896
4403
-3223
3176
666
8806
9593
-1291
2101
-6278
2104
-7546
-8376
929
-4969
-9776
3111
-4707
-8160
5014
2882
6988
-3670
6541
-9823
2815
1161
-3343
-5673
4388
4050
-6278
559
8979
-1384
-8396
-9891
6603
-9136
-6486
1836
2415
7007
-7148
6035
2095
3222
3483
-1420
-3288
-348
7830
-7350
-2523
-9758
1891
-7575
-5016
962
-8041
1029
4201
-4787
4692
-6880
8983
6107
-4125
-3861
9235
-2689
3398
5488
4343
1585
7655
3455
-5291
3490
-419
-1231
8115
-8460
7334
8684
5446
3500
-8198
6425
-3268
3670
-7124
5463
2054
-3525
-2179
3789
-4983
5038
3953
6514
-1078
1420
-7189
-336
7797
-3684
782
-6240
5843
8243
9286
6631
8815
-9349
-3380
4333
-1635
9757
-7663
-1298
4695
-6650
-1624
4273
-5112
-7552
3662
-3155
2588
-2750
-8624
-5325
-4958
-6529
-6485
5860
-7744
9477
3527
-9180
2734
8018
-7650
-2457
-2970
5380
-6282
4873
5364
279
-8788
-9701
-7631
5737
-5224
-8106
-3208
-651
9832
-4534
-6405
-1029
766
3614
-163
-6093
-7175
7621
-469
-6877
-1038
-1699
-4742
1396
3867
-1299
-6324
957
-7792
-2574
-3566
6805
-6425
1843
9953
4894
3376
-4646
-1227
9316
-5320
8423
-6493
1657
2127
-5366
2963
4409
8712
3637
-8147
-1439
1975
-5789
-9084
7469
-1511
-2997
5491
-1561
4592
2464
-2601
6656
4326
-3267
-9907
8374
4910
-2803
4003
-1480
-9370
2010
-7319
1695
-3319
-2544
-9627
-3847
2908
3256
5929
-4772
6364
-6452
-2559
-813
-6293
-6650
3152
5279
4276
5894
7527
831
-188
-9974
-9442
5369
-6143
-9406
-3712
-7730
9015
7428
-9210
-1268
6043
-4900
1941
-9187
-5233
8541
1521
5446
5966
-4638
-5191
8957
5485
5114
-5771
6843
-3842
-6599
-3864
4607
-3206
-6054
41
7177
7494
8386
-9761
5030
-4750
-2504
-2314
-3845
-7835
2297
5226
-4472
8620
-8137
7262
-2402
7134
2686
-6371
2354
9848
-2002
-3792
4155
-671
-9268
1862
-627
-4120
-3806
1045
-6858
-2591
2474
-1185
2940
8705
-4017
3047
9022
-9296
-9514
8854
2348
-9755
3657
-4704
-855
-6178
2262
3498
6852
8049
1191
-4345
7329
-6019
603
-3270
4503
7765
6372
489
1389
9888
7382
1534
2339
-5320
3441
-3056
-7811
3834
3570
9268
-5914
7881
-8552
-1698
710
-7221
-4799
-3125
8667
-3594
8820
-6455
217
-1003
2890
-603
-2907
-8118
-2860
8429
6326
-6771
-8498
-6273
6646
-4517
5205
-669
416
9894
3529
-5497
3065
-6096
9493
-1964
-7463
2566
4437
4598
-1850
4243
7795
8744
4447
-5082
-55
-8909
-4168
5849
5972
2775
-2959
6172
74
-2667
5536
-7378
-7441
-4853
-6520
-5700
-2823
-7175
3338
5154
-246
7180
5614
5553
-3461
-6202
-8257
3938
-4788
9636
5954
7051
6234
-38
1369
-8366
-2130
-7617
-7975
5682
-6914
2179
-1167
4312
-5238
1667
-8069
-6486
4061
5059
7261
9758
8047
1559
4574
5922
-243
-3801
-25
-7228
9739
-63
4014
8522
-6840
9408
7942
-2369
4105
-4059
5609
9156
-8565
-5360
6896
-5736
-6389
3217
-4551
-4237
6345
-4044
8193
7364
2483
-8927
7070
7676
-9678
1980
4540
6189
-7862
-8671
-2775
9911
2119
-5272
5762
-8895
-6143
-3544
2309
-833
6007
-9242
-8503
-5243
-9651
-9114
785
-9925
-5084
8685
6675
9478
-6865
2305
-58
9439
6126
7692
1904
9852
-4141
-9522
5296
-8926
3221
-489
5744
-869
1592
3692
3890
1939
841
7232
7909
-5282
5490
425
7199
-8240
-4312
-1210
-7271
-5455
-2107
5990
8129
7321
-8851
6395
4911
6124
339
2304
-71
-1552
765
-6787
-942
3150
-3026
6622
5196
9804
6977
-1502
9397
5324
-9337
6131
2617
-4834
-1497
2041
7920
8799
-3105
132
9416
274
9961
-699
-1516
6212
-4492
5030
-71
5539
5897
1535
-2137
5085
-4878
-9787
2254
9473
-4830
7883
8337
-2544
7337
-2081
-9538
6050
4857
2810
1774
5958
-7608
-7820
-4006
7959
4844
-1504
-9806
1549
2918
-9248
-4274
-6386
-3863
7008
-5941
5552
8562
9303
6934
-7813
-8000
3258
2399
-4988
4604
2447
-1924
1164
3177
1876
-1550
-7628
-7601
-4654
4843
1106
5114
-1650
-5468
3215
-4714
-7743
1696
-5828
66
2154
5386
512
-101
-5776
-4107
-129
-2470
-5454
5281
-7251
-5970
-3681
5481
-7120
-8122
2344
6371
2548
-3180
-830
-1139
-4372
-4043
2049
1763
3862
-8762
-4746
-7926
2824
8635
6863
3024
-3057
256
2638
-1305
9272
-8289
5636
2925
8649
-9240
-966
442
5762
-9051
2581
-1117
-3801
8925
-5722
4285
-1706
-4505
339
-1996
-2139
-3225
-8634
4162
-7042
3487
8736
6522
5959
-7152
-6973
-878
7254
-3765
3195
2241
-3894
940
7174
-6848
-3576
-331
-9237
8265
-7611
-2786
4956
-6253
4209
9417
-2017
4485
-9615
7558
7137
8737
4845
-1894
-2348
-6757
-6721
-1401
-2846
-4648
-9355
2157
-3147
-2324
6267
4575
4323
-2336
3926
1152
2757
-2239
4643
7448
-9996
509
-494
-4672
4088
-34
-201
7001
5046
1161
-7777
-544
-1021
8409
5120
3735
-7138
1077
737
855
6021
8178
-3292
-1373
-7526
-2421
1784
-7844
5403
-6253
-3802
4220
220
5420
-9550
-4585
1203
-1903
2078
-9586
4415
8648
-3552
4109
1087
3063
3263
5131
-7871
-4914
5556
-3082
-253
-6936
4910
-3544
1453
3274
-974
-8687
1772
1659
-8533
9404
-7502
-161
6102
-9829
4307
-8277
-2115
-5637
-7264
-5150
-9537
6306
8658
-4799
-8131
9436
-5041
9361
-8572
-2072
-7078
-6580
4153
28
9280
7012
-3904
-1227
-1809
9790
5614
3172
-3293
3125
8471
7876
-1776
7238
-2799
-9773
-792
2893
-8740
-3467
8895
8290
6628
8495
-3945
-730
9258
-7767
7926
7160
-317
-4749
-4148
9479
-3804
2093
-6328
-6309
6464
-950
8196
2829
8939
-5934
-3062
-4237
-1654
-5411
5072
-6409
-8296
594
7771
9399
3132
-9779
-1018
5596
8417
6004
-4307
-4518
4635
7366
-3118
-526
9461
-9309
-5031
8051
934
-7286
-4055
1325
6605
-6389
4836
-2064
-3169
1765
3263
9067
-454
-9935
-6342
0
9545
6510
-2154
464
7288
203
-213
6509
8456
-6523
3624
-6799
2457
-7106
-7022
-2372
-3609
2233
-8526
-106
-2751
-4746
9630
-3315
3217
-3349
-4314
2107
6062
2038
-7516
4935
-7836
291
-3542
-3918
-9160
5560
-7004
-1717
3912
-5605
2429
-7019
-6903
3244
3826
-8993
-2608
-224
2163
-8515
-8702
62
6979
5369
5983
1980
-8166
6178
-555
-9324
-5315
7390
5095
-6229
4996
1285
3483
5733
-800
681
-7095
987
-7080
9766
1679
8819
4906
4345
879
-1449
7994
-4653
-6186
-7892
7067
-7854
-3386
1280
-3462
-5363
2439
-2144
-6649
-2209
1082
566
-5780
1794
-2479
2032
2380
9611
3731
-2789
-9864
3762
5165
580
5684
8417
-4
-5731
-3606
8788
196
-5726
6863
2620
7003
-3677
-7747
-3720
-4280
-7349
-5579
-7634
-8271
801
2946
-8228
254
-5110
-9569
6615
-7354
8122
4263
658
2483
5746
8054
-4100
-6490
8905
-5721
9262
-4352
-928
8770
6209
2493
9907
-175
-4309
6189
9352
86
9167
-4406
-8324
2157
9089
4408
9153
-2132
411
9980
6846
3906
-308
5229
-9315
3401
-9033
-575
1695
-7276
-898
8764
1177
-1765
4824
-6521
-1017
6718
729
-1807
3694
-1340
-7670
7541
-3535
-1020
-3252
147
8567
9166
1555
-5278
9821
-4029
-8564
-3712
-3884
-8120
9949
7521
-1086
-7007
-5914
-387
-7402
5038
1804
-6181
-2865
7862
-1151
6794
-3105
5466
9958
3598
-3477
4918
7126
-6894
-7168
-8995
-6161
-4248
9656
5426
-7549
-1690
-1961
1633
9519
1419
-4210
-1523
7324
5890
-9229
4144
7591
920
3124
8824
4850
-9815
-6073
7810
1897
-6409
1961
-5335
4308
-7402
-9872
1560
-2117
3392
3961
906
-8446
-3605
778
6905
-5703
1482
4712
9894
4850
-7013
-2914
9634
2200
6964
782
-2245
-1236
-6022
7904
-9711
-3998
-268
-2191
-691
-7747
-9364
-6886
-3312
7809
5389
1104
4248
6779
4318
9609
-3463
3588
-845
1638
-722
-3329
-8428
-1785
-8208
-193
-4238
8148
3404
1393
3047
4292
-7766
9514
4979
1894
9670
4398
-9524
-394
-4607
3343
2267
8458
1657
-198
1350
9581
2915
-9740
7869
-804
1729
-3624
-8103
9181
6350
8150
5793
5347
-7919
2107
9484
7378
5595
-5034
3406
945
7050
-2380
288
-3751
-9595
4263
-1080
3155
-5715
8760
-9616
-5989
-6963
9045
9933
-8675
1832
-6027
-163
3892
-6473
-4635
-9729
-7330
1954
2403
5876
4315
8113
-3579
1519
-1495
2033
638
-8836
3168
8615
-7772
2080
-5335
-1841
7714
8660
-3114
7926
-4060
9735
-8744
5726
-6172
-247
-8099
5565
2670
-3617
-3368
4920
2574
8201
-8338
-8298
201
-945
-598
-9077
1096
-8736
1903
3085
1454
-9389
3904
7244
-2782
2390
-1533
-1755
6854
-4095
-406
-963
3442
-3374
-7810
-6327
4707
1427
-9060
-4687
-5717
3860
-2321
6451
73
-4019
5336
1222
-3320
-4049
-6951
2899
4496
4179
-4780
2378
-7945
-1321
-7936
-3548
3356
5247
-340
-7531
1874
4304
5805
-815
96
-2947
834
5281
-1769
163
4847
-1975
9091
1326
-448
-5923
1674
5946
8234
6316
1404
337
-1648
4896
5725
7305
-7439
5574
-199
-4643
6378
9935
3571
398
-7071
-6588
5056
5709
-2945
-7098
4031
5313
-8770
7631
6964
-1758
8458
-3383
4978
1819
-290
2353
8228
2645
-9211
-6109
-9967
768
8399
7784
-4068
9249
3888
-1778
-4611
-6978
-6742
-5347
5147
9415
6981
-9600
-8213
-1895
2280
6316
-2813
-5056
2299
7375
-8667
-6887
6460
-5679
-1281
-7455
8943
-9934
-1125
-450
-9730
-833
3544
345
-4651
2841
-3450
-5190
-540
-4075
-240
2855
3865
6528
3958
-2862
-2467
-322
-3265
6865
440
8579
-9447
8313
-5583
-4005
-8360
5855
-7340
-4358
-4040
-5637
715
1594
-3451
4825
8233
8661
1836
-2367
-7715
-8687
-1989
3339
8354
3599
-8879
19
-1385
-3109
-3053
-6275
4516
411
-2456
-1814
1178
7981
2467
-9352
-6671
-5387
8230
901
-3321
-1181
1701
-8993
5869
2612
-8212
-4887
-6482
163
-3799
-8613
-6042
8721
-5093
5011
4619
-3571
-8104
-5880
9454
-7350
-923
-771
3140
3583
-8028
-8040
8231
-3500
668
3334
-7016
5459
-8638
-4864
6833
-487
3628
3537
1963
3201
3298
1287
-2864
-4688
8251
2811
-2347
2802
1141
-4316
-6097
5771
-8323
-7841
-1928
-7011
9617
-1277
8095
-2611
1069
2284
-6078
8069
8888
8962
7320
7575
150
-1372
6622
-7349
7310
-5758
-7097
4392
9074
-7704
-2904
-3366
-9777
-1318
6334
7274
3035
9067
5249
2078
-3173
855
-5367
-1516
-9669
1593
9417
5940
5699
-3619
-1821
-8245
1762
4077
3211
-658
-9321
-7635
3860
-8525
-7387
1772
8850
-1065
-7110
-5266
-726
4513
-5503
493
7257
-102
-9724
6679
-2932
7854
-7513
4334
2883
-7312
7792
774
6998
8020
-7783
-2831
-205
-5814
-9453
5660
-2117
-5787
-8649
-5886
-5529
-9202
4818
-3233
-8634
9530
-7895
-7272
234
-2303
-1605
-4935
-710
-4559
9232
-44
4082
-2246
8704
-8271
8065
8165
8766
-9665
-9742
-8790
6936
-6135
-4182
5585
-2987
3185
-2140
5355
-8759
-3534
-844
4580
6257
5279
8783
-4691
1181
8771
1406
8817
-8333
4462
9694
5649
8634
8660
-7664
-2760
4915
5323
-8064
9984
5075
9843
-7715
-3245
6731
-5068
5294
-638
7060
776
-4695
5463
-5172
-5219
6520
-5460
-2065
1462
-8764
-3520
-4978
-1768
5281
2789
8789
492
7238
8284
6986
9628
-8454
-7860
-8722
-1473
-230
-7714
6447
9678
-5086
1475
719
-3406
1705
-7357
-4924
9244
-5256
-4883
-2842
-2091
-8316
-1218
6269
-9315
-7608
-7310
-8228
2121
-912
5693
-9699
4337
-6678
5094
-4248
1545
6092
-1764
-5467
-2889
3654
-3862
6695
3762
7700
3144
1147
60
-6695
-7700
3286
3722
638
582
9029
-4867
-9454
1754
3213
8004
-1870
5004
7647
-8508
8924
-7217
2013
832
-6023
4698
-2928
1789
6246
-140
3509
-616
-5441
4241
6991
2540
6619
8015
3085
-4069
-7097
5351
5088
-6338
6927
-574
-9048
-7495
-1229
-2368
3700
-6357
-2237
-3752
1337
-7286
-9101
7557
5298
-673
4783
8255
-9337
4229
9747
-3933
7777
-7835
1575
6685
3058
-8676
-8107
5792
-9065
4022
9278
-5656
-4428
-6149
-9420
9657
9918
7621
7468
1864
7968
5459
-7264
-822
416
-9524
3924
3536
-2606
-3899
5126
3198
8155
-9984
-8072
1215
8878
6584
-3880
-2653
8649
5338
1216
4334
8285
9515
-59
6542
-955
422
-4703
2498
4057
-8429
2310
-4621
-4020
-5002
-9634
2951
5088
-8006
-5902
-9041
-1761
-5029
-4262
-8151
7290
8513
7677
3617
7387
-2057
7723
9907
-9133
9443
-6331
5070
-9972
6623
1210
-9021
-627
-2222
-5401
-1434
-8785
-3926
239
1885
7501
6563
8837
-5324
3380
2623
4135
7969
4835
7529
1560
-2261
-9963
-47
-1367
-4658
6913
-2874
-9863
6748
7040
-9693
1873
8368
2541
-2738
9062
1297
-5851
-9268
3
-3400
-7597
6267
8266
6094
3598
-140
4208
-2473
-9069
2221
4645
-9507
-9982
1501
2118
-5373
7342
-3144
2100
2121
-51
5068
-2137
4682
-5977
-5173
1688
-9507
8859
8631
5182
7
764
8044
-3716
-1415
5965
-9292
2711
-4680
-2284
-2373
-3854
-7581
-257
-9682
9663
1355
-8753
3784
8184
-2854
8127
-3010
3442
-5458
-8397
-5946
-4541
6830
-486
5242
-2594
-7933
3121
7101
-37
-5696
6651
-5235
1281
1222
-7728
-7142
7164
6462
5586
6151
8215
4943
-1446
4813
3332
-6308
-7525
3974
-1167
184
1015
-7117
1252
-2203
-1474
1435
-681
-3884
-7110
5473
-31
8522
6604
8182
9147
-7231
8328
-5725
9364
-2846
-8038
509
-3837
4532
-9531
1544
1709
2626
50
6460
-5065
-1485
-3774
3316
9829
-7937
2168
-4636
3075
4319
9594
7072
9574
7987
-6211
-7517
-9822
3735
7905
-540
-303
-1590
4740
-2633
-4248
-86
5274
5876
7810
-4308
3958
7385
2207
-8764
-2809
-1165
-7151
-7431
6544
5853
4663
7216
-2454
5237
-5245
-6518
-2451
8401
-294
-7549
-4904
-2894
-5642
9679
8154
7408
-1141
-1160
-5943
-99
332
8293
-7367
-4935
-2418
4348
-425
-1201
-5975
5365
8746
-660
-148
-6336
5683
-2780
-4455
9211
-8559
887
2712
3669
-8606
-1161
110
-2671
8862
1967
-4996
7416
3155
3187
8553
-540
4167
-3933
6220
-2126
7561
-2303
4437
415
2118
-2685
5117
-7994
2981
4539
8070
-4657
-6179
1533
8578
166
7853
1454
-3251
3658
-854
-5428
2399
1638
-4719
-9602
-1213
3106
2424
-3696
5266
8694
-8766
-8610
-8054
453
-736
-9593
-9604
324
9853
2425
5543
-8276
26
7507
5433
-5572
-2267
-798
-7678
-4719
9302
-1128
-5849
5254
8983
-590
7882
-3728
-5290
-8400
5284
-6999
9668
8952
-4224
-254
3446
1576
4156
-5052
-4203
2967
2536
-8141
5043
3205
-6051
8781
-5974
2804
9825
-876
854
1360
6079
-6350
1681
-7979
2845
-7902
-4413
9937
1517
-2479
-6942
8769
9229
1699
388
2338
8394
-1755
9431
7368
-1050
3316
-6059
-9358
127
-1438
3820
5847
-3200
6546
-6408
4609
6866
191
5278
-481
1477
-3463
-5842
-3281
-6658
1705
787
-4534
7741
-6484
2041
-2580
2080
-4637
26
4049
-2050
4678
9946
-4647
-8464
-2828
93
-3733
4136
-4502
6400
-5290
2348
2235
-813
2489
9116
-7667
-8439
-4346
1292
-3528
9889
-681
-4816
1320
-745
5989
-8683
-1791
-9665
-3699
-594
-8254
281
9809
9666
7274
9749
-8879
-41
-7323
8587
-5982
6840
3651
2248
-5374
2445
6767
4782
-347
-6838
-2717
8897
9028
-403
-5642
4742
-7721
-1438
6968
1808
6822
3459
1047
4498
-4255
-9323
-4028
2123
7981
154
1350
-8328
2166
7142
-9341
-3314
1288
3367
-8098
4579
-2666
-984
6103
-8393
-695
-6343
-1812
4706
5392
-1917
-3848
-2791
-3790
-9268
-9366
3554
5175
1707
-9662
-7159
-194
-8792
3143
1369
9462
7360
-8452
6853
-9459
5381
4653
572
2207
5629
-1222
-7360
537
-5871
-7825
-2776
-2558
-1090
2800
-7425
7388
-1116
-9660
-4080
-9154
-3954
2962
-4124
7801
1108
8435
9127
-3362
6219
-7396
6667
-4991
2460
-2166
6948
-7262
7321
7459
-8157
4061
5617
2516
4090
-4707
-2888
-159
7090
-7866
1697
1842
3043
-6281
-2759
2320
-2835
-9389
1338
3584
6469
-1471
6875
-5368
-1864
166
-429
8690
-244
-3870
198
9686
-3986
6851
-111
-3260
-818
7743
-271
9985
331
-483
-934
-5124
-4905
-6761
-3563
5627
7372
-5522
-3554
-9536
-2001
-8237
9231
2363
-3702
-8236
-838
6678
-2759
-8679
-1428
-4411
8863
-6496
-8781
6181
-8697
-8971
3790
8336
-5955
5563
6104
-6346
1277
-25
-2245
2665
2305
-6917
4918
8270
848
2196
4753
-9693
4933
9729
-7345
-7563
8459
4308
9144
8414
91
7008
5460
-8856
6059
588
-2653
-34
8624
1035
4461
805
-3082
6344
-9305
2
-1414
-5115
-1432
1763
9936
5699
-3781
-3008
1653
1242
4587
8838
1387
-7207
-2890
-9896
3229
5750
-382
5522
5371
-5662
-8287
7933
6953
-7492
-8370
-5585
-5211
-938
6561
8378
-8904
5654
-6188
-3436
5777
7156
5346
7806
7645
-6746
9561
-3637
-6570
-8019
6556
2115
9564
2856
4689
-4777
-7263
6626
-405
4684
-4104
5729
2929
-5389
3681
590
-6337
2608
3135
-3747
128
2116
4754
-5767
9485
-7459
-1226
-1378
5498
2813
-3430
-4442
3816
-9534
6080
-3160
7429
-9787
-7063
-6259
-5570
-7007
884
6801
-6099
-865
5291
2752
-3146
3963
-2834
-2455
-5285
-8487
-5900
-8763
2053
-3726
4590
7745
8245
-9520
1687
-6588
6075
6460
7929
616
5063
-995
-3832
1174
8260
-2455
1339
-4567
1328
9443
-9788
7163
7888
-5071
5821
-3355
-542
4047
-6185
1136
2039
-9772
5658
-4720
-5134
-6293
-9772
4849
2900
-8190
-3404
-5221
3460
1319
-1893
7805
-4428
8682
-849
-739
-2680
8658
-4514
-9955
4534
7308
228
-9721
9885
-2563
-8295
7882
-1381
5684
2421
8742
6367
4625
5733
253
-4962
-4650
-1406
2444
-2406
3862
-4870
893
7574
-5214
6725
-2433
-2460
1983
1575
269
9318
688
8219
-2196
-3147
-4026
-922
8734
7278
-6489
-9783
-7616
8886
-7053
-646
7328
-9480
-6541
1417
-5144
-2600
2115
2213
-4471
7302
-7712
-1306
2215
1346
7161
-7491
9360
-2426
-6256
2212
-6963
-9271
1103
-1538
5398
7007
-2676
8915
6808
2757
-1732
4517
9462
8155
3976
5971
7997
5160
-2664
8241
5352
389
-4742
-7551
-654
1009
7030
5359
2216
-2183
983
-3600
-6421
-2051
8099
-1687
-1291
-5237
-3205
-9090
-8248
41
-9519
-4697
6768
7610
7631
5625
-4418
3625
392
-3668
9117
-4350
7041
7139
-1365
-9243
2861
9510
-1664
-1748
5157
3969
2359
8393
2404
4763
3775
-3842
1033
2039
-1627
-6172
3550
6786
-6441
-2332
2380
6426
-5989
-8453
-6188
9638
-8595
-3499
9288
-1060
-8564
-7594
-178
2666
-4981
-8295
-2276
-8823
1629
-9061
-8454
-6295
8897
4218
1127
8789
8195
-3839
1325
8043
-5620
-111
-3441
-9887
-4376
4027
7149
-4260
4855
-7515
-4367
-2716
-7111
1485
-7096
-5599
3010
4713
1438
-3800
4320
-1931
-4184
-6728
-8620
-2095
-981
9013
-7063
-9356
9282
3293
-6751
9978
-5020
-5453
5760
-8155
9285
-1639
693
-2506
-139
-3511
-5064
2843
5150
9291
-1767
3785
-2240
3396
-4434
7744
-9982
6711
566
-4852
-3637
-2872
-3996
1543
9881
3338
-5449
-2643
-1448
5476
-7755
-4074
2727
-3411
6613
4577
8706
-953
8724
-5224
2621
9588
-6554
-4886
-2162
-2184
3055
-8355
147
-4875
246
1331
-3201
-5367
-2719
-3102
1183
5861
857
-3440
830
2683
8835
-4947
-9430
2773
9319
-5889
-8180
9243
187
1445
-369
-4362
8570
3166
-6468
-8538
-4027
7490
-6841
8119
5800
-4155
2859
-3176
-8710
-4494
8931
-8836
-8507
-7762
1185
-146
-257
-871
-3376
-1022
2695
3227
-6952
2376
7390
-3706
-164
3169
4022
-1245
591
-849
2126
3992
6544
-4392
-5232
-4537
-5396
4009
-5502
-316
1129
6439
5685
-8999
9087
-3754
486
-8376
3284
-6582
1299
9062
-456
9736
-6660
-6220
-5513
-9405
5737
-3396
-5033
6246
-3735
-7577
-9014
-7979
6147
9599
6214
-8446
-3480
-8177
5120
-7451
9287
-8983
-809
-7187
2116
2427
7812
-6541
-6344
-5119
441
-4187
7765
337
4993
4965
7275
-2243
2750
-1822
18
7085
-8735
-7280
7988
2183
-8849
-4286
-1183
-78
-7172
6171
6186
-923
-5967
-9378
-1297
-925
-3261
684
4184
-8438
-6734
-2674
1463
2176
-8081
-7402
-9535
7940
9051
8350
2591
1230
8877
5095
6770
3170
2989
-3395
9098
-6285
-4552
5821
-6090
-4846
3660
4493
-9656
1713
-3784
-8022
-7305
-9940
-1512
-9319
-9548
-2746
-3480
9585
9872
-9872
-3986
-6504
-1699
1856
7751
1408
-2318
6287
-4989
-1046
5962
1708
110
-4456
-6901
-5537
1113
4398
-8724
2072
-4087
5833
7807
-5493
-6066
-1010
7399
-577
-9955
1857
3706
-833
7243
5582
6887
9685
7760
-8670
8003
5430
894
-7770
-7561
4778
9356
-3371
-2584
-2975
-4823
3626
-6856
729
4636
1186
3390
-9471
71
5505
9033
6845
9659
6692
8632
-3724
5536
-4724
-179
-2571
6859
-9582
-2979
-4472
-1952
-3699
8029
8823
-43
8010
-3520
-5279
-4195
-6854
-8660
2352
9362
4984
-5844
-826
-3353
-2023
-4649
3000
-3964
-5855
1035
-739
-2500
-6635
1745
-6250
2507
-7378
-6918
9582
2632
-5413
3642
5947
4245
1374
9373
-4141
7693
-8871
6914
-4561
5866
-8489
-2035
1645
155
4340
679
-893
1791
61
-5197
-5055
-1084
-3804
8079
-7598
8124
-8606
-7247
-4036
-1143
-5283
-9126
-3404
-2939
9929
-4447
-2768
1474
-7047
6995
-7420
-8124
2357
7385
-8223
5906
-6387
-2337
5401
-442
1129
-4911
5021
8442
7226
2673
372
2042
8417
-8884
-5532
-2452
3322
6446
2478
-3083
2014
-5551
6325
536
6307
-3803
5448
1692
-8176
1867
-4617
-6489
-341
8668
9558
8927
6646
-7592
-847
-3327
7623
9188
-3474
8967
8342
6477
-6007
-3800
-1524
-6112
9857
7198
-8751
-2360
4866
-2360
6598
1181
-2114
1411
-2495
8485
-8719
8
7226
-95
2177
-3796
-7119
887
-3795
5982
-9161
-7131
-1694
-3927
-6580
-9136
3948
-2720
-716
-974
1513
5444
7450
-272
8781
-3052
-2863
3841
-6844
1613
3355
4265
818
-1056
-8
-8471
7981
-7468
-5639
1790
-7868
535
5678
-28
8966
8733
775
-7670
9211
-7556
9898
2522
9075
208
-7519
-5776
-6734
5983
7511
-1791
-4518
8825
9328
-3736
-4662
7479
-9186
-9623
228
9064
36
-8248
3999
9890
-9395
6095
4120
-930
3309
4327
-329
-476
-8095
9686
8711
3176
-8875
4307
6099
-2936
5385
-7251
-7477
-6973
1047
-4923
-1025
-9651
-892
-8407
5837
-7732
-7536
-3276
6739
3117
2146
-1416
-9132
-5254
9075
-5027
4332
2998
8696
-133
2500
4916
-2846
613
5904
7746
-1237
-4086
-23
5090
-5239
7825
3772
2234
-7487
6251
3018
-8481
-1924
1568
-3451
5351
-9093
5614
-9877
7584
-5766
4100
-9060
4000
6306
-4067
2313
-6961
5584
1610
-2266
2444
9696
9722
-5417
-7521
-1259
5411
-8420
8452
-654
-1208
-1397
511
-3195
8605
-5994
179
4948
26
-9384
-1404
-6657
1522
-7975
-238
-6085
525
6188
-6384
-3972
-1751
-6335
5895
-7738
9574
5389
6622
123
7097
-3207
-6851
6995
-503
-4642
8039
9721
2273
-4916
-4535
-2696
-8378
-3581
6749
-5888
-2648
-7481
9369
5601
6181
7206
-2882
4031
-879
4729
4950
9658
-3970
2133
7975
6040
4739
-2652
-576
-6127
5581
-5592
-3636
-2902
-6967
-6141
-6091
4812
9955
9553
-1670
6248
455
6730
5465
9170
6641
-4869
-8354
-1830
-4596
2476
-8077
-4544
-7573
-2811
-8084
-448
-1117
3623
9129
1277
9659
-3882
-4051
-4327
208
163
3151
6983
-5278
-6292
-6178
-9457
272
9945
7029
-4704
-243
8979
8982
6894
-7119
8456
1514
6239
-1307
-6558
4585
8545
921
3900
-2645
2380
-7771
6073
8544
-5432
-1751
-3728
7045
4331
4277
7948
-8709
-8948
-7021
-1230
7516
-3057
-4355
6012
-9811
8109
-6642
-3333
-7904
-5821
6777
-3979
-8952
8323
4236
-3239
8654
-1669
-9318
8276
9713
9659
-5197
-4032
7017
131
6967
9583
5075
-5154
4949
1884
-8348
9870
-4174
7994
-1829
2137
3203
2
7442
-6568
-3197
9154
1696
-2100
-2532
-6938
1349
-1779
-3120
-1279
6830
-7113
-2104
5404
7622
7032
-6617
5421
-9915
3289
9869
219
-4434
-9917
-4028
3883
1545
4316
9035
-6525
-1516
1431
6812
-4139
-77
556
-7147
1898
3357
6336
-4959
-8175
-1665
-1719
8602
8496
-8616
780
5428
9601
-660
3629
3893
-3869
-2184
3949
-1169
-3440
3074
2074
-1437
1570
-8848
-3004
2821
-5969
-8306
9261
276
5193
-4
-3054
-7634
-4492
6820
-885
-4497
-1978
7351
6434
-2704
9429
-3977
4301
2668
4611
31
-8045
-2077
-3612
2712
835
8130
-2352
4142
5995
9804
-6159
249
-7717
8455
-5129
-6082
-9332
-3505
812
-6557
-7654
4891
-6721
-3665
-7093
5529
-1128
4733
-6560
-5115
5673
1445
5449
-1255
7404
6020
2429
5121
5072
-9219
2196
6641
2705
-4635
-879
8548
-4812
5120
352
-9545
-7905
128
5367
4285
-2489
7274
5112
1937
8094
7444
-2575
5664
1553
452
-925
-2532
5256
-7400
-5997
-7062
7855
-6665
7956
1939
-4589
-2758
-3202
-6234
-8210
-1145
-9669
4886
4355
-7608
-4819
3197
-7129
-7670
-5822
-6590
1644
-234
-5714
8990
-333
-9653
7597
2858
-8924
2178
1401
112
-6192
5972
4146
-5958
-8776
8683
5162
6992
8720
2959
2312
-870
-6684
8220
-3917
7270
-8261
-6506
-3758
8949
-4271
1287
3324
7248
8490
738
-6294
8603
-7855
-1186
-5133
-7301
-877
2182
8638
-5029
-9723
1954
2296
9590
231
897
-374
3597
1980
-1170
-9839
8884
-7464
-2496
-1368
-3948
5391
-7805
2015
9814
8215
-7506
7402
-4360
-8062
7835
-8723
6387
-8450
-7025
1270
8481
-1374
-2795
-6734
2069
687
-6101
-1115
-8976
-3027
-8975
-3694
-1265
6970
8800
-246
5168
9603
-7461
-5444
5515
7223
1383
5201
4238
-3504
7704
9646
-219
4131
2567
-1316
-8067
-1665
-9815
1232
-228
-8156
-2286
-7552
-269
-5927
-3291
7675
-5103
8850
-2924
-4844
-512
7433
-2355
-4598
7371
-1073
-9439
-4719
-5667
-9958
613
4730
-9601
7264
7350
-7462
9883
-9528
-220
5705
8616
-9388
-6
1557
8144
-230
3249
-4722
-7655
6706
9107
8695
-378
-8592
-5469
579
-9828
-7977
4905
1072
-5690
-1405
-5207
6067
8651
9255
5035
271
8797
4388
2506
-6258
-4010
-886
3422
9453
-3223
-1562
6278
680
-4363
-9857
3217
-3135
8332
7721
9622
-9882
-8495
-6116
-191
-1311
9768
-8897
6033
9416
2659
4011
-5544
7157
-5368
-8171
-1678
-6725
1409
2466
-9572
-106
-1129
-6748
1439
8953
-2960
33
142
8526
4284
-2653
8923
2183
2381
3457
-2403
-8769
3075
-1939
3124
-5118
8456
-881
-8703
9854
-5274
9799
6942
-2696
-2517
-3322
-136
-5527
-36
-1444
-5256
7667
-85
560
3681
7968
-160
5154
-2732
-622
-8630
-64
1361
-9908
4300
2368
4075
1499
-7268
92
385
-4391
1231
2198
1920
-8054
6728
-592
-5705
3962
-721
258
42
9325
-395
8054
8942
-3530
8075
4184
-2107
4583
-9759
2916
-118
-3660
-1940
-724
-8628
-779
-82
693
1152
-3555
-7424
1798
7349
4006
4615
424
2546
-5493
9106
9384
-4734
-2969
-8173
-6605
-7227
-4965
-1010
-1642
8766
-4980
3394
3218
-7976
-3276
3107
5132
-5746
-7483
5506
-991
-7399
-1867
-6423
532
6290
619
-3916
-1534
-1875
-128
-1313
1722
8220
-8833
1440
-4473
-3431
-931
-5982
622
6539
2039
4504
6217
6003
671
4820
-2676
-3198
9346
-129
-1492
-4994
-3054
-8612
344
1831
-849
8017
1278
1617
8401
-1209
4509
5167
5504
8568
-3270
5933
2713
-9723
6167
-5322
-5582
142
3516
-5051
-3272
7807
-3278
9637
722
-1384
341
-5421
-16
4110
-184
-7290
7079
6944
4212
-681
4465
-458
-9447
-4359
-9581
7392
-9657
-8985
444
-6847
8513
-7535
7810
-6675
7890
-6275
-3359
-2803
-6074
9179
-8495
2908
-1260
-4426
-7296
7197
5516
8926
148
842
-3157
-5723
1690
1066
5324
9518
-7833
6818
9527
-7610
-1822
-529
-8848
7074
-8584
9527
-600
-4150
-9913
-9350
-8291
-8487
-481
2405
3986
3155
6056
-3238
-316
-1139
-887
-5971
-2765
415
756
435
-3150
-2639
1854
937
4698
-4990
3338
5678
-7564
770
-3212
5411
1203
-1988
-2965
-7093
6624
-6347
-6344
-2006
-7216
1801
1543
8102
-1577
4177
4151
3181
5582
-7213
253
-8905
3775
-9819
5226
5635
-2104
2361
-3990
4609
5004
2338
2730
-7066
9875
9955
-436
-9583
-1112
-5748
-998
1131
-4040
5741
3061
-95
6306
-4339
5353
8910
613
1623
-9772
-9809
-8021
-9588
-3173
-7705
-5478
1405
1505
-5219
4718
-8840
-6686
493
2217
5588
7486
-572
-1517
-8467
-517
-1848
-9886
-4185
-6442
4373
1033
6685
9496
8659
4387
-8971
5502
2020
9309
3736
4724
-6460
-9550
9143
-1062
-1658
-9213
9633
8422
-4696
6575
6818
8359
-2814
6199
-2144
546
-6740
2954
-1313
9018
9874
3807
235
-2706
-2987
4519
-3666
8329
-4997
8784
-649
7365
-7839
6728
-5328
-6513
7508
8205
-7828
2857
3910
-3852
7480
-729
-9362
-3494
9864
7206
9260
-7162
9923
7088
8739
-8700
-5678
6268
-5994
-5778
976
4427
6337
2941
-1131
4202
-1025
6295
2334
4100
-1448
9375
4244
6773
-2343
-9823
5334
2545
7370
-5592
2236
-501
6596
7577
7567
5893
-8235
2810
5577
3156
6307
-8650
1285
8357
1825
-3757
-6742
-3617
-7552
-6093
-7555
8677
5439
-1613
-3862
-1596
1414
9949
-2585
-1378
-4388
4910
-1975
-230
5031
-8363
5199
2084
5179
5763
7073
7067
-566
400
6871
-8660
7977
-1313
-623
1428
-2918
-6714
-8291
2435
-5389
-779
4782
-8678
9483
6694
-8897
-6266
-7163
-2975
-982
4395
7804
-3216
-8316
8693
2865
1710
7088
-3957
9412
-8641
1163
-5955
7096
8922
827
-5546
-694
8192
-9145
-6116
4329
7946
-9679
7084
-4092
9335
6911
-2057
-2939
-1795
-9921
-105
-5474
-8302
-600
-2604
-484
-3839
34
6069
5973
-7396
-519
3536
4815
758
6151
3132
-9139
-9189
-1914
-2738
-8091
160
-9753
3872
-6700
-6279
-265
-6260
3253
7739
303
-6988
-8777
-7702
61
4524
-5047
-1365
8017
-8471
-6849
-5660
8486
461
-150
-1979
-4464
-257
310
8686
-7980
3817
3475
-3686
1189
-6876
-9921
-9879
-4108
8388
-235
-7914
9063
3098
-3992
-1345
-7678
1455
-5815
-9041
3541
-8086
-5599
-8470
-2570
7158
8046
1360
-3538
-4060
1670
171
-3208
-8081
8930
9764
-4112
-9992
7256
-3745
8121
1802
-5407
9041
-5642
-3324
798
5451
8545
-1661
1216
-9157
4712
5227
-8727
-465
-3506
3509
-4426
-6415
-4378
7406
-206
8333
5331
-2698
-7721
-2860
-4038
-959
-5334
-2562
-2033
-8060
-983
8834
1568
-296
-2637
5472
5511
2142
8272
-6041
-2946
-7631
4170
-1951
7021
-9458
-3744
-1023
-7053
-6045
9033
-8244
-3848
-6994
3607
1413
-5833
1643
-8645
-4400
-3637
-3759
-3666
-9872
-2531
-7796
-9579
1527
5323
-8605
4523
3062
-3173
-6988
2283
-7470
-8106
-8095
9026
-5560
-9022
-8267
6511
7055
2416
-8672
-9016
1097
167
820
6781
-5533
9313
9886
-946
-5984
-2969
6665
-3677
-6345
7270
7930
-2450
2130
6541
-7979
9325
-6856
7780
1259
4428
9523
-5970
-7064
-7854
-8184
3739
2535
-5714
-562
-2467
-9458
4164
-7752
-7037
3657
9902
1116
3145
-3210
6830
-5702
-4321
-3147
6399
5702
5622
-9808
-3444
-8807
2360
-7635
276
6658
-5135
-4786
-9239
-8002
6965
-1705
7982
-9695
4376
8503
-2293
8177
