-5946
-8149
-2468
6021
5957
-5185
-335
-1304
5769
-7025
-6373
-2968
-7060
8409
-2877
-3668
2725
-7491
4417
-5395
-707
4444
-529
7592
-7578
6078
-503
-1873
-8259
7345
-8069
5674
6495
-793
-303
-8146
9256
-9290
8179
1659
-8390
-5687
-5849
1390
-4507
5476
-1954
-3641
1346
4944
-9045
774
3701
-7856
6555
-6950
8324
8271
-8657
-4209
5209
5738
-813
2861
6117
-1833
-7865
-3659
-8299
-3750
2108
1731
3990
-1502
1931
-3910
435
180
356
1735
952
7663
-8072
2163
4879
-1198
-7405
-6799
-3097
3351
-2091
8349
-6272
8964
2670
9888
4978
9964
8851
8545
4396
-4139
-8332
-263
1438
-7318
6148
-6361
-8820
5797
-9914
5857
-8860
-7296
4065
-9703
-9609
-4255
551
4390
-7268
-2858
-4374
-2778
1812
-4819
-9788
9358
-7238
6654
7054
-5727
-3900
2960
-211
-9532
8051
-6013
3494
-6779
-2873
3930
7745
3105
-6046
3561
-8457
4286
-1217
-2319
3923
106
-4603
5222
5374
8552
3407
9566
-970
9222
9719
9864
-2030
-5817
2159
-9928
-2990
-7664
-7609
7344
6225
9280
-7119
7920
9113
5205
-3279
4218
3474
-4555
-1188
-2726
-6892
6020
1527
8861
1311
9439
2174
7601
6783
4469
-4301
270
7277
-365
9974
-4757
1036
-3450
874
7289
-161
-434
-1977
8752
-2795
6455
-9770
7538
6555
-6407
-1877
3885
3755
6965
3894
7776
7302
4535
9603
-3602
1176
1315
2810
9983
-908
-7615
2555
-2437
7575
-3655
8608
9897
3481
-8148
841
-3467
-8934
4161
-4309
-7278
-7278
4995
1711
6813
-9726
4097
-6252
9647
-2414
-3397
-886
-7195
5581
-3891
4412
3770
8822
753
971
-1022
-6927
-2839
7089
1628
8024
3035
-9656
6062
9410
1578
8912
145
6783
-9229
-2893
9172
9417
-956
-3614
6429
7208
3667
745
-105
-5535
3436
5509
2775
381
-8663
-6110
1909
-9246
-5667
6130
-8204
-3088
-2299
-9005
-908
-692
3350
4963
-5774
9698
8777
-1609
-1794
7829
2035
-5722
7445
3791
1202
-1766
-5823
-9785
9983
2125
-738
-6583
9176
5134
2627
7750
1725
9596
3951
-1726
6104
8683
8651
-9206
-3447
-1852
9192
-8558
-3571
-733
7721
-3833
-3842
-3817
-4987
8366
2695
-5225
-1755
-1900
6550
4805
-2718
734
-4823
-430
-2116
-8463
-2833
-8421
-3647
-9549
-6458
4781
4625
-9194
-5607
8126
-5793
734
-5805
-5031
-3738
-6164
8465
-9908
2406
-6277
-812
-4421
3887
4384
-5829
6004
6312
-1625
-1087
1068
-8509
2447
-2864
-6126
-6868
-6024
8586
9264
9756
3076
-6275
-5122
-8808
-7855
-4439
8868
4399
1900
-9637
8533
-4712
9559
-1807
-505
-3939
5287
-9377
-9981
-5376
9203
-7155
6758
-9421
544
52
-6839
-4831
8269
4808
2051
-3974
-4308
40
3117
9275
7731
2199
-6409
8572
7450
1299
1035
1667
6991
-5659
-810
9026
7315
9303
5191
-6247
-2746
-9168
-4301
4725
606
1811
5806
-9742
7356
916
5596
2118
2748
-7579
9968
8510
-8775
-5081
-4330
-8459
2045
8666
-2323
3382
6637
8693
9681
-3815
9442
2459
-9176
-6462
1537
5978
6545
-1840
7234
-2049
2418
6640
7107
5051
1968
-2346
-2517
6092
2252
3076
6934
4353
7018
-1142
-3718
1791
-145
-8412
903
8709
1806
5182
1023
-7129
-5962
-5981
-8038
7394
-3843
3515
-4017
979
5720
7747
5397
-9079
-2431
-7044
-2354
2243
8913
2257
5103
-1055
-4277
-2605
-7794
-1630
6849
-4354
4080
2610
8044
-9373
-8403
2218
0
-905
-3563
-4937
-8005
-8108
8264
-7439
2433
-9306
-7948
2468
9522
6232
-8487
-7602
-7403
-8027
-5057
3002
-1538
4276
-7875
-8602
-3658
-938
2396
-6525
-3758
1661
-4028
-8943
8293
-9696
6452
-5093
8753
-2370
-8241
-3701
-7470
935
4628
-8669
-1637
-3474
-9987
6580
-2323
-7520
-1872
-4288
2555
-2053
-9329
3663
-7431
5627
6563
8441
-9643
8502
8060
-5020
5826
-1903
2745
5062
-2679
6733
2911
2790
-6956
7466
8257
3986
-103
-4284
-6631
-6872
-6566
-8002
-846
-7283
-4619
7845
5271
-1860
9936
1711
6827
3327
-5056
-2197
-2483
1357
2422
9377
-9357
1012
-4697
-3087
4166
8295
3742
-3296
-5894
8959
-8764
7038
-9265
-2393
-4962
-4340
6927
7139
-6258
-3597
5054
8402
-9613
-8904
517
-762
-3848
-8046
7720
-1240
2898
-9995
9749
8830
2001
-5069
-1567
-6684
5426
-9229
-2648
-2237
-6060
6377
-2665
8723
419
-8976
6635
-8794
7444
-7828
5254
-7222
5846
6437
2091
5060
2690
-4012
1739
2024
5412
3879
2105
7376
517
-839
-9576
2123
4866
-1821
7967
-6958
9604
-9121
-896
-1041
2564
4393
2485
-6466
2295
4664
3157
-2043
5725
-8655
-5689
-7901
1910
2871
1668
-9322
6347
-2119
-5
-4230
-3859
-8370
7297
-3782
-3205
-5233
4444
-9622
-3266
2673
-5176
-4565
8887
-8090
-9913
5662
4287
5371
-2741
9940
-3320
-3115
181
3452
8815
6879
7906
-3694
7712
7989
-5595
-3952
4785
-3229
-708
-5657
-5380
-5565
-9111
-1473
-6752
-5928
-4237
-7496
8386
50
6699
-7679
3949
-2387
3170
-7408
1443
-1179
-6711
-6000
3527
-4925
-732
9839
7027
673
5269
-8825
9153
-8858
-7401
8881
8145
7714
7240
2373
7682
2682
7183
-6453
7704
-2713
-4889
6604
9079
5854
-9773
-8921
-5919
1110
8754
-76
-7312
2189
-9418
8282
-9720
1483
7832
2114
2374
9361
-3816
-6540
-589
4709
8641
7177
-6172
-7541
-8858
4413
-9777
3443
5220
8814
7441
-2657
7534
-8004
-2354
-3668
-4656
3082
-3406
2303
-3841
9564
4021
-2581
5185
-3813
-8366
4783
4979
985
7149
9564
6463
-4615
1914
-4326
7699
1152
4974
-9502
4047
-4984
1972
-7950
-7080
-789
5398
-205
-2690
-417
-351
-2006
8592
-929
8348
-8198
-5491
8900
1013
8897
-6737
3648
-3133
9622
8489
8665
-3756
6986
6105
6185
4739
5522
2761
-4585
8491
-9194
-3163
2087
-518
3265
-8602
-3108
7821
8306
9592
5521
1207
8355
8851
-8089
8117
9485
-494
7359
-2733
3396
938
-2431
-1782
-3001
-3293
-4201
7736
3470
-9717
2885
-5898
-2688
5648
-3949
-8262
-9672
5659
-7931
-4955
8136
3196
-4064
-3580
-5086
-5480
-1081
7856
-1123
-448
-1154
9546
9924
-4764
4520
1892
-9294
662
3010
-8488
5124
-4656
454
8883
-2603
3000
6728
-1030
6133
-7198
43
-1183
-509
7810
-9058
-3818
-1155
6377
2313
7733
-459
-3329
-7597
-9589
604
-4451
-7920
-2880
-638
9654
3973
8524
-7042
-5630
-5164
-3132
2516
-8273
2648
-2337
-7329
-1677
8107
9560
1184
8002
-1465
5037
-1280
6501
9216
6039
4006
633
-2588
6818
3549
-9316
1376
-6018
-564
-2114
-4952
18
-8031
8426
6691
-3027
9441
-7588
1867
-8584
6513
222
-1919
-2595
9818
-1111
-9902
5005
5853
-448
2963
5802
8415
3358
-7682
-1147
427
-7306
3266
-7135
4769
-3153
5740
1933
9122
-8487
3517
1856
364
-1130
-1040
3324
-8605
-6676
2533
-580
9624
-6360
2326
8540
-7158
616
-1722
1246
3264
-9243
-4902
-8961
-5809
-1297
-7979
-1193
-7024
-6508
6005
-8662
-6035
5340
-2433
4517
1277
-6626
4385
4032
-5788
147
4893
-2420
-9534
-6466
-226
-2400
-8096
-7889
6407
-6744
-6341
2501
4051
6138
9012
7893
4793
9374
7584
-2404
-5731
-1175
-4155
-9516
541
2721
8707
-5336
-7247
-1369
-5602
-60
2955
8966
-8852
1752
-5314
-2673
-3402
-4804
8932
-8272
1423
6059
2531
3565
-8451
-8725
9250
-8655
4094
7917
-8154
657
5998
1977
-9754
2700
-3756
-535
2160
951
-1544
-3702
-7315
-8841
4417
-6760
-8711
-4676
-3368
1227
-2960
7368
8566
6290
-7653
5156
8476
-4248
7033
-3887
-4999
9830
-5201
-4651
-1187
6038
3799
-5410
-8626
-8505
7418
7619
-6158
6272
5340
6773
-256
-9358
-2637
-5342
64
-2528
-7158
7582
6881
-255
1456
8369
8725
-45
346
-2382
-5451
-2
5436
-5703
8918
-1791
-7720
-9236
5660
2017
-8132
2202
-6635
-3432
-3788
4424
-9748
-2357
4604
8115
6054
253
-947
-3436
9824
5432
8017
7223
-5966
5618
6787
-985
-5717
-3222
4489
-2504
-2931
-3029
9879
5199
-8870
-6320
9799
789
2908
6353
3941
-3719
-276
-7618
-4101
-342
5624
5297
-2755
-1876
-2972
-1960
-3268
7817
-8445
5694
-726
-5660
2087
7575
8006
-3530
-8986
6670
6457
4659
-7972
-7623
-4365
-6493
8244
9265
9228
2679
-391
2664
-1787
-3165
8498
-3582
-768
6227
4313
7369
-7310
6347
2728
-4019
7185
3566
287
7301
7081
-3188
-4826
-4680
8458
-9521
4920
-4089
8790
3723
-2347
9507
5356
-3748
9465
9794
-1177
3915
-6059
-4226
6182
-2651
-7025
-3820
-9227
9624
-3051
9660
-8210
7640
1377
-8159
6198
455
-2655
8500
-1209
4940
-2937
-9311
6111
-4945
-6946
74
-2933
-4626
-9855
-7690
-2836
-1004
-71
-220
-8958
9098
-4761
-7842
4402
-8088
3162
5803
1753
3676
-171
5286
-3672
26
4102
-5964
6365
-4527
-8052
8309
-9008
9957
-3896
4664
-2595
-1596
1554
5533
-1062
1317
3899
1600
6067
-6764
-9430
-2564
4328
1334
670
-1048
3044
-9905
-6137
-3556
-4587
-5951
-7698
728
-6405
8051
-3128
-6009
-5869
7649
5770
-5234
2637
-5355
-9357
9611
-3082
105
6230
1123
2249
-4045
-1485
-2455
-8927
-6120
3889
-3216
8472
-9074
-6806
-449
-6233
-7778
8841
-4193
1642
1650
4398
8232
9351
279
-8958
2040
9137
-9347
-2513
-2431
-739
3378
7294
2438
3264
2993
-2701
560
1361
6890
1182
5640
1961
3028
-3686
-1403
6051
-9202
-2272
9925
-9718
-527
-501
-5179
-7450
-234
-9261
-6192
-8582
-588
6887
-4330
-4678
2796
7582
762
-1637
-8269
1459
8235
-5348
8791
2812
5967
-3843
-9790
662
-7683
2067
-9198
7042
-585
7609
4166
4009
7421
7060
9297
-9986
-4700
2997
3001
9614
-7590
-1043
-3063
-9072
6053
4921
8601
532
7384
-4975
-3189
5280
7458
2242
-3138
4913
6739
5835
5672
3982
-7348
6128
-4028
-5467
4380
-41
-423
2544
-8024
7572
3243
-6264
3043
-658
-1821
-8945
-8684
6440
737
7368
-5195
-7016
-5688
-8179
-2784
6946
4691
-311
-5065
7875
-1599
5678
1827
6925
-3760
-9918
-5319
1782
1995
9542
123
-786
9035
-493
9189
723
-2039
-5808
-7616
-8543
5900
6870
1378
-5740
6648
-3533
328
-5784
8482
3337
3565
-5614
3665
8939
-500
-1988
1900
-5946
2827
2265
-4602
385
-1001
-7039
-9995
6206
-3800
-9000
-6908
8414
-1073
8359
8743
-6680
-7898
-234
4201
7647
2980
-3506
-8043
-1484
-5411
-3820
3414
9767
1631
-5648
-7082
-7201
-8806
-9630
-300
-9363
-1761
-1775
-965
-2213
-8038
504
-7233
-6881
-9717
6047
-8807
-4966
-1214
-4210
-9769
-5448
-9439
-3157
5984
4169
6408
-7552
-887
-828
-4696
-9080
5741
-6437
-2957
6242
4380
-6255
2148
-9108
-7842
-9388
3064
-6689
-1326
6417
-2318
5548
4472
701
7017
8322
6081
7339
8013
9955
6073
-6137
-7849
7586
-763
1426
2304
7303
-2317
2042
-3766
-7250
9641
9420
604
-1955
-5909
327
9147
7146
7397
3537
3930
-7835
-9415
-6448
7460
4983
-7694
8535
-2911
-7668
-7815
-3375
-1883
8368
1008
-9967
-4624
8684
-1961
-7074
1991
-1656
-3151
1392
6811
-4656
-662
1506
-7280
3781
8449
-4785
-6567
-6669
-1563
-3642
900
-5676
4006
-914
-3052
-7492
-3532
-1512
9373
8442
4010
-8937
6306
-6939
-5741
-793
6647
-5879
-5517
6981
-6743
8104
-1147
-7940
-3286
-7513
-9669
7955
2373
-6847
4550
376
-4134
-768
4776
-7364
3353
-9425
-7945
6737
-257
-3398
-227
-2369
-5908
5637
-8345
2692
3494
9815
2655
3862
214
-7374
5781
339
-4433
7460
8321
5811
-9298
4958
1671
1679
-7132
-1830
8142
-8625
-8537
6148
-255
-9199
-6410
1305
4327
-5813
-7816
5197
-8288
9037
6023
-5409
54
5677
929
-1845
688
4769
8544
-2631
6138
2307
-9272
-2630
2335
-2307
276
-6445
-1136
2636
-9426
9398
8717
8920
7007
656
3831
-8809
6671
-2396
616
-1891
8942
-7712
9544
-7625
-9027
-7832
-530
4810
5611
6110
-4215
-1310
-8877
-2287
-1027
2017
4095
5524
2706
-6381
1742
8847
7728
-4200
-6382
802
258
-9855
-4290
-2366
-2111
-653
-4161
-8452
-8568
4560
-6139
3711
-1831
6211
-1900
-1752
-403
7819
2523
5397
-8753
-3359
-1504
3124
-9228
236
7407
3481
7401
-2529
4388
-4897
-2763
3880
-9094
-3100
8997
6092
-9280
-2091
1943
-1591
-2926
7543
8812
4052
6568
-3368
-9199
-1686
8121
-3226
-7005
-1952
-2535
-8760
-2528
-4812
-8338
5471
5647
3991
-9265
-5333
4283
2215
8027
2451
-7144
-6875
8575
-4399
-6132
-7169
9136
-7206
-1723
-2401
-775
-6416
-4139
-3836
5255
-91
4208
9272
-1580
-2216
399
302
2751
6556
2758
-7175
2992
-1681
177
5061
-983
7635
-4773
-8607
-6485
3507
6011
8691
-6152
-3019
7665
6470
9289
2191
2694
-4991
-5859
9107
-4681
7933
-7120
-867
9615
8329
3955
6918
8481
-7583
9157
1132
9374
-6463
-7730
-7234
7663
-5358
-3598
-3483
-4134
590
2036
2869
-3928
7275
4604
4513
-3658
-6886
7390
446
-89
9470
-3969
-9487
1454
-6288
-1654
-6557
-1606
-8537
-3312
1434
-8007
-1778
7331
5695
6855
-3699
-5134
-388
-2505
-4934
9081
9840
-3819
-8798
3548
8919
-7041
-5992
-8500
2084
-3398
-4624
8005
-2567
9712
-4191
-5744
9170
2037
-4587
5837
-6332
5564
-7646
-70
-334
8854
-9235
-1937
845
6841
4519
-3863
2336
4987
-7636
6393
4349
6468
9738
-7211
-3054
-5333
6125
-3407
9126
1220
4019
2613
8527
-5380
-7423
-7303
-3509
3526
-4463
-1876
-840
8340
-5640
3958
3101
3343
-8469
-9782
-6714
263
5169
-8472
7336
-4062
-5228
1589
-9198
-3327
3971
2394
30
8864
1561
3940
7350
-18
-4276
-6328
5025
6508
1350
1246
-1274
-3369
-6187
-6241
592
-7962
-326
-2118
-2402
979
-2211
-4283
-8701
7843
-466
2918
1420
2984
3217
7458
-7803
-7102
-763
-7992
8687
6694
8833
9946
253
5909
3623
-8668
-4569
3079
7782
7411
8009
8167
-8651
-5577
-9538
2807
-6172
-4106
-2734
-1619
-8075
1373
6437
-2028
-4257
6102
-8944
-9980
-573
-3426
-9790
589
4644
-6460
1326
6044
2765
-8549
-9538
-7893
-7498
659
-9861
7210
117
4339
-9084
4085
717
-3111
-8888
-7379
-1515
4195
30
-6761
-5602
-8078
8737
-1652
-4287
5583
8493
-5905
-1025
-811
-1066
2797
8897
-3632
-371
2230
1610
7230
-1540
-900
-5102
-4610
-5464
-6645
-7920
2972
-5971
-183
3809
-6363
-2800
1017
9170
5120
8572
9396
-1393
5293
2087
2940
-1474
-2432
3435
-4755
5746
-1926
8639
-9704
-7125
-2407
-2884
-6864
5793
9665
1682
9149
-2925
5976
-8829
5559
8759
-3770
8414
-7616
8065
3181
-5754
-9130
1922
-167
8701
7674
4571
5617
-6463
-6858
8119
-6127
-7796
-831
-5815
3998
-4243
-6318
6772
-7403
6958
-2914
1105
-1635
-7541
9392
-4669
-8896
-4362
2322
-6864
-7172
5819
-3434
-3284
8403
-1173
3845
-7395
2375
7699
-6534
-1874
-5540
-179
-3236
753
-3324
5046
8333
-8119
-394
6845
-244
-7718
-5799
-9106
317
-565
8980
5205
-297
4394
-8195
7350
-2063
-9625
5079
-3432
7531
-1425
-7797
-2140
2350
6385
508
6512
-4355
5345
8706
-4857
6603
-1003
8424
-5865
5260
67
2263
1631
-4614
-4917
-6698
-8330
5054
9022
3283
-9291
-4969
3663
954
9372
-4228
-951
-7914
-2677
-5146
9521
9332
7908
-6643
-4863
1444
6951
-8715
5781
-3551
2630
7230
2157
6884
1025
-3597
6858
3332
2202
-9914
-6433
-7632
758
7813
1042
-3768
4230
8434
-3983
60
3032
-1683
5111
-7696
-371
5276
-477
-4315
-4368
-7913
2591
7646
7471
6400
1853
-4188
185
3510
9904
4447
-7112
-1961
9916
-9341
-3358
-9989
-7170
2039
8463
-5724
-5657
-5731
3198
-787
-2914
588
-1796
8360
5791
2549
8484
-7366
-4451
2448
-2565
2321
541
-6484
-683
-7918
8178
-8064
-8435
8496
-3149
-6644
6003
5135
-6570
1363
4126
-7334
4145
5951
-7380
-1984
1096
6730
1471
9631
5875
-7322
73
-6939
2850
-2110
4563
-4683
5282
5474
-6964
-2598
-5128
-5333
2376
5995
5475
7654
-2219
4156
4724
3211
-3746
7240
-9064
-9127
4429
6651
-1193
-5495
2083
3665
8795
1737
2872
2456
5849
-8247
9714
-6643
-3473
6363
-3026
-2936
4749
-3709
4227
-1560
9693
-2590
9970
740
-2419
-6231
1702
1737
-2381
1417
-789
-1655
-5586
-6337
4215
3580
9652
9316
9644
7471
-8672
7488
-1495
654
-5
4473
1616
-3813
5302
-2624
9114
-6875
2339
-8520
-3962
-9374
2592
-44
-8100
1520
-1823
9585
5931
-5492
-7474
-710
-3353
1244
-7112
4983
747
-7533
-6806
-1522
737
-6799
6920
-4354
-5914
-2005
5536
-1660
-5254
-4666
6467
6595
-466
-5862
-9676
1544
5152
6266
-6788
-6368
296
6938
3338
6493
9380
9974
2437
8548
5192
-6958
-1591
9647
8250
-3617
5570
1394
-3729
1070
3410
-1225
9703
-7648
6931
-1784
4627
-345
-1447
3697
-6050
-1708
6747
-8333
-5729
6183
7916
4917
-8588
9750
1023
-700
4211
-8090
-8324
3820
9954
1433
1274
-5929
-4182
-8744
-7310
5728
6609
-9987
-8177
-5115
-282
-2814
3366
-6838
-6345
9224
-2158
6240
-8426
8479
-1676
-9983
8173
-4911
6430
1488
-7322
-3074
6846
-6207
4500
8193
480
-9859
-6900
6829
9775
9246
-7968
1250
-4513
8404
-2269
1135
-5431
2474
-7824
-7907
7870
7904
-4367
281
-781
-393
3237
-4369
-6917
1307
-894
-8121
4643
-9229
-3405
7789
418
-5754
3703
3592
3712
3706
6867
-2866
2905
-1499
-1251
1556
-1516
9577
4887
9156
-9036
3555
7259
-7889
9563
3966
6296
4304
4472
4389
9206
-277
-2441
-8110
-3671
890
-1262
8470
-2795
-8654
-1121
-9555
-3246
7073
-8250
-2010
-1021
-1736
1220
3389
-3422
-3745
9515
3701
-8976
8591
5493
4569
-9274
-3380
6351
4784
-8020
6688
2300
-5932
-2916
-8275
787
-9257
-5452
-379
4313
8935
2142
8381
1166
-7550
8320
6254
-4214
6716
2185
-1412
2786
-9488
-2494
4305
-6654
1536
-8010
-440
9104
-4850
637
-6371
8211
-1177
7002
-6659
-1525
2371
5212
-5776
-9632
-1352
-4447
7522
-8273
-470
5153
4629
-7084
3728
-6674
2934
-5353
5560
-7335
-7724
-1706
-1595
9260
-4718
5114
-6239
6468
-4481
9192
-7778
160
7027
-429
-4187
9565
2882
3675
-1860
-154
7907
-4975
-5092
-3603
1842
2678
6261
5508
-4709
2652
-5424
7504
-955
2365
3287
197
8543
-1628
-3380
-2094
-9074
4882
7672
-7615
5460
1024
4808
-4144
-5660
-2016
1723
-4116
4581
-743
-7450
-3142
-1346
-1950
2611
-9302
-5837
-7464
-9310
-1931
6664
8365
3896
-412
-2539
-2290
9470
4835
-382
-3639
-5840
717
6469
-8070
2178
9408
1391
420
-1598
-4291
5679
-6902
-7524
449
-590
-8311
-8837
-2048
7696
819
-4528
7408
-1719
4934
8870
6420
3337
-1174
-4956
-8809
2574
-3134
7866
-4567
8823
4720
8693
9839
-562
8570
7204
-2499
6377
-6910
3978
-1725
-9032
-4466
-2555
-4987
-6026
-5406
8336
4027
-3329
2764
-3744
8657
-3777
-9318
-8527
3499
8028
3447
-9977
8142
3878
2176
313
5629
-9268
6285
-7498
-7670
-5353
-9143
-1392
7503
-8659
-1769
9243
2988
-5510
1479
-3298
-3125
7692
482
8564
988
5612
3757
592
-4821
4095
2663
-1599
-6923
-6410
-1848
8169
-6868
4094
-2240
-5348
1599
3738
2179
-5
9969
7006
2062
-1034
3426
-6849
-5270
-5145
7717
1133
-9617
-4811
2701
-4713
-9056
-9274
-8681
-2371
-4969
399
8022
-7943
-13
2683
233
-9514
-5188
706
7198
6571
-2578
7946
-2769
-2670
2022
-8020
7558
6347
-9890
-3136
5442
3747
-2076
-4829
3017
-8778
-1344
-8893
-7046
459
1247
9840
-7809
-2580
4973
-169
-8180
7784
-7682
-6282
9246
6757
5170
5971
-3330
-3329
11
-2047
4399
7988
8746
2923
-3996
5546
111
3740
8087
7533
-4845
-953
6506
6243
2171
-9226
2041
-5333
-6712
1952
633
1330
2292
-5721
7640
-1520
-5833
4703
-7670
6261
-5415
3013
-7102
-8018
1441
-1906
-9076
-5097
-8793
-3876
495
5437
914
-7626
-9337
-4649
3803
-6253
8484
2950
9058
5977
9172
-7645
-330
-4273
-3153
1357
6781
-4363
-7717
-1361
495
7673
1829
-2024
2187
-7101
4817
-664
977
1700
-1261
-6891
-9569
-7744
-7068
-6917
-5688
-2056
2044
7252
4333
920
3722
6677
-3066
1967
-5677
1498
-4344
-7010
-1116
6655
-4732
-931
-9137
4515
712
-5497
-6734
-3856
-4780
-7227
-4342
-3938
-3523
5279
6544
-2368
1452
-8759
2393
955
522
2797
1745
728
-5452
9288
-4983
-5852
9252
-1278
3552
-6324
1667
-9641
-7846
999
-5668
6918
-7157
-5764
-3546
-5953
-3633
6473
4719
332
8491
2670
1895
-9523
4095
-6009
922
4082
9927
-6841
-2344
5348
3968
-3474
9420
9608
3559
1217
-8257
8910
-1421
-2570
539
-9386
3176
5605
-8320
3275
2471
-4945
-3363
-2621
8580
8608
-585
-1095
9236
-4417
6307
-5310
-8371
1695
-7218
8560
-4409
-7508
5227
7990
9837
1869
-6711
-888
-6847
2980
-2051
-6981
7076
-1868
-2816
1416
5637
5561
-9455
7464
991
9347
-1960
-8858
2545
-1575
9580
-9195
7280
-8996
-3394
-9813
5216
6652
-7304
-8193
1063
4021
8840
6078
6008
8223
1077
202
-9280
5951
-890
-8850
3856
-7995
-6827
-4268
-4481
4205
1919
-4380
-9029
-2099
-2936
-7238
6153
9371
7757
-8145
3179
9108
6814
2507
8211
-6633
-2904
-7123
-9562
8617
-6047
8829
3785
8308
6511
-2223
800
-5590
-9669
-7514
943
-6919
916
5459
-4091
-8151
7520
8839
-5472
2762
6976
-8918
6227
-9035
8236
977
-9361
-2409
-2955
5115
-3317
3380
-8858
7285
6102
7091
6228
-780
-2590
8065
-1570
-244
6473
2410
9563
-8677
6165
-275
-5580
2907
891
-3315
-6226
-4491
-9175
-5510
-4650
1139
-7016
806
-684
-8387
-7113
7712
3278
2495
-3701
-9290
4146
3287
-9797
6716
-7045
47
4935
-6052
6717
-4445
-1838
723
5132
1975
9924
6775
407
-7392
-1977
-3981
-5517
255
-7919
-3557
9766
-3817
6191
-2376
-5859
4251
-8940
4376
-9392
7455
1947
2129
5573
-7545
-4026
5442
-82
4555
3479
9288
7115
-8808
1139
-377
7867
-5996
-478
-218
-6965
-53
5361
2688
2706
621
-5079
-5776
-9340
-8070
-4516
448
6089
1863
4520
4376
8127
-7380
3838
4663
-9302
2224
-9365
-1632
5048
5516
5842
-5242
6620
-2693
9668
-6774
-4569
3961
4002
-1034
-186
-6657
-3961
-8539
-8560
556
1395
-2871
5825
384
8450
-5727
6207
-1699
-7926
-1057
-1557
4650
-6308
116
7190
-5163
2271
1265
-3071
-4570
9430
-1935
-8639
6844
7180
-5258
-2909
7222
-7558
-594
-8864
7263
9257
-5418
-2623
9109
2134
5850
3375
-6143
-6867
4488
9658
-8053
4783
-7131
-1198
5882
-2283
4510
3231
6577
-2796
1180
1999
-7238
-6730
1368
5945
-6350
6506
-752
-7011
3054
9434
-3917
-415
-5768
5926
-9522
9289
8330
-4330
-9111
-2647
-5231
-6554
928
1286
7483
-544
-7102
-6443
-7204
-6696
-1132
-272
2091
5296
-2733
5577
-611
-1229
-8787
-4582
4964
-349
2390
-3008
-1653
-9146
-6826
-6232
8844
5639
7641
-8884
-5602
-4801
-3950
7881
566
-6219
9622
1598
-6655
5212
-6014
4661
3995
1146
-605
-8646
5412
-8320
14
3889
7562
5455
1697
-6559
6049
-9575
5865
8151
4721
8835
-8117
-1654
-7759
6748
3657
-9781
8133
-7160
-5994
-5860
-7522
5328
6606
7238
923
-5487
-7130
4399
3792
-9414
2374
6385
810
-3676
-678
-4545
3150
5463
7959
-2185
5432
8243
3176
-7251
4515
8788
-5860
-8818
-9696
-6596
-885
5885
7959
5183
-1699
-8719
-8470
2277
-873
8832
-7724
2570
6007
3566
-426
2345
-9796
-5229
-1486
28
5357
-2702
-1375
-535
-1813
5584
-452
4111
551
-7010
7895
2325
9590
1540
7354
-4824
2048
-8755
-4581
543
-4829
-1536
1914
6143
5337
389
-743
-2644
7279
1636
5848
8457
-1437
-7828
4856
-3295
-3653
3265
1973
-2833
231
-6222
7599
-8400
430
-2125
4505
9457
-6831
8709
6796
9194
-6946
5046
98
-5162
-3651
-1168
75
7545
-7763
4025
1708
-7411
-3412
-8485
-3579
-6084
5720
-9209
-9846
-4618
743
328
-7529
9318
-9642
5095
8291
5196
-2600
-6944
-1979
-4334
3138
-6682
-3839
-211
180
-7995
8574
2246
-3436
4852
2148
-7025
7540
9922
6630
4005
1699
2730
-4257
3811
4600
9859
-4359
-6715
-8774
7280
851
7322
4739
-6602
-8559
9079
-2805
-2897
3832
8801
9675
1639
-8593
7113
-7677
6248
-7279
5410
6820
-5748
2966
3764
-3710
-4133
-2357
7059
6813
9174
-9336
8548
-4574
8605
-3252
1027
1419
-5891
-1267
-5868
6851
-6123
3698
-9249
4493
-4956
7546
3121
-1201
9987
-6170
5655
1206
-4463
2397
2239
6569
-7812
8312
-3443
3228
-6107
7384
790
-1385
-8309
-3666
4672
51
866
8366
-1282
-8200
-4117
6281
-7055
-9172
-8801
-3274
9788
-703
-9956
1264
-5329
-307
-8497
-9076
7541
-4562
7847
-5847
-7101
-1347
4133
8721
-1618
6037
3669
8043
-5536
6242
-712
-1394
-3355
4815
1805
-2455
-3778
-7514
433
-1897
-5619
-9998
7128
5311
-8484
-8592
5737
-7485
2580
708
-6098
-3304
2359
-3667
-7022
-2967
-8100
5241
-1222
3286
8069
-5253
-5528
-7400
-1389
-5213
5629
-2413
8415
2166
-4422
8188
1046
3662
7029
786
-155
-3099
-3566
-921
-1131
8530
-2800
1182
1353
3502
-5998
-5756
-5389
5478
-478
2923
4642
-5947
-6611
3673
-8270
-6487
-393
-9473
1276
-6695
-6061
8421
-3863
-3182
9713
1813
-3365
-3636
5391
-2480
6393
-6318
9661
2190
4162
3320
-9399
7848
8408
5395
150
-5282
8803
7253
9238
4989
-5281
-4821
8606
-6373
362
174
7271
5744
-7169
5589
2230
-8592
8622
-5487
-9678
8547
2061
3902
-5456
3796
1427
5568
4832
6740
6043
-697
6869
4165
-1024
-7114
-7949
3338
-9417
8505
2333
-4073
-242
4258
-5012
8032
-9809
-4607
3598
-4320
-5926
4619
-1486
-4778
5884
-1916
-4123
-3275
9488
-6004
3835
-777
-7828
-1538
-6405
-2019
6956
3945
-4332
166
-3199
-3458
7535
3050
-3427
-2767
2188
8252
-9307
-4295
-2270
-4616
-9269
-5384
6503
-4593
5733
-3566
5360
-5256
-8000
9529
-9032
5764
3139
-2414
-7392
-5615
-8183
-589
-7301
1110
-6988
1241
919
7099
4252
-3763
-1058
7324
7312
-5185
6113
-9443
3636
-728
7570
155
-8165
-8897
7716
1775
70
8514
3792
-4076
2884
4558
-7542
-4219
-5467
-769
5889
-3233
3802
-9578
9279
-9631
5250
4133
9142
-9483
-7535
2932
4868
-7537
4508
4893
-3726
5860
9486
-1566
4196
-4821
4877
-3630
4389
6272
-3687
829
-2372
-263
-4507
-8047
4521
4760
6628
5371
-1348
-2476
6029
6668
-7630
-138
6188
-9449
5130
-3324
9864
8622
1731
-4324
9316
-8100
345
-1384
2801
-7182
-4658
5202
4581
-3107
6421
-2524
4189
7274
-803
-7319
-8236
-217
2139
7173
-4649
9642
2292
6235
4924
6555
7814
-6349
4682
-6866
-106
4867
6656
9673
-4854
1006
-3053
8934
-3154
-2625
-6198
2185
6971
1795
7334
-8552
-5803
670
-3495
-8431
-9792
8779
-1501
-8892
-6884
-9119
-6275
-2115
8125
-3196
7943
-8988
-5665
4501
-8448
-6367
-2649
5830
-3796
4444
-2810
-8311
-2458
-161
-270
9059
-3956
-3682
6836
9948
4189
7556
-4918
-2158
5679
-2403
-9056
9893
1594
8684
8032
1915
-2130
-1468
-2543
1417
-643
3942
491
-3146
-4777
5888
3098
-1662
4756
5331
250
-6165
7010
5123
2746
5395
-6328
1386
-2450
-789
3864
7379
8763
-7283
1494
-4647
1237
-8945
5233
3108
3737
969
-1764
-3104
-5067
-442
2453
5398
-4680
5816
8656
-9581
-9749
-8996
-645
7448
-1687
-4599
9962
5482
-5983
-8059
-1695
-9832
9168
7994
-8785
-7865
644
8537
5248
2738
5133
-4161
8971
1274
3592
2954
7614
-884
-6574
-4263
3077
-8282
4233
3150
956
1294
1413
-7229
1502
-5189
-4620
-1063
-7648
-6656
-56
-9577
-3916
1816
-8333
4677
-7182
9421
-2044
-8634
6623
6851
-6898
-3712
5517
4370
-5809
-9954
-1981
2680
-8012
2111
-9237
-9825
2052
2269
8525
6153
2324
-6902
-9413
212
-3739
-5787
-2914
4235
-8028
5512
2553
-5156
8238
-2154
7348
5983
5034
6090
8506
2821
-9582
-6913
8569
-4787
2967
-7920
7729
-7679
-1397
7761
7096
7341
9756
-1486
-2773
5402
3466
4444
7822
-8264
71
-274
-1391
-84
7476
8595
5602
1835
5363
-8856
1144
-1475
9920
-4348
-1962
4780
9766
4352
7878
-2427
-2685
-3034
-1579
6558
8624
-829
2976
9255
4328
7796
-9640
-6084
8887
8701
6744
-197
-7543
6426
-3734
-6354
-3150
-3718
-7836
-9670
831
3262
6398
-886
1588
2591
1083
-8529
-4881
-3445
-6953
8461
-8530
4846
-8617
3004
-6669
5380
3764
5068
-2960
-2963
1675
-7536
6781
9701
556
-4539
4669
-5376
2960
9179
7972
-5565
-2918
-1780
339
-9399
-1948
3787
-5464
7613
-3625
-5081
-6315
3658
-8012
-6667
-1994
-9384
-7926
6417
-7304
-2086
-8766
-2903
3123
-1539
-2400
1207
-2788
4070
-3490
5035
-798
5688
3552
-1475
-5379
-7796
-4034
8301
-5703
7157
4746
-8840
-7900
-6385
-8077
-6125
1377
2505
2631
-6302
-8428
-8874
2123
-1060
5625
-116
-6688
263
-5071
627
-4126
-8864
-7228
4687
8017
-6715
4738
-228
-8115
5924
8451
8931
-6022
-8065
-2641
2449
5701
-2707
-6367
8314
4100
-9514
-1811
9335
1872
-8439
-8501
-7148
-7991
6462
-4374
4011
4920
-4715
795
6861
-2898
-6868
-8838
-4245
2922
8218
-8416
-9761
8033
-5009
-166
-5369
-1630
5263
2400
4117
-9708
5597
-1875
4603
1165
-3344
7656
-8881
-6600
-9685
1936
1372
-1400
-7387
314
8863
-3342
-6319
-6715
672
-8403
905
-4955
3680
-1047
6369
-9725
9064
6835
-4752
-4705
-6313
-5921
7497
4450
-5364
-5683
-8658
-9716
-9572
9587
1697
-2979
-597
-7204
-3265
2029
1306
7247
9360
4736
4285
-1471
-2829
7350
1667
2329
6300
-2036
6648
1398
1315
6712
8259
-8740
2704
-1747
-8778
-5634
7047
3565
-7478
-4368
-5425
4802
-5353
-9199
-3644
4283
2880
1951
7586
-7825
6983
4254
-7405
2595
-3882
-5963
1937
-3627
1732
-5880
-3859
-959
-631
6638
-6892
-9830
7901
-256
-8664
4378
3345
4770
-6714
-7376
-2641
-5114
564
-4666
6961
-3420
9788
-3180
-3464
-4854
-6577
-5678
-4401
-5160
1409
-3688
-2219
-5208
2137
2506
4283
-5997
-61
-8587
3615
-4823
1357
152
-1390
-9594
8606
-6442
-2845
-3662
-5134
9679
-722
-7940
4339
6494
9397
590
7272
2363
-8454
-7078
-4358
-3409
-6608
-5041
1327
-4836
-5610
9053
-5186
4199
9046
141
3372
739
-2789
-3682
-8100
-9104
-2277
-7172
8371
-6890
6745
-6305
4095
-678
2096
3756
-355
4475
-2159
132
-4956
7832
2787
656
9111
8266
4408
-4331
9351
4109
6489
4555
-8558
9383
-1664
1476
5420
-1928
-8227
-6711
-4520
-9595
7133
-506
3783
7078
3694
9872
2086
-7684
4764
3811
7425
-195
9337
-8321
-5260
858
-4238
9586
-7397
4497
6834
8447
4073
-6749
3568
3089
-5788
1534
6515
9716
6891
-3972
118
-2922
-9894
-9200
-6818
-8434
-8074
-1784
3375
989
-4051
-8775
-9329
9171
-3705
-1823
5285
7243
-8064
249
-1488
-1240
-589
7458
6474
-2864
3686
7694
-1537
-117
-6189
-8742
-9178
-8009
3076
-8926
-2762
6169
-9728
-3481
-201
-2747
-5703
-6236
6619
5587
-7129
7431
-9720
-2335
2632
-7426
6799
-901
4996
-9121
-4257
443
9625
-8927
-8813
-965
1340
7326
4642
-6487
-3026
-5240
-2160
-2783
3221
-1674
-2282
-5679
-4853
1477
4655
72
4035
-9418
-9560
-2944
6064
8238
-982
-5941
5609
3871
-2685
4329
9415
-594
-39
-9559
2822
-2505
7808
-2035
-5884
5443
8160
9215
936
-5237
3733
-1711
