-1759
3029
8644
-1584
-3535
7697
2759
2935
1643
6032
4662
-1967
-3370
5453
8992
-5801
-6600
1465
2799
-5250
-1590
-629
7611
-7312
3925
-9564
-3595
4258
-3613
826
3622
-1664
4935
-6732
-1543
-8675
223
6463
-2123
3886
885
99
-9688
-9305
-664
5658
8815
-3043
-9384
-1618
3130
-8632
244
-7979
-7652
-5127
105
-3452
6023
-7569
-141
-5032
6441
1755
3743
8909
9119
-773
9618
-8434
3733
3322
-654
-5693
7441
5407
3323
8147
2796
7723
8121
-708
-154
736
8887
6703
-1020
8293
-7703
8194
7197
-8446
-2509
7312
5551
7095
-6604
5442
-9756
6052
-2716
-6372
-8486
-2173
-9506
-2849
4138
-8294
5010
3383
-7452
-9933
9818
7570
-1124
-3893
2576
3773
-9877
-6252
1778
2517
5373
7558
-769
2648
1785
2474
7364
4985
1935
9623
-5558
9967
-4430
4905
4445
-1634
9461
-8191
8623
-157
4589
-8958
-5137
9109
-2163
1181
4322
1670
6841
-1573
-5784
-2040
5106
-8152
-6187
-4494
8635
8031
2534
-2687
-9899
4282
3178
-6123
-1497
1831
-8940
-8990
354
-1399
8376
8998
4160
-8714
4535
-273
-183
-3432
5300
4915
-5967
8516
5832
-2368
-7304
-6182
-9566
-4430
1356
943
3680
6413
-1835
-3770
6067
-1740
-8742
3928
-3439
-8086
-7324
6678
-4374
8079
-9626
-5685
-6911
6522
7310
-8730
-7551
-9107
-6243
-4103
7465
-4690
1773
2931
-2085
-4323
8582
-9613
2316
-5460
542
8517
9120
-8995
-4079
151
-8392
154
3237
4120
-9699
-1626
-5820
9364
742
8798
-7810
4414
9190
2451
7569
1675
4917
-3872
2265
144
8622
986
-6436
-359
-7296
-1784
6607
3898
3096
3131
-6516
-7247
-9765
8844
4619
-6528
9984
-827
-9308
5195
-7731
-998
7512
-1583
-2107
9793
-9244
-6962
2890
9058
4030
-7650
-3588
-3334
-5139
6608
-4709
3714
4080
-982
-8569
2732
-891
2066
7058
-7066
-5456
3290
5498
-7237
-1248
-8
-8950
-9942
-5729
-2092
-2177
9156
-957
-6644
-813
-6758
3862
-3494
9255
2041
8127
581
267
-2179
8645
-9790
2387
-2514
-5113
6384
-3824
-6332
3490
6762
5726
8693
-2753
9962
3477
-7846
9685
-8061
-1960
768
6268
-9415
9615
-6452
2652
6558
6588
1705
-3657
7482
-4202
-9425
-8297
5039
6628
-8604
9892
4209
683
8609
9019
1136
6444
7714
2752
-981
-9546
7291
1439
3871
-5910
8600
-8597
9552
-991
8678
430
-1692
-8573
5496
8920
-2192
8658
237
-6514
4400
-47
-6325
979
-1598
846
-660
6196
3827
9306
2414
-8352
-1698
8181
8696
7306
669
-8078
-4397
9711
2976
-9167
5633
3920
7341
-6048
-2323
6653
-8455
-7579
-5659
7930
-9246
2043
477
-3901
-8977
8126
-888
-6827
-9340
3918
-9911
7698
-8891
9347
286
-9783
3369
2320
-4211
-706
-5814
5175
-4267
-6588
-5669
-6033
-6489
-4250
568
-9109
-9215
-6511
7909
-9102
8121
-1199
5944
-7459
-8689
6671
5657
2421
2231
5335
5422
588
-564
1974
156
4996
7435
-5501
5469
3610
-1879
-1186
-5190
-2563
9848
5373
7569
477
5630
-6228
-1425
3762
-3865
2163
8596
-7921
6288
-4240
3104
6573
-4720
70
-679
8170
-3282
-4509
-4483
-182
-8335
-6815
4181
-1907
-4211
4807
5891
-10
-6464
4064
9930
5396
-2050
4229
1792
6063
-7644
5066
9334
8245
3094
-2095
-5736
7323
6951
5332
3516
-724
4910
4974
-9579
7371
-85
4663
5094
-2103
-6047
-6430
-6862
-8924
-9770
-1355
-8744
3952
1764
6517
2719
7501
-5002
-1907
9182
4841
2540
-643
-5209
6899
-6132
-2035
-7688
5388
-4611
-9831
5446
-1678
-1298
7333
-816
-5107
4305
6969
-6421
4353
2225
-4381
-7416
4997
-423
-6119
-2879
7488
-9881
5639
2601
2309
-1428
-4445
-7160
3381
-3013
-3938
9794
6451
6705
8841
-8366
6547
5063
-4880
4488
-7468
3636
1825
4741
-6680
-7475
-7989
5850
-1042
-4762
3762
-1658
-2301
9899
9913
4802
-6460
-1781
-1002
82
7786
-298
5505
9716
-6495
5647
1992
-2895
8956
-474
5107
3345
639
-4517
-5931
8979
-4950
-5007
8853
7139
-5649
3819
-1049
7414
-6544
4134
-1307
-1563
9835
5180
2067
-6701
-3644
3548
2270
3559
36
3490
-8919
6376
-7121
-6663
-2056
-4785
2748
3850
-1304
-901
-2701
-7310
-2082
6758
3326
-2661
6129
-8220
7097
-3408
-4071
-1539
-9717
9619
7431
7854
9083
-4594
-3695
-9087
9670
9864
-828
5930
-700
-9339
6988
-4928
2867
8052
-7089
7010
6292
9532
332
-4250
1915
8595
-1873
5123
9573
-3071
-7354
1082
-8653
-8841
-1233
8867
1404
7442
-8535
3668
-4711
4440
-4924
-7965
-3500
-9814
-1877
9683
7774
8657
2113
1171
-5738
1639
-5420
7414
7490
9899
-6548
-7894
7274
-8283
-4946
-1552
7473
-4194
-752
-8428
4164
6682
2694
-4709
2338
1904
-1329
-176
-8683
6541
5391
8314
-1225
410
9934
9741
8034
3074
2429
9000
1744
7035
6989
3275
2646
1798
7515
-9131
801
-8966
7708
-9967
6756
8398
9591
2597
-1234
-9427
2510
-6046
-6468
9146
1378
9502
5721
1858
-6385
9194
2990
9911
6329
5892
1887
-6375
4275
5741
-1235
4247
-7339
-7140
5080
-5241
2059
-5534
-6488
3573
3020
-6138
-7733
-6635
-5202
-1849
-4338
-4960
9857
9911
6774
8453
-9625
6247
1558
4521
-1077
-803
3035
6418
1901
742
-8137
-6919
-5547
-852
9086
-3236
-8306
-2173
3164
3999
-2509
497
-4455
8081
-4829
6152
-9745
8053
499
5251
-9676
-8143
2691
-491
-6662
7721
-1239
6462
3102
-6513
-6454
-461
-6960
7049
-1850
-4806
6942
-3153
4282
799
-6163
-687
-1185
7639
-1459
8215
2432
1816
5315
767
8617
-3844
8767
-9468
-8542
-9512
-6533
-3440
-6094
-2302
197
8079
-785
2063
1275
5596
6784
2621
-3645
-9520
2459
-7579
-4021
-4771
-6134
-9264
9875
-8855
4091
500
6553
7751
-3652
2686
9200
-2157
7611
-6524
-531
5871
6248
3651
2512
8324
-9682
8449
-8571
7529
6441
-9315
-3075
8041
3744
-7804
6509
-921
-1260
2250
8054
-9156
2848
9658
2047
-2493
156
6017
1212
224
-7853
-491
-7482
9135
2745
3423
-716
6470
8048
-1507
6713
-4612
9706
6111
-8514
-4938
3777
-2270
-9214
-3246
2650
6594
-209
8084
3133
-2049
6174
-6349
1283
6376
-6888
7563
-7294
-8759
6504
9434
-8680
6305
2850
2469
-1570
-7864
2893
683
7997
7761
5669
-8800
1730
-6151
-618
3706
6433
5845
-7554
-9384
7683
7732
4308
-85
4771
8177
-9432
-6041
9077
-2176
-341
9713
-3306
5447
-1714
8226
9894
-7136
-5088
9438
7495
2353
-8183
-4925
1609
379
1681
-3020
9142
52
-1952
-9052
6974
8571
518
7902
1433
-3764
-4933
6100
-9017
-2726
-1188
6816
-8651
1652
-4766
1319
2303
-2685
6015
4719
3889
-3628
-5656
2170
-6046
-5520
-7918
-4073
-575
1196
2052
-5304
1136
-5235
-7781
-3974
-6138
1979
6631
9846
5643
-3651
-9024
-1146
8624
-5066
6511
1222
5883
-4865
9584
3291
9603
-5798
-4162
-2291
-2607
-8152
-3981
-7823
9157
-1132
1937
-1049
-4384
-6703
680
-1479
1301
9228
-1687
-6651
2753
-2083
2444
-8820
631
9366
3393
-8023
-6206
-6779
9857
-127
-3539
852
-9266
1796
-2582
-9738
-738
-1713
-9801
2032
-2262
-8858
1937
2264
617
4134
-2870
-3043
-451
-1243
-4457
4165
-1983
-6331
-9682
-8449
-1190
-3643
495
2528
2496
-6195
3310
8381
1544
6285
-2289
-8009
-4852
-576
4268
9318
3901
-8437
-9443
6018
-3508
226
-8808
8147
-8228
4305
2731
-2681
5954
7704
-5006
-5624
4905
5563
-3306
-7962
8727
-8736
-9978
7883
4595
-7296
-6873
836
864
-43
-4032
-7107
4084
-6595
4905
3881
-9998
-9146
-85
-5020
-9543
5569
-7461
7183
-8772
4156
-9161
5301
1159
3039
-4694
-3936
1788
4050
-5290
3584
5565
1656
6602
2609
5772
-2454
-5637
6148
5044
9714
-3102
-3083
8160
-424
-4158
962
4916
9414
8996
6620
-1786
6251
-9642
7178
-3082
5824
-893
-2058
5888
-2779
-1414
-1748
8162
3319
-5666
3114
6110
-5264
8560
4261
5160
8725
2516
-4174
8701
5260
-964
3656
-121
2959
3196
-4460
-6609
-8561
-2999
-2931
7710
5391
7486
-2944
-7660
-7689
3174
-496
-8172
-7718
3480
-8909
7528
1951
-5573
9278
-2596
6573
4752
-5523
2670
557
-1400
7236
7960
6661
8978
-6320
949
-6823
-1443
5407
5873
8652
-5083
-6968
-119
-3955
2788
2116
1477
-8608
8478
7204
-6873
5426
5606
-4480
1445
8190
6463
-321
1659
5456
8316
849
-2528
7409
-8367
93
-6938
-7599
1959
309
-4589
-4176
-7489
-7513
9111
-1942
7106
-7879
4576
7411
4413
-2231
-6770
-3940
9103
-6539
374
-2965
-3777
6083
-510
-370
9993
9720
-5980
4120
-9046
-8576
-1964
430
7919
-388
1957
915
-2382
-6726
2276
-2491
7343
5356
-7599
-5063
9159
4130
-2700
-9492
-5889
-5959
3763
-9717
9217
-6650
-2522
-8511
-6138
8717
-7800
5838
9403
4592
-1995
2500
-3189
-2131
4549
-9423
4486
-3767
496
4699
1315
8227
9826
-6362
-6005
-320
-2581
8737
-5526
9
5350
4164
-1126
-6691
7152
9933
6364
8415
6567
2322
-6079
8624
7419
5790
8745
4952
-7305
5573
-1246
5565
1856
-6205
-8180
-8602
-7702
6807
7458
-9375
-8848
6396
181
-8168
4372
8891
-5591
-8705
224
-8056
1180
-3659
4226
-7150
4020
-8936
-1364
6736
-1782
2880
-5921
6782
998
-64
8094
-5971
5670
1831
5361
-1952
-1538
-7408
-3034
1163
9981
-64
-4210
5827
-868
-2521
-6630
8706
-5476
-4632
2850
-3311
-9022
4204
537
8390
7326
8751
1745
730
-3646
-1980
-3560
9568
-9828
-3818
-7635
9243
-581
6938
-2848
-4111
876
5911
3527
-1209
-4304
-7304
-5541
-1643
4508
-416
-3913
1298
2784
8639
-8546
5077
-2344
893
-9170
-6583
-3836
-1051
-6668
6957
-7246
-838
-5580
2372
2534
8278
1758
9606
5005
9450
9917
3058
1760
-6053
8105
-4597
2387
-5057
-54
-9711
452
-9620
-1737
9552
2358
2320
5524
-8707
6628
2789
-3854
-2770
-9800
-1853
4485
-8118
-4757
-3401
1068
-8708
3549
3389
-6041
1146
9540
2605
7657
-9803
-3062
6133
-9346
8345
-672
7814
7518
2660
-552
2418
-3463
-2898
-5671
-1732
-6028
-9099
-1886
3320
4399
-5692
319
2326
4500
5085
-2100
7341
-8274
9469
8807
-1138
-2423
3029
3812
5813
2063
3791
8138
9807
5193
5493
-9388
1137
5866
-5096
-3878
7195
-7533
-775
-158
-6512
-3141
8588
6800
1988
5274
3417
-8518
-8265
-7847
1217
2513
-8169
-723
-5114
-1225
-4425
-9950
-7527
-8638
3230
-9294
-4048
-4716
-5678
-3227
2608
6595
1525
-7595
3152
-5763
-7330
1820
-8920
7584
-7621
5686
-310
-3294
3403
-4488
6244
4822
-7060
8681
5999
-9690
-6520
-7986
6519
-6607
4387
5403
6387
2382
9687
3543
7829
-7282
-849
-4282
2391
9076
-8615
-2855
4278
5667
6630
9191
7696
-2410
5722
-2565
1040
-3031
-5018
424
1259
2379
-9436
8657
-6314
5172
8380
8492
-2294
-7346
4936
4713
4460
5680
8330
958
-8242
-6941
-4966
-487
-7064
9947
-4972
4983
8748
2701
1853
9730
1201
-1995
2599
790
1141
4739
-4363
-8718
6635
8704
-1738
-3746
-5432
5285
5524
9428
6233
8491
-9916
5239
-9328
2402
-55
-3803
6346
4027
6028
-5071
-6285
9718
2530
8058
-6400
1052
5704
535
-2091
473
-9905
8464
9476
-7863
-7541
9895
8002
6711
4555
2561
8131
-2546
2590
-446
929
6942
6438
-2251
2197
-7516
-1985
3865
3681
8087
-5528
-7697
7855
3448
-91
-4035
-791
-27
8149
3498
-9704
7153
-3051
-5046
-7904
3580
3336
1064
103
-482
5129
-9560
5262
5220
-7871
-3653
-2545
9821
7711
-250
8274
-4371
-1106
-3000
8306
8256
8366
9492
692
1581
3224
8996
-8144
4964
-9836
-5010
-8391
-8402
-3061
-6359
-3292
8917
-1350
1680
-4270
2304
-4124
4733
-2516
-6454
7131
-2172
-7274
2431
9942
-1178
-4479
4804
9493
1639
-1047
-4528
2371
6478
-7184
-6125
-6397
-4135
-230
-5856
9003
9226
-8753
9120
5862
-976
4899
-3413
-8299
4122
6284
-7823
2105
3713
-6167
1289
-3576
-3434
-2060
-9599
-793
-6946
-8442
-5468
9503
-3072
8868
-6951
3297
-8635
-6357
6896
7205
-7206
-8672
190
2323
-8143
-6884
-6146
-6637
7887
1409
537
-3805
4675
9632
-5487
7350
8614
3166
5746
2446
-1324
-832
-6688
-1273
-3284
-5489
2794
787
-2418
9040
-5368
3664
4481
88
4723
-4185
4360
-3034
5226
-841
7540
-5693
-1202
6590
2656
-4939
-7950
5841
-9339
6316
-4879
-4491
331
-4074
7151
-5635
3263
-2689
8089
-8930
5419
-9534
-7117
6028
-4276
1115
6993
7953
-7740
-2011
-9729
-2885
-560
-6514
-2721
4388
7635
-7866
-5347
811
660
8897
-1579
6334
-1875
-958
-5983
-2910
-7574
-5049
-8904
234
4429
239
-1599
7777
-3749
9661
3621
8930
2290
3616
2827
2329
3412
-2684
-3090
9566
-9049
-1101
5951
-1636
-1189
-2142
-301
-8741
-1424
-2743
8460
9352
8458
-4191
7990
-4773
6426
-9360
5997
4920
-1382
-4648
-6750
9474
-9360
6573
4020
6136
-7059
8783
6700
-4313
5371
-5154
-3
8251
6750
8596
-4795
-8350
9705
-3186
-4491
3211
-7606
-9370
2329
7818
4401
-8063
-1824
5180
-6873
9736
-9720
9749
-1607
8811
3872
982
-4985
2014
8137
4514
6197
1764
2571
-6591
6516
-2086
-34
4664
2911
-5082
-9605
-3296
-423
571
-3181
9962
5695
135
-4043
-9685
3532
-9541
-5242
-976
9440
-244
-1252
8077
3709
1542
-8474
-6125
6817
9805
8912
6525
-1656
-196
-6633
-9558
5410
-9291
8442
41
2798
4104
8637
-9747
2823
-4143
-2671
-7158
3173
8354
-6068
-1185
9982
8062
-3065
472
5803
-347
-4078
-4056
-5304
3700
2333
2301
-6475
-9233
7777
-9280
4944
6273
733
-9072
-368
700
-8663
-8792
6806
-8089
-6895
-604
3501
-1368
8170
-3466
8524
-4504
-6491
-2880
-5415
-9560
7905
3543
2087
4320
-4554
-5479
2055
-1703
-8644
-8952
-339
-122
9791
-7266
-289
6106
-2653
9418
-3004
-6571
-1683
6501
8012
-8391
-6410
6725
-2476
7153
3721
-3986
-6277
5317
3297
-4025
2036
-2404
-8567
379
2403
6274
8324
-9575
-1707
-5100
3494
1319
-5504
-4182
-9474
-4779
9441
-438
-6893
6493
-8383
-72
2717
8931
-7830
1707
-9193
-1264
2230
-8102
-284
5524
-9039
-4455
3999
2012
-3087
256
-4250
-7525
-3153
4667
7774
-8811
1507
2496
18
-1483
-7637
-8955
-8884
-1571
9362
-6622
6758
2870
-8105
-7273
-9329
8288
239
-4592
4383
7519
-3082
-1159
4972
6526
2384
4563
-9118
6561
-7978
-3018
-2602
1768
5613
420
-2250
-4725
5943
-4453
-4633
8772
-6163
9030
-9114
-4398
5810
-4141
-4770
-4553
5912
-2001
7894
-325
-9833
8284
466
4140
-4920
-1191
312
-2325
6388
9114
-475
2727
-8724
-9725
-8756
5908
5361
9491
8338
-360
4359
2787
-6950
-3192
-6397
-4075
5115
7782
1515
4931
-3701
8969
2716
94
7179
4589
-7812
3183
1824
-9340
-5693
-3214
-7400
3304
9601
7678
-6792
-2777
7884
6516
537
-5521
2273
-4108
2194
6001
4714
3092
-6154
8745
-6491
-4713
1570
9566
-7498
-5258
4888
-5058
-9312
7102
-8686
-520
3018
5913
-6384
-5252
1624
2636
834
2039
-7321
18
-9712
4553
5871
8648
2210
-2400
-3962
6743
-9605
-8573
-478
-1254
6947
-8198
9363
-5253
-4313
626
9949
8004
3884
-9165
-504
9669
3418
-4032
-2068
2142
-7625
-4493
-2627
-1189
6409
-5550
6158
2729
2966
3041
7149
7903
-5353
-8571
8827
7384
2260
2290
-2494
5276
7474
7203
6173
-6905
7790
3464
-3017
2840
5964
4872
-3864
3524
3726
2660
3734
5083
-9840
3596
-9062
7055
4716
402
1048
7049
6184
-2534
-616
5700
-714
4487
2156
7650
556
6968
-6494
754
82
3501
8347
6218
-3940
1336
9870
-6985
5561
-902
-9883
-272
-7003
2453
7836
2936
-168
2046
2648
-5043
-5021
-1558
-9174
7911
2592
-9030
-9271
7737
-9269
6313
129
4901
-4166
-752
9920
-2059
-3209
6384
9636
1203
-1971
8059
450
1005
-4285
8751
7947
1007
5160
6365
-8109
-8419
-4662
-1361
5093
6688
-4055
634
7503
-2338
6710
6279
-8141
8071
4106
-91
2000
-5619
-1563
5942
8675
-1425
9260
-2567
-8279
-1867
-1581
8676
-4465
2451
-1833
-839
-4223
-7164
16
-2091
1747
-5
-8436
5866
2835
610
-3721
-5497
-7083
-9834
-4041
-4290
7391
9185
-7210
4962
229
65
8744
91
-5513
4935
-8900
7163
1961
2716
-4308
-2782
-2363
-4998
-2837
-644
3310
7986
44
-7020
5650
7467
1756
5624
5142
-574
-112
1019
7648
8609
-9762
5985
9534
-9794
-6797
-3648
-1920
9439
-5478
9580
6898
7739
6854
-2597
-4939
-2164
-8964
-5477
-5276
-2251
462
-8494
-5309
-9493
-8238
-9288
778
-3961
4888
2352
-5777
2343
-3718
-213
593
-9144
-7408
6237
5726
3920
-1391
-5923
-2521
2667
-4567
-9528
4355
705
8053
-3922
-7471
7765
-7341
5668
-7238
-3349
-4423
-523
-3870
-1921
-4285
6767
1445
-2970
4453
1064
5438
595
7221
-5964
6946
-883
1664
7500
-6253
3073
6541
-9913
-4465
-2252
-5820
2004
-9576
-7176
-5705
6281
2497
-6678
-5757
-7713
-9358
-2107
6994
-3646
8679
-1237
-6702
246
-5901
-1179
3088
3670
-3213
3964
-2883
6126
9586
-8683
-1544
7931
4524
-8303
-8769
-6750
9141
-7669
-1749
4308
9871
-1519
4744
-9025
3384
7872
6403
282
-6077
-2590
5550
-6311
7881
-5567
-2116
-3056
-8104
7581
-2307
-5809
472
-9592
6189
8860
5647
3010
1434
1009
-2105
-305
-9132
-6335
-443
211
6301
-353
-1935
-734
-5018
1376
9508
6206
-9916
5730
8111
1674
-4221
3315
-1979
9095
-9478
6939
-8219
-4987
-5610
-4826
9760
-8458
6114
-761
-5813
1872
7782
438
-4676
3800
5623
5758
1987
5354
-1395
-1040
-7322
6527
8537
6449
-3426
-8747
7170
-4251
-5302
3468
333
-2981
881
-4367
6636
3054
1061
-2453
5109
4936
-4531
9228
5195
-7561
1997
-2954
-8543
404
-5147
-6999
-9555
7301
8051
-7292
8459
3959
-2529
-7964
-4131
-3914
4477
-420
3817
-9660
5153
1264
3464
6623
9969
8801
-5457
-7726
7468
-6146
-227
5389
-2868
-1363
-4394
-6001
3792
-1519
-911
9103
-617
8070
-6020
9857
262
5532
3728
8720
174
4091
-992
6654
8760
9462
5830
-7715
-9583
-94
6168
3400
-9289
-2662
-9402
4729
3376
-1652
1371
8742
9720
-7816
8696
-5804
7033
-3296
338
-2913
-4370
-8276
-2582
6085
8165
5195
-6649
1781
5352
-1721
9690
3369
-4635
2991
7963
-3620
3136
-6918
-5704
-8384
-2308
3788
4388
9743
-5282
2812
-4879
-9185
7615
3801
-9297
2633
-4772
1742
364
-9545
-2646
-5678
3419
7691
-1896
996
387
-3731
2947
-6005
5511
7251
-6146
-9510
9877
2532
729
-5990
-5446
-7984
-7035
-8924
9595
-7947
-8679
-847
-8033
5323
5324
-788
-7344
-6389
2074
5881
-8386
-1052
8571
-4157
-8328
2807
-9384
-9780
2161
2682
7463
334
-4228
-602
4068
8133
-6489
5745
1875
-4029
3067
-4715
-2753
-2660
-9920
2654
-8091
2683
4437
-7780
-7494
4193
2196
-4244
1155
-8208
-7156
1717
2311
-9881
7183
2634
-8765
-7928
-8919
-9651
6694
7659
-4769
-6550
5687
-3943
-28
5539
-1276
-3462
-55
-2728
-114
2698
-5757
1387
-3367
-9212
-670
9542
5923
-9015
4428
4443
-2545
-2073
5502
-1478
-7270
-1324
-775
-9242
8996
7988
703
-5602
-4483
7382
6649
1898
9810
-5006
-1250
-3641
-2674
-2209
3658
-6511
907
4403
8914
5814
7036
2517
4782
-6083
-4814
103
-9935
-5051
-1265
-4387
4571
-2818
-6966
9419
8241
2727
8049
3441
-9959
5198
-5737
608
-2512
9545
3063
-9283
-6290
-1709
-3903
-5255
7932
7701
-6436
8454
-5618
-3604
1711
-5988
-5926
-2965
-8116
2663
-6842
-1582
-4274
2544
7718
7809
6081
1559
-9768
-3778
8472
-1680
-32
-9219
8851
1783
-7646
4924
7053
-8940
-3737
-7316
6239
6584
-5266
-9092
-146
-2795
8783
-3427
4787
-2730
2175
875
-6855
4157
-1225
8732
-6833
-3994
3096
-2409
2162
-6764
-670
-7126
-4652
-2960
109
-6110
-6796
6471
8960
-8425
-3623
-5406
-3664
-5505
305
-9925
3417
-550
861
-4034
2010
-9047
-9984
5655
-464
1818
8260
790
1093
-4300
-894
3065
7944
6982
-1395
9544
9500
-2362
4639
7361
6965
3143
8226
-3377
-5530
-4924
-7103
896
-6575
4170
4052
-3242
-5941
8841
7855
-3954
7112
-4771
1655
7251
-8462
-5594
-6401
484
515
7821
8087
2350
2631
5538
2985
-6781
-8456
-1117
-2036
-2639
-6035
-9308
-4140
3624
-1577
-2158
-8228
1086
5508
1265
-5666
-4894
-5680
-2107
7798
3907
-5385
2374
8263
-8152
-3171
-2555
6084
-9364
-7352
-2391
-3471
-5215
593
-1222
1783
5233
8978
-3741
-155
3212
5552
5235
-3926
-1708
-505
1972
-4198
9146
8878
-3105
-5595
-8992
1949
-165
-6617
-3462
318
-9043
-5857
1344
5096
-7192
7789
-625
8600
-5747
-3834
1824
7461
-2188
7982
7227
9177
4288
1367
-4505
-7772
134
6889
-624
5473
2236
-3219
-3407
5063
-5936
7358
-3602
1961
3654
6261
-9914
5936
-6861
1023
-3101
9878
-7084
-1583
2919
-7060
5744
6006
3488
-8909
-183
5981
8476
2496
9823
9422
7388
651
2112
0
8197
7889
2597
9848
9590
-2195
-7329
6301
-8159
-6123
8589
-7473
-2027
616
6919
5346
2590
-1501
-3390
2115
-345
-1725
-6080
-6416
-9069
-2011
-3884
-1802
5056
-8882
-8915
1355
-4515
1760
-6010
7117
-2805
188
4151
-9400
3724
8147
9968
-8992
-5733
4900
7922
4749
4695
-833
-5241
-158
9464
-2359
2248
-5061
7522
2094
314
-2934
-2712
-9273
-347
-9846
-6101
-608
4483
8571
4023
-3669
2403
168
-4405
-3274
1620
-5810
-3657
6328
-7932
-3627
-1594
2102
-8298
-8898
-1113
-3031
-3378
-1063
-2715
-5767
1138
7707
-1312
-3440
-6063
-3910
4246
7888
-774
-5194
-4948
-4916
-8138
-3665
-6249
6605
2319
-9868
1002
2120
-6654
7413
5376
2524
4704
-3470
-1940
5695
8398
5842
-5509
4593
-3786
-6570
-4594
5860
-609
-2706
5265
5996
6596
-7260
-2244
9237
-1238
-7177
4146
-4618
6621
-644
5893
-9729
-4841
-3031
1576
-5161
-2492
9332
5260
-6764
2788
-1111
5598
2479
-4973
-7615
2487
-6738
8870
-4019
468
8202
-9617
-4527
4072
-5962
3984
4474
4928
5219
-4991
3488
-9038
-5951
-5989
1286
5397
7092
8839
-8725
-3838
-4354
-3394
-9393
851
1969
-7071
-1157
7016
-7366
3999
-2902
-8630
3065
-2959
-8954
9121
1927
2117
2585
-2962
-292
-6429
450
5883
8539
521
1762
-430
90
5815
9623
-5169
8017
-5744
7037
9157
-3046
6989
-6812
-714
-7984
-7864
-2817
-962
-1362
-7206
9896
8139
7458
-8403
1062
-8248
746
3596
3609
-1273
313
2482
-211
-9874
-3793
8640
-7191
9265
977
3860
9740
2775
-4434
7548
3078
-7526
8146
3984
9279
-8584
-5512
-4901
1816
7972
-4862
-8699
-3747
-7014
4064
-445
902
-6608
5771
8727
8446
-259
-1378
-6432
-7740
8937
-4870
2572
-558
5176
-7389
-1363
-9417
-6223
-9571
2970
5996
-2491
1495
-7548
4488
8092
-9410
-515
-3042
-4809
-4354
2344
4458
-9503
-200
606
-6734
7665
-7737
-5459
5181
2576
6974
2337
431
-387
2005
7212
-833
6303
1518
461
3517
6026
3282
-5119
-5699
9631
-2825
-4080
6676
-2103
4895
-8702
1428
5945
1289
-8161
8688
-6442
-150
4893
-9981
9440
-9951
-6548
-1192
-4844
6010
-8919
-4951
6406
-8634
-7571
-369
9854
-9755
-8050
-6458
-6917
9267
-5906
-6971
2380
-3189
-8102
7308
-4952
-3239
-6807
-8660
433
-1458
5062
618
7435
-4082
1351
-1093
-1730
6064
6728
-1602
-5217
-1325
3818
6702
-9425
4132
1745
8702
1504
3820
-4853
-2611
-2735
-8504
5921
1778
-5730
-3375
6530
1636
-6694
-5736
8199
7536
-3396
-2002
7962
2819
-7823
-1561
1184
4895
4879
8614
2574
-433
-4954
5891
3582
-5495
8708
-3479
-693
2908
6968
1931
4461
7028
-7332
1256
-3570
-5622
-1712
6469
-1697
9599
5876
-5935
-7475
4002
2846
922
-9504
-7807
-6895
3500
8996
5884
-3884
-5192
-2407
3740
6637
634
5175
-4573
-1183
8926
5575
-8587
818
289
-4613
6544
-129
7227
-3860
-3048
-425
-7435
8184
-245
1305
-401
-4457
-9253
-544
823
472
4931
5861
9804
-543
-9380
7727
-9060
-5587
-979
-1878
-4362
-5794
8655
-3908
-1837
-3481
5635
5964
-4832
2154
-2953
-7372
-9619
-5390
-636
-6843
5378
5743
-3675
3780
7624
9554
640
-203
4526
-8289
-5103
2774
2399
825
-3932
-6548
-77
3954
1932
-8148
-1832
-319
-9334
6327
-5041
3959
-7174
-2113
-1903
3722
-5766
9078
4161
-3866
-3116
6651
6005
9403
3414
-5870
3113
-920
549
7468
5151
-9953
-7938
6775
-4925
-1323
-3950
8560
9888
3287
1669
7646
713
-9825
-2808
7890
-7239
1947
-8246
-2955
-4285
-6514
-1801
7196
-8492
-1727
9636
-3938
2698
8195
5016
1425
-6156
3271
6969
-3825
7320
4228
1901
5805
-910
2750
-9158
4387
-2485
-9217
5151
1076
-1854
-286
-5728
-587
1308
-7433
3221
-9863
-5896
7219
2807
-2567
717
6352
2660
-9720
-4583
-5875
-3733
-6745
289
-9179
-7966
842
-9204
7965
8200
-271
-1949
-8772
9149
8958
7481
231
-6415
-5604
-113
7809
-9708
-6409
-7675
-8495
7193
4472
4333
2613
-206
-6922
-8417
-3727
-1438
-2960
9019
503
-5149
2082
-5093
-6269
4963
1998
-7318
-3050
-3356
20
-6100
-6853
7089
9996
8704
-137
-4519
9316
-4792
-5540
3966
6892
2357
-2189
7150
-3627
5440
-2216
-8064
1364
908
-463
5605
5050
4023
4775
-7783
5468
1610
-7785
6386
6725
-7171
3623
-3620
3463
4507
4607
-6413
-7690
5081
3640
-9846
4066
-9676
-7776
8463
-5488
6726
7223
3126
-7919
-8110
-1892
1468
-4541
-8181
4555
-2050
4500
-3312
5638
5870
803
-7375
9724
3986
-5254
-3169
-7975
-6734
5680
-1105
3825
8244
2199
4175
-1562
-9800
4752
-2619
8684
-6948
3751
2588
-3313
8184
-9281
597
-7333
7606
-2051
-9562
-4448
-9911
-1027
2843
-9864
3794
8519
9854
-4940
8988
3378
519
5809
-2905
-6932
6161
9725
-5202
4293
1225
-6659
2421
5745
3660
6571
-341
-9080
1765
-4671
8637
-3941
1816
-7984
-1038
-3502
3901
6593
-4292
-7152
3046
-2024
-925
228
-8931
-3428
4052
-3318
-286
-9437
-7300
-4142
-9395
9890
9281
9640
-8047
6960
9998
-4497
8747
9663
6061
5072
-4026
9197
2664
-4445
-2298
5114
2892
5135
844
-3948
-9120
940
-5262
-2580
7024
-8288
-9970
-8369
24
523
-6213
6873
869
5624
2426
5847
-7513
8991
-6789
1123
-2425
-8147
3315
-5974
-8036
-5469
949
-603
6182
8389
-9762
-2507
6051
3892
-9609
1665
3424
5623
-4328
-6685
-3805
7386
-8981
9415
-3401
6434
8476
-5799
-4879
3585
3430
-270
-9297
-4892
-3146
-9387
1695
-1369
-6166
8017
-5449
9112
6031
7950
9678
2039
-3606
4522
4757
3425
7593
-1553
3281
438
-1709
-8703
7738
-7945
-425
-8214
-1548
-4023
5114
-9924
7157
9779
9000
-4446
-3428
401
-2400
-4414
-4693
2634
-9391
2853
-5529
6326
3286
-5872
-8576
4088
-1036
-4139
7504
-3679
-6095
3869
3650
-2273
5104
-3443
-2763
424
6301
-6192
-7791
-6242
-6547
3352
-4725
7065
9471
-3764
-1146
6754
-9398
-8499
-1274
-1590
4438
-9256
-7123
6767
7396
9115
-2639
-8434
-5018
-3049
6584
-3365
4491
-3421
-391
-9447
1079
2658
-9181
-5399
2322
-1247
7733
-7394
2310
4264
-8289
-3590
4216
3757
-3805
-4973
-476
7473
-8472
2352
-7797
-6658
7178
4886
-8518
-6954
-6936
-5097
-761
6791
-6249
-8944
-7275
-7072
2904
-7278
6898
-4468
-6711
-6730
-3191
8153
-1370
3926
1919
-6451
8821
6827
2794
-5521
170
935
-1179
-6952
-9638
-6110
2288
4933
-1810
-1869
3838
-6533
-7935
5119
3065
-540
4015
4531
559
-1298
1985
13
-6471
-4028
-5423
4053
-4290
7247
-2905
-4124
-3629
-6038
5382
-1783
6215
7191
8768
-4605
8657
-3531
9295
-1703
-1439
89
7161
2188
-6088
-9214
-3448
8656
-1477
-5216
6404
4560
5823
1655
-5780
5120
-3119
-6023
8103
6364
-1423
7236
1534
5808
5740
1080
6255
-1327
-77
7565
5227
1836
1625
-1992
580
-4536
5056
8480
-2905
-8721
-6380
-654
-4296
5350
3975
-9286
-1097
-4976
9002
-746
-9008
3981
-8684
3347
-1451
-538
-3673
838
-1929
7226
5109
3676
-2458
-6814
-7852
-8991
3116
-1377
3863
-9648
2247
2583
3732
-1244
-2919
-2809
4944
-3472
-8865
-2518
-2640
-8856
-2333
-9256
2349
7558
7004
7588
-4440
-1699
1467
7271
-6912
-6404
-2622
-9095
-6516
-7681
3797
3907
8201
-9143
-9392
-606
9403
-572
-6420
3090
8774
-1380
-3429
-4534
-8637
1132
9001
-9720
-6641
7453
-5253
2628
4898
-8914
-6601
-6995
-4226
6745
-407
-2136
-7004
-4625
-4080
4971
-4668
-192
2699
1886
4843
-5429
-2288
-856
8772
-5604
6508
-5051
-1801
-8079
-8716
4065
8435
2951
7086
7859
-8761
7254
7816
1516
-4857
-3221
-315
-5996
4244
-8986
8688
1211
2380
-7015
-5871
2969
7759
-1566
312
4568
-1245
-1483
211
7181
5939
8800
7048
-552
-5116
-6745
-8363
-6978
-3519
3009
-9566
7080
-1670
-5439
5940
5425
3749
7650
-8933
-7733
-7082
1515
5339
9073
5286
1941
-4032
4263
-7733
-6910
-2552
-7465
-5161
-2372
-5011
7919
-4944
-7243
3560
2653
-9870
8496
7967
5086
-1068
161
1725
466
-9172
-2858
8552
-5258
7762
2466
158
-7807
9659
-7475
-4696
1838
-9751
-4653
-5473
2720
-7674
1728
-1145
8788
9910
4007
1911
6491
3634
9053
-1013
-8628
-3983
-9863
7237
-9546
-2351
-2326
2034
9788
5757
-7201
-4400
-5395
-6393
-304
7716
-3838
6019
-7167
-5357
9383
2083
28
6095
5577
-1103
-5692
-6049
-1510
185
2549
1273
1519
9361
-3805
3931
5075
-5858
-1877
5447
-4757
-6371
-5805
2046
-5392
4950
9526
-1621
6731
2204
3906
-6048
-5358
6191
9538
9690
8902
6566
485
-3150
-7110
-1369
1378
-1100
-9831
-146
1590
4418
1538
8050
-568
9777
5691
2980
-7805
-4378
-9908
1917
-9459
9515
-4700
-3152
-1139
4367
-4363
-8294
3011
-525
8490
-1663
9047
8576
6543
4931
6968
-337
5926
-1772
9234
4233
6095
615
-8314
-6750
7371
-3647
1354
9873
-3330
6680
391
3029
-9919
-7627
-4267
8131
2773
986
7558
8040
-6587
1934
-9949
-2017
6882
6441
-6778
6517
-4988
3143
-7724
-6105
1674
8624
6016
7163
-3485
-233
4926
-6594
8538
-9594
1828
8778
5341
-5547
2634
6669
-8968
7451
1027
-7101
3864
-8463
7612
6132
1496
3711
3803
7574
-4057
122
-4089
6720
2568
-3075
8190
-1720
8788
-8
1501
7083
-5630
-2662
-8254
-7314
-9979
-7718
6842
-3842
-5176
-266
-882
-5077
7827
-5734
-2750
-7694
5016
3724
-8575
7046
3565
1520
4961
5991
2528
5949
8092
-4354
3763
9761
-5259
-5754
3141
2704
7373
4585
6687
-8074
-8568
3558
1823
2699
5579
1425
3724
-1995
5306
-1232
-811
2059
-3663
1777
-1364
-7577
-2638
8825
-5362
-7751
5346
8063
1776
2414
-766
-8787
1762
7035
-872
-5887
2450
-8411
2876
-7792
4372
2507
8440
9767
-7953
-2118
-9891
-5173
-953
-4808
-679
2127
9263
-952
3653
9393
-8030
7564
-6068
-3238
-8735
-6130
-4665
6516
-565
-1635
7663
2317
1161
5622
3030
-7100
-2678
8237
-4034
-2470
-3971
2961
3727
-483
8690
-3009
9777
-4673
2060
-209
-9834
7894
6238
5598
5497
-8492
-5249
5927
-9865
-8327
-5719
1826
-9640
-9734
8905
1438
7815
3640
-2824
-8021
7051
7727
-705
-1230
7082
1815
3420
9562
-1654
-7418
9075
-5803
-1871
9824
2537
-8234
3121
-3994
1287
7790
-2229
47
-1715
-5445
9931
-211
-1745
4659
1342
