1142
6325
8357
-5425
5465
-30
-745
8775
-6389
2723
-7770
-7747
-1431
-9707
-9610
-3789
7520
-673
4754
4871
-4812
-98
-1355
4146
7700
1169
-8203
-2718
-9448
4079
3071
8835
5089
9775
-2802
-6838
-5755
4486
2526
-9203
7743
8679
1119
4179
-1323
-6512
-6177
-9655
7531
8290
4618
1140
6012
8940
4319
8048
-3351
-126
-8149
7825
9270
-2244
4190
-1889
-7582
-5250
-4998
849
9834
-4054
4351
8983
-2223
-5015
-2058
9613
-540
4997
-6174
3660
3664
-3376
-7200
3392
-3420
-417
-733
2214
7531
-2522
-3404
-9154
-2780
5984
1945
3687
7556
-6092
6732
-2469
-6470
-7704
9266
4632
4909
6727
-7704
6407
-8022
-9336
5767
-8982
6948
7226
-8153
-5792
-4864
-2712
-9905
6667
-6824
-7044
-8120
6710
-306
-8993
1820
-7105
7883
-8417
-9879
3643
9478
1339
7466
-6202
-9329
8844
-8636
9119
1939
-2030
6410
-7994
-2070
9207
-1996
3254
6131
9516
-1602
4565
-6205
-9272
2754
3076
-3384
3434
-1954
368
-4097
-4835
2083
4006
-1667
8074
1033
9592
-5475
-3269
2696
8389
-1778
7320
-7705
7696
3510
-6727
4041
-8446
1168
6563
7030
755
3311
4772
4110
-3540
3094
9599
-2250
8738
-6787
-672
-4929
-4132
-1300
1017
1169
-1364
-319
-8129
-1289
7311
2919
7089
-2760
-7658
4189
7706
4812
-1288
4790
661
2323
2842
5207
4693
-7893
8724
885
8067
5992
-8704
6491
2685
-4613
-1288
1044
8560
-7936
6060
-835
9621
-8181
314
3715
9274
6059
460
-6608
5549
6974
955
-7885
1225
-4530
4755
7652
-3865
-3754
-9707
1911
4360
-3950
4671
-1087
-291
-5123
7684
-9434
2153
-2491
6011
9511
6355
797
4535
5075
-8774
-3814
4631
6496
6613
4753
-382
5118
-4315
-99
-2810
6869
1388
-2840
5656
-856
6104
-996
-8151
5686
-9281
3905
-1228
-4816
6594
-1822
-3656
-2370
6200
4019
3702
2540
-857
-6833
88
-8945
-178
-5861
3260
-5134
9163
5867
4271
-3812
3738
-7846
-3949
265
2686
5211
-9451
5024
-8045
-44
8774
-1813
2810
-5985
-6354
-9490
-5631
6488
4502
-869
-7067
5876
6074
7058
923
5922
3545
3270
-7209
-2542
-8420
-933
351
5558
-2805
1376
-7412
-9502
-1862
8357
6289
4931
1876
-274
-3137
7838
-3701
-8015
-1574
-9402
5467
-1111
3636
9522
-1602
3092
3888
5391
-7454
-6752
-3634
693
-120
1450
1730
-1907
-6412
7449
2166
-5709
8350
-6851
-6259
-5443
5040
6730
9109
-5282
7339
-7677
-5754
-7811
-8345
-194
2390
4525
8388
-2095
1954
-8983
7969
2405
-1394
9234
5875
-1115
31
-9516
-2548
9595
4566
1217
745
3476
-6460
-9614
6477
8351
1738
-5991
3280
8814
-1536
4420
1980
-2996
4157
-8679
-6296
-8055
5807
7594
1842
-6857
-7752
-6413
-2401
-2479
2166
7746
2714
-5109
-7626
8068
1429
-5396
-7877
-4806
-1353
9399
-4296
4655
-6708
2885
-3275
-5887
8686
6933
4673
-6178
-1277
-2540
6410
-2724
9091
-9243
-3311
3293
-7686
-1665
5394
5251
4761
-8297
1911
-4573
7528
8867
2697
-8391
-7541
183
7601
-2712
-9306
5490
-8158
-1622
-3128
-9036
-2997
5477
-5802
-5838
-9976
3404
-5008
6411
-3551
-9746
4557
-7628
5419
5021
8011
-3807
197
-9422
7599
-6623
-5525
-914
3874
-8518
7799
-584
9060
1885
-555
5082
3696
5528
-2411
-9654
1812
605
-5438
5617
-4656
-628
2854
2931
6742
-3931
6984
1933
889
-2459
-4627
8296
-821
7774
-7112
1775
-897
3673
6647
2418
-2582
-5004
-8859
-7578
6382
-3909
3834
-9270
6147
8001
4417
-4224
-9874
-9784
1045
8287
-7436
3005
-6970
2800
-1050
9578
6372
-2978
8684
-195
570
-7402
-4120
-2832
4296
3317
9918
-5969
-4834
-4563
-1159
-7534
-1729
-7733
8494
-6341
3697
7384
8778
-94
2424
3017
-365
-2922
-9987
-8922
-8003
5819
7787
2963
-9179
-5422
95
1920
-9765
-49
-4574
-9077
-1864
-7116
5463
-4442
855
2692
2508
9157
1819
-2227
-190
3484
7762
1312
-7295
-2073
3352
6659
6475
-1129
-8241
-500
7071
9575
3485
6039
2187
-329
3024
-7698
-2772
8429
-9784
-7509
-7290
-9862
2534
8187
-5446
-8722
-5314
-4202
-8414
556
6004
4424
6003
-6644
-4378
-3868
-3295
-7337
-2866
-7432
-5424
2570
5163
-5578
-9370
4178
8808
434
5922
7767
-7921
-953
3267
1516
1368
-7421
-6083
-5541
9829
8882
458
8207
-2461
-1864
5466
5141
151
5144
-6827
-2590
-7717
-3250
-6705
-9253
-1840
904
-6417
-9736
4999
1643
5586
-8391
8211
-6522
2100
-4440
-7017
-2968
-2135
-8015
-5817
-9607
8453
-2038
-5378
-213
8208
6685
-7166
-8788
8565
-1614
-5994
-8240
9591
6088
-9404
7115
9063
-8667
8204
2401
3134
6240
7600
-1565
-97
-6810
-2507
3658
1906
1698
-3771
-7578
9548
571
-4285
5405
3892
-7093
5273
80
-3213
-3864
-3390
9671
2235
-2809
-8688
4927
5233
1206
-2002
-2927
-7530
4128
-7857
7233
5508
-1246
-5604
-4158
-5188
9657
-7165
-5503
-3373
4670
4500
-432
3355
7362
3738
-3044
-9283
-1071
5716
-7627
-9424
-9032
-4665
-574
-8759
1831
7701
-6539
-5617
-6484
7888
6490
-5376
8606
-2694
7050
-6676
-5333
-7890
3737
2017
9470
4135
-5551
-5140
-4658
-9811
-4717
-2184
-7294
-9025
-3332
2237
3365
8132
8195
-5603
7434
-7590
6110
-4896
-6583
8552
4636
4881
-4285
-5155
-7410
1875
-7905
4197
8926
2493
8792
3591
988
-4527
5803
9788
-1912
9827
1468
2242
-9986
205
5021
9903
-4728
-2572
-8001
-687
3018
8810
-6286
9974
-2320
9184
7019
8240
9892
-5503
-148
-1137
-5150
-1711
2077
-7567
-2142
5070
-3256
-2577
494
-713
2451
2292
6090
5965
-7926
-7498
-7304
8547
-9781
-993
8609
4532
8278
1361
1059
7776
-176
-2451
-8304
2409
8794
-3497
-7564
-3951
3803
-9555
-7292
2628
-3607
-5761
-7139
4531
-6573
-1722
1281
2424
-7337
-4332
3140
-8198
-962
8244
8146
-3241
797
-3313
-1257
1321
-5561
7416
-7691
970
-7398
1240
8543
829
5410
-8848
7798
1899
8557
-4163
3607
5257
-7688
8834
4656
-2411
8945
1405
-1928
-8207
-9843
1165
-7265
2911
4879
-2642
-2721
-1001
-9714
-8266
8913
9008
-1694
7448
6322
-3771
9725
40
-812
5453
8408
912
-3508
-6743
9720
-308
5608
842
-493
-1487
731
5986
-5511
-3218
934
3592
-4088
9685
-7681
367
-2706
-4510
5727
-2195
7461
-8759
-6139
8984
-7887
5024
4480
5263
-8048
1006
-1568
822
-1712
6330
7153
-9370
-5885
5817
-1375
-903
-1011
856
-4903
5190
-6757
8115
-6302
9679
9438
1418
-4365
4959
-879
8304
-3880
-4924
-8767
7502
-5646
-6745
-5435
-7373
5399
-7893
5376
8218
1760
3552
1794
-3283
-340
7996
9022
4277
-9662
7759
719
7261
-4709
2752
3445
-3891
-5616
-3896
1394
1152
2218
2268
-895
-9979
60
-5281
-2589
-9445
-9765
-25
5141
-8553
-9682
2500
6781
-2116
-1155
4200
31
670
6894
-4273
550
-6918
5499
-6305
3188
-2842
-9405
-3677
-7081
-2244
9260
6387
-6884
-3269
5078
-5261
9074
-4210
3352
-6549
701
3799
-9786
-1044
2897
-4080
9286
-7063
-3007
-9974
-8434
-5919
7299
4665
761
1807
856
-4071
-1873
-5454
-2501
6838
-9683
-2312
-352
-8497
4875
1612
-7984
9789
-8032
2155
2066
-9437
2882
4387
9802
-1158
-9536
5969
-8573
3126
7719
9873
-728
-5675
-7593
-9818
3667
9645
-4958
-7771
-9063
-3441
8385
-2211
5345
-1600
8141
-3833
-4433
1489
-632
7487
7110
-7586
7556
-5265
1374
-4745
-5931
-5857
-4681
-2813
-3748
-9589
4046
5034
6119
-6838
-7663
1771
8474
9971
-7890
9257
6620
-5352
8265
-329
8295
2526
6538
-377
7204
2239
1619
-7137
-8496
-3605
4818
-7336
4115
-3447
-4786
-6725
7532
7577
1151
2553
-8
4654
-4010
9174
4691
8104
-5173
-8121
645
-580
2289
3750
-6182
8431
8904
4338
-9788
748
1838
-6371
-7325
-8683
-2279
6715
-6242
5951
-8521
-3306
-1053
-689
-6356
84
-9490
-2181
-7799
-5977
-5418
-3336
39
938
-2860
-1286
4297
4249
5284
-3960
-8618
1641
-5683
-97
9527
-8093
-5929
3782
-4954
-2645
8372
2304
4867
-9
8719
-7904
6636
-1332
6875
-9814
-9341
-3074
-1577
-2857
-4909
8625
5454
2875
-4292
-2031
9422
-7226
-3724
7007
9215
703
-9500
7258
2290
-3350
9704
6058
356
6877
-7830
-4041
-1317
-607
6357
4170
-4571
-6267
-7969
2010
5290
-3288
-8359
7552
6544
-2741
-7327
2123
2963
-8582
-4220
168
6001
-9415
9683
1093
8813
2659
8162
744
8238
5702
-4617
-5624
2467
-5373
4517
-5458
-5598
7925
-8335
1354
-4455
-6591
483
-7476
8820
-2735
7928
3876
3521
9651
-5538
-6936
-9720
-5112
3655
1730
-3158
-9963
8347
-7538
9139
5193
-6303
3739
-7581
-9255
-4480
-8349
-6609
685
9210
-5580
-9826
8475
-754
1984
-685
-4136
-7016
2967
-7169
-4857
4531
-2764
-1380
-6798
-5703
1331
-1570
1155
-8775
1015
8656
3361
1011
-4385
-5317
-7561
6210
-2113
-3408
-4303
4784
6445
4594
9309
8384
1434
9901
5121
1333
-5900
-6138
5463
-7962
8813
-1084
-4194
-8367
9712
-4707
-6926
5070
8674
-750
-3543
-9582
-1323
1532
4141
-1013
4444
8965
9243
8460
6858
6469
-7522
-5186
-8390
-9728
739
-5364
-7010
-9025
6102
-3487
514
2298
-838
-2491
4475
-5973
-2425
9075
2630
143
616
3753
9334
5738
4168
8771
-6277
3935
-6015
-9158
-7268
2256
-5519
-937
5567
7569
5378
-5763
-7964
-3496
-3810
3145
8635
8621
9680
-9770
3630
-2346
-9415
465
3805
-7205
9722
-6826
-9972
-58
-9423
-7673
-9103
9676
-7031
111
4531
-4939
-8086
-1235
6263
-6114
7737
8276
-9761
1493
-9557
9341
-2845
-3049
1176
7801
-727
7709
931
855
8613
5353
7486
6845
9809
680
6078
-6462
-4784
-3764
942
-167
-3294
3257
3298
-7867
-7306
6977
8296
7163
-7237
-6940
2287
3334
7777
9744
-3884
-7628
2478
-8681
-8439
-415
-8154
-937
-5737
-2269
1193
1812
-4977
9161
-7866
8016
-9486
-7581
9867
-3789
-5926
1663
4490
-6845
-9291
7125
6064
-5945
5442
-6223
1593
-8304
7561
-3796
-8886
2943
1496
6978
-9899
5638
-7730
-145
-5498
2139
4423
-2314
-393
-9001
-6838
-6323
-8605
5531
-3351
-7864
-514
6115
7177
-7725
2256
-9507
-6004
-2432
7049
-526
8758
-6898
-5875
75
-9903
-7656
1885
-1359
6867
-6784
-8877
3776
-5456
4725
-9224
1062
-1451
-4869
-779
-6974
-3962
3977
-5422
-42
7605
-313
-4167
-8720
6021
-5700
-5059
-9677
-8916
-8620
-410
4878
8370
-2945
-9399
7615
7915
-931
-510
3723
9643
-9687
5845
-1832
-401
7505
-5959
5691
8076
-142
9542
-2377
2891
-7450
6994
2480
6646
-7563
-760
-2262
-4962
-9294
-8132
3212
-3668
-3341
4172
-1429
731
9444
-3362
7823
-9355
-9727
8684
252
6237
-8122
-5886
408
1337
-1990
8929
-1511
1984
4832
9781
7689
-4665
-8343
2075
-2287
-2402
-7947
3479
319
-4293
-8451
-6064
-9722
6477
5464
7431
7212
553
3834
-7926
7089
-6325
6518
851
5593
-628
-6004
-3298
9120
-2943
5714
4918
1958
1535
635
780
8034
920
-4848
2315
-1658
2619
-8602
7257
4209
6346
-9089
-5500
-7279
8071
7203
-2828
-7953
-4691
-7196
-8574
8528
2479
7384
-6469
-1304
7900
7833
144
8816
4913
-5289
-6066
1319
-2473
6557
-7057
-6234
-9558
-8953
8943
8786
-2781
550
1391
-9119
3400
-3464
1532
8813
6371
660
-5576
8897
-3977
404
-9304
-2231
536
-2829
-3051
5413
2694
-9902
605
9270
-1887
3473
4303
2427
1720
6110
-514
9429
3192
5882
-714
-3487
4969
9424
3380
4017
-4252
7218
1062
859
6168
1274
-5147
-281
6050
8178
-8082
2723
-9538
9799
-9112
8586
-9949
9888
4955
6321
-1070
-7231
1250
6582
6185
-5101
-4122
7254
-930
2301
-3729
-6810
8424
3279
-3292
7632
-9973
-3506
7762
-6686
3631
1605
6037
-8255
-5908
1525
-9415
2309
9008
6527
6852
-2537
7085
-1642
4511
51
-273
-2876
-3062
2365
4440
-9461
1266
2350
8018
150
8462
-8573
4592
5769
1776
6674
-1424
8013
-6074
-1250
-9604
8826
-6012
9092
1068
-5604
-9893
7563
1414
4947
4425
-6398
5104
-1703
-8026
7288
-1447
653
7818
3223
-5559
5339
2080
8755
8411
-2253
-5615
3112
-4008
8910
-206
-394
9789
-1139
-6142
-4964
-8383
-8370
-3663
-5580
-5034
5639
-5075
-8829
-5179
7577
-9304
-975
-969
-2747
-675
-7468
3807
-6350
-2843
-1053
2414
-5533
-6945
2648
2362
-4325
311
-4018
-3533
-4574
-8345
-7599
6556
-5158
-7563
6798
-7910
-4213
2194
-9594
6071
-8170
234
9313
-7879
-6968
7395
9087
5102
-6984
-9011
716
-6089
-1925
-610
-4353
6336
7239
7628
2804
4836
5408
3528
3082
-131
7935
-3436
8280
1156
-4773
7351
-4873
-3151
3501
2957
4081
-8191
-8637
3126
-1067
-3216
6136
7291
2456
5834
-9352
9074
-865
9621
-504
-4763
-4992
6167
-6062
8532
5180
-688
-5350
692
7276
-1685
-9150
4637
-2171
2801
9113
6667
4404
6838
-9401
-414
895
7692
9096
-4205
-21
-5872
-7702
5360
2029
-7225
-6270
-185
-4083
-2496
3594
2190
-7106
-7445
283
3938
-7054
-9376
-3506
9864
211
6142
1744
-8364
712
-7959
-1974
1525
8578
-692
-1346
-9974
8277
1651
1691
8485
-1045
5436
-7907
-5237
-9044
7828
-685
-3899
5790
-347
9894
-3103
-5225
-6726
-7451
2245
1325
5249
7502
-6103
1187
-7683
7372
-3251
-7159
-6343
-4861
-4892
-7790
-5757
-6226
1406
-3102
-4297
-4430
-3627
7016
4233
9119
4680
-8644
5665
-8170
-6065
-4580
1013
-5652
8588
6351
-1878
2539
4752
727
9406
-4649
4232
-5735
-2585
6904
-8204
1906
-6322
4262
-1456
6530
2579
-7422
3441
8515
3383
5778
743
-2827
-4091
-978
-3778
-6412
-8950
-1945
9985
-2017
-8680
-6225
-4237
-2394
1582
-3133
-4765
-4974
5511
-1329
9481
-6327
7931
7167
-3283
6434
5246
-458
-1638
5139
583
-1123
9552
7021
-1332
3608
7901
6355
-3845
5944
-1000
845
2925
6821
298
1374
-8002
7165
9122
-5133
-6217
-2378
2500
1196
5032
7581
4291
845
-3429
1029
1051
-9776
-1305
180
8388
5691
-1211
-827
-921
-2705
-5261
-2157
-1361
-3531
2723
-9653
7742
1429
-577
3331
-361
6578
149
980
1616
5675
-7840
4780
2578
-9354
6897
-4964
-9895
9302
222
-6030
5418
-5853
1256
9426
-8785
-7259
-1170
-1593
148
-3849
-5745
-7787
6190
3855
-4622
200
7645
-2796
-8943
-3548
-647
-5024
749
2535
-7376
4261
-9027
3359
-3764
9792
2737
5792
-3253
-6347
-799
3267
6022
-8637
-2616
-5873
2481
-6037
-441
5202
8334
8934
6642
563
-6053
5918
4776
3282
4241
184
3242
-9474
1993
4216
4274
1995
135
-4226
9024
-9111
-5017
9599
-1573
835
-3372
8118
-870
-3848
8713
-4691
9764
-2463
686
9889
-4610
6166
-8894
4735
7210
3964
-1763
-9852
-3293
-1944
9247
-360
-8144
-3265
5369
-2687
553
-9143
-2910
-5892
-805
-5284
7915
-7967
7087
702
-6114
-7157
-7389
-4896
6833
-9343
-752
-4948
2525
-5211
-2538
-6259
-3664
-5069
-3280
9369
-9412
4967
-9659
596
-4215
5074
-9128
6044
-9273
-132
6814
6989
5694
-2266
-4470
-9567
3067
8425
-6433
-3262
-3185
8270
-6834
-776
3662
-3510
5626
-6511
-361
6291
8392
2118
650
2591
-6338
5375
-1808
-6301
8420
-2953
152
1114
-7104
-8592
6845
-244
-2922
5635
-5754
8521
-678
-6929
-7228
7454
-1939
5684
-9196
1504
-4266
8046
-3615
-2977
-7537
1860
1957
-3704
-1656
-6371
-8174
-4007
-7998
-4479
-1361
3294
8963
2550
3223
2107
6207
2769
7344
-2400
-8289
9548
8280
-1437
-2755
-4604
-8508
4797
-6016
4969
407
5663
6749
-4428
8601
-841
-5022
1661
-5233
8756
-9863
7691
7050
-1054
2555
1189
-8528
-7368
-1609
-2613
-9685
2336
8037
-7227
-736
4984
6356
2610
8281
3240
7547
-8460
-9315
547
5100
5181
58
-7241
4250
3050
-6296
6748
-7484
-5599
-766
5467
-6520
-9246
935
-5677
2087
6205
-7493
-2820
-8018
-9201
-9827
-2029
5487
4647
-9817
3948
6489
-5578
-9389
6564
-3104
-6863
454
-7991
-525
-3000
8075
-5019
7326
-3143
-9020
-3569
6066
8924
8216
153
-936
8087
5040
-7947
6876
-1012
9866
7135
6345
-7773
8850
-6820
5777
556
1531
4971
3627
-9967
1506
3668
5877
-4048
-5175
9148
-2888
5681
7348
-125
-3566
-7437
-5372
3209
-8947
-2916
5347
1310
7520
175
-5005
9451
8861
-5890
7864
-2552
-497
-8601
-2373
-1425
-5296
-5593
7959
-6481
3152
-734
7104
-3462
-1234
-9972
8881
-1897
1654
-7059
4756
-4890
-4059
4578
1868
8395
3349
4362
-2483
-9159
9490
6986
900
-3162
-7231
-2193
-647
561
-8403
814
5526
-8914
8479
-4025
-7771
-3742
-2025
-7664
-5403
-4408
-8821
-7675
-8703
-3694
-3522
-7797
-2683
-1471
6968
2064
8379
6437
-6486
-2865
878
4999
-5901
-9884
-6070
3077
-3322
-6532
-1327
-4871
-6248
-8237
-7490
-2427
-9056
1280
921
1216
-7510
1829
4655
-9909
-8557
2245
-7189
6984
1414
-5776
5867
-2913
7689
-1392
-9406
4268
-4121
-7594
-718
-5307
-1407
-7845
6830
-3314
-6571
-457
7481
-6318
-4285
-2704
7726
5676
4712
-2272
-2788
1441
-1506
-9157
5286
5450
-3872
7663
-5963
5614
-810
1218
9100
5043
4032
2417
2899
-1310
8407
-6903
-3290
4408
-5261
-2472
-6870
6786
4368
4170
4959
-5209
5061
-2009
6141
-2143
-5500
-441
9067
-3845
1899
7737
779
3428
6211
9027
8392
-9785
-1661
8912
-3538
-7442
372
-8271
-9688
-8164
6299
5188
-2195
2474
-9695
1743
-9674
-8073
6431
6853
-3240
2646
-6611
288
7009
-500
-2143
4530
-9279
6057
2188
9266
8851
2363
-8753
7905
5045
-9440
2060
-6795
3168
-5582
-6804
-5558
-9404
4506
5916
-1311
406
2625
8031
-471
3228
-3688
8512
9282
661
2492
1562
-8270
5523
-5471
-2757
-6383
-4991
-3567
-7128
7788
-2700
2002
7849
-7954
-1982
2291
4508
6001
8361
4186
-7982
-7067
-3230
-9093
1000
1929
3488
-1946
9634
1018
-3837
5539
-1151
6551
-9426
-9862
-7937
-9565
-6590
-9129
5520
8318
8525
-867
5140
-731
926
-4693
-7720
-6331
9843
-3210
6674
2499
329
3841
-1504
5749
9775
8366
-2827
1205
-4298
-6390
-2155
-2510
6
103
-6529
9970
3504
-237
8926
6916
7662
7394
269
-2968
-9277
8609
-7802
-8176
-5047
6366
7638
-3872
1059
-6140
-6332
4451
-8838
-8989
-7516
-9283
-7950
-7719
-4795
-5499
-1137
8700
-1405
-468
2979
-6558
-450
7465
-7251
-5641
6915
9229
1239
413
-4139
-1906
7589
-6740
2915
-6219
-5513
-7429
990
-3605
-3551
-8289
4360
2532
5528
-5517
9485
4261
-9801
-1247
-7287
7876
9468
1750
-5648
-1609
7805
1951
7005
1162
8876
-685
1606
-6054
-8006
3425
4978
1824
-581
-3089
296
9378
537
-4993
2409
2683
-1786
-8984
-557
-2600
-6843
383
1031
7692
-6945
1483
9376
-2550
-7089
-7023
4128
-361
-7556
-346
544
-9240
758
-1720
-3265
-1209
8522
-6710
1480
8585
-297
421
8763
5032
-7190
2923
-2477
-7559
-215
-2246
4413
1333
3716
-3955
5135
1353
6496
-500
-9437
3725
3888
-9304
9227
-4598
-3732
5839
3207
-6622
-8023
6853
9775
-1236
9836
9308
731
-47
2101
-2632
8570
92
737
5429
9407
5874
9741
-2912
-6916
-5736
-9925
-8046
60
1321
-6161
7594
8835
6696
-242
-4116
-7770
-8021
7765
6325
-6516
5586
7789
3139
-490
7484
-3473
-1296
2238
-8236
-343
2430
-5973
6279
6439
3161
-3545
1377
5155
-925
9
-6745
-7286
-9024
922
-959
3531
-6709
1479
-1561
-2488
-3941
-9734
5683
-2050
-5979
2239
2995
4033
9881
681
-2790
-2835
-3618
-2340
141
-9011
-8593
5531
5707
7726
-8081
3588
9983
-234
-7316
-7389
-5600
-3773
-5803
-6958
583
-1554
8794
-7250
-1418
-9899
2799
1861
7240
-3980
9525
-1117
-5482
7135
-3674
7783
4919
-1248
2695
4411
4212
7313
-722
-1299
-2773
5975
4746
-2953
-6035
-7577
-8321
-3960
-9095
15
7022
2277
1071
624
-311
9080
7501
5165
-6430
-9507
-9649
3038
-560
-7916
7669
2851
-1572
4592
9231
-6603
9396
8252
6465
-3918
3293
121
1811
9984
-1122
901
7764
-2172
1077
1507
-6363
657
-295
-2120
-1787
-7789
-9257
-1770
3406
-9461
-6963
-2466
-7287
9239
9464
7703
-1255
-2674
-3572
-5074
-2385
4850
8273
-6657
-6033
-8976
8713
-8893
-2398
-7644
1490
-5714
6
-1191
-5428
-4863
5454
-9587
9019
-7507
5324
-5197
-4257
5562
-9242
3871
-6761
-9437
2725
872
3721
-1315
4694
6375
-4490
-5553
7279
-2472
-3448
8277
4935
-9929
1139
2846
5745
8316
7620
6504
-308
-7518
1468
6220
2600
2168
8954
-8518
-2811
-3054
-523
8896
4331
-1184
-5895
1358
5748
-857
-4872
-7502
4035
-7832
-8236
7657
6927
-7474
-2021
3622
914
-5639
8837
-3716
-6223
-1957
-1994
-6036
1734
-1173
1662
-5110
820
3260
-7497
438
-3813
7119
8809
-2827
3964
-5855
1617
-5868
-1608
-3860
1747
-5433
-5530
-7231
4511
9626
-1482
9415
-4436
5300
5247
-3383
-3016
4922
-1700
-145
8538
-9369
-1875
941
-9633
-8024
7255
7084
3419
7493
-4176
-7064
9837
4155
-1559
-5304
-6116
-3834
1987
-730
9141
3906
9601
6172
-8991
-9350
-8218
-1568
3871
4413
-9624
-4899
5245
-5855
-5102
-4845
2105
2061
2890
8261
5000
-4685
502
3754
-3696
5979
3619
-9860
7145
5450
-2614
-2637
854
4066
3658
-2838
-4627
2908
3871
-7266
3212
-5824
-8952
2387
-3404
2448
7380
824
3824
8750
-7394
2981
7735
-7198
1698
-6712
5055
7540
-120
7673
7015
2266
2288
1823
-5785
7863
-819
9369
1850
-4122
453
-6405
3895
8980
-129
-6447
-9554
-5623
-3081
9156
-461
1930
4687
7607
-1782
-9699
9028
-8678
4616
-2588
2913
-3337
-9484
7199
436
-4925
519
1306
-2082
3877
2871
6907
9830
-6772
-377
-3429
3769
-6056
6600
8242
6305
4355
-9959
-7425
7231
-3905
2867
9638
-6618
7287
5562
-9902
-2795
-402
7597
-8123
-9514
-2413
3864
-9246
9823
-253
7445
-8098
-4106
-7210
-8604
2167
-6333
-6084
-7777
9829
5616
-7488
554
9889
9831
2925
4353
653
-4321
-507
9702
3251
1431
-8369
-3888
4410
6002
7153
1113
8475
-7847
-8298
-1193
7115
4723
-9297
-8408
-7858
8299
-543
-3096
9361
1276
986
-1294
2151
5928
-1374
1830
8481
3077
4579
6111
3872
5782
2199
-3088
5960
3881
-5471
-819
-3321
3937
-6348
6440
-8114
-4085
1545
8393
-1554
4837
8341
8307
-543
-4986
5963
-5051
7063
-6407
-499
187
9365
-2777
4455
2274
-5437
5022
4310
-7326
4733
629
722
4057
3746
-4900
6401
5536
-4651
9659
6084
3336
-3915
-8984
-1531
6347
9600
-2120
2026
-4045
-1843
886
7457
3196
963
2619
-6741
-7731
-1526
9967
9080
-3838
-8784
5700
-9345
6193
-5937
-4118
1745
-6694
6837
-591
-7855
-4073
-8932
-7316
6069
1301
-5550
-6459
-9592
7856
4924
1522
9196
5591
5755
3975
5134
214
5595
-4997
-9852
5172
8796
1513
9438
1153
-5406
-1596
7083
2317
999
-6817
-6294
-9895
-146
-8123
-5058
-4854
-2999
-7434
4704
3945
-5294
9308
8833
-7650
-6951
5748
-8359
4293
3449
-2482
8432
-1888
-7114
-6941
-1817
-8188
-2583
-6513
1162
-9826
-1834
-675
9528
3438
-9368
2084
-4508
5246
-7414
-9852
6341
672
-4348
2870
4526
-2273
6901
2237
615
2520
-8213
9702
-7092
-7769
9276
-3290
3577
1144
914
-2268
1898
4993
7070
-1014
1059
-8078
-7901
5436
-1579
8728
-2912
-6144
-6235
2811
232
-9766
-857
4562
-8002
3496
4507
9068
7799
-8273
-3074
-7524
-8046
2795
-4167
228
7452
4029
-4007
7771
4626
9808
-8959
-7822
263
-5656
5344
-3517
2539
1093
-1186
-9569
-4685
287
-2705
-3901
-6107
-8194
-6492
-5878
-4881
-6070
-5588
-6992
-9952
9597
3943
-6277
-5962
-8784
-9125
623
-2265
1263
-7553
-9703
402
-9626
-29
-6252
-1060
-9071
7878
-5103
-2390
-3755
-1624
-8539
-6431
-8981
-4815
1295
-9365
1655
5320
-5849
4313
-3237
5240
7524
-2505
7889
8442
-9352
9757
3435
1613
-8668
-421
4313
775
-946
234
-3782
186
1540
2815
-7320
4718
2667
-1962
-345
-9947
1218
3356
-1192
-6426
-2810
-4775
-4636
-5934
8865
3543
2114
-7825
-6431
3535
2336
-3048
-4975
-1798
-9939
1884
443
-6603
489
9001
4490
4562
-7263
6024
-5998
4368
8974
7528
-2737
-8634
-7881
-1041
-3339
-3346
4586
-5504
-3632
6530
9197
-5445
6834
3853
8547
-88
4085
9107
5659
7573
-377
1772
759
-4535
-1068
2212
-2790
-381
-5849
-7405
6619
-3805
-280
6621
-3874
-6279
9848
6926
-4734
-3602
7852
-3009
-3888
1906
6366
-4446
-6329
8980
-9050
-6235
7731
-5226
-5617
-5196
-9691
-1143
-409
5670
-2333
-9813
-1720
-2825
5456
3570
4250
852
4703
3731
4408
-6342
1071
1112
-7021
-4208
501
2871
-2491
-4686
5236
8174
5412
5108
191
-1145
9234
9457
5659
4632
-6687
-2010
2348
2404
2373
-8785
5943
603
-2174
-1949
6201
-1473
-3950
7880
-9912
3718
5370
-9136
7961
-4188
7666
-4243
4222
5012
-8593
-6911
8026
8804
-3947
8053
-2548
2077
4630
9823
8618
3672
-5415
-755
-7186
-608
-2341
-5087
3931
8564
7971
7321
-6391
-7968
7632
-5176
7355
9517
-5168
-238
8260
-4920
3784
-5803
-2852
-9596
-6083
-5681
4483
4139
7543
6060
-45
452
9376
4925
9797
6652
9945
9968
-5102
-2049
-8741
-6471
5440
9835
3309
-1184
-1978
459
-7424
-6907
-7443
-3094
8344
-5144
-1082
-6094
2029
1014
-3075
9873
-7818
-5381
-4954
-7268
-8289
4116
-1259
7110
-5731
3290
3000
6461
-4005
-2194
-5279
5787
3441
-3085
9882
9181
-6842
7757
8606
-8693
-6689
-6215
4603
7793
-7190
1991
7152
4047
-9959
1998
-9889
5211
-8770
-6185
3783
6097
-7133
-3719
-3909
5823
-2190
-7949
-3402
6346
9873
1963
8929
3543
-9142
-224
9429
-1527
7682
-9435
-3951
-9368
-7443
3598
-4995
6956
6094
4020
-913
-3317
9600
-4935
4673
-6412
1920
9359
6532
-8149
111
7819
5063
-2157
7021
-4666
4335
4727
-9186
-2829
5053
1244
-4533
-8083
3980
-1425
-3091
8150
-9075
6736
3996
-303
-7409
2445
-3802
3523
-9184
4979
4337
7721
-3920
-2449
3173
3047
4261
2551
-6144
-6892
-8721
7362
-9304
4842
7189
9024
7184
4524
-2043
3751
5318
-8076
-3293
4176
-7599
9790
-8375
-1651
-3224
368
5886
-780
-3748
-8199
7893
8227
8079
1067
7229
6606
-2107
-8792
4661
-2150
-130
8433
5732
1765
-7204
8920
8658
-1067
5146
-1200
2711
37
17
3361
-1222
-7065
5617
-7558
4526
-5302
-5778
-7034
-5965
7486
-8033
7041
-8419
-6717
-2650
-3062
9732
-995
-3929
3337
2869
-8776
-5187
-460
688
-1283
4890
-8527
-5790
-4864
9058
-8179
-3080
-3273
-4217
1763
6385
5469
5957
4789
-764
-9226
-449
-7887
-8986
-4657
-156
5540
-4063
4631
-427
-4007
9693
959
-634
1074
-7012
-6244
-2109
-4523
-9128
1299
-5246
4531
-4588
7186
9822
-7635
7143
9090
5861
6319
-1963
6452
-7148
-8816
-7779
143
-5918
8302
-380
2745
5140
-9274
-5311
2510
-4355
-1659
-6699
-4988
6067
9901
4695
8898
2337
-5178
6199
4425
5377
3724
2241
-2789
1754
-3240
697
-5672
-7073
-2364
-4824
-1898
-6909
5255
-6561
6607
209
4508
-8460
5096
-3356
-794
-9682
-9491
-6685
-6903
9570
-1444
335
-7200
-6976
-8192
-3048
-882
4739
2453
-5734
-8904
6490
8897
-1486
9924
-7311
1219
5045
-237
681
4197
7724
6271
-1616
4555
8237
-5968
9933
2928
5995
7085
-8176
-6764
-1012
6340
-5892
-651
-3807
3172
-5680
-6166
9373
5862
6679
8148
-1679
5783
-8080
-8038
-8957
-7609
-8560
7829
-5557
9480
-7604
79
-3077
-7292
1135
415
-2096
-1594
-7017
9038
5924
3852
-5629
6799
-9509
-1277
-6948
-9650
-9859
-5843
-8338
-2456
9173
-3649
6609
-9491
-8255
5354
-3814
4284
-5693
7060
-8710
5904
-7834
3727
4856
2271
5612
3961
1915
3620
6929
-5845
8874
853
-7477
8408
6636
4205
8639
2221
-2698
7360
8431
5692
2498
-976
-299
668
404
-7429
-5058
-2108
-8294
-5504
-3231
1802
1225
-9761
-8642
5375
7747
4346
9204
5130
-7122
-5116
-7573
8711
-6900
-7148
2564
4983
-2077
-6916
-2055
-4069
1458
9724
-9465
-8061
-7682
3350
-8850
2547
-4901
-8274
8155
-6833
-2103
-3354
6219
-2472
-678
3356
-6764
5562
-1973
-1362
-1787
-8176
4323
-4753
-7529
-8205
-9299
-8194
-8496
4965
3795
858
8910
-9950
-7944
-7976
-6369
8288
8869
-8725
9545
6647
6758
3471
-264
-7616
-2900
3400
-479
-8893
-8929
-4708
6314
8046
2779
-7688
-4614
-20
9621
8280
2258
5119
5396
5962
4844
-9754
-6476
7207
9349
-882
1446
8170
-4787
7800
-41
-3741
6039
1683
-9870
-2660
-8589
4111
3695
9995
-6130
724
-8790
8959
-8733
-5088
5154
3782
6601
-864
1219
-4142
-3296
-7491
-4103
-9543
-2783
5685
-6395
8916
6604
4300
-3055
6748
-1105
9343
41
-2058
9728
-9287
980
-660
-2081
8183
9391
4345
-9770
-9567
1788
2826
-8751
9653
1275
-5593
-9381
7874
-2237
-1205
8259
6513
-4111
950
451
-8823
-6333
-2289
6777
6844
-7105
-5076
8433
5923
-5789
-118
-454
2869
-2489
-5341
6223
-8587
8616
9564
-7599
-4099
-9117
7661
9065
-906
-430
-3769
-9785
-2800
-8229
1132
-4408
6443
5511
-8119
2075
-2295
-4721
-68
-3170
-5798
-7228
5636
5061
-1118
-9724
4593
1350
6216
-9861
-1171
-3911
8505
-2823
-3409
3440
-4976
6417
-4289
2124
-9255
4736
-4882
1570
-841
9500
3210
186
8451
3761
5072
-6844
-310
-4802
4710
-1821
-9057
1832
-3843
1807
7932
9292
7350
-3030
7897
8490
2682
-5482
2453
8670
-7923
-1619
-8026
-3582
372
-4940
-3036
-1162
-3497
-7413
7992
2038
-5130
9824
2323
7211
-3945
5838
1013
-6508
-4364
8794
5596
7155
-2334
-83
-9556
-6209
5671
-9329
7784
1444
3063
9528
-3349
-2794
5213
4825
2598
-483
133
4631
1311
-6548
-2097
5453
517
3652
426
-978
425
8760
9902
1696
4920
-9594
9384
-7686
7056
8563
8976
-2037
-8091
2325
-8960
-7850
8716
5082
-5645
8725
-1374
-244
-241
-1246
-6793
-8204
6960
8073
-6227
7613
5602
1956
-3250
3780
-2114
4226
-5440
575
-7796
6145
-6792
1603
4171
7859
6261
2282
-5853
-7658
6525
-6957
8226
3727
-9706
-4203
-166
1646
-3602
-9070
-4648
-3536
-2795
-3180
-1657
8910
-3869
-2299
8508
-3068
-2986
-6311
2402
-6169
-7015
-8343
-8870
-5004
-6549
8213
-7593
-9926
-244
335
4025
-1395
-5152
7758
-1225
-4157
-6962
-2103
1349
2226
7409
3827
391
4485
-3499
8449
2884
-9018
4649
-2183
5569
4067
-9367
-4741
-291
-4909
2666
-7996
6771
8863
-9065
-6655
-5306
-5167
-3708
1129
-7960
-2500
5939
-3384
4327
4574
-5455
-3721
-4595
-3409
1098
-127
8270
627
-6258
2166
1702
-9458
2911
-8185
1319
4005
-8383
-8035
2347
7740
-5066
3487
4722
247
-3528
-5028
-8892
9743
-3727
-6858
4231
-9079
7360
-1517
-1927
4579
-6778
1853
2363
-346
-2347
-754
-4249
-5475
-668
-8483
9072
-7985
620
-3312
9773
7221
2866
-3643
7000
5992
0
-8836
-9770
4759
-430
-1566
9913
2821
7937
6661
-1293
-5634
-7705
-135
5471
-3166
8626
-7381
-5199
1470
-8645
-1349
5965
8572
5043
-9934
3626
-6192
1784
6789
-3137
811
182
-1272
9324
-1180
-8346
1387
-5740
-4481
-8231
8183
1719
-41
-6516
1325
949
-7762
6951
3346
-7087
8217
-7375
4383
-3272
2786
-4164
-182
2727
-5096
500
-3558
-7082
-9556
-2600
3571
-7518
8851
9747
-7271
-1412
