1671
1512
2229
5536
4383
1289
83
3986
-8147
4289
7872
-7582
-7939
2529
-2704
-4008
5867
-6884
6612
9669
-5991
-6702
5881
-5076
803
7945
4983
9329
6328
703
2899
6036
-494
7168
6169
-3966
7926
5371
6081
-5826
4484
2362
7098
-7608
6540
-2883
9799
9178
3239
-6038
4452
-3974
-4810
2992
620
-2009
-6365
-3302
-4160
-5718
4568
6129
-5414
-2620
-4056
5289
1443
-2246
-1549
-3862
-736
7346
-8237
-4908
993
-977
-5193
9742
9307
1779
-2333
4156
9335
9443
8747
-6020
-1912
1213
1114
4746
3965
-8100
-7340
-4259
-5540
6421
4566
-6326
6321
6246
-4257
-343
-1076
-3422
-2222
9033
8157
5907
8071
-6889
6378
-8351
-6912
-9642
-3397
1100
5864
8577
-3052
1072
9368
3072
-38
2340
-205
-8397
7746
3674
-7629
3506
-9164
-8771
-97
5325
1282
-2466
7699
1873
-654
2816
8579
-6436
1451
-4624
4396
8973
-7643
-4721
2182
8965
-7790
-3102
3837
-5971
4317
6880
9934
316
9154
5963
-1515
-6547
-4099
315
2115
6532
-7418
8736
2396
-7443
-7811
-8202
1438
-2231
3110
957
2000
6666
-3869
3831
-1882
7526
-1315
-510
9891
-1117
-5093
-2869
-2841
9918
-8654
1910
-9546
7884
9196
-2311
8805
-1683
4674
-7155
-1020
-5978
2517
1020
-7262
-5769
-3452
281
5379
7751
-9083
-9211
-16
-5678
-3746
-9261
2330
1769
-9554
-6785
5611
-7389
-8511
1363
-4994
-1386
7136
-2886
-3072
-3779
-7095
621
8276
5785
23
-1557
9640
-4594
-5941
8535
9771
-2742
2434
-894
7703
7447
6117
-1642
4648
4866
8834
5570
8630
7861
8481
2087
-8473
3576
-8390
-5110
-3682
-8879
-9821
9827
-4390
7582
-9236
-2811
4713
3216
5776
-7608
3635
5104
-4633
-2674
9843
-3499
-8861
-2329
-802
-1618
5568
4247
1817
-8572
2420
8952
-7827
-7357
6890
7749
9219
-6390
3826
-5571
-3119
1348
-6526
-4367
3259
6511
2748
774
-4801
1230
-9877
9103
-5319
7677
2797
-6945
9480
610
-3933
6055
-2953
8515
-7394
-5626
-527
8227
-8203
-8516
-4537
-1849
3149
3571
2274
-5669
-2017
-8774
5268
5634
-6602
638
9105
-2904
273
-4996
-9697
6031
2620
3133
-869
-3388
-2199
-5074
-8508
607
5294
8758
-8563
3002
206
9826
9722
2201
4634
1782
-6733
9579
-8389
422
-7027
6426
4901
-9570
-1538
2279
2761
7428
441
8350
-2883
4112
-5921
-2563
-7783
-1348
6978
6341
-6945
-4675
5836
1037
6261
7044
1537
-3590
-165
207
3964
6912
2179
-6918
-696
321
-3384
-2648
-9883
9343
-8541
242
-4610
-2201
6483
4750
-8122
-2401
4791
-8517
-4709
-2946
8715
8564
-8049
7946
885
9240
7388
-1636
-1401
3214
2038
-3143
7576
-2965
-6389
7757
-8829
3094
862
1891
4992
-1048
-9065
9456
-5653
118
7759
1924
-4070
3942
-4228
3043
1632
6168
5103
1825
-7927
-2438
-1771
-4222
7017
4351
149
4736
-2723
-6738
6755
4080
-4415
217
8778
7998
99
-725
-3176
-5327
5441
6567
8686
499
-5756
-1329
-5077
-6808
-2990
-7973
5985
1968
-1238
5373
-5229
-6775
-2433
3656
1632
988
8512
8761
4060
7957
7580
9850
-6653
-986
-9378
-5422
-4026
9902
9702
5280
7596
-5941
-4324
-5864
7138
-6624
464
-5894
6166
-91
7853
-7736
5812
50
-2059
-7478
-9477
8377
9887
3283
-9761
2282
-386
-7292
9876
-6894
5296
1064
4116
2175
9580
8346
5785
5102
6136
1830
-6466
4246
-8719
2469
7490
-4054
-3654
932
3023
-413
4023
786
4351
7407
9640
2155
6593
7581
-2381
2743
-2345
-4456
9198
-348
-1569
-6580
-4500
-7320
-3417
6971
9491
2740
3620
-453
8522
2550
-566
4079
1553
-1329
-4281
-2625
-7414
-1985
5112
1951
-4713
1210
-3144
-7927
5955
9248
5105
7563
-5728
2249
-2837
-2024
5647
4287
6301
8270
-7171
3965
-4488
7211
-8355
-7484
9663
1470
2159
-6009
3873
-5123
2013
-233
-1830
1101
4992
-9135
-939
9343
4207
3134
-7496
239
9756
4022
7906
3422
1958
5429
-5147
-1546
-1491
7855
-3625
2327
-8522
1812
-102
9837
6959
1025
-4408
7807
533
5251
-1302
3510
4609
8853
4017
710
-1303
-6950
792
-4109
5801
-5703
-7998
5728
-8607
-7086
7341
-5770
-1851
-1372
74
6609
7767
-2452
-8147
-8815
3983
-2145
-775
2320
3355
9642
-5070
-4240
-5742
-1396
-1012
-7180
-5338
4909
-4347
-8371
9952
7109
-5781
-470
7989
-4327
-1212
9431
4781
-6213
5706
-3528
-2379
-393
3399
-283
-5986
8112
6596
4831
5761
3702
-9940
-4107
-4910
-2284
9733
6078
-3698
-820
4233
2269
4295
-7343
-8069
4781
-3210
2004
-2797
6133
6489
-1441
6040
-1370
7805
4880
-3689
7088
-1117
-6391
-3180
-1322
7677
-2736
-997
-1526
1776
-401
4246
5316
922
8538
-4385
-57
3836
6796
1032
-2933
-4070
8328
5110
-2691
7916
8606
3580
7896
2764
108
2469
4264
6095
-1421
-981
5365
-5899
-6872
7126
-6859
-442
9374
-4451
4297
9061
4894
-247
8477
5926
1645
-7896
-374
5552
924
9908
9722
2278
-9378
-3645
-7503
5856
-4406
8706
-2752
1881
5371
-3551
8411
-8842
-3376
9025
-9257
3251
1445
8164
7325
-542
-5140
-4908
-6727
-2180
-861
9153
253
-8806
-5401
1963
4749
-5117
-5671
2692
-880
-4673
-1933
9273
5622
1853
-1387
3997
-2573
3764
1466
-9728
-6010
7083
-3856
5697
-9513
3525
887
7747
-8928
2907
-5705
-5262
2463
-4636
6415
5824
-7790
6852
-2268
9157
7166
7413
-6862
-3844
6793
-2481
9347
3932
-5902
6513
-9626
-7619
-4388
-2158
7717
6936
5191
9771
-544
-5580
9102
4030
-1734
-1856
5165
-9489
-1234
5088
9455
-7825
1953
6775
-8609
-6988
-73
-2285
2254
-6499
-4112
-4936
180
-3754
-5423
1949
5992
3328
9389
926
8815
4998
2256
-6297
-8635
-6513
-3301
-7450
8829
-3937
5798
-4167
1544
5854
-3134
-416
-7724
-7636
8338
4544
-3784
8577
6277
-2507
-1197
-7714
-7817
-857
-3593
-3883
-4359
7944
-8372
1744
-9348
5005
6255
-8279
558
-3638
-2761
-3667
-3293
-2555
-141
6274
9972
-4413
6951
-4036
-6017
3050
5175
-3501
5426
2515
1534
-3410
1978
-1884
487
1847
3618
4087
-1295
-4727
8261
-2674
497
-8641
8958
-7806
-4141
2964
-5204
1595
-1209
4494
5005
-3392
-812
-2913
9242
-7601
-949
-6841
5881
162
5852
8392
6602
4993
2330
-8775
2536
8343
2863
-8710
8991
7278
-4676
5221
1254
-8335
9553
-699
4889
-3749
8687
-1041
4279
-5604
-574
-7154
2608
2755
-7582
8126
-4955
1432
8667
4977
3724
-8087
-1492
1054
-2241
2182
-7114
-8858
8029
-7436
4359
-3375
-2005
-2302
9018
-8818
-3637
4363
-5087
-9113
4973
-8753
1400
2421
8364
7727
-7222
6521
3703
-7050
-4640
-4983
1029
5022
-3899
-3700
-3492
1625
-255
3603
-3804
8556
7332
-8118
4578
-5692
2531
-3324
-9237
5936
-4587
-4622
5524
-8326
2013
-6254
8101
8781
3913
8997
176
8935
-1357
6969
-6675
-6130
8380
-6662
3064
-1832
-6564
2
4616
-1478
6074
8547
-647
6097
-9091
-7764
-7040
4887
8625
8746
-8259
-8424
6851
-9693
6941
-4118
2313
-1006
-5171
9153
-4612
-5969
6597
-1235
8511
3612
2615
-4178
-6804
-1600
9082
-3616
-2728
4762
-2193
-7923
-8234
9218
-3522
-823
-4003
-2982
-4517
5092
-728
1381
-227
-1274
-8915
-9656
484
-1379
-6193
5729
4329
-5169
6963
-3252
72
-5836
-9128
-8794
9069
-2600
-6568
-7297
6015
-98
4068
-6783
-2353
8305
3472
-6685
2276
-2149
-5988
-4178
2713
7010
-5769
-9384
9663
4843
-4161
3445
3316
-5791
2345
3109
-3499
1855
2488
1687
-5140
-2419
3974
9036
723
-6273
1805
-2560
2957
1120
-8836
-7127
-6286
9519
-2169
-4276
-254
-9705
-6701
-129
1255
-792
-5636
6995
1730
4504
-8552
-5833
7484
-9738
2544
5457
4489
-2064
900
-9642
-6242
-7529
-6794
5142
-1579
9042
-6544
-2038
688
-4058
8154
2803
3993
4247
-6035
-8008
-4567
-1444
-2081
4680
-9779
-9272
-6611
7999
-2007
-6528
-71
8215
-1381
6671
-7845
2477
-5817
-7580
-6055
5595
4849
7105
-5785
4660
-4147
-2888
-6838
-9942
-7053
9428
9814
8486
7907
1438
-7081
7457
-9530
141
9023
-1402
-3822
-8384
1867
1365
-93
-1162
-7326
4032
-513
-484
2314
5953
5845
7369
9086
-1295
-7476
9224
2276
-1536
-3725
-7838
-9520
-2056
-9344
1797
-6633
3679
7215
-7251
-6615
-6861
332
-2660
4165
2470
352
-6389
-3843
5841
6217
-841
-530
-194
2660
-3185
5407
1350
-3762
-706
9351
8204
1157
-8251
8293
2406
-9959
-6376
1922
6325
8053
-1357
7880
-512
5968
2488
-8535
-607
5276
7776
-6359
-8916
3137
6500
6935
7736
-9464
5967
5736
-9890
997
228
-5925
6949
-3545
-526
9656
7097
-9594
-821
4609
2746
3557
-6848
-823
-2611
1063
-3858
296
4232
-1812
6460
-3260
662
7812
3767
-565
9416
70
4457
-1184
2687
-7201
-9269
-7501
-5272
-8823
2991
8731
-737
-5103
4024
4611
6889
1355
7260
-7311
-8829
3231
-5195
-9425
1543
-3677
2937
9836
-4305
7605
-5109
-7292
5982
3998
-6492
-3584
-3764
-8051
3723
4381
7780
7850
2345
5963
-650
-1110
-2077
-388
-4046
-7501
-3300
-9916
4057
-1243
9443
-3961
-3337
-6794
3203
-8242
-815
7709
9356
-6357
-9075
5040
-3273
8583
5449
7007
-2227
-1322
5302
6100
-6040
-3340
-5058
-3255
4725
1722
-8081
1290
-3355
-1260
-8697
1405
8641
-5920
8375
7236
7396
9976
3330
651
4410
-9405
4717
2322
6133
1240
-923
7939
-6993
9695
6496
7853
-7184
3111
-3748
3950
-4326
-5004
-1170
2572
-6518
5861
7469
-6435
-1008
-9695
-1240
-1663
937
847
4081
-8289
-2446
2018
9298
-3873
-5802
-4119
-9266
-256
-7140
2146
-1962
-2884
-1927
9012
-1247
-628
-7303
-1015
-6037
1568
-8101
-4481
-702
6837
518
2971
-2703
-261
-8177
-8445
3811
6319
-7623
7747
8060
2685
4178
7889
-3007
-6530
-4520
9751
-854
-5652
9354
9980
2499
6495
-8099
-5208
-692
-1184
-7653
968
8139
-4782
8983
131
-2579
-2184
8537
-2114
-3707
-1273
6283
4644
-6088
5279
-8591
-4417
8177
-2624
-2049
1674
-9991
-6987
-3880
6382
-1035
3785
-5631
496
-5664
-1823
9478
1606
5231
483
-634
-8160
-5092
3489
-5148
-5420
9815
-23
9660
4300
1790
-2771
-8575
2362
6850
319
-4541
7328
5467
8285
-141
8727
-9651
-9510
2251
-2529
-3739
8703
-5655
-6956
1941
1072
9197
5062
-6735
-7580
-5999
-1122
9970
1783
-9082
-3374
2890
4433
5130
-5275
-2198
-2442
-2032
-1030
6763
8194
-388
-8893
-3577
-3710
5192
7482
2196
1670
1550
6205
-4037
1977
7478
-760
6631
-8146
7575
8645
-3219
2610
-3679
7626
-4907
3763
2494
2191
6039
491
-5615
-9164
3361
-1803
4378
3844
-6155
209
531
-2335
7546
-7511
-3839
-4011
6897
-798
9439
508
9396
4599
-1004
-4050
1740
2406
-588
8454
2149
7044
2411
-728
8882
4765
5768
-9831
-3850
-2331
-1767
1854
-7009
9864
9639
-7660
-2762
4772
1023
9849
1802
3688
4781
799
499
-15
-693
2502
-5272
4421
7654
1922
-1193
4409
-893
2677
2481
6987
3184
5016
7543
-5321
7003
-1224
-2722
-6318
8140
-2900
-7023
-1067
6445
-9855
-4739
4223
-6021
7772
-4121
1573
5479
-3245
-8038
-7253
-8641
-298
-6876
-3410
-7493
-2106
4880
-5433
2102
-5242
8583
-5323
6718
-1505
10
-4251
-7362
4154
7945
2898
3810
-1173
-7696
4786
8077
8123
3522
-3494
-2263
7068
8163
9354
-932
6085
-778
5078
7073
5948
-7965
2560
6136
6726
-2560
-5089
-9621
7220
-1393
135
-8295
4462
-6318
7967
5201
8802
2468
-440
343
2508
-3897
2481
2159
-6279
9605
-6027
-5737
-8553
2209
2488
4067
7103
-7509
5132
-6605
-1044
-5616
7259
-8890
4081
-3370
5481
-8045
-6585
3346
9990
-1596
4938
6945
5305
1271
1457
7742
5658
9135
-7177
6575
8931
-798
-2775
-1697
1826
-9251
-26
5722
-6845
-3365
7282
-6063
-8551
7068
7713
-7094
-2595
-8790
8290
376
-6013
-5888
824
3921
-1436
-5452
3780
-2710
1012
-1152
5017
461
8082
-5591
-1159
6974
5951
9011
-8833
6305
-3457
-8136
-6697
8488
-6452
-3448
-4872
-1547
2828
9234
-132
1145
6224
8398
-1093
-2387
200
-3194
7471
1976
327
3812
-1487
9253
-6353
9037
-7480
-1459
-460
7111
-7886
-1991
-413
336
-9878
-370
8407
3973
-7168
9207
-7330
8562
5741
-6505
-6270
4897
-615
-1331
-6154
-2606
3125
7098
4628
-6497
4675
9466
-6483
-9700
3414
-5250
-2252
-8960
-4897
4597
-2974
-5408
6398
1186
-3506
3626
-7285
-4231
299
-2895
4598
-1667
2070
7124
3840
6040
-3418
-4172
9838
3378
-2121
-1012
-1540
-565
568
-8498
-7572
-8605
596
-8378
6519
-7576
8842
5649
-6979
-4026
6677
1322
-7700
-3123
4735
4249
-7326
-5934
7130
-5799
6647
6892
-4556
7838
-3619
-7722
8628
2731
-2884
1887
-2074
-3903
-7033
-7932
-689
6865
-6444
1060
-3286
-3546
-8146
9704
5373
7300
-1908
-7910
691
1982
-3469
4940
-2358
-6144
691
661
1952
-2585
8299
9004
-529
-4233
-822
-2066
-332
9653
-1376
4273
9726
-5369
5996
-9414
6773
7598
-9385
-3368
-8763
3017
-8138
-1813
-6026
6756
1775
5383
-8376
-5899
-242
-4315
-1686
-8515
8935
-924
205
-1449
-8753
-957
7540
4948
9215
-4290
-5462
-8555
-7232
1283
5090
652
2804
3612
9421
-3541
-5575
7426
-9656
6991
-2980
2262
-339
5843
-1537
-1312
9910
-1429
-7724
-7372
3969
-2308
-3830
4058
8269
7164
7229
-3756
-7278
-1567
-8531
-2138
1976
733
-5290
-4087
7513
-2442
3082
7385
-7306
7816
-5092
8617
-5243
2807
-4625
-401
-1730
-9906
2406
-288
2514
7869
-1932
-9437
1462
-7050
-1700
-3535
9742
9301
2695
9329
-4245
4369
3165
7612
7490
9185
-422
7544
-9763
-2531
1173
-7759
-1746
5193
-7708
-6919
2574
4882
-7177
24
3848
5976
-5132
-7153
4938
-6440
-2543
-8072
8679
-8173
-7541
9632
9413
-2428
9347
2789
-7278
-9023
1974
-2648
-3626
-6554
9624
-8014
2479
994
-3993
-6592
2080
1736
6091
-8207
-8733
7390
1672
1181
2390
-8455
9838
-6378
-9730
-380
-8999
9298
5828
8441
-3007
3107
-9963
-5390
2956
4509
4561
-3882
-6966
-9952
8861
-8308
1033
-1834
-464
-4863
8976
-3094
8628
4440
-8430
3837
2893
-207
-2867
5519
-9419
676
6709
-6601
5296
-9437
-1728
-8560
-7983
4793
-8150
2676
3049
-6046
-3123
-6127
8412
8357
-2575
544
7400
4759
-9835
7442
6125
2159
5891
2699
-2899
8005
1645
-6598
-8718
-5632
2111
6890
8204
-9274
6162
9755
9819
-4203
3114
7612
2641
-3560
9209
3313
-4571
1007
2906
-7403
3398
-7596
-7758
8863
7889
-1931
-5621
-32
745
5062
-952
3244
9110
-5412
-9047
133
1154
4462
-7190
4526
-9182
-952
7912
6368
710
9884
7805
-7243
-9007
2782
3695
7680
3681
7310
-330
-2688
99
-7631
233
-4714
-3651
-1696
6870
2598
-1155
8030
6855
-969
-7084
2502
-5578
-7040
-6703
5119
-3326
753
-1700
-7874
5749
9837
6436
7384
3346
3523
-4559
173
-9538
-7327
-6387
-4269
-5863
-6658
7225
-8041
5812
-8799
-5553
-6127
-5962
-1256
7896
2711
4136
9417
-4123
-4430
-9585
-8013
-2880
-8740
9414
-8950
1934
-8707
-8835
-2761
-2310
-1877
181
2132
8276
9132
-7134
-3733
7462
9245
6057
-8971
6708
6234
5982
-5120
9586
9551
-2377
5831
984
1645
7578
-4000
2598
3497
-2495
-597
750
6359
-61
205
-4553
7114
-776
7756
-8121
-5427
-4633
-1195
-5248
-3181
-1785
1709
8795
540
-6312
6505
9868
8462
3675
-9130
3815
-4452
-2581
-8850
1030
-6926
-6287
3696
-625
-3680
6694
1443
4129
1655
-6966
9017
-4548
8423
4880
-3602
-3362
-648
9605
8064
-4323
1161
9225
9219
-8302
-4194
-4922
9942
7822
-7862
474
-5154
-3430
-4022
2475
-7306
-6602
-8253
7512
9141
-5475
-6933
7433
-259
394
-4093
-2795
9247
5974
-8081
7596
-5032
5198
6906
5472
9484
8922
-1629
-8688
-8289
-1082
-9098
6462
8634
-5889
8956
8412
356
8341
4928
-2256
1841
-3501
-7117
-2299
3209
3144
260
6674
-7072
654
-2748
6833
-1537
6290
2545
-2368
988
-5359
9120
7877
-7698
-1225
-4989
-6299
-1313
-3579
6526
-4905
3886
-9939
1339
-5971
-5261
4968
-8698
4041
-7345
-7874
233
-5657
-6102
-2869
-464
-5424
-6921
1496
-577
-4397
-2429
-8473
4318
2888
1811
-4632
1865
3
7193
-1512
-6112
6495
5786
2234
-5917
5850
-6091
-2366
-2567
894
-2752
2689
-8958
9698
-7361
-2985
-5791
-5041
1927
2305
-5497
6302
-7566
-6478
-2497
-1271
-3497
8115
7944
-8081
429
-7785
-8133
-4245
-8026
7630
8412
-586
-8298
-290
8595
2762
-5486
6660
-1652
2037
8300
5771
-4743
9956
2189
8861
-565
-8684
-7768
7567
7394
9886
-6464
-3117
-8231
-251
5998
9338
3002
1020
6396
7405
-2910
2211
-1915
-4313
2713
-9625
-5435
268
-4953
4171
-9717
2400
-9994
-8572
4212
-3529
7071
6095
7062
-5042
-4530
9560
9371
2390
-1905
-6655
-2877
203
2578
9268
-2744
1528
-3349
446
-4351
2371
6490
-2448
6681
-8339
558
3323
5187
4951
-8580
-7458
-3867
6962
6105
-7634
-9684
-4938
-7044
2248
-2436
-9196
-2217
-1591
9717
2256
4126
1310
-9706
972
-1537
9545
-4180
8633
9219
6590
357
-5489
-1366
2416
2979
3409
-2105
-7879
-7370
6658
-2824
46
125
-6153
4024
-689
-6551
-8986
-8878
9724
3013
-8469
6767
2117
7950
2531
-7671
7640
7447
-9881
-2490
7709
-14
4056
123
2539
485
5173
9448
-4833
4772
-8032
-3219
-3314
5681
3074
-1336
-564
-4890
3598
2951
-4810
7784
8664
-437
-4595
5908
6130
-3352
8589
-6462
4387
7275
-173
9481
4546
-562
7922
-1140
7049
1965
-8581
-5945
-7977
-3381
8756
-1503
-701
-4952
-5155
7025
-7940
4251
919
740
7762
7340
-7370
-2012
-4645
7107
6319
-1102
-3288
-3507
7969
-3223
8569
1048
-3404
3851
-9761
1198
8683
9066
928
1273
-9621
8143
2279
-6784
-2504
5532
9184
1228
-6153
-5960
6536
5903
-5068
9433
-6213
2400
-1675
-2610
4467
2158
8109
9207
4280
717
4405
4912
4945
9073
529
-1608
-7428
-994
4185
1606
-9420
3011
5070
-5106
-8451
3366
8867
3065
-4864
7235
1101
3314
-9049
8155
-1763
-9888
8924
9822
-6536
4257
-4316
-8123
-9397
2440
-4658
616
-4373
-3819
-5192
-9548
-1344
5897
-4735
4910
1886
-4171
5007
-6073
-6392
-7892
-7479
-4073
2951
-509
-8759
-1772
-1795
8305
9659
5793
-6540
-1924
-6240
2376
4872
-3285
-3375
9146
-6869
-4718
-2670
6109
8715
-8069
6954
-2188
-3221
8991
2946
-8074
6252
5668
-2224
-2248
9948
1820
8154
-4645
9438
-989
3045
1644
-9657
2840
5477
-6790
-2817
2467
2491
-3990
-5096
573
5115
-3793
-3225
5776
8562
8807
-7734
-283
-381
1305
-9887
-6682
800
-4633
-3558
-6728
9568
178
-1657
-2628
2706
3313
-9085
7583
-752
-5020
-680
-5091
7328
682
-3102
-5889
-3144
3923
-4214
7315
-5919
-1321
2136
2325
1138
3302
8873
4462
-2022
-7600
165
636
9668
4303
-4062
5768
5894
5676
5587
-2036
-2034
-9708
3847
773
6632
3670
930
6900
3803
2796
-9024
4181
1888
9701
3345
4571
8937
2098
-3644
6444
7567
9975
-6355
-4602
6770
-8500
-2753
-9615
2367
9629
5900
5251
972
-3625
-605
566
-4574
1522
-6152
-7547
4133
952
1099
-6114
-965
-665
3145
-5761
4091
-3612
-4711
7151
229
4493
-6697
-7576
656
-5311
8667
-1329
-5765
-1673
-3645
9807
3837
3312
9618
-6381
-5258
4630
7904
7972
-7232
-4940
579
-8646
6903
3511
5346
531
2688
1545
6384
-3866
-4670
1755
-4026
1134
-4883
-6360
4422
-9827
7486
-5986
-2736
-4677
-6959
-5225
-9897
-2914
-9717
-5416
3419
-5497
824
-1590
7396
-3152
2839
8447
5442
8526
-8284
-9767
2992
4802
-671
-6678
-2231
-6718
1605
2870
-3662
-2078
3064
9010
3283
-581
-4665
4376
3269
2065
-5420
1035
7059
-8117
-8318
4772
-6871
9397
-3925
-7418
-2764
6011
-6092
-7218
-7603
-9779
8886
7458
1532
5372
8879
-8681
-2906
1907
-1047
6527
8
7855
-9726
5476
-9349
9867
-8267
8581
1850
481
2375
4672
-7806
587
-2448
-7437
-5147
-9982
9670
5291
3246
3398
-9092
7016
-6267
-9974
485
-5765
5892
-1287
-4372
-3241
-3146
6808
6288
6579
-3010
5907
7099
2795
-3514
-2384
-973
-9557
3084
916
5463
6419
-6080
-4776
113
-7734
6631
-713
940
-6960
5174
-9978
8242
-2248
-420
-4145
4243
4858
-1855
586
5314
5219
4355
5251
-695
-6266
-7000
-9746
5971
-40
-2763
5616
4919
1506
4370
1187
7740
-3033
4370
5406
7213
-4037
-4175
-8646
-6814
-2924
7704
2655
6507
-2663
-130
530
2528
7062
1185
2865
7274
2138
-5523
8106
4173
5849
9670
3503
281
9898
-6298
8071
6286
9314
-1699
462
-9569
9090
-1658
2787
-1036
-2274
-4211
-6041
-533
-605
-5201
4039
-8847
-7039
3974
-544
6499
9314
-2090
-8602
-892
-5098
-7500
-2033
-3664
-2187
-275
-6461
9588
1728
-3696
-1339
6800
-8509
-6262
4992
5717
9983
-6011
1873
588
4875
-8452
4935
-3325
2996
3335
6331
3979
163
3541
-6462
6017
-6049
1409
4841
-7456
8182
4004
-6178
-777
-2348
-9002
1645
5581
8192
7157
8371
7963
-8958
5621
9866
-9710
-5984
8820
6317
-8594
1831
-9995
6442
8268
-723
7075
-1986
-2574
-1382
1111
-1798
-4444
-5242
4136
4944
3968
2560
-6045
1314
3722
-9995
-6830
3788
1988
5847
-1350
8182
-6094
-3347
-8708
5928
8799
8140
-7260
9694
369
3408
-9288
-4037
-7792
4966
-6474
-1554
-444
9106
8430
-9988
8447
-7957
-1757
-7274
-5921
690
6368
9599
-6428
4053
9147
-2225
-1959
2358
2395
4015
40
5360
-5994
4422
5739
-2211
-7703
-6025
6668
-1120
5613
-6592
9427
7222
408
-2163
-5362
5727
2796
6623
2016
3419
3242
3889
4158
-9254
-6945
-5942
4932
-3977
-6937
3688
3309
9408
2080
-7908
8784
412
-4806
-4391
-8032
6385
5490
773
-1143
4577
-6516
2554
6913
4553
-9268
2306
7734
1648
-1585
9205
-4602
-7422
1508
5620
-1921
6801
-5585
3785
9936
4827
-6401
8301
-9866
779
4578
-9598
3109
3791
5007
9387
1252
-2029
-5782
-1591
-8040
-6999
946
-1287
7948
5624
4982
9795
-8552
5337
7775
6188
-5494
1654
3683
-4232
-9519
-3426
7301
9045
4805
-8276
1527
9613
6585
-9624
602
-1699
-3950
7133
1974
659
612
4407
-5991
-5218
-2424
-1331
1750
1344
-5481
-3607
706
-12
-2756
-8660
-7084
3900
-373
5427
-5563
-5799
6878
5268
2223
-5898
172
-2693
-4344
-6001
-7095
7478
8254
6211
-121
4285
2173
-3622
-4076
1942
2721
3209
3355
-2184
-9629
-8196
6725
-6825
3055
-976
2460
-3100
-1874
5865
1324
9225
9332
-1891
8671
-6100
4532
-7161
-9833
6509
-4346
-6378
-4864
-204
-591
-9560
9717
1774
-1525
-3157
-952
-8385
5085
-4382
207
6119
-3686
-5814
2837
6914
6801
107
2344
2929
8145
3996
8539
-1503
8784
6668
-2727
-1864
-6183
-79
-7639
-4190
1897
7805
-3313
-2747
7374
4602
-2672
-7405
8175
-1046
2178
-2052
-1796
-6302
3590
-4174
3258
-7378
-2603
-7174
-5617
-5069
8948
-5889
9643
-5184
-383
6197
-8073
-8638
9932
-1613
-5010
5520
1729
-3337
-347
-6338
5854
-5338
-2400
8299
-6657
-2759
-9345
-5723
-2275
-165
-1479
-1442
5233
5979
1893
-403
5358
-839
2661
-7592
-6578
517
-7354
-9887
-8604
-8584
-8345
-5429
2989
27
-9169
4777
-590
-4691
8017
5183
-4084
-8577
8338
3115
4859
-1795
-6487
401
8335
-4286
4350
6214
5573
4293
-7005
-547
1885
10
1553
4783
-5086
-1845
-3526
-1490
7021
1271
1497
-8687
2040
2407
8874
3474
-5198
4125
-4239
-6134
1157
-3738
-8063
8615
-1980
8169
-4122
630
8311
-4822
-8544
-2520
3801
2373
8043
-6521
7062
-1161
1612
7072
8914
3939
6703
-6427
5245
-378
-1762
3978
7411
-2885
1871
-6410
2772
-7076
3224
-1128
7710
7538
-5140
-7174
4265
8394
5452
6350
9375
8643
-6203
2137
-2666
4215
-1815
-5624
4666
-2281
-1158
-5683
-2443
8464
8260
-5330
3690
4283
-3833
7419
3536
441
-1184
-590
544
1343
-5658
754
9669
7641
-6299
-4293
334
6529
2076
6629
7162
-4000
-2724
-3856
-9440
9376
6011
-5703
2881
9
-9080
-5294
-3927
3266
-1401
-4831
-2449
3657
-832
6684
3475
-5280
2294
6146
2365
-3627
-648
5571
-707
-6238
-5525
9563
2144
8709
6019
7403
8310
1089
7478
2038
5132
9864
-910
-4561
-8824
2385
7940
9384
9116
3886
-700
8048
-4475
-1999
-6557
-8980
-361
114
2153
6419
6958
-8809
-9895
-4183
-7215
-4131
2699
-9010
-9522
-2527
9622
-3772
1910
4897
-5766
-3047
-6262
6375
-4813
-2236
1690
-4267
1433
6697
-5997
3803
-3883
-9231
-2903
-333
4151
2634
610
6943
4166
-9028
-4186
-8541
1800
9196
236
-6993
-9636
3264
7381
7016
2832
8695
-184
-9234
9785
2830
-7309
5059
761
4950
-6974
-7858
-5169
-7200
-4033
-6250
-7759
4627
3369
8329
7618
2037
-3758
95
-1613
-9435
4784
7442
5627
8381
-6981
-8685
-2806
-8769
1970
-3801
7936
-9257
-5035
-7288
-968
-4853
-7326
3896
804
-2005
8657
-330
2470
4968
-4755
1478
6982
-7165
4716
6720
3410
7825
-5423
433
-6899
-7235
-9729
942
-4752
-3656
-4312
3841
5066
1113
1298
-8881
8866
100
-4956
-4420
7203
-2561
-1110
9811
-9250
-8436
-2229
4053
-6103
-3493
-5616
-8508
7659
-7263
-5580
2591
6737
5420
3038
3915
5436
3167
-7594
-8621
-3604
4866
7829
3317
-8263
461
5257
-7410
-5840
-1075
-6218
3467
-6131
-4569
3817
3696
-8098
-6838
8976
-2609
2750
6123
-5613
-9552
7690
5749
-39
9841
1180
5329
-8768
9993
1017
1710
-2104
-766
4934
-8703
3112
1527
-4783
9023
-2863
-878
-6311
-2713
-3239
1361
-10
-3865
-7965
-623
-6211
-1422
1055
7429
9351
486
-9383
-8582
-2204
-7691
2727
1970
-717
7933
283
1730
-4092
16
7394
3822
2725
-5644
49
4194
8743
-9568
7535
7143
9973
8699
5592
-8491
8432
4501
-3371
6759
-8646
6088
-7567
5647
-9471
-1119
-6191
2812
5471
7777
-2645
-3188
-358
3935
7972
-9933
-5518
-8922
-5466
2409
1236
-9238
7193
-8609
6863
-2037
6394
8890
8885
-9196
3208
8960
2612
440
3739
-2704
4035
-6094
-4073
9599
3307
-8795
1536
7240
-235
8764
-5210
-6797
5207
9074
-6552
8120
6051
-5784
8776
-1627
2462
2756
631
-6127
-4844
2510
6147
-5289
3684
2587
-7020
599
8886
1514
-8366
5318
5924
9717
-1798
2244
-7073
8499
-1968
-7854
-1561
-4535
4061
-6804
7993
8266
48
3695
6112
2028
968
3525
-2606
-7791
-956
-8295
-7474
-4977
-6313
-4877
-3295
5991
9512
-8438
-9598
-810
-3719
-6464
8546
-2256
8110
-750
-6108
447
8125
8577
5009
8297
-7600
-9773
-1877
-9931
0
3323
-1210
-401
341
-5772
3060
8190
-2620
-3796
-9659
1651
285
4993
-8593
-6739
-8463
-4212
6616
-6191
7496
7543
8668
-9642
6821
-2467
-1284
89
-6980
613
8198
4557
290
-9064
8663
-5893
-4197
-7218
-5764
-8182
3857
-8846
2848
-430
-2162
-3160
1067
1928
6017
-4486
-11
7922
-7495
-7408
6387
-6130
7232
3181
2835
-3003
5317
3590
52
3626
1856
-490
654
687
-5361
-2788
2436
-6014
2167
7765
2051
2875
4205
342
-7483
8421
-5625
-2117
-9189
-3459
979
-1844
-5268
-1086
9013
370
5610
-6597
6450
6027
-3613
8599
5564
933
-1779
-5237
7867
-4748
-9242
96
3734
-60
5122
9445
4438
-2744
-1512
6245
-8731
-1413
-3814
6623
826
2374
-4206
-1334
-457
-398
-6078
-8178
-8553
-1033
3404
-1284
-3965
-7208
-9261
-9711
-7692
-1434
-1939
916
-1099
5021
-5423
-4304
3719
-7457
3447
-6272
-4417
2295
-2722
972
6926
757
-1520
-337
-7057
611
4332
-2846
4266
-5825
1963
-2954
-4656
-2006
-9170
2161
6012
3701
8665
-8279
7975
2240
-1173
1625
-2121
-7035
6108
-5575
7342
8946
6396
-4222
5680
-1688
-3988
-1679
2573
-6103
-9677
-6044
3315
2564
1994
-5952
4469
-8786
-5143
-9201
-4952
-3884
-5222
1047
6558
-4629
7291
-4387
7809
6578
3250
-5297
8182
950
1935
5175
2002
-8003
-8378
5055
2593
8983
8734
-8612
-7646
1683
-1031
7807
-6160
9169
9606
-9177
-5840
-7250
2853
9370
-7346
3938
-9744
-5673
-8415
-3308
-474
-1005
6571
-6936
-522
-3139
-3820
8389
5481
-4755
601
-144
6027
4328
-9047
7716
-8593
-7842
7598
2828
7496
-7840
-9959
5954
-8532
9424
-1450
8769
2392
-2471
-4917
-8655
-8630
5556
-6536
-721
7400
9856
9082
-7584
-6650
-653
6540
-3530
7086
-9963
9278
7631
5841
-6289
3456
-9882
-2477
-6526
1793
-5494
7744
-650
-5409
5100
-6330
1972
8012
-2830
-9733
4459
-4442
-9950
4339
3921
5253
-9082
-2823
-1688
7875
-2904
-4038
-7825
-2697
1656
-7741
-5896
-9399
5791
-5667
2822
-4790
-3664
-9769
5486
8507
9295
1742
-365
-7000
-1912
-5362
-3730
9428
-7243
4606
-7708
1321
-343
6065
1857
3161
1115
3706
-813
-1387
-6613
7717
6041
-8775
8743
-6853
3747
9603
-2013
5463
-1607
2585
3630
-2239
-4143
-1154
-7424
7576
-263
-6347
-3833
-440
6797
2295
493
-3598
8697
-8102
-1864
-8201
-9961
2781
1744
-4813
9345
-1803
-9552
8216
-1419
-4848
9797
7547
6658
-4355
4302
-1706
3896
3600
-8412
2318
-4681
1207
5711
3019
-1891
-6210
533
-4334
-4271
-4123
-3977
-8021
4491
-9792
7047
3349
779
-7262
4048
548
-1235
355
-436
-3383
5495
215
1952
-3654
-611
-7695
6029
-5325
-6705
9107
2268
4930
3246
3629
-6039
7908
-8659
-9426
8166
7646
-4356
3439
-4100
5078
9277
6684
-7969
-1976
2540
2919
-468
-261
9915
-3566
-4682
3055
4475
-5900
612
-535
3014
-4681
7439
5143
7593
-9643
-2374
-6212
5939
-2562
6301
3633
-5298
-7973
-9394
3851
1849
1039
-4355
9181
-1805
-4554
1002
3184
899
-4624
-3571
-699
6167
1164
-1264
994
-7601
-5034
-3343
6480
-7559
-8374
-2386
7428
2675
-8490
-3174
-5211
6386
-8505
163
2765
193
9926
-3441
-1118
8297
3241
1678
-5146
-3343
2733
-694
29
-663
791
7933
2268
-4642
-5181
6427
5587
-3595
9977
6617
2559
-8906
-7144
-771
7378
-74
1131
2714
-3829
9800
-3263
-5047
5238
-2255
6183
-7119
9920
3297
-1183
-9638
6497
-3529
2827
5991
-8350
-3852
-5992
6110
5401
8398
143
6010
4468
-1627
4498
-5037
6497
-4744
5564
-3256
120
1574
-5478
3474
6211
-5565
-5558
5886
-7339
-7701
4522
-8521
-9401
-9726
-4930
3318
65
8348
4623
5920
-125
-3833
2098
-7109
-9406
781
-6129
5142
8390
9759
-253
1232
441
5936
2194
-4894
7140
4929
6769
1933
1079
-6621
8371
5510
6237
-4905
5751
-9877
5981
-5011
7463
-7146
-2697
-360
-1107
-9767
-1044
-7743
-3280
5252
-8937
-3007
-17
5148
-6477
9442
-9424
-7244
3288
-7545
9193
-8564
8945
7986
-1740
6836
-9539
-9205
8808
-9797
5817
-7345
-5570
4972
-4758
-8958
-1477
7351
-7013
-6303
1430
-8794
7166
-954
6169
-900
2458
-3887
-5255
-2615
8297
-9277
9440
4885
-5648
-4822
1839
-7315
6231
3556
8866
5955
6351
843
-2609
7122
-9130
5544
-6057
9447
-7931
6159
1351
5226
-854
1192
-9144
2613
7312
7922
-4041
-2153
2906
-5328
-7100
4763
8095
4993
1397
-3361
9467
-8473
-809
7049
-9829
-842
-5296
-5007
4778
-7902
-8241
-7064
-8937
-8898
-2680
-9302
-4621
-7487
-3623
-5959
-9327
1165
3093
3441
6176
-3419
-2995
8276
3170
3432
-8472
