9528
-627
-1583
-644
1351
-4948
986
2127
2653
-5841
6207
6906
-396
-823
-9496
-4626
4129
-8215
-92
-8024
1722
357
-896
-9407
-676
332
4750
1230
-3080
-3088
-8100
3101
-8816
-1994
6391
-8543
-201
6174
8604
-4848
-1371
2286
-8018
-8532
7395
6781
-2502
-7006
-1386
-1171
-431
-4378
-2652
3322
7630
-5540
5339
2376
-6725
8118
4950
-3560
2672
6220
-9597
1830
7337
3464
3968
70
1546
5272
6550
-8408
5218
-2061
4889
-6079
4882
-5603
-9389
-6244
3200
591
-3495
-7185
6921
2239
6946
-360
-8135
8583
9254
-6972
-8653
-3113
2562
-9886
8860
9324
-6578
-7015
-513
3822
3428
5611
7578
-8757
6970
-4297
-457
-7500
9326
1136
-6709
-9736
7239
-1534
5734
-3436
-2234
9377
5790
-1534
1475
8422
9180
562
740
8683
5494
6975
-7000
4316
3356
-4454
5688
5328
-8336
2085
-6968
5345
-8338
-8976
6036
-1621
-8133
-5635
4824
1467
1491
-6193
6338
1412
2801
8463
-8307
-1480
-50
699
-9820
-7239
7538
-4958
-3200
6494
-9814
-6976
-3478
-5869
7989
-1590
-9524
4868
5781
-937
-4158
1512
-5440
9859
-5355
4124
-3055
-9264
7049
8439
-8630
-3563
5984
-7846
8823
2691
547
-7283
-9232
2755
8597
-8066
8744
-1856
-3927
1769
-598
-9274
5173
6156
-3553
-6861
6768
5137
1811
-1235
-8802
-7719
4215
-4161
1588
-8013
1637
-6361
1115
-9503
-6437
6933
-3616
-1981
-9432
6536
-1017
-8827
-7866
-7540
-4163
5629
2586
8470
7427
8552
3794
-3232
6525
-2306
-2567
7846
-1210
-3075
9678
8719
5871
-1369
-4129
6844
4007
3380
1320
-1739
-7061
-7155
4778
-7421
4147
-1636
5993
-268
-6834
2465
4034
5225
-2350
8361
370
2487
9312
5782
4589
1531
2400
-7656
3548
-3158
-6278
4015
9912
-3084
4501
-8510
-5998
-2525
-6149
5004
-5375
-2220
-1493
-2695
-7768
6383
-8117
6554
2480
2168
-640
-2257
-1747
-8448
-379
-1253
8248
-4889
-6175
2101
-317
8651
3918
-8831
4334
-1366
298
-5685
-6211
3504
5773
-321
2962
6696
2831
4338
904
7152
-8246
776
-9223
-4896
2210
-3192
-6342
-4265
2985
9802
1821
782
-3025
-9256
-8351
-8386
-1400
-1662
6839
-8816
7794
-9618
-2522
-1874
5345
-9222
-1589
1309
3169
308
5915
6075
-4522
8465
-8114
847
3268
8803
-389
-2856
9542
2877
8421
4332
-5334
-5709
-5874
1131
2098
9416
6015
8526
5403
-3599
4425
-4507
6186
356
788
9472
-4192
3544
8358
-8704
6833
-7750
-6861
674
5896
-2322
-8298
-9846
-5256
-9764
-5420
-7428
5084
5821
9457
7297
-1919
655
-7138
-7182
9394
6653
6963
7140
1424
-8637
-1249
-8300
8228
6465
3565
-4952
-5674
8404
-826
2127
-131
-5982
5521
9003
4270
7556
6368
5729
-4058
8263
5002
-7506
-3573
-8696
2229
5192
-2217
3199
9834
6060
8378
1454
-2991
1866
-4694
-3750
3880
-3915
-2659
1186
9322
6427
8543
6929
-3906
184
8308
-3622
-5423
-8158
-6547
5044
-1232
3653
-3336
-7207
2596
9311
3334
-5210
-9006
2301
-3461
-7401
-6040
-6950
9056
-7623
8399
1178
-3545
9692
-4416
7146
3319
5624
9565
-9768
7816
581
-4272
8914
-4557
-3048
5672
2470
322
-8295
3885
-7769
2550
-6866
823
8324
-9563
7490
3599
1292
4285
5635
-5199
8636
3744
4697
2221
-1579
-5840
-6758
3233
-3601
5604
3773
1554
-1966
5510
8066
3139
1591
-8249
-3113
3631
7896
-5843
-1717
-8624
-7216
5950
8878
-7726
-4342
-4806
-950
6083
6805
-6346
-999
-6703
4626
-8762
2657
3126
-2430
-2991
1225
4785
-8059
2451
1328
6729
8119
-9705
-4946
1303
-6255
3691
-2342
1847
-4373
-655
-1082
7502
-515
-2961
-5124
-3811
9637
2630
-6771
5974
-5164
594
-9187
-310
9847
8445
6126
4783
-4216
6755
-8540
-1299
-9685
-2917
4811
855
-1259
1907
2500
-7646
-1691
5367
4705
-9710
4941
7958
3394
-1837
-1837
-5088
5400
1093
4928
-2783
4169
6553
2725
-8727
1796
2589
-5737
3328
-1412
9458
8019
1019
9553
-5776
-8309
4965
-1797
4998
4257
-2829
2654
2006
1719
-7328
-2455
-6544
-8674
-2939
-9837
-7365
9889
-9291
-8283
-4693
4162
2535
9159
-8893
705
8315
-1697
51
-5008
3820
-2441
6637
-7413
-1833
2840
-1317
-9537
6727
3859
-8595
4665
881
747
1986
8296
147
9440
-8137
-4124
8673
8474
-1499
-8915
6641
-6709
-5956
6986
9306
7717
-9147
-1266
-2070
-6259
1138
-3314
-4301
-893
-1564
-9065
4085
9498
-8402
567
-7161
1235
7118
6547
5939
-9323
-1102
6201
-8660
3868
-3028
-1343
-4542
2985
-2038
-1728
-8037
3403
-3522
7194
4226
8909
-6661
8122
7811
6041
-9859
-2634
155
1714
5749
4938
-2401
-6699
5534
4278
7823
2197
-7094
8051
-3240
4172
-2490
5845
7595
-1540
-8314
-3369
-5598
-9826
-6649
-6548
5726
1502
5319
-6434
-4790
-7841
3593
4985
-5810
-4838
-3525
-265
-1974
-7508
-7707
-7165
7104
2720
-1388
-6346
2235
586
609
9801
-8663
8413
-8308
-6134
-139
9228
-7182
2502
749
-8954
1497
2967
476
-2488
-37
-4996
-7441
-9107
-8864
6762
4357
1911
-5720
-8020
6905
4342
7497
-6379
3382
9210
-8482
9009
8259
-2097
-9808
-7040
7073
-1556
-9943
6210
-6487
3082
-1913
-2682
1252
-2467
5456
-7370
9341
-6889
1317
5622
7575
8814
-504
-1608
-2679
-8648
3475
8434
6916
6955
-2943
5626
3185
-6011
-9293
5395
1781
3500
9408
7876
-9913
8202
-8155
3408
-5471
8714
-6718
-6829
-8607
1399
3524
-4771
-8167
3068
-1579
1961
-5233
-7206
711
-6671
2645
-9947
-4424
-8608
7676
3474
8860
-4802
-4820
18
5697
314
-7044
9222
1739
-978
6794
-5274
-5408
4799
2525
7924
-4392
-7115
-2632
3252
9283
-2190
-6240
5913
-5232
497
-9535
-4439
7315
-6649
-7045
5170
5642
7663
-9622
-8376
3052
-5012
4715
2238
1651
6844
10
-6459
4437
8599
-8468
7539
4763
1299
-1390
-1951
-9513
-6805
-6261
1839
1499
-8446
7785
217
2825
3620
-3822
9121
3737
2175
2707
-4678
832
-702
-4842
7630
4402
-8216
9376
-6505
7153
-3136
-6284
-3332
-5593
4952
-5234
-8545
958
6522
-5259
-2573
-8706
-4556
-3414
6507
-4345
6507
6399
3162
8627
1837
-6381
2900
-6995
4416
1190
5659
-6571
678
-9440
1733
-8955
-5089
3194
9124
8626
-442
-4288
-4489
-4842
5583
5618
-8072
-9582
-7243
5333
388
5310
-5855
-170
-9902
-4108
-7452
-3948
6423
-4085
-5058
-8641
4561
9859
3323
-8373
5204
1403
-9599
1178
-686
9563
-3130
9458
-1099
-7151
1570
-7663
5000
-1685
-682
-4932
-7695
-9556
8701
-1176
-4207
1707
-1625
7406
-2066
7718
-9467
4966
1144
-8632
-6377
-3801
-3879
-8828
-9464
6873
9465
-3740
-2117
6389
9832
3377
7717
7672
3582
-1203
8681
8154
6430
-4187
-4021
-2249
-3158
2611
5768
7662
6620
-7568
-975
5083
-3883
-9976
1325
1134
-8279
-7444
-6819
-3964
8800
-4299
3502
-1923
-5069
-5751
7725
-8400
6942
9257
1059
83
2668
-4932
662
1649
-8534
2088
9602
7230
-5880
855
482
7834
8515
-6243
3539
4395
-4638
6961
7335
8076
2646
-2865
6129
3049
-9404
2977
-3078
2092
-2954
-691
-2523
-2014
8970
4010
7788
-4213
-1771
6413
-3158
5439
-6180
-8332
-11
-5249
6135
97
-7404
-9551
-9567
4695
6901
4164
-6793
2718
9840
8362
1419
2475
2859
6002
8584
-5379
4045
1042
-5285
485
-7812
4991
-1443
2288
-1279
-6137
-8425
2767
-8777
-4309
3794
-2069
-3948
-342
-7207
-2179
819
-6413
2589
4467
6230
2015
-5973
-5110
-6057
410
-6741
2018
6738
2138
2363
3136
-1845
-5396
-3225
8770
622
-7898
4623
-9933
1753
1224
-7592
601
-966
6613
8892
-4274
5489
-622
-3155
4222
-1894
178
6983
2435
6390
9141
-5615
4433
8235
-2728
-7659
5812
7627
1841
2369
-1695
-9160
-6723
6920
-2093
730
8189
8274
-4596
5647
-5144
5304
-783
-2602
-9103
2114
-4272
-4183
-9987
2709
-6421
9617
-2583
-529
-368
1564
-9775
-3747
-5295
9970
-6882
8670
597
-8184
1252
-9134
-3988
7885
-2661
-9327
8467
9701
2977
1132
559
5827
8070
4805
6255
9455
1007
3534
-1698
-3348
3201
8284
2793
6526
-9361
9221
1663
-3698
2864
-3941
-8137
-6806
-461
786
1321
1843
9121
7574
-9688
6989
-3250
-2230
8117
-3
7532
-2006
6834
-3826
-9181
-2249
-289
9364
3559
-4001
-3696
3570
8762
2110
-1147
9086
8061
-1982
2023
8960
-3872
-3634
1744
6244
-3342
-6273
-8837
3645
3525
-5277
2749
2824
-3688
-6155
-5871
-6421
-3286
6837
-8848
-8429
-6833
470
386
174
-1032
5782
1499
-9798
5317
-1050
-9438
-2903
-4259
706
-8346
-804
9161
-708
2154
708
-6618
-9932
129
9035
-3816
71
7097
-5129
3890
5757
-8394
7604
9834
-9995
-4289
9718
-2082
7353
9847
3327
3194
-8829
-3957
-3217
-2848
7835
5637
4884
-7739
6287
6578
9244
-3929
3496
6429
-7114
3668
-8173
1292
4855
4807
5722
-6550
-65
-8520
-8738
2252
2863
259
8595
-3059
3937
9608
-9906
-4981
-5313
7027
-7688
-8035
3551
-9338
-9140
7308
-7978
1274
8065
4930
8468
-7364
204
1955
8266
-7050
-1989
2277
-7411
-6019
3568
335
1427
-8430
9347
604
8100
-7978
-5732
9650
2433
-548
-6306
-854
-6142
-7580
9211
7843
3416
-7213
195
5131
9118
-9779
7447
-3475
9050
5288
-1137
3111
4485
-3142
1404
-113
4763
8555
3418
9917
-2434
5861
-7103
7276
5149
-6236
-2129
-3787
-7332
-6219
5855
-2535
-2476
3879
-3055
-4362
3891
-1442
1450
-1814
-7666
6799
-6354
4901
6684
1401
1062
7476
-8635
8774
-7002
-4251
-4145
6104
-9125
-6258
3367
-1188
-7536
-6896
695
8408
5934
1636
7612
312
1086
1897
3109
5924
5244
-7671
9593
2928
-5217
4043
9775
8532
-7600
-3926
-6595
2985
-9578
-3049
-3969
-477
-8684
3515
829
4484
2874
9097
-4771
-8466
4414
-8848
-4444
8287
7160
5559
-1776
9732
7065
-2160
-6086
-3040
9977
-2218
2211
6505
-9163
379
-3861
2921
7327
4799
1603
-5823
-4421
-6402
-2114
-7389
2995
9144
-1628
-6145
-7458
-1371
1882
642
-2240
841
-1272
-4705
6574
4987
-7424
-975
-343
-3627
9943
2047
-6331
3457
-3692
2733
-9031
2396
-3654
2696
9198
-7140
2141
-6056
6284
9119
-7928
3401
-8022
2454
4754
2112
-7535
-2507
3538
2900
-3579
-5116
8666
-4005
8763
4728
-3734
-9657
3963
-4294
6267
6071
-4490
-1004
-4072
6507
5072
9736
-8170
-6739
-6197
-416
8492
3656
3954
6440
8934
-2655
9160
8712
7769
-3989
9254
-3951
7900
4286
8207
-6472
8979
7124
5542
9831
-60
5663
5424
-8421
-7092
-1163
-766
-9405
4306
-3487
5293
2228
2362
-3570
-8587
-6318
-8966
3288
5293
7609
-9601
5150
-9861
1005
-6996
-2817
2455
-9041
8010
-3546
-25
6618
-5721
5391
8885
7931
2674
-5212
1636
-4501
-8498
8359
-1764
2533
-1369
7308
-3833
3770
-8196
-4408
-5835
6458
-2801
3464
-2969
-2075
-4858
5892
8873
-9082
4920
9845
-1181
-7107
2446
4880
3161
3676
4440
484
2144
934
-2043
4123
-8473
1581
-1194
-3305
-5783
1722
1395
6631
-4566
-3245
3456
-797
6177
9916
3176
-4053
3701
9444
2871
1788
-9444
-8456
6860
-6568
-6190
8511
-116
3238
832
9097
-1585
-9465
-4485
-7880
4935
-3536
-2800
9389
9884
4118
-3807
-784
-6666
-1206
-8334
-7414
4677
-3554
-9837
1415
3912
5499
-6256
3829
-4393
-5295
6463
4366
-4471
7797
7785
-3289
-3623
-6689
9098
-6682
9169
5284
-6115
9828
-9169
404
1571
3338
5728
-821
3258
-3262
-3879
304
-7116
-9458
1291
5485
-911
6187
-3154
376
6435
-5109
4753
2697
4608
-3638
1508
1927
8380
970
-2520
5404
-2923
9984
-9059
6732
-1231
-5720
3829
242
-5959
132
-340
6333
5096
8447
-4271
5145
9903
4597
310
186
8432
1906
-8635
-9327
-6897
-528
4944
-7843
4202
-4943
6718
-7096
1979
3243
-6298
2878
-3670
4914
8235
9432
-1358
5348
4415
8740
-8341
-3404
5445
9793
-8772
3022
963
-9237
-3059
1083
-4648
3071
9205
-1520
-1994
8836
-5767
5
171
9167
1693
4472
-9690
-485
-1943
-4179
-6980
-5108
-5508
-4062
5500
1151
-4204
-1735
548
2173
-6447
-1626
0
-7761
-109
4488
5126
-6952
-2514
773
3581
8746
3647
-3247
4023
7803
726
7579
7729
8892
-8433
9665
8053
-635
-9316
4927
2791
-7672
3110
-7964
774
-479
2095
569
3607
-3785
1973
2349
-1640
7775
4211
-977
-486
-1062
-6317
-8439
-719
834
-1085
-5554
8720
-3463
-4513
-9523
1095
8417
-4763
-8271
8535
-9348
1339
975
-7589
8870
-4464
-6308
-368
-7719
9545
-8641
2941
4766
-552
7767
2857
-1622
-9182
9510
5074
-4502
3721
3019
3414
6419
-2700
-5513
1578
4790
3624
6768
3778
-3114
-6310
3744
45
-488
3730
-395
5422
9427
-629
-8941
5400
719
1636
6652
2203
-3821
-6120
-6540
-7834
-2731
6622
-1280
126
167
-1317
-7121
7502
7417
8690
-8618
-6619
-3252
4363
5574
-4597
2977
-5843
-776
-4200
-7816
-854
796
-5944
5638
8873
-2438
5903
-6318
3506
-4244
1740
-8889
-5411
5873
2369
3130
1646
8168
8585
5175
-7485
3215
2965
5346
-1043
-6836
7416
-6501
9371
5589
5827
-2907
7074
6576
-7498
-2876
-4961
1152
4203
3235
-6750
-2956
-94
62
6439
6614
8979
8076
-7593
-5919
-7945
555
8494
9324
-9779
-2736
-3884
6203
-9200
4258
-4848
9465
9505
-423
3282
-8845
-6925
7781
6349
-4464
9719
6870
9330
2119
-7823
3818
-2383
148
-6740
2950
7840
-2697
-6296
-4548
9875
-5752
-832
5475
7690
383
-2495
-5502
-6619
-2325
3383
-8865
9017
-8214
-5464
8836
8212
-6613
9443
2894
-4323
6270
-5043
-7474
343
-4995
-5513
-4205
-507
9994
-8638
-4042
-688
-4526
4958
-1783
2321
6362
-1505
1057
-7184
677
5940
-9093
-269
3708
-1669
1306
1921
-3832
-9239
8063
8441
-3526
-3124
9867
-2431
-9104
-5863
2628
308
-5081
-3441
-1712
-4609
-6563
6804
2001
-2974
6137
-4408
-1337
-4046
-1421
9858
6405
-2892
5623
6850
-3375
-5015
6266
849
420
8563
-6570
-3256
5617
-8876
-9897
9182
1673
8213
122
-4339
-8412
-6154
9845
82
-5048
2966
3948
-8168
-6863
-9056
8141
-8400
-5119
-8507
891
3012
-4792
3668
-2403
1391
1998
766
6140
-7509
1900
3612
6822
-325
8292
3601
3781
-4317
8072
9400
96
3320
7375
9019
-6024
5855
-1279
257
9907
4288
-5653
2917
-939
3294
-8014
7663
-5993
-5368
4028
1861
-7010
2403
7709
-2379
6396
2725
-6263
8920
5338
2402
-5085
-9204
-3949
-8115
4421
9044
2810
-6453
-6872
6232
-2574
-1079
4102
-7008
2051
-4909
1845
-7862
5474
-9162
-4646
3428
-6481
-4966
5627
3315
9762
6031
-2020
6848
1297
2853
4205
-4924
4626
9888
-4566
-2418
3709
-7179
2588
-2949
2582
7042
4321
161
-8231
-4581
7583
6175
-5895
-8040
-9092
8343
-5366
1305
6094
53
2730
6227
2984
9948
4500
6848
-2933
6642
-110
1129
5588
2777
4316
-8295
-4551
3107
-3251
-1535
-2506
6162
6559
6491
-7659
-8034
-3340
5657
2419
9817
-1477
7668
4170
-7318
-8330
-8263
-8394
2827
-5736
-6675
6416
3881
3817
-7156
3619
3291
-6154
423
9077
-7980
3582
3882
4271
1604
5061
-2707
6783
7361
-1852
6055
-4700
2925
-5609
4006
-8810
-9022
-1860
1182
2634
-6796
-7852
-2421
-4836
6830
7772
-4362
4596
4449
8912
4361
8197
-1764
-9558
4749
4229
6803
3061
6132
5584
4039
-2856
8167
-8729
-8645
29
-40
4624
8857
8435
-5745
-1068
-7024
2368
1162
3304
-59
8283
-968
-8221
-4347
-5181
-3395
7671
8425
7937
-23
-8075
9199
-4048
-5938
6751
-3884
7085
-2817
227
-383
-9459
3827
-6149
-3396
-3035
4558
8365
-2200
8584
8654
4252
-8746
-4112
-279
4412
-1464
-7690
8116
7504
1038
2559
-7189
7159
-9269
1039
5509
-3681
-1114
9001
-2225
550
-3014
4568
2818
4616
7682
3056
4701
-9330
6693
5193
3517
-2324
7394
-7153
-6430
2262
-9951
9040
3731
-4970
-3642
-3138
4204
-5577
-8934
4433
-2878
1617
-3322
3721
2006
-1888
-4410
7952
-7431
7218
-3331
-3355
2854
2239
5202
4395
3931
1773
-1052
5602
2642
1489
7412
3945
-9882
122
5577
6562
876
-9740
2466
-2378
3667
1292
8943
-6439
-5674
4980
-9476
2623
7111
-8875
9123
-3803
-2923
4662
9923
8503
-6822
-6349
-9035
9632
1971
6398
-5184
3965
2957
-3814
-8335
696
2742
-460
9898
3634
6528
-5072
7229
4352
1643
9306
6681
2999
-8891
-6505
-4097
-9331
6168
1799
-203
9058
9550
1694
-1149
-9569
-564
2327
1128
-4741
-904
-8219
4904
675
7441
-7531
-2931
2926
1079
-5597
-717
1083
-2727
5806
-7095
8382
8465
-5788
-3150
-2480
3831
7304
-4699
8441
-4103
-232
6406
6564
3406
4612
4904
-5737
-550
-9844
1614
-7707
3597
-6804
-3341
8816
8347
-6926
201
-3602
8147
2073
-5916
8953
3744
-438
5133
-8449
-2258
-6623
-6036
-3982
3783
8567
4248
5764
-2576
35
-5760
2471
7409
-5048
2482
-370
2190
-9773
-3891
-4056
3707
-8178
-2202
-1655
-8029
-65
-6511
4252
925
-3965
-3441
-2646
-534
2817
7964
-4570
2395
7369
-8267
-1992
-7998
780
2811
1253
8002
8062
6059
8413
437
5650
-1736
-8452
2320
9674
8937
-9684
405
-6310
-6941
-4167
3057
3949
-9116
-733
602
-4896
-5020
-9769
5941
-3772
-2426
7917
690
-893
-7826
6421
4669
1505
4775
-9051
-8167
-5949
4330
4227
7071
-1583
-795
1252
-719
4607
-9000
2423
-1100
8802
-6437
1178
9896
8645
4681
1427
6803
6262
9778
-4727
8520
5230
-508
-79
-2884
-9400
-6784
-5767
6699
1563
-7841
3881
-9013
5059
-1300
-5967
-3827
1235
9749
2562
-7493
-7038
1020
-304
-6463
9961
-2027
-7786
436
-2074
3690
5305
4457
-917
-6279
4333
1068
-2694
311
9609
216
2347
8050
552
304
-5888
4590
-8906
8497
2656
-5543
6433
2220
9041
-411
-9836
-6595
-677
6897
94
4560
-7081
1561
-9903
-7321
-1305
6563
6023
2905
-7275
-496
2991
9648
9194
3766
877
-9644
-629
5381
2538
4415
5721
8568
-5181
1369
1332
-7181
-6950
4951
-6893
3544
1719
-843
-8189
1043
4313
-5036
2421
-1569
-3965
2157
4488
-8742
-5989
9043
8621
2731
355
-218
-5258
1442
-1148
-1681
-374
5877
-2727
-8202
-3337
-4526
6822
7188
-9810
2802
-9756
-9097
8227
8763
544
-383
-1927
5574
8686
9977
-4156
4560
-5142
-4447
-9843
-29
1206
137
-6307
-8562
-7761
-2819
4859
-919
-1761
6718
6652
-4356
-7678
5085
-9053
6734
9140
3963
-3343
-1541
9994
-9251
575
-4707
4658
4723
93
9911
-4751
-5280
-4356
-8996
-2735
-5370
4510
-8024
-3567
-7272
3424
-7571
2221
7715
-6815
-7899
8343
4171
8511
-5798
9261
4101
-2893
-116
9125
-1388
6159
-7230
-5035
-4276
8125
-6060
675
-8213
8019
4624
4191
5191
946
-6575
-9843
-8407
6524
6678
-2288
-7357
-7571
8789
8288
3855
4655
8500
3069
-3883
1837
-5361
-7635
-3656
-9974
-6324
-8893
-849
6607
-2912
6634
3545
5629
-9474
-131
116
5678
8895
-2378
3017
-3530
-5078
-1865
8236
7638
8665
-178
-46
-7380
3555
8690
-7579
5629
-7005
-9135
-5779
-5767
5372
959
-8307
-9441
864
-3003
4080
-8007
2081
8276
-2340
-8898
2570
8396
-3321
7932
7141
-8565
2942
9979
-5269
4924
287
3327
-4545
-3535
6045
7610
4857
4318
8598
1197
-5739
-3857
1975
-1590
5150
-8115
6506
-1572
7862
-9880
-8681
-4571
5560
-5980
-1469
-5043
-8801
6202
119
-3564
-3038
-9232
1378
-1715
7077
912
5918
8902
-2524
-6639
4822
-1783
-7058
-2834
-962
7100
-2684
2059
5267
427
2527
2585
6016
6573
-6174
5998
6541
-2207
-4087
5771
-3037
-7645
6200
5648
-9503
-2673
-8439
-9139
1301
799
3631
483
2278
-7368
14
3005
-2964
9617
1408
-2977
-8945
-934
7984
-5785
9219
7339
5534
-6522
4053
-1501
4158
-8938
-653
8514
-4373
5109
-2860
-8068
-9763
3152
-7952
9661
-543
-1841
-9668
1067
1624
-9084
1588
5401
-2139
-5863
-9133
8798
751
-8487
1608
-9001
2553
-9757
7952
4941
-8837
-4025
1174
8780
656
1992
-6785
-4837
-679
-8618
-9979
4303
5587
1487
-4814
724
-3024
7623
6161
-8847
-2909
-3865
-1817
8644
-2860
-9672
7874
-7035
1401
-1462
-5126
2190
642
-4496
-8126
9129
-2230
-1664
1378
-814
-6472
-8548
-9021
5895
-4769
-647
5417
-2869
-9748
-1746
-4045
503
5818
-2080
-1246
-6099
5268
1157
9531
-6399
1477
2873
-2400
758
1320
9946
-8915
-2598
3448
-528
1634
-3064
7747
-2406
-5945
346
3999
9174
2304
9171
4515
-8388
-5456
7584
6374
3855
6315
-2372
-3764
-2955
-2845
-177
-9881
-5131
6040
-8712
881
9584
-5890
-1338
1435
-8574
68
-8709
2581
7720
-5033
3203
7808
6225
5181
5393
2510
-8029
-772
-6994
5343
-9585
9441
1334
7377
1140
-9283
-725
6381
-6200
3758
-9876
-9132
8220
9912
-5882
4182
4426
1839
-8264
1183
-4197
668
7038
-572
3431
887
2850
-9167
6933
351
840
-3090
8012
-7934
9096
9285
8201
8447
-3309
-889
-297
9207
-1542
-9707
-4755
-6417
6915
-1143
-2894
2383
-1458
-3053
-328
6530
-1347
-229
-571
-4143
2360
455
1881
6846
-4450
6430
24
7884
-6092
225
-5912
-3512
-2251
3427
-9810
-8989
-4669
-6604
-3160
-3977
9541
6328
-5020
7535
5573
-6637
2506
7278
4939
4503
-3751
808
-701
5659
7409
-17
6893
-7969
4953
528
-1658
4396
-688
9172
-9567
-6600
9725
2155
-6593
3213
5971
-5370
-47
3902
-626
-6156
6269
-1493
-6634
2747
825
9623
-6070
3624
9566
-2661
5546
4047
-3996
7953
-9376
1136
-1111
-7872
1446
-2074
6116
567
-4551
-2207
6229
3857
268
1138
5177
6278
3367
-5263
-917
-2938
2236
-4631
3620
-1545
799
-478
-7020
-5727
8047
-7357
-3858
8612
-8411
-379
5331
-9509
-9969
-3757
5238
-510
-7742
-1599
-1779
-7818
6165
-5658
-3893
-4713
8276
7656
4425
-9217
9068
5677
-9425
9672
-7055
5143
1452
5791
1132
-4920
4872
1005
-9518
-8213
-2840
-4352
3768
-6097
8897
6607
3618
8740
932
5872
7797
5702
1646
2408
-1813
-2041
7572
1153
-6234
-1372
-8227
-3072
-7973
-539
-8029
-3233
-2721
-3073
-6240
-4370
-8797
253
-4382
-9544
-1438
9240
6324
-6500
1796
7496
3575
9327
6803
-1503
-7145
-96
-4417
-5659
-7838
-4311
-3789
4132
-8790
9203
1378
-4478
-7658
3166
2170
6836
-994
-7963
-9787
-6651
2
2734
525
2046
-5162
267
4107
9192
-6994
-1548
-8316
321
1621
4143
-5552
9416
-2731
-3652
6858
-9995
6044
5134
2964
-7923
-8432
3220
2508
9723
1506
5410
4763
3470
-8629
-2985
-7885
-5026
-5105
-7894
4023
-7112
-3582
1997
-9446
-2502
596
7146
1256
5505
5619
694
-2245
-7807
-982
-1260
-1963
-5734
-9592
-3821
5176
6058
-7515
-1547
-8539
-6565
154
4185
2545
-5783
4043
-9244
8581
-3506
1042
2764
-270
-50
-8152
-1020
-4191
-7536
4061
-3169
7540
910
-3051
-7529
9322
9920
-7980
-979
7257
5788
6638
1772
4763
7959
-11
951
-1067
6950
-6702
6529
-2806
-9085
-5090
7598
-7315
7687
3697
-2603
-6191
3163
-635
7180
2739
-1339
5044
2158
-8375
-5397
6991
1569
1218
1799
-7390
3886
-4717
4717
-6256
-7037
5403
6630
5789
9278
6635
5028
4667
3445
9545
-6416
-1233
-1746
-3312
9207
6269
1864
4346
-6501
494
2857
-8017
-8233
-8034
-1114
-7143
9731
4703
-2438
-8616
326
9146
6248
3264
-1336
-5635
-1811
-4339
7482
9637
4476
-6850
9589
1124
1911
3378
9290
-6072
-6543
-1990
-8374
-3563
549
-8379
6405
4481
-4066
7473
-289
-7939
-5576
-9408
-8571
3223
-5841
977
-1430
-8335
-3208
6452
4566
-995
8622
1028
1471
-4361
-3266
6034
3956
7664
388
7537
5190
-1440
5589
9001
3048
8127
6596
-4236
4062
1412
4388
-9070
-9913
1892
-2440
-8846
9064
-2393
-9781
4189
-5869
3574
6611
-9276
-8302
-9335
8280
-5290
-3299
2003
4574
6697
5627
-9229
-6487
9505
-2207
8142
-1869
-8792
-8834
7404
4749
-7410
364
-4499
-438
9016
-8615
-3863
41
6373
4455
-1245
-3495
171
-1865
-1099
9820
-4575
-2094
6720
-6942
-3137
-5499
-7344
1126
-2771
7091
-2527
-7834
4061
-9400
-1682
-1668
3362
2864
-5914
-2909
5832
-9629
-9991
-2175
-8858
-1366
-4627
-2688
-2162
5545
-3139
-1748
-4282
7418
-1943
9152
5097
6944
1402
485
-608
823
2070
7503
9265
9879
1518
-6130
-8791
1161
-8611
-5015
-8701
2260
-5360
-4011
6453
2621
1291
-2496
-4553
2899
1640
-2013
-1817
-8780
8635
-6344
4492
-116
-4612
-4861
1932
9693
6799
1734
-7160
-8532
6202
-4448
4784
6183
7245
-9915
-7454
5206
-532
-5490
-7347
-8718
-8462
-5152
-988
8719
-2254
8248
4151
751
9416
9298
8533
-7368
-2672
2584
-3434
8910
4938
4519
-3777
-5072
-65
101
455
-4921
5736
-7172
207
6152
3188
3640
30
-6638
-8228
8349
5441
2596
-9368
-5869
2865
8083
1899
-9087
3831
-9951
-1159
-1244
2759
-854
-4365
-761
655
482
7992
-8088
-4241
1800
6845
3663
-3722
-4710
-1774
-42
2718
-4348
5242
9274
-702
-4981
7871
-8665
-1701
3345
4517
4242
-3014
7196
-5422
1409
4177
-5825
-6562
-6561
9578
9327
3442
-1765
-7701
2561
-4260
6983
-6266
7853
-1642
-806
5280
7797
-6930
1138
-9358
5755
-7421
-1898
6612
-7042
-4853
-403
3832
-8207
2975
2844
-6759
-5300
3073
-2002
9812
-4570
8965
2198
-1817
-633
-7169
1360
2980
-7860
-3690
9034
3656
426
-6194
-2213
-7287
5293
9215
7899
-8306
-248
-473
2484
-776
-6047
-8391
-3235
-5048
-7682
-4459
6427
-7840
-4884
-9221
-6
5788
6015
7346
6057
3729
2756
5511
-9800
-6786
-5164
-6617
7364
-9638
8023
-5253
4161
7301
9731
2251
-9327
-9183
4432
689
9409
2235
-6553
1753
-6229
9601
-4471
-6494
-9704
8336
6649
8726
-6283
-3475
-9244
-5029
-7612
6030
-8932
170
-2079
9321
8496
-110
-3934
1468
-5577
-206
860
1849
-6919
-3235
1052
-5832
-1423
-413
5129
-5222
-5372
8713
6554
-1496
-2299
9489
6601
5129
-8153
-6645
6391
-7096
9644
7415
-9008
7992
9948
5199
9325
-6086
1320
1825
7758
-8143
8592
6128
6932
5847
987
-6782
6962
-6260
-2284
9969
5906
6925
928
-6640
6838
-4917
2374
9880
1933
4460
5712
210
6993
-9541
-5365
-5541
6891
6385
-6572
-2898
-3598
-5614
-256
-1093
3620
-5455
-8872
7036
958
5433
9874
-3531
-5046
4690
-7572
-3087
-487
241
-7299
-514
6889
8290
8044
-6917
2599
-6074
1047
9033
-5734
-2597
-2141
-845
-9521
-4107
5126
-8879
-6710
-4174
1894
8647
-9529
8858
2592
-7365
-7542
4577
5724
-7219
-5623
-41
-3758
-4235
8226
-3874
-4549
104
-4153
6404
2675
-8214
-8098
7508
7667
-550
1387
2370
-8011
9145
-4540
-3541
804
-4331
8547
-790
6987
-2150
88
-9881
-1201
-4994
8306
-7652
3466
-2773
-7205
3538
-7135
6750
-8270
-7036
-3870
4534
2465
-6501
-1744
-2685
9433
-7167
7012
2856
4410
5280
3545
8507
-131
-855
6521
1799
1852
-3711
-8530
-4511
-8492
-6170
-6955
-2551
1851
-1075
1218
953
8893
5652
-7262
-5121
-9149
-110
-4549
-4545
434
-4892
7704
-7176
1309
-1981
1002
6253
-7930
-3788
-8884
-6472
6320
-7788
9819
-3093
8439
6312
4017
5822
-1918
8665
7714
9133
-8823
-7098
8056
-2049
8393
9065
-2967
3379
2360
5675
-9829
-2859
9129
272
-5255
4756
-4905
1668
-5808
-8097
5641
-3739
-6137
6868
-3616
6777
-6642
4314
6367
-6301
-7552
7736
3750
-1871
89
-4103
966
1843
-8219
-2214
-1532
-9999
-6486
4141
-4389
6492
-327
7274
-3611
8656
-5381
8385
7476
6903
-1391
2848
-6113
-7108
-4458
-5371
-3332
3713
-8668
-3442
8792
-7104
-4402
-1052
-1256
-4717
-5991
-8192
2283
-7806
-5819
1137
2457
-4865
5441
9585
-8983
8231
-6861
-9353
4338
-2625
8701
-3511
547
3050
-2672
-597
2592
4788
5508
-5867
7522
-55
-300
-410
2865
-4302
9058
-3394
9116
-113
-5206
-4726
-6266
8177
-770
8944
3618
2924
-7993
-6332
5446
-5053
-9278
-3876
-2469
4417
2507
6998
-542
4502
-1033
-2772
-3506
-4091
-8921
-6709
-6711
2610
-2410
8176
-1361
3119
-7949
3950
-7540
-944
5689
-5542
5557
-6558
4821
3494
1062
8445
3801
1089
-9277
5450
-4143
626
-7663
-8333
-1220
7762
-4332
7172
-9295
-3264
1616
4591
-885
-6993
-333
4821
-2466
5907
-511
5093
-9525
-6455
8572
8981
4002
1865
9343
-960
6294
6501
-3620
7677
2156
2719
-8495
4196
2062
-499
-8148
-2844
6910
-6441
7404
-8186
9288
-6735
8992
-4120
-3976
8136
-8143
-8128
-4814
-2101
4944
3305
7623
9843
5682
959
-503
-246
-9306
-5278
-3455
8345
4104
-6856
-9072
9399
-2692
3719
4779
-2424
502
6878
-5024
-7552
4099
-2439
-8691
3518
-847
3810
-3046
5198
749
-5641
515
-6216
-4559
5805
8773
8323
9714
-2942
7728
7544
7055
-4862
-9283
-6843
6824
7466
7004
-6485
-2028
-4735
3222
6187
-875
7826
506
-7664
7710
5328
2923
2217
3642
-7335
-65
5678
3881
3162
3424
2178
8699
-6234
-375
-8972
-8883
-9963
-5753
-6880
-4563
5292
-4837
4746
-8391
-3964
-4364
1807
-162
1575
-186
8811
-208
-974
1107
7335
-3139
-9705
-8531
6851
-1833
-4792
630
778
-4001
-4449
-7948
-6042
62
9036
-4564
-5431
-1618
2935
-5247
8455
-4385
-4959
-4409
4328
8075
7327
-7058
208
-8431
2316
-5477
8894
3398
1277
-7861
2798
6219
2854
-6794
5199
-3153
-5981
6096
5567
-2478
8507
-4324
2997
-4421
4145
1986
747
8788
-8846
7422
5252
-8166
-2689
3200
-5017
9802
4871
873
-8354
8509
-7522
-7001
4041
6311
8707
-7425
5700
1890
-6179
9999
-8903
4397
-1280
8172
9859
1660
6671
9150
-5911
2452
2537
702
991
-6082
-3345
128
-3700
-299
1281
-7356
1746
-269
3092
-1713
-4082
-7193
4201
8516
1306
5057
-7710
-7308
5591
7938
6154
8277
-3789
8314
750
7245
-1164
8904
6274
-2406
8702
6716
9660
-7990
3913
8175
6986
954
-3632
-8471
-6554
6889
7418
-6608
5485
-422
-1885
15
3421
-3586
9500
-9043
-9751
-2841
-252
2185
93
1753
913
7439
3682
1678
-4612
3876
5802
7251
-2899
-178
-8397
6918
3556
3683
-7631
1365
-58
4302
-9296
-4233
2733
-2553
1697
248
7471
9947
940
-5601
-5111
-2931
-5367
-4194
-3524
-8717
4316
-1277
4854
-2434
-1343
2883
2379
-272
-3570
5472
5002
2537
6935
-5237
2541
3872
1768
655
1650
-5294
4330
5000
-455
4149
-7759
-7830
-9832
-3599
186
5691
589
-2857
8709
-2699
-8792
-2990
5379
-1059
5948
859
-5381
-64
6845
5504
-8204
-9673
-5457
-7109
9722
1385
-8522
8603
6870
4776
-7161
-3883
6839
2841
9190
-4660
-9597
-3036
8697
34
-5923
-3810
-4853
-9027
3135
8337
8964
-6500
-7199
8121
-7311
-7186
3037
-9229
-7457
-845
-4472
-2988
7401
3996
1496
-1180
-195
-90
5331
2987
-1475
539
-1063
7252
-3696
3576
3595
-8970
8856
-6570
5079
-3351
-942
131
-1059
4298
-429
-9092
8135
-6663
5781
6302
8116
3276
1083
49
-2370
8426
-4706
-4886
5323
9164
1194
-8652
-7953
4662
-7466
-5554
489
-1660
4847
-6346
-8536
-1003
447
1791
-8339
6233
4986
-4926
5030
249
9264
-929
-2344
181
8190
-802
-3503
3774
9522
-6534
-773
-2812
4278
935
5525
-445
7183
4887
1541
9609
8422
8440
1792
-9150
2487
9835
-2927
-2794
5984
-8367
2329
3592
