-6156
-2779
9023
1579
-4383
-9083
2670
-7040
-7427
-1296
9373
6815
-7770
-2101
1455
-5
-6450
-3204
2090
5345
-317
-8304
7365
3689
-4983
2098
448
-7104
-3926
-6153
-5642
-6898
-8329
2740
-6674
-3885
-867
1926
-6618
4269
-6726
-5620
-6548
3601
6866
-4601
-6228
9477
-1766
1049
-2906
-847
-8717
-9604
-3660
-8123
-2109
4551
-2633
3644
-4082
9402
6957
-6435
2433
7795
-4217
8758
-3709
1470
9902
-4416
2078
1841
-5416
-461
8729
6630
-5999
-4570
2312
-1953
-3129
-129
-8259
3274
-7872
9843
-3679
5731
-29
-6558
-4981
-5470
-2901
-6905
7366
8826
5037
-9370
-8907
-5476
-8419
3412
-7041
-4995
-7193
-415
-2023
3652
-2285
-377
96
-9749
-5014
-524
-8999
1286
-7163
3289
-9754
9363
-5892
-1515
1674
4341
9311
-8098
1977
9489
-2613
5831
7501
8637
-5216
722
3619
149
6561
8686
4645
9459
-1892
-1184
-779
6344
-9682
-108
8948
-1121
-9150
-6029
8787
-6066
-9777
-6764
-426
4467
4675
5153
-7774
-9933
-6189
-5941
-9526
-2854
5227
1660
279
9245
5463
6578
5809
9580
-9772
5903
9819
-1685
-9046
4713
-4282
-2300
2890
7327
-1890
6445
-7592
3256
-7043
-2430
9251
-246
-1325
-3021
8951
-8438
472
-28
-2505
2204
-2472
-452
9407
7849
621
7186
-4387
-6022
1113
6232
-232
7424
2041
-5423
-2369
-9201
-9604
-6688
4142
-7276
7702
-5097
-6671
-6780
9144
-3052
8699
-8752
234
7337
9965
6306
-5645
-3
6258
-7591
-7162
1504
-5571
-6033
-8140
5927
2507
579
-5340
-3693
-2487
-9994
-1166
6664
-8180
-5569
2281
-4279
8058
-6075
5084
-6980
-1021
-7258
-4571
5022
1614
5714
-766
-6547
-7545
-3608
-6065
-8722
-4888
6379
-7603
-9667
-6697
-278
-1070
6957
7545
436
-6275
-514
-9956
2964
192
3892
8636
6556
234
-8136
-4965
27
-9058
6668
-7293
2280
2334
7993
2251
-289
2600
5396
-8497
-8890
5572
9272
7117
-3376
105
8238
-2231
2206
9362
-9750
-1265
2505
8706
-9611
6838
5443
5306
-2448
-1216
-2078
5543
1992
-9907
2778
8902
855
3118
-4987
1251
-4361
-2511
-4726
-6128
1959
-5992
6992
-5
2765
-5105
-8999
6355
-8849
-7995
-8074
3788
-1032
5921
2944
-5533
-7162
-2769
3128
1101
-2120
5168
6216
6092
2099
-5445
-6896
2795
3137
-858
4811
2502
-5307
379
-508
225
9508
-4586
92
3949
-3353
5179
-9523
-3425
-6326
8078
8937
-8058
-2063
8101
-5849
-9492
-7375
3828
3653
-2112
3488
8385
-8430
3885
-4839
5647
-2778
720
4737
1594
-71
9816
5212
7442
6404
1372
456
4540
294
-3453
-9404
1044
2166
1826
-3195
6848
-6615
-5111
-7556
-6412
-512
5776
8425
8744
-9096
9126
1583
21
-403
5746
-3473
7135
-5594
-7632
-929
9769
9065
-4652
-2110
-4543
7554
-5896
9565
7215
-1928
9979
-9082
-7974
8755
9446
-4727
462
-1394
-7021
1306
7281
1874
-5662
-397
-3526
-5551
125
5017
-5103
262
5035
-1052
485
476
3388
613
-2942
-4815
-9783
-3666
5251
-2262
-4748
9449
451
8307
34
-8493
267
-7394
9922
-9357
-7508
2090
248
-1626
9969
-2609
-5121
-8123
-1131
2530
-1100
-4847
-7312
-7878
12
6707
-1828
-7065
4492
-769
4195
-8640
4846
-6443
-6428
2269
-1915
3789
9102
5913
-8213
-6985
6985
8800
8836
9843
-7779
5429
-4367
-4260
-7804
625
-320
-488
5261
9414
1564
176
5180
-8393
5569
-9309
-78
-7155
5358
8351
-6906
9349
1586
-1162
-3964
2977
3302
-2624
-1121
-8660
-8652
7256
2870
2768
-10000
7591
-6583
-9550
-2811
-1589
-7622
-2693
-3951
-2938
-8915
2118
3064
6745
5037
-6211
-136
-5825
9912
3220
3457
-9552
-2808
8044
4791
-8077
-9474
-2306
2776
9615
4000
6225
-1310
-7436
2230
585
7016
6237
-9450
5856
-8721
4644
-3430
3412
2359
-1721
8917
-713
6691
-601
1175
8270
-8808
-1576
4283
1328
3492
365
-4549
3231
-7224
-4624
634
682
-5878
-3250
-9733
-3289
-4914
-8527
3549
1137
-2329
771
8661
-4434
-7499
-8726
3394
8753
-3586
-6716
7297
7855
7241
1313
-9968
-3604
6942
6071
-3095
-9163
-529
-2845
3306
7242
3221
2086
-3727
3
-9720
-2592
8958
-935
7904
-3221
-1623
1948
-7022
5247
8575
-808
328
-4237
-1426
-5048
-636
-4586
9113
-8530
7427
-8188
9907
-5937
-5817
1107
-6479
8673
934
-8575
-418
2849
6092
9140
-1942
6369
9514
-3411
6462
-7456
-2289
-1433
2117
-1418
-9760
-5471
1434
5898
9606
-1743
5866
-7457
2494
-5459
-4120
3879
5389
8418
-3906
-7339
3331
7386
2010
-3235
-2838
4483
9471
-8349
8940
7876
-7006
9826
-8312
-2251
-836
3384
2954
3695
588
5173
2454
2947
9019
6743
7972
4232
-8016
6678
-7803
4367
-6492
-5649
-2591
8207
-3627
3855
8119
-2074
5215
1139
4938
6359
1811
414
-7088
2142
4818
4455
-6606
-4374
-723
4618
-6625
5949
4238
-7573
3485
-2796
8312
2765
-7451
37
-2655
8989
2399
-3207
-2734
-3192
7154
6539
8023
8419
-5008
2410
1710
693
3426
2182
4029
-6517
2923
8877
7917
3706
-2665
6380
-8803
8266
477
-8232
9971
-9187
-6641
1412
1190
1166
4085
7014
-1067
-2522
2426
-208
-2912
-1854
9662
6478
-9864
2381
-3278
9741
7429
7281
-2023
-704
667
-2887
671
-532
-8840
-9095
2722
-5761
-2488
7989
-177
5286
-6626
-2345
5273
-9180
9050
5409
6388
2153
-4554
2153
-9193
-1511
4308
67
4569
-636
-4582
-4476
6820
-4205
558
-9345
-9250
-636
-9064
9600
-9347
582
8700
-5088
2440
7666
-7088
-9490
-1020
9155
-2724
-9717
6666
-9716
3262
-2639
2940
-1051
-3002
6341
529
-3795
-9767
2536
-421
5797
-5442
-5245
6973
-2655
-5008
-8400
344
2224
6078
-1649
6963
4690
4663
9302
-7456
3757
3168
-2102
3763
-2545
3476
-5308
-1056
9827
-1380
-9413
5518
8414
8592
-1789
6020
7690
5108
8488
6330
6556
7764
-5512
-4595
-1392
528
7964
-8518
6024
8255
3659
-7933
-7141
8426
5022
1268
-9126
4750
-9398
8779
6851
-2395
-3250
3363
3611
-7100
148
-9285
4104
9457
5961
185
9102
-1219
7161
384
-9307
2691
9828
-7693
-780
-8951
-7556
-1663
-3274
7926
-6232
8560
-5819
5236
2452
-3193
1017
-9073
194
8182
-589
3385
-7301
3257
-9993
-9176
9291
-731
-9132
-1788
3096
8416
9558
-6740
-7416
-7969
-5918
-7879
9546
-4860
-899
-9407
-793
6010
8388
-7674
3880
-2503
-9195
9559
-6098
7717
-7294
-1702
-1398
-5738
-2261
-8913
-3095
944
5344
656
6407
-7334
2443
-1678
-6660
-5307
7156
6573
4674
-4388
-1013
8342
5568
-2690
6034
-7874
1027
7796
6824
-4666
7942
-9165
-5568
-9077
-8241
-9183
3486
-2949
-5734
-8541
6576
-8509
5835
1738
1818
-5141
3125
-221
-2378
-9832
-9922
3895
-6832
9865
-6227
-6574
7931
-5708
7737
7314
1012
7925
3971
-7504
816
-4420
-2976
3099
-8142
-3372
2564
2433
-4596
2771
-590
2703
-4442
-9691
8389
2363
-7544
-1079
-2147
-2464
6266
3187
-6749
7247
-2257
8590
-5414
-3218
-6130
-8131
6315
-6329
-4153
137
4281
-8929
-1317
751
-1686
-1680
9376
7346
7665
-793
1820
1621
-8917
-7602
-5096
-227
-8519
5751
6885
-8529
1422
-1109
-7729
7468
6590
-857
1905
-4398
-6117
-1176
7074
6238
-1053
-7451
9933
-7313
2201
6946
-6884
4846
-1647
-1584
4553
2248
-7438
-7600
-4866
-4039
-9461
9629
3395
6540
-9347
-9079
-7634
5304
-990
535
4022
-3698
1162
5358
8604
-6952
1601
-8669
6469
-2610
4960
-4456
-9361
1332
-7036
3676
9180
-1716
-6823
1899
7488
8988
4089
-6328
7604
221
-1439
6800
6363
8069
4092
-1780
-7212
920
-6003
8288
4957
9836
-5334
-4202
5182
1700
5818
-2450
8108
-3553
-3058
-9215
7526
-5293
-6463
2496
299
6616
8153
-3082
-897
-9352
-9929
7345
-8446
8221
8196
-109
-853
-1412
-4586
-6317
1700
-7386
-6950
2183
826
-5815
-1382
-134
-8765
-8674
-976
-6907
8546
2172
-1144
924
5754
-1404
-4472
-3269
-9202
7415
-366
-6421
-83
694
-5986
6298
7066
6033
-5381
-6057
8404
1152
-3127
4646
9873
5540
7269
-9143
-9099
-6522
3912
-7539
-2674
-6764
2423
7836
-2334
1122
5879
53
-464
-1014
6120
-78
-3178
1389
-6596
-8149
-1308
8701
9004
217
5807
-8345
-1710
7421
4233
-6483
-8852
-7490
-9285
4314
9153
1995
-8663
2506
-2510
5077
7947
9698
-654
-2528
-4617
-1804
5382
-4906
1871
-8152
-4172
-4756
-5466
6441
-8350
5928
-5468
951
3402
-2526
7479
-7450
4515
6024
4689
3900
-2972
-1771
-2937
8149
-639
272
5845
2579
471
4360
6050
-912
667
-750
-1574
-4266
8940
3274
-3459
1936
-1213
-5577
1932
-7339
-5954
3061
3562
-1119
-1405
7382
-1150
-1493
-7937
1999
1432
6569
1949
-3902
3028
4588
831
-4929
-8581
5860
-815
5907
-501
4438
768
8187
9329
8574
5418
136
-7381
-6378
855
-597
-8033
-7214
-3682
7448
-2767
-9913
-2731
6958
3943
6053
-8856
-8885
1149
-289
4006
-2974
2927
-9992
5495
-4834
-3705
3282
5230
3076
-7836
-7996
6448
-4988
8795
4042
2517
-5074
-1768
8179
3273
-9306
2178
3315
-4462
-8094
-973
-4109
4939
2658
9931
-6848
4473
-2731
-6675
-4395
2207
8355
-9606
-6305
-2172
4883
7559
147
7567
-8265
-7612
2528
9971
7189
7184
-7351
-3125
-9695
3346
4432
-3479
4539
-3072
3757
1307
1751
-3067
9390
-6860
-2581
-6752
-2325
-5779
6364
9029
-3398
6776
682
6485
5824
2450
-1671
1883
-1860
1050
-3290
-6959
-9635
-2952
7964
-6840
-4307
689
6128
2690
2332
5483
-8875
6630
8869
6383
6188
-4397
-6128
377
-3029
6736
4816
-3124
6948
-110
-1726
309
3817
-933
-4006
-9084
-2768
-5260
-4675
-7492
-7527
7622
4532
7367
8914
8516
-2783
-2775
-2498
-9986
-2420
1781
6145
2630
6667
-4000
4499
-5457
9672
-264
1319
-2031
-7999
-3522
6045
-2517
9487
-2086
7952
1454
-2532
-7258
9821
5324
1982
-7471
3188
-2331
7469
-160
8922
-9195
-6227
-762
-114
-6222
5244
-5485
-9110
-2425
6914
771
-6868
7044
-8289
-7757
-767
-2480
-6488
4443
-6500
-6336
-1855
1788
-755
7039
6055
-2462
-3999
8345
-4458
-2655
-6871
2924
-881
-7940
9469
4172
-8023
-4009
87
-8410
8820
-1817
8871
6739
-2290
4599
2286
-6914
-2472
-1105
-6289
845
-556
5396
9672
2596
8403
-8612
-4164
-5051
6330
-2196
4563
857
-9241
-5273
441
-4667
2957
1090
-751
-9249
6979
8728
-4070
7597
-789
6681
-131
6817
8287
4273
2812
7290
-8983
5430
799
2351
5173
6820
-9794
-9565
-1472
9016
-9297
-4594
-6799
-5004
-7759
-2562
9208
5089
-2225
9885
-779
1056
-2446
-1582
3222
-5304
4889
5249
4781
2591
9068
3064
5594
-3017
7203
7463
-1742
-4930
-8307
4476
7876
5521
9526
-1072
4537
-5100
789
-9348
9073
8214
3635
892
-8395
1139
1483
9240
-7717
573
6528
6995
1911
2834
7956
-6870
-5132
-6319
-7249
-2684
9953
2540
-8945
7186
9443
2667
9444
-8461
4290
7192
-2185
-5619
-2408
-6020
-4822
7516
270
5165
2938
5295
3642
-4014
5233
719
357
-4099
7165
-7440
-9296
-6284
3551
1636
7849
8321
-5794
1763
4775
-8837
-6061
4581
-6609
7012
-9022
6049
-3553
9410
-1541
1205
-5109
6741
-2106
-6742
6661
3710
-4737
-3621
5630
4491
6571
4754
-9920
-4897
-4432
-4598
-1915
9829
-3301
3280
-8480
-1216
8786
7808
-1120
-7338
6447
6858
-750
-9139
-3166
-3640
8359
2952
9589
3446
6275
1921
-8145
-8601
-4685
-316
8124
-3765
4640
5933
7872
8790
1808
-5820
4292
-4665
-4966
-9672
-1504
-477
9385
3427
-3813
-5782
-8074
-2815
2900
3272
3198
2928
-5564
1234
-5874
5215
6269
3911
-5034
-7769
8245
-613
-5073
-8209
-7971
1152
-7597
-1066
-486
-6044
-4745
-3131
-7162
-4798
266
957
3331
4550
-9853
4402
-477
4354
-4020
8909
6550
7493
5288
-7095
8456
5320
-6354
7123
-2717
1355
7490
1336
-3898
-3631
9501
-3667
5518
-6591
-3224
8452
-4841
1260
-7785
6470
1206
3847
7593
-6221
7366
8472
-2425
-9809
4674
9267
5833
3122
-5920
763
4600
-9419
-4078
-3175
5987
3969
-1349
-963
-119
4865
452
-8867
-2014
-1808
-9342
9538
-1484
-305
1280
-790
9401
-3450
-4478
-8582
5699
7281
9444
3849
7859
-8546
7569
-7508
-8618
-5657
-1512
-8114
8164
4563
6502
-954
-9173
-1362
-1802
-5672
2720
2558
-3267
1905
-9288
-2043
1179
8898
1910
-1132
-2372
-5539
-7807
4278
2010
-1881
801
-8434
8339
-1810
9252
-8483
3243
9285
-3292
-4620
-2470
-7270
-741
133
-2047
9387
3244
-9629
1591
9138
-2865
-8441
-949
-558
-4700
-3668
-3956
-7135
2874
-6122
-1933
-2944
5729
290
21
1070
-961
-6378
-1430
9595
2992
4446
-8260
-4710
-2993
-5738
2651
-3820
6583
-390
8751
8926
5490
-3878
4205
-2004
-7227
6829
-9697
-9627
-1175
4066
6458
3660
393
9191
-4590
-8491
-5924
-350
-9554
-2968
4409
-1397
223
-6998
430
138
9577
8554
2129
2027
8224
-6778
2403
-3290
-1771
-779
-8241
2249
-5321
-1775
-7619
1361
-2273
-8285
-6774
5405
42
-240
656
3124
-2313
8063
5882
-638
-6015
7062
8617
5013
1309
5791
9465
-5426
-4601
-9432
3671
-7610
-7819
-5711
-7714
-4432
2024
-1370
-2737
1815
9785
1803
1134
4528
-8714
5106
5120
825
-8018
4495
5121
8389
-1045
-9818
1420
-6569
9366
-9697
4667
-1546
-8176
-764
-9552
-1708
-8519
-9385
1263
255
-9171
4275
6168
-864
-9882
-5524
-6562
99
8122
6652
-4333
-7178
-3481
1558
-9879
7681
7437
7454
-747
2859
-1322
-8249
9101
-293
2019
195
8353
-4830
3174
3107
-7072
964
9506
-5949
-2643
9131
3202
-5178
-8025
-8740
-4288
-7883
-2482
188
1410
-9442
1128
-6604
-5481
7212
8776
-3595
-6322
7581
-722
-1905
1562
-3599
6793
-3539
7868
-4382
5318
-6682
6855
-5486
474
8495
-1901
1514
-9916
-7771
-7571
-8395
-9535
1333
-299
2956
-8730
9063
7589
1672
2699
2463
3099
8829
7873
820
-6672
-6711
2866
7153
-1607
-6881
-92
3409
-6328
-2148
2540
652
3920
-3391
6104
5344
-995
4040
-349
-7256
6825
7750
-9614
8027
-4749
1534
1955
1936
-496
-7476
-5585
2061
-6238
-1038
-1197
-5684
-4960
2910
3828
2522
7032
4396
-9774
-8182
9755
-3377
2480
-3070
-1082
9080
6285
-3949
736
9034
-8446
-1283
5483
-903
7964
-590
476
-5198
-4373
-107
5247
-2262
-910
279
-1203
8387
4220
-2780
-7268
1423
7145
-8109
1719
-5844
2008
1141
-1179
847
-9317
3447
2246
-2796
-808
-9687
7300
-5070
6368
2918
3647
-4211
1538
272
4366
1154
5983
6159
9962
305
3652
4824
2241
7191
2150
7974
-5717
7563
2276
-5963
7292
6900
8647
3017
1929
9529
8865
7916
651
-800
1766
-1643
7275
-4115
4963
-2584
-2021
-6978
-8114
8056
-3355
6707
-1118
-8178
4261
-6960
5798
4389
5508
801
5538
279
-6413
4687
9809
-6844
3108
446
9546
7718
5384
-9108
-4947
2536
5803
-1243
-9415
8157
-8976
3402
2083
-8158
-4633
9159
-6648
756
5453
6323
-6094
4109
-9473
8915
1271
5797
-7349
3696
-6288
225
-6748
-6204
5212
-3669
-9700
547
2630
-1728
-3870
501
5340
-8074
-5416
-6902
-3606
6541
-9326
-7715
8230
-856
-2959
-2740
-4031
-7594
-9885
4449
1218
-8315
4056
-121
3628
-6254
-8854
8124
-6834
-1419
1609
2991
9701
5524
1826
-9719
-166
4760
-525
7676
-9705
4117
8882
8390
-1234
-1669
-6644
9568
-2069
-5073
-4677
9729
-6938
5354
-1467
-4014
6043
-5016
354
1910
9664
8449
-2881
1916
3943
2717
-3750
-6494
2099
-5859
-4566
-3048
1566
-8065
-6814
3134
-338
-8279
-9299
-2599
-5127
-5109
1706
9960
9859
-6279
3822
-8949
5529
-5273
-9503
3872
1412
7321
5506
3187
3283
-9406
7970
-7536
6420
613
3464
-3378
9897
9777
-7336
2298
-3951
-7162
-9349
9089
-4067
-5664
5522
-8818
3820
4925
-5498
-4174
-3474
-8654
6764
9646
-2914
1426
646
-8335
-5516
6307
-77
514
-4290
-8736
5881
-470
2795
5294
6513
-9606
-1133
8192
6057
9294
-1683
-7662
6640
6553
124
4732
-4338
9273
4773
6347
-2211
5413
-1312
-3244
90
2348
-551
8568
8448
8403
-4044
-1796
-2800
-8477
6104
8244
5897
9628
-1025
9139
7230
501
-1182
-1055
-3298
-575
-5087
6363
-7485
-1325
4434
-8284
5413
-1622
5727
-5090
212
3946
-5143
-8086
2255
-6327
4990
7087
9604
7316
6277
-5289
-8675
7748
4769
2676
9421
-3563
7176
-3385
5736
8559
-86
-7836
-9707
4560
6695
-4835
7833
-9211
5427
2367
8423
8372
-131
8317
1992
907
-3709
-4006
-656
8571
-5737
-4054
8308
2636
-9932
5875
-636
-1930
9163
-853
-2955
4033
4106
-7150
-4232
2516
6631
-996
7717
8325
510
9319
-2127
2670
172
1595
2485
-2106
-2855
-2934
6378
3901
-739
-3574
-9675
-1218
7432
-2214
5542
3187
-7518
1879
-1987
-4481
-8793
7410
6073
2702
4266
-3074
-7486
-9539
5069
-7282
177
-3470
5980
-8943
8416
7574
-2452
6609
-2834
5950
1731
7232
-2714
6148
958
-6077
3167
3079
1979
-3168
-9665
-1932
5999
-4457
7862
-3752
-1188
7885
-3634
-7578
2871
-5438
6828
7270
9060
2389
-2335
-9495
3692
4007
3807
1758
6215
8195
8569
5777
8897
-9755
7108
2054
2628
8275
-6887
6059
-7833
-6994
-8178
5083
9653
4436
9112
7537
-5530
4063
-8194
3221
-8945
9781
5180
-3930
-5237
-6713
-5380
8662
4108
-7359
8226
6625
8760
-2949
8235
-4288
3384
-8668
5386
9775
-9206
9212
2380
-9057
4206
8119
8229
3603
3180
-284
-1204
8410
2936
-2099
9295
-2667
2014
7805
3017
-2710
-5607
-3783
3662
8351
4098
4773
-9897
-9223
7985
-7296
-6997
-7329
2889
5915
5933
-5636
5783
-7396
-4039
-275
-7650
6326
5054
5641
-8332
3275
3949
-7564
6517
3225
1143
9568
-1544
7631
1482
1223
-3934
8252
-5626
-5597
8477
4648
5424
4898
7049
-154
240
-9542
-8329
-2995
-8235
6085
-8136
-267
5164
-3722
7169
2499
3348
7395
-2606
-5658
-5223
-7928
6251
5615
9066
-6093
-4681
-7329
-9344
7981
6199
7322
508
-3688
5309
-3345
-972
-9912
-7905
-9592
3544
-9818
9377
9289
-9631
244
3460
9041
-7159
7193
-1802
-912
-6342
-5414
-2924
8925
-3209
-6859
-4572
-6365
8066
-5809
-5267
-9088
-4995
5526
-9291
7903
-8899
2460
-4303
6
8615
9232
-2325
5432
8190
6867
2926
-9562
3524
104
2089
6789
-8286
6993
-1477
3680
-1264
-5447
575
-2139
7105
-4913
-8566
-4451
3803
-956
3667
-2365
3220
-4134
-5154
1885
5416
2284
7325
-3842
3660
-7102
-5233
7928
4578
-1721
-9213
4469
-7123
5884
8911
3857
4787
9270
7827
8353
-7779
1553
-6232
4717
-5788
-9839
-3705
9019
7389
274
2542
-6900
9125
-842
9784
3524
5908
6595
-8733
-7527
4468
6942
479
2378
-3279
6962
2170
-6739
-5675
-1209
-1550
2632
-7614
-8957
6637
6558
8017
-4441
-5321
4029
7452
4269
2113
-2429
-520
6912
8345
599
8298
5909
-7695
-6080
9868
9304
-1052
-2576
6125
-2670
-3505
-848
4812
2076
1477
6026
-3052
-6346
9883
3076
-2527
5035
-7628
64
2872
9718
-4687
-5748
-876
1358
-5564
-4048
-6647
5810
-2043
-2960
-3001
-2839
-2752
9623
-1050
-1426
8336
-6388
-3211
5591
8778
-5012
-4652
-472
3777
7366
-5603
7994
7982
1424
-9860
-5084
-371
724
-9355
-5121
1081
-3970
-684
-5046
9595
-9002
-7150
6411
5358
1964
9044
8530
-5608
-8184
5655
5846
-5482
-5998
-4798
9653
-2328
-8581
9534
6389
9532
-1667
7207
857
5170
-7000
-2899
-2940
-7294
-2332
8001
633
794
-8819
-4682
569
404
-5803
8779
9575
-661
-1120
-6844
7282
6401
-2323
-7904
-299
-6726
-499
-6892
-3081
1270
-3735
4610
-9210
95
1687
-8623
9573
7535
6219
-509
-638
-5951
-5617
-7562
-6887
-7477
-1478
-1190
-6353
-583
-8082
-31
-7155
3554
3758
3118
-5954
-8833
-2584
7291
-6320
580
2584
3509
-6155
-2778
-3551
-8705
8519
-6740
-3590
-3392
-9462
4974
8511
371
-9814
-3017
-2342
-6550
5263
-2077
390
8169
-511
-3090
-8511
9527
8822
-7166
-3553
-6658
-7838
8283
-306
409
6205
-1582
-9707
-7783
-3236
4628
1526
-6568
-5622
-9610
2334
5826
1017
-1617
6136
-4055
-8220
-1819
748
7554
7652
4714
-7726
-3861
3805
5385
-7436
9003
-3449
6191
3761
2716
9530
-2213
-4803
2846
-864
-1369
6985
8634
-2037
-8180
-9959
-2793
6226
-9818
-8868
3903
6064
9322
-8674
-3963
4111
-3607
2485
-704
-5032
-3280
2149
679
-6139
-7154
-4702
-7064
-1617
-6830
2715
-5623
8446
5764
52
-3331
-8807
2813
7106
6808
-4584
-2415
-1192
1873
4466
-2294
-8444
1303
3119
4854
-3315
5191
4897
255
-550
7159
1666
-7605
2399
-147
-5424
-5656
729
-7481
1645
-5914
-9691
-8493
-8501
9186
9663
3095
489
1245
-7280
6405
-2340
-4503
-9532
2749
578
367
-2182
8218
-5588
-1316
4006
-2298
-6653
2615
-8773
-2048
6045
-1094
-6239
-6815
5970
-2394
1998
-7503
3936
8756
3496
-2082
7939
6498
-6204
-8182
-2746
6136
-9548
-4387
-2532
-8307
6998
4146
-3123
5557
-8462
-99
9188
-3439
6014
-2068
-7861
-4330
-5932
8939
492
3932
953
-3251
8463
-3500
-6765
-7417
-7381
-506
5807
2208
-6303
6660
9675
1359
-5137
-5006
-8625
-1005
-3883
7148
-2997
-8987
1913
7564
-6716
7059
-4204
-4453
7474
8482
-4068
5575
1672
-4585
-8749
-3151
4738
6490
5056
-4048
-9088
2388
-7093
186
-2614
6503
-7131
9398
370
3201
-3640
-8817
-896
-8570
7625
1257
6498
2251
-9510
60
3709
4277
-4060
9369
0
5269
61
-4931
-7106
-3447
-4840
-5144
3072
8611
-1073
-3326
-3020
-1497
4804
-9936
-9992
6719
9101
-7841
-3211
8911
-7371
-4619
-9137
-4585
3984
-3371
9339
-6757
7556
-7532
1547
-5436
-4047
5792
7798
4708
2597
359
189
-6327
6982
5559
441
501
-9472
-4018
4204
6831
1929
4529
-4825
2293
-1042
9127
-4187
8540
-749
-6838
117
-7846
-5091
8125
879
5547
9022
7148
7294
-6986
-3020
-8598
-2153
8627
9748
-2091
4760
6299
7445
-9911
-5672
8298
-5285
-3211
3018
7489
-469
7689
-7113
-4466
-5515
2258
-4539
-3350
-6869
-3226
-6328
-2841
-2751
2115
-7440
7804
8978
-7405
6337
-826
-6396
-9212
4131
8945
2499
1177
2522
8077
-2857
-5722
-8533
6526
5019
7187
-1916
9412
-8726
2384
-8029
7852
1479
-9609
4965
-291
-7729
5245
-8763
-8513
-3361
-1766
4649
7541
-4458
-2163
-5421
6900
-845
3592
334
-523
396
7390
9134
3955
-9692
-3531
6257
-456
229
-5036
-9633
2104
-7121
1912
7010
8065
8968
-4762
285
9807
3427
-5401
4912
2269
-2882
5497
-7150
-678
8600
4574
-6652
-5100
9745
-5521
-5678
-8620
-5715
-9204
-9089
537
6423
9712
-1203
-2920
-5325
8312
6580
7471
4279
7301
1838
-9745
-7645
-4568
-4738
-9473
-5435
5936
-4927
8990
1762
-5104
-7982
6580
-5377
-385
676
7923
-3639
-3314
-778
-6785
9923
-6698
9092
-5566
-7171
-8701
4944
7422
7054
-5141
-8876
4263
-5047
4361
-7907
-9155
-6618
7735
-9395
7383
-8674
4154
-9294
-7752
-3425
8707
-9356
4592
8933
-4140
5736
1347
1717
8685
-8339
-8656
2010
5359
6274
3385
-1549
5945
9795
198
-7064
7508
-3242
-3943
-70
543
-6664
9384
-4998
5604
6024
4626
3215
-9645
3232
-5950
82
4183
7544
4723
-5821
4872
-9362
-1541
-8684
-6126
5896
8837
-671
-4992
5739
-801
-1881
5670
-5990
8665
-9477
9767
1254
144
-1188
-7673
8578
-4135
-1303
-3284
-6161
-5679
-9179
-7712
6579
1591
-6442
-7585
-7145
-4207
-9248
78
1046
-9222
6256
-9917
-2925
3754
-1278
3238
-1691
-2433
-1980
9428
1537
-2578
-2456
-4838
9332
-4347
-8003
-1619
2918
-8093
5026
-818
144
-9141
-7634
-1383
2928
9660
-5191
-5701
-4115
8404
1856
-7946
-7446
1693
-9974
-3636
2566
3220
4084
7526
7670
6011
1247
-2261
2132
7162
-6425
-2039
250
4902
-8725
3957
-5092
7902
-5455
4673
-8398
8827
6155
1562
8408
7624
-8020
-5632
-2596
-5219
7479
-8116
-6382
4945
-66
-3901
2039
7316
-2205
2709
-4303
3525
-4004
3320
-446
4479
1776
7002
-2954
5075
-2627
-3817
-2376
7941
-1157
-9486
6389
-6954
80
-1091
8678
-8420
2432
7059
7840
-7048
2883
593
2198
4561
-9649
5983
1141
1123
6536
-4105
-7401
3632
6672
-6791
-7565
359
-5695
9749
-9
8439
2308
-229
442
9251
-8429
-8740
-5319
-6888
9455
3774
2443
6572
7579
4705
6309
-3148
7541
-836
2924
-4597
-4711
3892
5180
-1864
9997
7178
-5194
4286
4680
7082
-4455
-9351
-1036
1649
-6113
-6614
1310
-6532
6286
8233
-8490
-794
-2880
-2742
7196
-3764
-1078
4461
-1954
9402
4408
-8243
-3145
6522
9081
-8149
8016
-1576
-7166
9049
5246
5719
1080
-2195
-6807
-9385
7869
9338
-96
-5691
6802
-5107
6651
-8678
-7897
4050
-1181
-3579
-2198
-7000
-6049
4117
6833
1220
-1913
6164
-9204
193
4776
8013
4995
-1828
-3348
-4970
-4139
8368
8343
27
-7347
7370
-7074
2953
3356
714
-2569
7308
-3678
7828
6291
-8608
7286
31
7540
7143
2422
5250
-585
-5802
6508
6207
-2702
-6676
-8004
628
2400
-154
-5972
-9040
-7343
6790
-4106
-4262
-5728
5296
6022
6835
-3233
9690
-7722
-2331
-8
-4816
-1326
-9726
-8669
-2292
-1383
-4831
4755
8220
-1382
9168
-5688
-9963
3458
-2602
-2927
-1721
-8691
7546
-4707
7689
8882
-3630
3523
7182
3269
4340
3342
-8248
5215
1321
6439
5036
4605
7806
8672
9452
1414
-9934
5078
-9490
4707
-3594
-4696
5028
9189
4886
4723
-6854
-8366
-4276
-9253
-6214
-9333
8105
-7185
290
9280
6208
-7147
3630
-7914
1139
4731
6830
3153
2681
-8755
1507
9703
1213
-8800
4958
-1420
4806
-5853
-8834
-8721
7926
1513
3585
1723
4074
-8940
4501
-8300
-788
489
5753
3764
-3045
-2797
6000
5520
-292
-9977
2855
1683
3097
9560
-3763
7427
7708
-3795
7727
6581
-697
1042
-5698
8900
1309
-8108
-7408
5324
6123
4587
9007
4551
9211
4541
8894
-4270
1100
-9185
-8842
9553
-1531
6622
3717
9032
-4276
1138
-5872
-6760
-7052
5093
-9651
3932
6002
1003
7342
17
-2093
-67
385
-7264
6342
6096
-8685
-6039
-1784
557
6465
1003
-2783
5296
5255
9735
-6431
-4375
-3338
-6098
-6558
-5422
6256
370
8175
3920
-4813
-6968
-9062
-925
5444
-8440
-5640
-5850
2762
1353
-2280
1170
-5656
5649
6756
5150
-6379
4137
9684
2048
6753
-2860
-2468
6613
-6815
6279
-6544
1191
-9029
-3424
-6507
-9225
-5515
2496
-1094
8543
6680
1738
8938
1479
7078
3814
-502
-6536
8384
9453
-3667
8115
-9950
-3630
8089
-6641
4566
-4178
2605
-1293
782
8417
741
1549
-3423
-8087
-1687
-1715
766
-6705
-7958
4735
282
6307
-6442
-7698
-4777
2466
-6490
1664
7350
-7462
-7305
-2708
-6627
-1539
6999
-9403
3436
-1264
-7367
-4359
-6271
2231
-1702
3889
5710
-527
7765
390
7266
-3724
4424
6614
-8077
7499
8395
-9626
5319
8415
7028
4989
3223
-6877
4159
8430
1231
-6834
-8645
3134
-7917
-403
9425
5648
-4073
-6263
6667
-2366
3629
-416
-5909
-1576
2891
6692
-941
3128
-7046
-2249
1663
8923
7791
246
5101
2630
-7540
-7839
1376
-6312
3693
-2713
1509
4953
-1173
-5461
672
-7302
2600
-8311
8712
-2870
3304
2931
9608
454
-2684
-1319
-2901
-3153
-4363
4199
3062
-8438
5021
-708
-7283
9614
-5872
1686
8215
6697
1288
-6415
-5838
642
6280
-9265
-1807
-4673
-8247
8375
383
493
8674
3255
-2380
-5101
-7337
-1951
-2412
6089
-4950
1329
-5194
9378
185
5908
-3632
-3592
3505
-1700
-3
-9526
-3370
1537
1665
1494
-20
7478
4411
-9734
-8251
4090
-9847
-9502
3414
3582
-7975
-3014
-4179
138
-2561
4958
1527
-6082
-4767
959
5922
6997
79
1064
3608
-6362
4589
7114
-8615
-2844
-9326
-3657
9182
4980
-5533
-6983
-6053
-8670
9526
5809
-5358
-2619
3080
-151
661
5693
4184
-1997
7154
-7991
-3435
-2564
5943
-4361
-3328
-6097
-7912
-5101
-1299
-9442
4749
3588
2472
-9980
9364
4739
-4763
-1855
-9163
1347
-7248
1943
3424
7583
2523
2460
-346
-260
-5133
6753
-287
8805
1123
8408
9144
-4312
-8239
1548
9880
6551
-2393
1935
-790
-5322
-3597
-4359
-6265
9192
-3816
-1632
9516
308
9885
4517
-7039
8708
6984
9913
-1391
-3377
-2043
6682
-2321
-117
1857
4689
6215
-8273
7730
-2781
381
9298
-7017
5746
-1783
-211
-2046
8584
-9490
4120
-8614
8843
-6337
8135
9494
-4203
-8060
6247
-3192
-3039
7537
-1041
-4601
243
7645
3493
2096
9248
8755
-4472
-5161
3892
5867
-5132
7661
538
6033
5849
4537
-1682
8846
5028
3861
7182
-1499
-9750
1964
-8201
-5200
9968
-6634
1960
1590
-6773
-2310
-2494
6185
-3093
-1563
3730
-880
2129
-9234
-6427
9044
4805
9113
9772
4847
-2575
8179
-1763
-3142
-6018
-128
9909
-7389
2844
-8155
5208
952
-1164
-6763
-7918
-1414
-5181
3763
3185
8455
-807
6569
8239
3336
8146
-1380
604
2045
-6275
-9913
8485
-4768
3284
5987
370
1487
-1169
3428
762
7264
-825
7545
2891
1010
7149
-4696
-7316
-8414
8026
8403
-7358
3108
3872
-5852
-8499
108
6297
-5655
-9033
2109
5463
6310
3574
-2307
5743
-4901
-9318
-7087
8411
-7302
7364
-8118
8257
-4365
-7860
6196
8264
3425
8245
-8520
-2785
-798
-8443
-6982
5005
-8898
-5509
7536
-8916
1130
2936
9747
-9503
8715
-6584
1186
7406
6307
-45
-3548
-5906
7394
-7130
-6038
8793
6250
-8130
-6884
-7376
521
9519
-5679
3718
-7401
3846
7649
5031
-6780
7704
5923
1088
-6787
-870
-9423
-2495
-658
-8984
-2072
2726
-9046
-5456
-3673
-920
-8533
-5679
4069
5621
5375
8102
9920
-1879
-3337
2211
7836
5427
-5825
3056
-8465
8005
-5481
5611
3644
-7340
-8907
9944
2725
3758
-241
9956
4811
-2976
4941
4268
759
1205
4315
-7738
2572
-4401
2103
6028
8050
8202
6715
-3681
-5423
-8928
-6605
8230
6120
8842
1726
-9009
3763
824
-967
-9545
4037
8577
4097
-6674
-3167
-8553
-6808
7856
-2397
8873
9178
551
-2091
-8704
-1122
-3981
1841
8804
-3188
4115
2344
210
7469
-7298
682
3445
1314
6587
-3141
-5013
-6030
-7553
8716
1460
-3840
7090
-2057
-3803
8977
9600
-6774
6772
-2990
-9791
-8707
7953
93
330
-4108
-1680
-5691
5552
9464
1300
-103
9551
8153
1328
-9948
-8101
4048
7891
-1639
9066
-3762
1890
-5023
-5218
-7289
4328
308
6728
1465
-7365
8120
7963
-1905
-7860
-789
-4708
-6833
2361
-2761
3424
592
3831
-9421
3741
5510
-748
-6562
-9032
-8273
-8634
7208
7618
-998
-2574
-8594
-8914
-7796
6805
9709
4665
4739
-4109
-9024
5314
4932
-3368
-2738
-5480
-593
-8417
6242
583
-969
-5100
-5329
8677
8261
6327
-9153
-7748
3737
6811
-3915
-8903
2738
-194
4846
160
-372
-1296
-4155
-3877
9354
-5325
-4324
3243
-7661
4089
9367
9720
-6484
-6459
-1494
-3838
8255
6641
-6999
6318
488
-9184
3112
5156
3604
-4063
-7096
-6990
9962
-8666
9880
7850
6914
6068
-9203
9216
8854
583
1388
-209
1950
2245
-6643
5678
-540
-1642
-96
2987
6012
5281
9628
7370
-7400
9557
2054
-6865
-7893
8299
1136
3050
2991
4882
-4554
-3069
-4150
-4904
-2011
-1767
6374
-9573
3408
-136
9506
3103
-4218
-7748
-664
-9662
5048
-2350
9696
6710
-3714
9384
380
-1932
-1144
-7843
7586
-384
-6863
-6572
-4663
-6971
5939
-6880
5880
-6916
