-4365
-1648
-8084
-1392
-6025
-6069
-6763
-5044
-4074
-5099
-7958
-2297
268
-2025
-2891
-4843
-951
7048
8656
-7560
-8025
2212
-5360
4206
8234
-4855
-7868
2218
1090
-440
-9939
8937
-45
5836
-5088
2582
102
8370
1590
1334
-5167
-4323
-8713
2996
136
2910
7479
5897
-5966
8263
2046
-8900
-806
-2447
7127
-4719
-6600
-7098
2798
6076
-8575
9953
509
-8679
-4472
-5208
3125
-8462
1466
3445
-7447
-3101
-1373
7655
9811
-9418
8865
-6827
4081
-8969
3250
7489
-6631
3822
-1615
-6612
-4773
3376
51
-6390
-3484
884
105
-2527
245
5302
-9597
2875
-9370
57
-530
2531
-5270
-5377
1912
4855
-8760
4935
-2034
-5219
1753
753
-2972
-5789
-3452
2507
-9922
-5156
5501
8720
-9313
6184
4471
-7662
2646
-9124
7519
5196
7434
4716
1090
5329
2746
-3795
3144
6729
4453
5718
-6528
5122
-4455
-7851
4839
-7136
-8960
2294
-2420
-5884
-3153
4036
-6965
2422
-3502
6825
-6606
-10
-4376
9170
-3362
-103
-2655
3109
1319
9929
-2566
2618
1042
-1573
-3127
-6913
1350
-1634
-2255
-6230
5830
-8633
4834
4179
-4237
2638
-6896
1251
8262
-7844
4394
8644
-7083
-4231
3016
-224
568
-8801
4992
-3142
-7033
-445
-9891
-4376
-8058
4986
-9049
-1334
5020
-8581
7454
-9504
729
8333
-2656
9129
4819
8702
-7608
5875
3417
1110
3194
7557
-1997
1962
-6655
-131
5310
-1292
-4121
-1341
9819
161
9032
9723
-2143
26
3332
-9941
1695
1408
5047
2877
6907
-2329
4068
315
-2221
-9270
7816
-9590
7370
-4662
-9804
3158
-1390
5299
7087
1677
1249
5500
-7062
6888
-9054
-7302
-161
-2378
-2346
7539
2605
-6111
9191
-8267
2582
-8513
-3469
-2666
-3939
3858
6059
3290
3825
719
-4460
3331
-4586
9316
-6801
-4422
-5638
9755
6148
6451
-8067
-5338
7576
-5792
3267
9402
-3544
-8480
-7033
-2479
2780
3900
2243
-8944
-4111
-2776
-6502
-8806
9436
471
-5923
760
-9414
-2898
-2635
7268
-1314
7728
-1492
-1018
-980
-7967
-1013
4848
9860
-8499
-4614
3988
3684
-8724
-832
284
-1495
6013
5428
-2983
-2486
-5420
-4001
9602
3366
-782
1086
3420
831
1161
545
-1220
2107
-4450
-2529
6036
1541
6855
-4295
-4890
-2689
2995
5689
740
3516
6381
-5288
1220
-6923
4151
9826
-4125
62
-3124
-7832
1053
3697
6456
8181
6146
7170
-1498
5672
6437
-5502
-9791
-8649
-3959
-2561
9598
8220
7474
-8329
9801
-4667
-3455
8830
1612
-4275
1776
4505
1079
-9007
1462
6485
1121
2186
-5804
-531
-6493
5674
4158
-5236
8928
7910
9843
-4509
2546
7604
9673
-4318
1539
-4899
-873
-205
3143
356
5411
-5191
-8940
-2269
83
7337
6655
-4489
-3088
-2439
2791
190
4307
157
-3658
-1833
6985
-1168
-8684
3951
-3114
8884
-5232
-3330
3454
-1743
-8579
-638
5835
1070
-4203
-8659
2147
-5181
-2069
-4872
5261
-2468
-4211
-329
-2005
-5009
7599
-2553
7291
-9466
3987
-7433
-7498
-3919
7269
-4057
-8276
7670
-6713
-6772
-3136
-6037
1356
831
4313
3686
-6869
1528
6746
-8127
1194
1822
9264
9697
9427
-198
-4536
5539
1534
8703
-736
-2878
8785
965
-3438
1251
-6025
1327
5798
4246
-7328
9219
8757
8783
1946
7355
680
-3990
5991
-8415
7619
2342
-2820
2519
1227
2874
-1707
-6960
-1230
9999
-50
438
3338
-1768
-9132
6335
-1456
-8215
7196
-3461
5188
-3881
-6519
8134
9729
-8550
-3041
-8460
5451
-6772
-8128
232
8789
9864
2072
4034
-4307
3698
8060
-4756
-273
-1841
3505
8059
6486
-6386
2882
3072
-3643
-8141
-2493
7032
8094
3780
-2955
-5480
4486
12
9648
-1161
1504
-3849
-4806
5805
2673
3686
-7512
-1632
-5037
8015
9473
3580
-3391
-7363
-5099
-9018
-6727
284
-4168
9035
-6563
6121
4157
4253
3892
-5632
7161
-8554
2651
-5557
3273
6134
-2799
-4739
8264
824
5364
-7496
-8454
1790
5163
4620
9793
-6364
4263
-3569
-1316
9063
-741
-7237
-5400
5616
-2785
-4998
-8527
-2241
7785
658
6646
-3314
9687
9397
8612
-5105
-5603
9831
-9708
9308
4419
7914
4775
7710
5995
-6549
7096
-8552
9429
8531
-4862
5873
-2811
-670
1769
-5444
4922
3852
2101
-4790
-1401
7164
3527
-212
4061
4180
2739
-745
2207
-6065
-65
7549
-9135
-9225
-9233
-7341
5251
-4888
-7571
-185
-1695
-4252
104
5207
-4790
5578
-8250
-2592
2155
-8985
100
6634
5886
-585
-4658
-2523
6896
101
-6799
-9063
-7147
-5101
3234
577
-3341
-620
-2283
3894
6403
-5061
1895
479
-6043
-2023
1010
-9545
8578
-2956
9101
-5281
9276
-7408
-7536
-215
-7500
-6038
-4257
-7174
-4135
6515
195
4294
5925
-3994
-1835
1107
-671
5929
9384
8861
-524
-5638
-4108
4904
-8041
-290
1589
-9228
1087
-6713
-9870
1086
8212
-2829
-2775
-4954
5712
3369
9032
-8075
1198
-6047
-7275
6296
6232
-8369
-5465
-999
2356
5856
821
-7534
-630
-9627
-2992
-4769
4749
5009
-8829
6106
1713
3107
-1891
4641
-2067
-4136
3597
9015
-3799
4699
5807
-1949
-136
1203
-6528
-444
1666
8094
-1447
-5212
-7504
-2720
4016
7017
-8530
8276
5947
9294
-8126
2513
8138
9673
-2311
2661
9290
7843
-1648
-6385
5770
3576
1938
-4477
-1653
-6664
-9295
-3481
2267
-16
-7951
5453
8085
-8257
-5881
-7688
8344
-6750
4168
7374
5370
-199
-943
-4871
-1284
5718
9659
-4589
-8484
-2558
-4502
-4287
4104
9592
2802
-2030
6511
2057
-5470
4986
-8821
-1093
-1664
5822
-413
-3157
-3197
512
-2446
1522
7472
6044
7528
8776
5184
-7748
6831
-7459
434
-3720
-187
5826
-6448
-8196
6023
7066
-9660
-6605
-8319
-3272
8565
2534
-7227
9946
1450
-841
-8447
2895
8889
1765
4042
-6992
2699
8047
3939
5474
2963
-768
-3083
-9194
8680
-9924
3909
-7566
-5611
2588
7625
-6817
6967
4924
643
6585
-8751
4272
-4413
2931
1745
4087
-7940
4376
-6404
-7578
2250
7705
-5277
5579
5245
-1979
-9923
376
-3518
-2436
5780
-31
4956
780
8954
-7058
-2251
4744
3463
1232
2798
-7735
6126
-8783
4896
-8882
-8995
-9252
3632
-4877
-5979
-6877
2398
-7608
1156
-5568
-7593
-5793
-1152
-5197
4735
4563
2925
2260
3939
-4260
-1313
-9796
-1543
-8598
-7767
-9842
-2481
2755
-2867
-6700
4964
4003
380
811
5000
-1006
-9931
-1117
-3337
3070
-8651
-8477
1510
-7311
9586
-3899
-6885
-9952
6087
3139
8767
7793
6927
-3582
9014
-7246
-6476
188
-893
-1301
7896
-4817
9367
9259
-5031
7202
-4514
154
-432
6520
7256
8400
-2786
-9599
3280
9408
-6921
-5554
6617
-3631
3488
6931
9156
-9862
3476
4265
-6112
-2440
-4756
-4374
368
-2484
4035
2699
-512
-272
7755
6494
-8385
4450
-9800
-8813
-2000
3861
2145
-2857
8819
-9512
7018
-2500
2515
-7413
5572
7557
3627
-7859
-8610
1755
779
-3086
-9442
7218
4502
-3196
-7661
-1795
145
-9711
-5249
4564
-9821
-7221
3276
458
5881
6192
8212
-7104
56
4189
1812
5700
-3036
-8545
-7474
-3019
-9012
-781
-8983
3506
8523
-2010
4630
-8806
-775
8947
-869
-7050
-3545
-2184
-4829
-5772
4774
-1940
4313
-398
-4990
-1621
-7219
-4921
3808
-6222
9721
2606
-6951
846
3992
2325
-2449
4442
-1788
-505
5978
5223
-9776
-9538
-5684
7186
6129
1013
6211
1632
5643
-6131
198
3685
2352
6284
3019
-1388
-4494
3915
-3156
-4187
6557
7519
-6287
-8352
-7058
-4914
-5891
-9174
8790
-5753
6969
3695
288
-7678
-2365
3139
3443
452
3053
1224
2399
8985
-4795
3096
-3111
-9218
3569
-9757
1303
-518
-1323
-4541
8926
-4451
-1761
1461
-5706
2577
-3104
36
2857
5260
-1076
7617
-626
-9402
-721
8135
3
5463
83
5743
-1578
3179
-2271
-2825
-1368
-985
4966
4538
4196
-6288
8050
6194
-144
2486
-723
5568
8548
-3883
-9173
9515
-6993
-1523
4701
-3170
9896
1349
-51
-438
-2349
1082
-8599
-6486
-161
3735
-7087
-6494
6241
-3792
-7577
-101
6856
-6706
8475
7594
8644
3640
-7595
-2216
-8739
-1101
-2496
-2732
5877
9515
-4629
1794
9942
5666
4175
8576
1032
-1397
1881
8650
6846
5027
-2707
152
-8972
-2502
-3623
-2899
4442
-2473
-4508
6307
-8881
-3224
-6810
2733
-1450
9626
9295
5149
-9887
5176
-4096
1955
-5949
7560
-9064
-7169
7764
6159
-4376
-1230
-5773
6452
2359
-6225
-3212
9374
9493
9477
436
-3314
8710
1092
-4741
2706
8252
-4376
3842
-9901
-613
2773
1642
6391
-1351
-3412
-9532
-5346
-2960
-5265
5083
-9891
3389
9408
-2737
605
2278
9977
7805
1295
563
6997
5986
4271
665
-6490
5452
5070
-5194
-8977
7529
1842
1815
4860
-5030
6484
-718
-3984
-4335
2995
9012
7163
8509
3504
3272
-9448
3917
3953
-7462
-8458
-2066
9518
-8502
-6255
1756
-4507
-5863
-9894
3989
2680
4740
4079
-3558
-1762
4596
-9124
-6742
-198
6169
8819
-4126
5183
-396
5749
1201
8404
-2114
6086
-7093
-9
9922
-1968
-3571
-1902
-1094
7192
2268
-8599
7076
1137
7985
7638
763
6585
-9871
-1792
1474
-9434
-305
-2187
-7380
-2160
-3394
4842
-7945
8322
1115
3105
932
2424
5364
5007
9439
-8003
-8433
-7642
4549
-6921
2750
344
8231
4569
-3138
4648
-9342
8895
1282
-1809
2801
-6030
2619
-7999
-8297
1616
443
-3207
-276
4926
666
2343
-5355
2325
-3376
-6071
-6808
-7717
4093
-4507
-8318
-237
8479
9051
-789
3636
-9115
6377
6707
7554
-1945
-3857
-6258
8217
2984
-7561
-8204
4924
2986
-2361
6414
-9180
-8882
8680
9820
5299
6033
-1897
9598
4872
4597
8582
-2409
2638
6632
8345
2624
7961
-7970
1315
-9674
4391
-324
9073
8860
9580
-4638
-1170
-5286
-9222
-6246
294
926
1609
-6064
-6624
-4258
3904
-9728
5917
397
7299
8382
-6497
-7197
-5842
626
7462
9398
2927
-5043
-4138
-8585
162
6667
7108
-1458
5681
8788
7975
-2691
2813
-3547
8441
1538
5469
944
9236
-3283
-3631
-6055
-1982
7569
845
8558
167
-5746
5805
6965
-5051
8437
-1751
-2371
-8568
-2749
693
2972
8052
5743
4270
1143
6966
-7096
-9434
-9412
1737
-9270
5086
-343
-7238
-7883
-5301
8035
2529
-8504
5836
-5693
4027
-8614
3237
4589
-5470
5110
69
4598
-2736
8382
5523
5462
-6859
3741
-7986
951
458
9773
-5025
-5157
1163
1060
6677
1330
-634
9611
-9958
8835
9260
-5369
-6028
-3095
4770
-1176
-6623
-6716
7587
1706
3015
7383
7040
9043
9047
9554
-271
9822
-9565
-2525
81
153
6992
6988
8800
4892
1686
-5879
2809
7269
6258
2989
-6311
3361
-62
-4594
-3582
3434
7735
-5189
6079
-8809
-4801
-8305
-4510
-8577
-4157
-7328
-6240
5201
-9542
9283
-5260
-1887
-5981
6598
-5368
7419
-2613
8028
7152
6103
-363
118
-5931
1461
5420
-4827
-878
2331
-9656
7322
5226
9177
794
-275
3668
6552
-8384
7501
-5851
-4935
6460
-278
-4210
-1415
139
4258
-285
4095
1340
-3537
-6158
-9489
8336
-1150
6649
5680
4880
-2021
-3540
6569
7292
5246
5218
4115
2103
7441
-3888
-6200
-2545
7894
-7750
7430
9572
9232
-7414
-9027
1886
-4420
4211
1802
9967
2047
-3046
-3125
-1032
-7044
3957
4820
5471
3277
4651
3919
395
-7754
947
2360
-2651
-3601
-3259
4857
-1881
407
-5064
-6442
-4046
6068
-3614
2431
7183
-3805
4096
3970
4140
1734
-5866
-1718
-1489
-7
3474
-8716
9928
-2350
5734
1040
-9074
4646
-3310
-1448
8761
-3103
-8947
6900
9701
-8487
4826
-5578
-8672
-945
8298
2814
7296
2003
-731
8214
8879
-6476
4114
-8177
4823
-7218
6627
8995
648
-9934
1486
5789
1818
-3577
-3004
-1599
-1234
4264
-54
9188
3524
7098
9899
-5297
-6067
-790
-4681
-3408
3065
-4569
8796
-6453
-6908
5501
-7838
-5296
617
7046
-8823
2327
6143
6449
7016
2038
6012
9400
6828
2089
9928
-5267
2980
9003
-3723
-5193
3401
-2414
5379
8333
7198
554
1673
-8618
9410
-7539
-9491
-5554
-9256
9952
7819
7770
-121
6172
9996
7316
-7579
6990
-955
-6013
-6482
-131
-840
2579
9286
4486
4668
-686
-5627
-2102
7490
-3636
-7487
-7268
-5913
-918
-5176
-2388
9755
-5547
-6863
-9787
2131
-8805
-8406
-7038
-2319
-749
816
989
-3375
706
9863
-2247
5686
-1851
6052
-7578
-8366
7919
-3473
2392
2727
-8132
2874
9302
5954
8489
7734
-1600
8521
3725
2041
-2401
5902
4415
5067
-1231
3702
-8031
-1487
-9838
5449
-1005
-4866
-8150
-3979
-1334
-8744
-9461
-605
7637
2359
1175
1061
-1152
7362
-3714
3612
1700
7810
-5592
2641
-7318
-8175
-7042
520
9942
-3164
-8106
1673
-6301
-8709
9613
-5321
4016
-5682
7116
-7611
7779
6569
8496
-9597
9456
657
5707
4815
8965
5116
9927
-9113
-9860
7761
-7223
-5817
4705
2263
-8794
1305
-520
8108
-5818
9653
-3839
-5691
3976
-118
-8276
-1597
6867
7933
4852
339
661
-7121
6834
-6610
4608
-3869
6305
6450
-3295
-363
-9315
6626
6918
1942
65
9022
5266
4905
-2297
-831
9577
-8408
-7844
1973
-3990
1469
-8094
8292
4941
-5333
-4041
2834
-2495
2163
4542
7759
2366
3365
407
-6312
1169
-4718
-4049
-7677
299
-922
-543
-7509
5784
-9182
6160
3464
-2399
-5
4720
-8158
-435
3520
397
-1640
2575
-1319
8058
-1662
6531
-7061
-8635
2864
-6336
3911
-7542
5271
1461
-3246
-8773
-8463
8312
7012
5901
222
-3075
5611
-3952
7503
8355
4271
2861
-3155
8621
-3456
4079
-4004
-1079
3098
-6758
4618
9242
-6148
8922
6331
6244
-4289
-2045
3005
-3706
7500
4522
-3362
-9850
-9639
-683
4720
7466
4167
7190
4493
-8327
-7741
-7929
-3906
-5701
4513
-1844
3041
712
654
-5536
-7549
1476
-6892
3939
5132
-6191
6654
7854
-4285
2632
-8782
-6754
8632
-6883
6741
-8867
-7729
3561
722
8293
9193
-8257
-5120
645
-7631
-489
-1501
4551
-2995
2062
6333
-6244
-4712
-1397
3542
-8415
8235
-9150
4247
-2540
-7463
4217
9912
-5944
9954
-2086
-590
1028
1753
-9444
6935
4297
5255
-9903
3234
7064
-6561
-5773
8819
-8063
8497
9920
6917
-593
1641
-9923
3265
3248
-8519
-3973
1593
3841
-5456
4259
9496
-677
-2485
8960
-6124
3993
4192
8355
-2646
3077
-3397
-4084
7487
-1363
-5173
-3126
-970
-2590
-867
-9659
-8208
6067
500
-8670
-4796
-7972
7207
-4887
-7212
-8694
-9235
-9439
-8692
-3249
-3406
-4469
1779
-3001
-8944
-2890
-769
-2070
-2074
-6439
813
-1124
-9926
227
-5584
-4535
6910
-6111
2108
4324
-7951
385
-9575
5730
-783
3505
-8820
-4769
-3810
886
-479
7757
-6971
-4157
-2818
6360
-523
1687
4681
9492
655
-5676
-5135
5115
1503
669
8933
839
-216
4940
-6197
2113
-5513
-1890
5392
742
419
-3317
-1034
4505
6716
-237
-1426
700
-2056
9780
7158
-2608
-667
-8611
8120
-8061
-5098
-4322
-5318
3576
-9540
6279
-3946
-5832
-4956
-6527
-5815
4673
2422
-9521
-2529
8279
3899
-6701
5581
-1638
9001
-8209
5954
4071
2204
9433
-3707
166
-7454
4451
-7572
1217
6118
1979
5625
-1000
9866
1929
731
569
2187
2338
8642
-1648
996
-7065
-2401
-7131
41
-4420
3999
-238
8710
5659
3110
953
-8182
176
-3185
9501
6905
1105
7167
1844
-9866
-1072
8672
-1415
4239
2849
-9590
4685
-8645
3806
1774
5493
4491
-6203
-8702
-4580
-5623
-7626
-2843
6240
6873
7147
5832
-3616
-3020
-3159
-1464
-7783
-7103
-8269
6074
3488
-1103
5105
6880
-6174
2583
4448
-6538
-736
-8045
3707
-1312
-2381
-7470
-9444
-1044
3868
-4803
-2362
1392
1480
5991
-7005
-2714
4115
-9569
-1253
5390
6041
-4802
2628
-8387
4082
-8869
-9409
6436
4227
-7722
-4620
1317
-1046
-4882
-39
4432
5613
-8654
-5572
-1104
4170
-1050
6560
1853
-225
-1021
7896
-2279
7379
544
9175
1116
-8825
4537
-9547
-5521
2160
4662
-4397
-3742
-4917
2620
-8565
-7920
-7051
728
-2394
-3973
1525
6294
7579
-1261
3065
1559
9551
2063
-8209
2866
-1884
-9742
-6813
-1073
-6114
-4934
-6359
234
7256
-1106
-5586
3109
1313
4375
3252
113
6102
7603
-1148
3033
838
5510
-7897
6023
3107
-5742
-1503
-4182
-4058
701
-4162
-4357
-3996
6279
2391
-3749
859
6601
9204
-9329
3545
-8379
2767
5142
-489
4538
7694
-5148
1480
-4404
1037
-6418
7291
6941
4860
1227
7388
4266
1281
6848
705
4986
3850
-8741
-8283
-796
1251
-6177
9425
5174
-5417
-9367
4947
75
6380
3667
2089
-5020
443
-9519
-5696
-3162
-6569
-6484
-9397
563
8308
-5895
8683
8181
5009
9488
-5015
887
6601
667
6391
-4194
794
-1022
-5181
-7335
202
-7127
8435
-818
-9588
-1745
-9370
7644
-217
-9104
-1309
-34
9092
6099
-6905
7654
5799
9991
6220
9114
8583
-8457
6912
5823
-4343
-9675
-8621
6138
4276
-8559
-1479
8226
8075
221
5603
2020
4763
-3261
4427
-4230
-7536
-3600
9754
5510
3295
4206
549
5548
4970
-7308
-635
108
-6158
3464
-2725
3875
-3136
-6179
7495
4326
-8906
1723
-6775
4774
-7522
1214
-9364
9266
4707
6098
6447
-8043
-2506
8758
-1156
-9936
-1554
7118
-3419
-7225
4444
-5834
-6913
9265
-7611
6986
9691
-3485
7203
9953
-3820
6254
-6440
-3655
-2262
-1526
8152
4231
-3133
-2213
6371
-7811
-2464
7754
5103
1125
-6645
1526
-781
-2316
-4840
3381
-7233
-610
-9823
5892
8523
6200
-2951
7664
-5468
1121
5252
-3484
-6277
7752
-1994
-8975
360
-4069
-2519
-6977
-7076
-3805
-606
3891
-7955
-5271
3170
6882
1763
4752
-6750
7014
-6654
-9093
1861
-9140
2638
-7404
-5058
6697
-583
3640
-7361
8414
-1058
217
-5512
-4393
7485
7811
9516
1031
3237
-8001
5850
7796
1625
-3536
813
4013
1014
5642
2578
501
4730
-9016
-3688
9149
6843
-2940
-7978
3346
466
1287
7197
3542
-4757
-5107
2975
-5158
-464
8933
-9187
-592
-1579
-6018
8273
-3079
2393
-8259
2606
-7851
-5120
-3770
8618
-5182
-3104
-8752
7072
689
-8633
619
7587
-559
2334
-6147
-9351
-3236
3279
1879
2783
-4589
-4996
-3918
-8862
519
2860
-841
3806
9574
2544
6516
-6842
-8266
-7579
-9282
7907
-3434
-6444
174
322
-9305
6084
5644
-681
-1669
9233
-9598
4523
8002
-7555
5446
1704
-272
1194
-1367
9818
6701
8091
997
-7482
-9795
-3145
7356
-1892
-590
8153
-9990
-6603
-3259
8352
4013
-6234
9954
-323
5036
-4471
-3107
-9074
5796
-583
-1249
9140
8718
-7505
4889
5751
3610
1475
-953
7260
-1229
-9192
7886
9333
1541
-3519
-8629
-4713
-167
2862
-5356
9770
-7725
-2526
-8155
-502
4553
-8588
-9599
6164
7664
-6139
8559
8305
7656
-4075
9553
-6589
818
8086
8405
546
5671
-1933
1085
-8096
-3777
-4691
181
-7581
-1848
-8213
-2705
9894
5848
-4778
-3626
-1260
-8121
-9586
1879
5243
5377
-6598
9454
-4635
8817
9052
-9633
-26
-7614
7919
7401
-2046
-3517
-2564
-3669
8555
7453
7896
-5058
6378
8627
-1436
2650
9576
2867
1872
-6430
-2705
9750
7940
6885
-8011
-7348
2735
-1663
-124
9408
3953
3090
-427
2181
-4956
1882
5994
7201
-5054
-3418
4752
1878
-9959
5598
9370
1957
-4940
-1473
-7236
-8572
-3935
-5614
-2877
7963
7553
-474
2169
-3714
1751
7888
4772
9829
-6799
-1299
-2367
-7882
-3075
-6287
5477
3067
-6239
-564
-928
-2016
-9352
9686
-5315
9949
-3639
1477
7267
5920
-2771
-356
-2719
-2719
-7754
2620
2945
-2326
844
5077
4679
8725
7239
-2386
-5287
-7360
-2743
2943
3665
-4544
4068
-9249
9307
-722
6012
-6273
-7803
-8670
-6328
568
-947
1397
-4806
3602
3553
4836
-7801
5119
-7132
7228
-3269
6186
-2641
535
-4185
-7055
-652
9160
-205
-1955
7523
7820
-8359
-1478
383
-3480
-3655
-3387
2111
-5943
9563
4331
9845
7882
6526
8216
7044
7915
3886
-1801
-9619
-9652
6905
-4447
-1246
5540
-5930
6920
1612
6832
-9174
-3602
4035
14
-4049
-3577
-5699
-5639
4588
-8658
-4538
7645
-4034
-615
-1729
-1
2418
5616
7677
2764
8631
1226
-2424
1497
5317
-141
-8472
-2412
-2781
5332
-5156
-547
5018
3227
8927
-9854
6949
5145
3132
-2146
7026
-2332
-4260
6504
3444
6607
8975
1996
-5406
-6919
7723
-4321
-3095
1896
6229
-1321
1323
9858
5776
-3263
-2182
712
6774
-1207
1452
8632
-7884
847
-1992
513
4677
-9788
-4906
-2788
7671
3401
-5887
-8417
-9476
-8084
-9793
6583
4711
1079
1274
-9957
-4412
-2821
-3057
-8271
8699
1192
6345
-2378
-7612
7057
9728
9969
-273
-6951
3986
2692
6727
-1924
-201
-4557
5228
1170
7723
3158
-46
5315
-6698
8552
-1399
-7011
7103
-9404
-9580
5827
-2535
-2399
9953
339
-2373
-8881
4133
2795
321
-2132
5361
-757
-868
9838
-2862
-5723
7734
8840
-800
-890
-9957
3522
2335
8937
-2002
-4896
-8247
5989
3957
-4787
-2602
9782
6717
-8379
-5024
-8427
-4890
8826
-273
-1185
7120
9652
-1040
4155
9455
4198
9124
-1900
-2493
6524
-3510
-692
7112
4863
-1231
257
6777
6953
8383
8714
-6657
-6417
4143
-9731
-1071
728
261
-1815
-1166
-4212
-2101
7165
4121
4088
-5045
-1509
-3693
-3570
1809
6952
-9445
-3701
2085
-7052
8611
4779
-5773
-7000
-236
8974
5077
-2136
5966
-8068
8698
4808
-5644
4116
3477
3046
-8744
6253
4975
-4464
4610
-3918
8673
5335
-5415
-5257
7744
7895
-5854
9684
-1697
-8591
2651
5187
2555
-6174
-5164
-4265
1712
1377
5596
7185
-1123
9220
3616
-7629
7042
898
5569
3716
3204
-4708
-2858
6934
3008
4470
7586
-2521
-7073
9500
6087
-7526
3314
-2377
-2580
6908
1636
-9427
5863
3828
-4251
-4160
-1706
7588
5669
-5736
2375
-1541
3481
-2927
-2613
-3745
-2201
-9034
-8308
5134
-7639
-4750
-61
-3541
-8538
-4030
-8939
-7038
-5539
-2721
5776
-6743
-4950
-912
-8590
7505
-6213
-7726
-4908
-4676
7517
-1671
-7072
6579
-3565
521
9002
-5195
-3145
-2200
-2264
-2116
1881
2181
-7834
-2865
7265
-3474
-7439
303
-8963
2476
-5020
7056
-7212
-7646
4494
-7620
6139
8262
-4765
-3134
6809
7374
6695
-5690
6912
6449
9643
-4458
140
-9199
-7082
-2967
8494
8612
1788
5366
-5045
4286
1169
9700
3004
-6836
2378
-7854
9326
-2373
-5060
-5122
7567
-2826
-6796
7139
5181
-7214
2623
-8309
-5080
4905
-5354
3799
-9868
0
7858
-6657
9908
-9913
-1953
2697
3120
-4621
1077
-8414
5258
9634
5574
-1364
4295
8925
-43
8227
1497
-3767
1977
3059
-4798
3064
-9701
7129
-7163
4062
5485
-2181
3753
2991
-6619
933
6941
-6645
3250
2248
7461
-4070
6790
-3461
-3343
2144
-6868
-9118
-5628
-80
-7912
3562
1368
-5652
8740
4666
-9887
-291
-9795
7367
-7888
-1118
-3050
8596
-2617
5435
9011
-9713
18
-7235
3750
8596
-6557
5896
6433
-1199
9241
-4377
-4434
1528
8247
-7930
8789
-9805
-525
-4685
7482
-837
769
-6240
-7864
8527
8207
9847
-2353
-7897
3835
3735
3489
-2971
-2897
-3649
-5423
-7469
1696
-1774
-8939
-5350
6151
8879
6237
-9969
1898
6736
-9884
-3830
-2190
640
-7558
-5758
392
1223
519
8678
-8399
-644
9112
-9128
1000
717
-3006
9141
-8882
9569
-7390
2189
-9744
9021
8864
-7515
7828
-7034
6407
-1359
7057
-8293
-3441
-9348
-1934
-1274
-6791
1632
3366
2000
7092
-1210
3658
-3078
-3090
6350
6075
-1609
-9204
9999
-9552
1063
1673
2640
-8437
339
3705
-196
432
-7858
-4120
5238
3340
-9789
7173
-8051
2646
9260
3470
-3883
-7494
-7770
3195
-4111
2197
938
-3220
-1977
-4054
-8151
-9102
8061
-5977
-9761
-1452
6712
-4157
6046
-3709
-2306
-6874
-9300
4972
-3350
-410
-4169
7201
3253
2005
1603
-850
8859
7809
8658
-6791
1728
5835
9785
-5231
-2602
120
5207
-4285
-6476
2436
8528
-1811
-4264
2216
-8818
4192
-7193
3659
2043
-4858
1719
-1384
-2994
-3497
6035
2452
-1571
-4160
-4041
-3100
-6696
6752
-9038
-3100
6996
1777
-7328
-9303
-9875
-2596
1415
2646
-9639
2995
-3573
9644
917
-351
-3156
-235
-5798
-6347
-5236
-8744
1803
-7821
-3883
3655
-3113
97
-743
-4955
9314
-3929
-8415
4822
4316
-5062
-8599
-8639
-3101
-2322
6969
-8475
-5449
-6159
-295
-466
-3937
-4581
-6460
837
-8107
7561
4730
-2743
-7975
-4162
1837
-7488
-7788
-8837
9325
-9284
-5325
4713
-8897
-2226
2909
1969
-5529
1825
3787
-8887
2535
1167
1574
1622
-8914
3488
-1033
-6284
6859
8832
-5640
3550
-6556
-2315
-1089
-1673
6128
5494
-4183
8529
-6887
-362
3413
-7100
-7955
7533
-902
-1686
9731
-6383
5405
4037
2713
-5060
2556
9615
6703
2584
1660
4192
-5605
-3567
7994
-170
4671
-8481
5786
-119
-322
-8863
-9842
-2302
7485
-7354
3114
9257
5756
-7052
-3435
-5831
3653
3312
5108
-7535
-9699
3808
-46
-3538
175
9471
-8811
-1173
-5976
-9711
3992
461
-5217
-259
7134
-7806
3966
895
5688
-7764
4829
3352
-8308
583
-1939
-6776
5214
1082
1399
9250
-5338
-1346
-8173
9103
3469
5710
4039
8999
8750
1550
-6286
-9105
482
3520
-3596
3072
8480
-2030
-3726
1976
-2945
-9006
7490
-6909
3204
-5278
4874
479
5554
4304
-2066
1131
-7942
6329
-2698
1894
3205
-5618
-2655
6931
-3249
-914
5404
-5105
-3634
5885
-4056
9655
-1821
-2011
-7031
7048
-2565
-1101
6608
-6070
-824
-8405
3435
310
-5932
-173
-5570
3344
-781
1423
7608
-6107
6259
674
-3990
229
-4328
-8441
775
-9429
2744
-5402
-1766
-3465
661
4332
-8217
-5579
-7149
7112
-6092
4907
-3991
-4455
1264
9891
34
1305
982
-7390
-6842
-5342
9399
4868
4434
9464
-6074
-9832
-1487
-1702
8932
-1501
-6526
-7613
-7401
-4586
5372
-881
-7169
4031
-5373
7586
5327
2550
8817
-8408
-3542
-9912
6304
-882
-7349
4042
5848
759
-1630
9222
5010
7499
-5952
5946
-1444
3981
8519
299
-1916
4625
4218
8143
-1056
9292
462
837
-8911
2563
-4382
4724
-686
-9304
6255
-6224
2993
7781
7032
7999
-8371
-1001
2304
-9354
3910
5471
-1139
-5821
371
4089
-5806
-8698
5367
6490
-7637
5204
7908
5879
-5005
-3866
-1858
6072
1712
7777
2743
-6304
7961
-438
5707
4199
-1532
5052
2441
-9231
3771
-8311
1383
10000
-3581
-4038
8631
8676
2705
-319
6652
-5081
7323
-6191
-4073
-1079
-4185
396
2656
3138
4363
5217
-6876
7253
4057
-3021
7459
-5779
-9821
1732
2663
144
-5114
8219
168
-6890
6102
5291
-8013
-7048
-7292
-8872
-5159
469
1764
-6790
1013
7393
6504
9584
8514
9282
-679
6747
7211
9745
-3550
8887
-1214
-4241
-9175
7479
-1819
4156
7045
9010
6177
-6878
-1365
9671
-1471
-8481
-6820
2
8692
-9802
-5352
-6353
1364
-9821
6730
-7439
2336
-2520
5504
-9790
6088
-4692
8319
-5499
4939
2504
-8497
9290
-4988
-4088
-9294
9637
1663
3887
-3325
-447
-5358
-2036
3240
-5636
-4769
-8680
7964
8816
-9299
-8804
-9532
4289
2143
-7871
-7891
-3532
-2555
2381
4890
3461
-9153
-2316
-4154
8886
6153
4361
506
1795
895
-5780
1182
-4352
4160
8870
-1214
829
-4421
-5031
-7038
6098
-3388
-5666
5628
-4754
-2998
4355
1305
5450
-3350
1045
-8696
9612
6974
4382
8305
-2363
7313
-2684
-631
6148
8333
-7609
5841
-4365
-7740
7055
-8641
3106
-8492
5490
2158
4012
1962
548
422
-217
-1425
-4492
-6327
-344
-6390
-7924
849
2628
-6669
987
9729
-2355
-95
4242
-5816
-1040
9300
-7368
8863
4993
1066
8891
9664
4313
-6436
4276
-2134
-678
972
-2851
-5153
-3793
2341
-6313
-5860
-1875
-6756
-2828
7408
-1110
-6704
-1125
-7158
-2692
-9866
-8387
-5800
3724
3159
4244
3920
-55
6451
718
-197
4960
-7615
-4567
-4577
7424
4351
-4176
-533
-7802
-8472
-7853
-2838
6592
-5179
-4208
-1143
-4186
3291
8129
-5105
-5555
2340
7826
-3804
-4079
8984
9373
-753
-2968
8292
-5234
-5935
1066
5102
-2378
-7983
2199
6876
3759
2890
3736
2282
-4158
-422
473
9026
7713
5805
4604
-435
9791
2194
-1136
2695
313
-8925
831
3733
9086
-1626
9526
301
6306
2877
3504
-1975
-2940
6313
-5478
-9529
6417
-2814
4735
395
-6784
-4715
-7950
5790
-7257
2895
-4326
2488
-997
1993
9796
-7182
2835
1029
273
2926
666
-279
3185
5244
-6289
-341
9851
-120
9571
6074
8674
-7355
-2982
-6294
553
-517
5801
-9960
-3449
-9071
8587
-929
2628
-9194
-8848
-6340
-6726
7235
8305
8143
-7489
3815
595
3386
-2845
7178
-5836
-6483
-8730
-1527
-5062
5894
-5043
9831
3243
-8367
-5030
-865
-4295
-6248
5417
7066
-5342
-7205
6692
-3239
288
-1176
-9099
6084
-4748
-6346
-71
-1059
5313
-4506
3138
-6186
6214
6313
6656
2088
-5546
-8608
-3092
-3720
1385
9255
6066
-2085
5369
-9724
-2861
-3553
7621
-2074
-4703
298
-2234
4875
-5735
7867
6994
2163
4339
4897
4462
-545
-7203
5614
4119
-2212
7383
-7901
6877
-5836
2491
-8434
-3929
3010
8085
1679
-1645
-5290
4378
-1379
3046
5705
-1444
1588
-4199
9071
9255
9239
864
7461
4068
-1825
6643
703
-1976
-1807
8990
-6954
-3749
4063
3511
5060
-2478
-3900
169
-8657
7013
928
7266
1811
-9688
-8448
-327
-7352
6395
8912
3423
1993
-739
3484
-9861
6834
1701
-7767
7667
-7935
-5973
6346
-2825
-9219
-2022
-5971
9876
-9211
2765
-914
-5116
-3836
-7744
-4316
2399
-9819
-3671
6201
-5326
7126
-4323
-2211
-2495
-4289
6888
-7128
4362
-7502
-2074
-3748
-1307
-2904
-9566
783
2492
-1610
8744
-3122
-4256
-8741
-6954
-4007
4933
944
4111
-1455
234
-1721
-2892
-610
9623
256
-8382
-9613
9484
7363
-9677
9049
3302
1701
8637
4071
-2548
435
-7777
3879
-4546
1175
80
-5411
-5163
6209
8436
-6807
4876
5779
-1359
-1506
6491
4501
4645
5659
1577
-3860
-5709
9978
567
-4199
-8517
-2087
-8368
1576
2172
-6987
3343
-8472
5552
-1339
-2544
-2423
3660
1928
216
-3359
8805
9898
-9734
8682
1114
106
-1416
-4926
-8476
-9333
9894
-6216
-5517
-7953
-5149
-2695
-4913
7160
686
-6573
-2017
7873
859
-9532
5548
8048
-6858
2838
-2930
-2261
7517
-699
-8766
1180
6769
-8177
8855
-8788
4289
7251
-225
2103
-9691
8521
-9690
1516
3498
1490
-9621
9869
-13
-3332
-9784
-4903
8236
-4661
-8417
-2809
6988
901
-3990
-290
-9530
-9584
-1540
8735
1153
7119
-3882
-6910
-420
3426
8551
-7912
-1058
-9169
-5884
-2024
6867
8299
-2304
-9615
6423
-8082
5580
7223
7834
-9887
-5588
-5580
6380
-6607
4946
-489
-9455
6793
8775
-6184
-3911
-1332
-1789
6075
-656
5798
-3973
-7664
-124
-509
-3118
-6767
-124
736
3697
1205
4498
-1528
-6728
-5622
-6984
5178
-4550
-7205
9739
-4479
-7755
6725
107
1611
8952
550
-2357
751
-9437
7054
-3381
-2317
-398
-5207
-2622
-8118
-9870
4013
6875
9651
257
8969
21
-6249
-8992
-5712
6247
-5895
-6636
-1658
-2843
-9090
-2566
3555
-5292
-5407
-8298
-2621
-3034
-3071
-2417
-9215
9014
4244
9154
5821
9953
2570
4674
558
7095
4954
-1327
-3366
-9158
6587
288
3595
-157
6746
7305
-773
-4856
3078
4573
-24
3687
-3719
4187
-9808
-7157
9882
-5030
-2440
-7021
-6352
-5528
-7205
7751
-3696
9218
1773
7255
-3951
8792
-100
154
1042
-6916
4041
479
8245
-8927
-1483
-3147
7664
-3354
5969
5210
-826
-1053
1508
-8549
-5315
-2752
-1554
-5404
9632
-7792
-2961
6946
7361
3933
4157
2943
2171
9238
-1728
7519
7163
-2270
1162
1959
5665
-6065
-5558
-598
-5671
-4720
810
-9903
6836
-8797
-6966
-4079
7186
-7204
-3248
-2715
6501
8746
-8583
-7328
-4725
6096
-380
-3998
6692
8610
-1772
-8719
8941
-8068
1582
-577
491
-3257
-1836
5426
