-5353
4888
-7713
7415
-6915
9230
-2196
-1272
1387
-761
-4955
1246
6941
4451
-5781
8989
-5005
2412
-8916
-5658
993
-8508
7390
2295
5779
-1497
-1948
-9316
5805
-7551
-2379
-7421
-6443
-3221
5558
-3256
-1797
4179
-7642
3186
-4236
-3398
-7493
7641
-8671
4825
-4621
-6706
9820
5049
-7755
-4820
5512
-6001
9453
8780
-5495
6287
-8094
8583
-3097
7395
1078
5092
-6651
-3754
2052
1966
8606
-2335
622
1860
2909
8370
5139
-8521
5425
8627
-7876
-7059
7889
-2635
-7202
-4414
3245
5281
-3196
865
9056
1274
1558
-1235
-6142
3118
-5641
-1435
-1590
-9441
7964
-1912
8845
9780
-665
4670
-2722
-5281
-8994
-4605
3873
-2141
-3197
-9088
5476
-6077
1894
1965
-4753
1640
-4415
9436
3280
9756
479
-5638
3001
523
-3035
5185
-9367
6007
-4155
8401
9062
9525
4450
2528
7437
3769
3621
8811
9923
9979
-3522
1023
2502
4349
-5333
5746
8559
-5878
-9357
8507
3377
-1920
-9296
2734
-2944
3883
2883
-426
-748
-5670
-7254
-4426
-4802
1794
-543
-2192
7278
-348
-848
-136
794
8489
-9935
-5723
8681
-4470
1816
-1784
-1342
838
-5715
-3787
7218
-7944
-8799
-6170
-4786
5598
-6575
-8281
-1558
3366
-7828
-3922
7061
-6806
6631
1085
9455
-7755
-6064
36
-9601
1665
-7032
8620
2169
3970
853
3359
654
-437
6105
3739
-2101
3585
8676
-4927
-7712
8357
-8876
1096
-7569
5462
-1060
-7514
1243
61
-9262
4605
-1173
-6793
-7018
1297
-2432
-9553
779
8151
-702
5861
4090
3006
116
-1202
-4062
-3153
-4022
-8282
-2563
-8444
-4608
-9792
2042
-9137
1893
984
9920
-772
-8613
120
-6076
5946
5156
-684
-5120
-9418
7930
-9161
-8873
8706
5241
-6110
4741
7016
-7127
6300
-2519
-9201
9437
-5746
-5592
-4247
-7892
-9637
-2428
9775
-4876
5333
841
4963
255
-8888
-545
8404
-7663
-1905
9237
6484
-9371
-7866
3606
6060
6114
3609
9500
-2444
-3068
2072
-4796
9
9534
-7060
4441
8074
-7845
9390
9603
9176
-6488
6506
1889
300
3524
4403
9209
199
-9003
-1541
1995
7543
9246
9323
7224
5316
1659
-2642
-2976
-6602
6008
7068
-8086
-5719
7001
-6272
9882
6504
-3440
4466
-7955
-6491
1219
3821
3443
1697
1005
-6110
-1412
-1784
-6556
1129
-8574
-9485
6342
-1872
-9788
1346
-9366
7863
4609
9068
-5910
3580
-9442
2050
-5289
8493
1830
-2081
-5669
-8857
-809
545
5470
-9133
1362
7020
-1964
-2652
1538
-5663
-289
-7001
-8010
2419
-5318
-9449
9539
-1726
-9519
-1759
-8097
6183
2331
-1672
-4264
-6370
383
-488
-6891
946
-3380
2292
7035
-9027
7445
-555
2664
7838
-6303
-2151
3746
-8705
774
-7132
-6992
3546
-8788
-4990
5753
2180
1339
-4626
3322
-8058
4635
5716
7281
6251
-5072
3779
8412
2959
1600
9894
-160
-180
9543
-8683
-3699
-2676
-1020
-4989
-9210
6957
-9704
486
6163
-3542
-1903
6343
4110
4516
-1628
7038
767
8071
-4690
-3425
6044
-541
5710
-234
9030
-4329
-2370
4337
-9977
6987
3254
5311
818
-2768
9158
-9092
5852
2957
-2914
8861
-8917
5429
-9427
4673
4548
7068
5910
4816
-8449
4872
2081
-7387
6906
2927
-1488
-167
5720
-2737
8073
506
-6663
3866
6546
-4656
-3555
-307
1266
-7716
-581
5554
5894
1234
2695
5959
5318
5374
1630
7632
2074
-6503
-1333
6885
1806
9096
3514
-7996
6203
-2930
7343
-4969
7264
-2655
-7381
-5855
-3764
7078
292
-9195
9348
9726
-4025
2216
1811
609
-2792
-9481
4811
1475
-7401
-8911
-6516
3328
3266
9308
4491
-5485
-7789
9802
-2521
-13
4698
7038
-3001
4062
-5400
303
8018
5297
6442
8302
3323
2385
-7772
-3851
-2023
-3360
8648
-4328
-8994
-9545
-6754
-6449
-2783
-1685
-1392
-3616
-9086
-7963
-3419
2931
8747
-636
-3068
-6814
3674
-9194
1700
1060
-6075
-3118
5114
7211
9977
6629
-4104
2114
9101
-1078
-2648
1689
1891
8109
5287
-9074
2714
-8097
-3080
-9563
-8078
3944
-1840
6066
8094
9848
-7268
-9149
-6335
-8357
-9088
-5167
5758
-6653
-293
-4471
-4421
-4857
-8235
-9227
2341
-4916
-1427
6985
-42
8548
-9666
1834
83
6690
-5349
9685
-5189
-881
-725
8046
-448
-9120
-9196
-3502
-2531
4861
-8804
-2040
-5830
8034
-2512
-8355
-4042
1213
-3045
293
-5786
-2437
-9661
-3748
-4580
-8514
486
-1441
-6744
-9162
-6789
6300
-5586
-2803
4971
6439
6637
-9440
-7884
4073
6628
4676
9638
5170
-8393
1641
-7024
102
-4963
4366
6316
8109
8740
6955
6370
-9999
5815
7832
-7633
4206
-1269
7255
1986
-1011
8584
-9342
182
8600
5198
6912
2041
2422
-6650
8586
9540
-6301
-3776
-2823
4478
-9679
-992
2797
-472
-478
-8789
-9388
-3716
7122
-313
-6914
-8146
-6482
-95
7725
8445
6708
2853
-7273
-8659
-5236
-1645
851
-5104
-2602
-7598
-6855
9726
-2127
7933
9111
-4093
4025
5084
2580
-4813
30
-7318
2596
8301
1243
474
-7662
-6575
7602
-1162
-9813
6017
2070
4118
4540
-7885
-6476
-236
4375
2792
8781
-7291
-6379
1297
3479
2330
-3948
9331
7808
3291
-7665
251
-6529
7527
8230
4969
-7105
-6613
-6881
7848
-5317
62
5217
-8818
-8565
-5372
-6795
-1510
426
8241
-7507
-3148
-5373
4688
347
-4346
-7015
6341
-2903
6070
-6675
-1219
-2664
-6546
-1695
4947
-6080
3100
-4449
1543
-2185
2627
3738
8674
-559
-9656
9956
9574
-6429
2839
4244
-2711
2763
9088
-9663
722
-398
-9569
-9408
2138
-2395
-3279
3003
2983
8129
2044
6511
-463
-5917
-5412
-6886
7650
402
5169
-3773
-6312
-2360
-6955
-4300
4857
-4104
817
7695
9742
-3255
-3457
-6932
-1631
1279
-2379
-4037
2088
914
6192
4154
2661
8342
-5911
-1044
5826
1840
-9259
-3276
6478
-8488
-3695
6069
3367
-4507
-4178
8450
2235
2790
8518
-9223
-6246
-3282
-6569
8091
-4783
-8006
-9514
176
-8640
2739
-1981
3223
8251
-1593
-2874
6753
-1676
-9123
-431
1608
-806
-6932
3241
-6451
7447
-8227
-1749
5057
-5803
-4293
-4126
-4511
4217
-1428
-6263
9798
-7012
5519
-8153
4684
6723
4160
-7929
2293
8124
2963
450
-1310
8053
-3559
9451
5371
9228
-5665
-1026
3857
2022
4555
1480
2073
5447
-8292
-4429
7546
-7498
6157
447
-7094
-5444
-841
7520
6193
-8632
-2201
2107
-8187
9982
-9612
-8690
-5911
-7421
3306
-374
2435
3236
2467
-4314
-786
-7564
9306
-3494
4754
2047
3872
798
-4184
-1052
-3907
-2147
8523
-829
-7736
3005
1799
1429
-5836
-6546
-717
-2309
8557
2408
-5089
180
-3234
-2088
6428
-6795
-3877
-768
6229
-5194
-547
-5646
159
-5181
-3554
-7677
-8217
2724
9691
7061
3764
3372
3869
2766
6249
-6827
-9716
2909
-3439
8330
6959
-5925
9031
2690
-1768
2109
-611
8430
-8600
-1321
-1113
-2818
8565
-5451
4152
-3334
-9834
3569
-9930
-7513
185
-3601
-3756
1060
-463
-6847
-3636
3589
-383
-667
-6903
2463
4904
-299
-8392
7781
-237
-2885
-4257
5800
-3415
5531
6240
3779
-8339
-4506
-908
-6597
4208
4523
-7177
-4338
-9330
-5447
3324
493
4457
8784
1580
2418
4995
7772
-4407
-9275
-686
-3064
1610
-7777
-4717
-588
-1525
-2780
-1584
9441
2725
-7987
4511
5413
-4910
-1877
-8715
117
8933
-5307
6425
6593
6307
218
3162
9722
-7925
-3350
-2545
-3833
-247
4940
-8593
466
-4719
10
379
-6421
-2840
9042
-3761
-5949
4937
5576
8855
1204
5455
-602
9962
1950
-1368
7480
6723
-8897
-3184
6552
1426
-5022
9927
-5644
-7584
-5787
470
1189
9185
2200
-3663
-4839
8332
410
-8770
-2135
-1398
7658
5938
3032
-252
7263
3653
8923
5660
-4623
-6406
-7144
-4527
-2128
-1204
1919
-1283
3374
5937
-180
6437
6072
6125
1770
2083
8646
-9113
6168
-4973
-7706
6399
-2064
2655
2246
-5421
-1848
7154
5754
-1930
420
-3659
9226
2792
6573
8786
6518
-7010
5677
4119
8408
9601
4347
-5928
-3305
9015
-1398
1250
-604
3780
-4460
-3826
7383
-8208
8370
-807
324
-153
-9659
2562
-2539
-6031
-1308
3479
-9328
-9656
3302
1190
-7809
1764
-7445
-5327
-2806
-6541
9437
-4601
5453
-9952
-7214
2772
-1531
-2227
2261
-9895
3737
3453
-9713
5152
5797
-6910
-3887
1492
6606
-9520
8145
345
-9461
2576
1889
6765
4801
-8781
-2941
1463
-4910
3548
538
6437
5506
9504
2741
5143
2279
3189
-2210
6504
86
2035
5946
-4423
8725
-7919
-7885
945
-1994
784
8030
1718
-6105
2146
8187
6971
-9403
-3648
2304
9910
-7841
270
-8926
7077
-9654
-1251
-4334
2051
-8329
-4384
-7565
4647
5067
886
2703
2689
688
8798
9574
2383
-2211
2533
-1313
6329
-1176
5034
-6109
-5297
-9181
6856
927
-1030
1100
-3403
-6958
2542
7957
7535
139
-7655
9529
9825
-5212
-4830
1434
-2838
-8471
7770
-2641
-8995
2595
-6693
-7164
3804
6800
-5713
8013
-7555
-6897
0
-2403
-8926
-2790
2826
4689
-3382
5464
-456
7523
7712
1547
-4373
2331
9640
-1190
1419
-7361
8005
4178
-2143
-5282
4725
-9943
1662
-2578
4460
-9458
-8243
9863
-1728
888
-1473
5596
8035
6286
-8099
5716
3564
-3641
-3764
-8178
-8904
7150
-3165
4522
-2383
-8702
9487
236
-7660
-5266
6347
1907
4412
-112
-1949
1924
-2196
-616
-5660
866
3844
-1784
-1802
3586
-142
2553
4107
-7508
1924
1444
6952
-641
-9252
9195
-6313
-2468
-9849
-8638
4154
2964
-607
6276
4898
-3779
-6630
5741
1551
-840
2036
676
2109
9545
-5532
3416
3901
-2055
-1618
-6304
4721
-1224
-5243
-4479
-4771
7201
3667
-2538
2708
845
-4389
2591
2441
-2763
-2064
-7925
4688
7980
-537
4752
-8776
4055
8341
-4316
5671
-4790
-7317
-9017
-2833
-2581
4372
-9155
-5088
9964
5794
-1395
3456
4884
2082
6103
5630
4878
8722
-8371
7607
-2462
5036
6687
-5904
-7780
8821
-3995
3714
-4815
-9304
-8191
-2398
-4343
-4694
2982
1768
-197
3474
5460
8781
-5382
-537
-3779
-4445
-1135
-204
-6832
-3034
5075
8256
8029
-6002
4304
-4194
6876
-5426
-5496
-3134
5390
-8209
-6805
-3960
-1145
2843
-5789
6683
-5142
-5072
-3429
7289
636
-7467
6797
-2803
8544
-604
-1985
-2767
6145
-331
-4466
5892
8369
6409
-6242
-2250
-5220
-2743
7851
2035
4570
8328
-8571
-1679
6911
1095
-37
6900
-7531
3904
6854
-98
1994
-3057
2803
6487
2829
-4942
2729
-9282
-8889
-5671
8337
9350
3967
-1890
736
8837
-7948
8356
3837
-1427
2023
-9329
-449
4176
-9319
-6314
7308
-7118
-3650
-4316
-6145
-7228
-2073
-2370
5381
-2737
1383
-1838
-1098
-2290
-4801
7731
6467
-975
2693
4131
6057
-1882
-364
-4688
5079
7499
-6736
3137
3984
-6
-9997
-6760
5625
3333
237
7842
-5616
2677
4464
4287
6513
9141
-6463
-755
-2932
8114
-2457
5990
-7867
54
3720
290
80
1487
-8931
-9495
8691
-2163
-2333
-8314
3857
1574
-8583
6330
1793
4329
-1533
4600
8280
9242
2146
9412
7288
-1421
224
-2467
357
112
-5727
3519
-8010
7632
-8051
2342
-6588
6302
-5849
-1768
2643
995
-5725
-2524
2306
4628
-5421
3589
-4890
2740
-6054
-8882
8390
1148
-8312
2229
-9518
-7617
-9616
-7775
2456
-4427
2736
2263
-8575
-3825
-1528
8924
-4067
2405
6138
-147
3616
3674
-8245
7510
-6051
268
6776
-3306
-2253
8616
-5851
-7255
-6489
9172
9700
-5760
9848
-4780
-3770
8732
8444
-8238
-7311
-819
9678
7634
357
-9680
7007
4679
-7212
-3828
-7370
6920
9298
-6564
-5721
9443
-2531
-481
-7961
-5490
-8286
-9153
6963
8268
-2425
8724
-6367
-8162
-3896
-2358
-3341
518
2943
4728
4609
9261
-9119
2107
9700
-686
966
-5967
-1601
9939
2495
-4492
-7773
-9958
6396
-6888
3826
-8935
-292
-9973
-8085
-7702
305
-5195
7717
2903
-5671
-6867
6147
-5277
-9238
9251
7071
-4923
1294
903
-2538
7047
-8354
9594
-1303
-2352
4306
-93
-8916
-5972
8612
97
2875
7639
-5147
-6675
4567
3669
5698
6760
-4709
-8222
4137
382
516
7322
874
4654
-913
4164
2273
9810
814
8316
6465
6018
-6630
4647
5191
1123
-3040
-9999
-1156
5016
-5339
-6960
1737
-5871
2607
-4428
-2822
-7176
-4432
4104
-1089
-2161
7926
504
-9054
-3994
2370
9673
-4879
-5962
6019
-8362
-8108
-5735
3257
-1109
-3252
-1769
635
7416
-5449
7921
7139
4994
-6325
4425
-7439
-7925
-3596
9531
-6863
495
-4970
-6314
3359
8472
-5464
-3399
-4796
-9597
-7383
-6727
9643
-4239
3891
1838
5242
5262
371
2619
-716
-3458
2554
2989
-872
-1143
6819
-2547
-3382
1918
-5962
5900
3981
-8986
3262
8024
-3470
-7924
-8726
4851
-5901
-2356
-4022
9057
-9470
-2569
-6800
5923
-387
7811
-855
-3133
5246
2723
5890
-1329
-9296
7172
9541
-9393
-6386
-6611
4719
9503
-1374
-7004
7379
2268
-7263
-4361
3353
1473
-7488
-3955
-8017
1331
8380
8416
9279
6501
-8098
-7080
-2574
-6612
6065
1177
6430
2521
1318
-781
-8490
1152
9086
-9773
-4851
9366
2358
4502
-62
-5042
9266
-336
-1205
5309
-7690
7801
7091
7702
-5647
-6664
2810
9901
-9749
1948
-610
-7671
-4304
649
-409
8643
481
1665
7115
-1651
-8345
-4370
-7360
7476
4579
3149
5267
-7073
-5199
6207
5444
-7606
5706
-7018
-1484
4942
738
-5891
9995
3682
-1539
-7295
-3394
2210
-2319
-5840
-9530
810
5948
77
-2579
-5444
5308
8690
-7592
8439
-9132
-8018
563
-49
157
-3391
-6989
-1601
9036
9260
-4473
1788
9612
-4752
9134
2539
-9860
-1937
-1352
9881
-8110
3819
-3666
8202
5990
-7899
-2528
-3412
7946
8971
6070
1642
-2168
1777
-2018
-5331
-9275
-113
3471
-7803
3218
-4023
-5390
788
-3516
-850
1306
-6714
9150
-9064
8047
-9063
2243
-6030
-6069
9599
-3972
-2200
4358
-855
6110
4527
-1826
-5908
9007
1377
-1599
5181
907
-9659
688
1772
-4065
2465
5138
-2644
-289
-2117
9949
2900
-2264
-9185
-3821
4330
7277
-2792
1072
-7417
-6839
1304
6983
-8092
9076
5376
8223
-6655
749
7242
-7058
-6480
2299
1129
-6559
4410
2401
-9717
-4209
3063
-8157
-687
-2941
-7654
-3325
5562
1935
6422
9688
297
-4295
-4235
-6103
3351
-5101
-3553
5594
2364
-1296
5555
-3383
-4959
-4329
6946
7762
2688
7581
4738
1296
-9698
-3200
2099
-2034
-9277
-7176
-3303
3093
-2155
-7218
4719
-4291
120
-5350
1837
1328
7367
-5967
-9377
-6439
9797
574
-2689
-9405
-9466
-2419
-3860
-9346
7318
-7783
5180
5806
2428
-5836
-5998
-2317
-63
-5650
-6349
6823
-4054
7204
-2206
1164
-1214
-3048
2737
-6118
-6823
8651
9504
9459
-564
2412
-1210
-1922
1744
-800
-5280
-14
1070
-182
-9348
-5205
3846
4481
-1547
-6190
-6053
7037
-8383
-4629
425
-5775
-2948
-5074
4416
-3100
4214
6602
5702
-5816
277
7122
3765
-5822
-4499
1265
8005
-9302
-3770
9316
-3815
737
-2327
7724
-8122
-8158
-2916
-1419
4970
-7771
9490
-4340
9948
9308
-2058
-7397
9446
8325
4852
-2421
-7063
-7979
-3533
6567
-4838
806
-5821
4105
1378
-506
2614
1561
-2500
-4803
-3452
7785
2470
3070
-1008
2654
5625
6624
-4158
-6867
8753
5312
8172
-545
-4410
-1356
3561
-214
4108
278
2199
2154
-8186
9178
487
-5058
6107
-4638
-4537
-6496
-6893
-6091
1597
5740
4467
-5613
-5299
-224
6796
-1789
-9683
4062
-865
3574
8414
4890
7806
-9843
1123
9605
3740
-1746
8389
-507
2304
-7902
510
801
-4230
-6956
-2932
-2472
-7840
8116
2956
-106
-1863
7893
-8190
-1439
-8601
459
7084
9079
1138
-9802
-5871
-8186
3018
4157
-4216
1689
-2634
7071
4001
8070
7407
4919
-1764
6681
-4779
-7650
-5573
2126
8019
8158
1326
-2303
-4898
5749
1847
4387
6382
-903
4505
-9234
-698
1763
-9561
-7492
-5325
7598
-1951
17
-5799
-869
3808
1151
5555
7476
-3641
-5825
-5459
4229
840
-548
-5184
3713
890
3887
-1114
-9265
7552
-4235
7075
7054
3126
-1372
4881
7933
-6906
3599
-1399
9099
4906
-4085
7642
4450
1059
8474
-3281
2957
1210
757
6846
6418
6439
5960
7926
-1452
-1503
-6287
2674
5793
7543
-2024
-8091
-5582
-5570
-9720
3675
-8631
-8701
-7952
-1308
8432
6654
5317
-5531
5082
-5571
-6225
-6717
2216
9877
-7503
9073
3546
-622
2886
-3916
-8672
6469
-3045
6171
-5463
9367
5972
8691
5479
6814
-6256
-4653
9670
6586
2073
3019
3909
7806
-5554
5865
-7766
4327
5601
9222
5401
2539
-2204
-1017
4440
5909
-7828
-666
-7254
2833
-4550
-4946
9209
2717
5271
-3865
-134
-7593
-3565
8420
8493
3016
9489
9399
2592
2533
-8041
2631
9496
4571
-2863
-1511
289
9248
-231
-1994
-9822
-5307
7440
-8774
117
4154
5271
3902
-9281
8784
6385
706
1918
-310
-204
6550
2819
3730
-148
-7716
2997
7607
910
-8474
6032
-9402
-1880
-4277
3115
-9361
7791
-5944
-7195
1032
-9199
-7680
-173
5799
3500
-6818
2264
2103
-1850
-7289
-9263
-7446
-8559
-2021
-1785
2725
7350
1644
295
-3930
-3168
-8261
1164
-5874
-9179
3320
-1901
6208
6042
8121
8238
-5729
-4583
-3916
-1783
2717
3583
6161
4595
4892
-1572
-4050
6238
2467
-5212
-2161
9587
9725
7169
-5761
-4025
-572
-3184
5141
-8483
-5586
1495
-7178
-2286
-4243
-7704
-4285
-8702
-6194
4742
1857
4710
-9727
-658
5405
585
3906
-6627
-7657
4635
-3229
-3798
-4084
1627
152
375
-2554
8289
1299
-9676
9115
-5645
7782
-5819
7248
5857
8704
-6166
2389
-798
-9591
-8672
6976
-575
4301
7892
-3844
-2928
9778
5559
7394
-8545
-7893
368
2630
-3148
-7596
-6860
1920
-4467
-3606
5194
-8097
1140
-4945
1948
416
-981
7773
-7106
6769
8090
2178
3891
1594
-1816
1845
-6216
3904
-5727
8865
3179
4030
-1441
-3326
1248
-803
385
8786
-2558
3165
-6415
-257
2109
1480
-3561
894
7532
-4182
6130
7233
-2593
4835
2892
524
9609
-3132
-3135
-3484
6564
960
7
7595
-1864
1205
-5753
-6015
3406
2715
4202
-1061
8876
-9514
-8174
-3310
-1099
6199
-3371
1377
-5624
4292
5715
7623
7705
6257
6154
5232
-2406
4864
5460
6346
-4605
-5649
1734
9313
-5355
-9299
-4956
5470
-7307
-9019
-6235
2342
-4610
-5103
4172
-657
-2137
5297
-7167
-7169
-4728
-4858
8417
-3905
9635
-4658
-9860
7157
4403
-9168
-2399
-6342
7983
-8685
2331
3622
-5057
-1815
-8142
-138
2277
4854
7538
-3599
-373
4488
-1932
5051
-7972
8989
-4454
-9669
-1349
-989
8011
-7610
-9308
1803
1918
-6128
-3937
3277
9191
-3452
-6052
8176
1699
8238
-8837
-4251
-7105
5805
4366
-283
9722
-3826
5519
-4644
7276
-5644
-121
8226
6907
8991
-5041
3919
-6704
1508
5488
-4286
-3554
-2171
8733
-7533
-4165
9509
-2114
-9432
-3730
3326
2323
-5480
-5920
6511
6706
3228
8600
7509
-7567
-9468
2029
-2018
-7352
760
141
4565
5957
-8629
-960
-6759
1392
2720
-9203
9224
1582
6137
2694
8478
-8150
7287
4330
-8351
2704
-1627
3023
-7950
2374
-4917
-327
4598
-4120
-6780
4226
-720
6673
-9707
-7980
-8228
-4895
-3981
-9831
-2572
-3798
-3431
8901
-1366
-8511
405
3651
9243
-2063
907
1930
-1424
5025
2444
-5790
-3387
9754
-7818
-45
2975
7296
7826
815
-4292
-6815
4614
-9219
-9824
-5850
5337
5788
8365
4660
-2639
3181
-1529
9457
4514
-8362
889
-7412
1111
-510
1144
992
188
-7620
-2059
398
-6081
3025
3431
-648
-9278
-2863
2807
4221
-5023
-6900
-5296
1061
-9694
8050
8424
-5217
-3157
-462
2724
-1443
-3757
-2062
486
-5644
177
-5112
948
267
1000
-7509
88
9386
8475
8308
-7128
8586
7740
3264
-7901
1530
6531
-72
-7285
8560
3304
-8416
-9058
2607
-3574
-6945
-1762
4250
-5297
-7851
-3370
838
-4166
9861
5954
4264
-8777
2140
3885
-8189
3831
-4851
-5577
-8306
-6744
-6937
9307
-8567
9361
-8062
-8222
-2222
-1806
9592
8260
8974
-9944
9002
-5470
8593
1415
3148
5927
6936
7729
-8479
2307
-2454
1555
451
6064
28
-8977
-165
-3105
4209
6259
3539
-3888
-5826
9424
7243
-5927
-4314
2849
-6023
7863
3083
9981
-8069
9418
-6792
-5264
-8646
-880
-7479
1424
7305
9026
1161
-379
-727
-3843
-7739
9183
1462
-1827
-4827
-4687
2665
7167
-456
1880
-302
1705
539
-1223
7224
-8199
-4429
-9744
8043
-9134
5947
-9121
-9769
5065
7848
-1532
813
2347
-4859
-688
-170
-9959
-4132
1094
-9293
9118
2248
3367
-1554
7368
4751
7207
8002
-937
-7593
6481
-3608
5260
9852
2827
5169
3829
3613
-5139
-623
9722
-9996
-2370
-9629
2573
-9974
6186
-6986
6071
4851
8175
-3696
7578
4037
3578
-5296
1941
-7134
9764
3459
-6180
3207
3072
-4817
-352
2642
2049
435
-2615
5971
-8598
456
3271
-9685
1105
1045
-3415
-1181
-5219
-4961
8671
-3737
8648
-2834
-7510
7661
6040
-9533
6599
-5640
8855
8900
-2764
8699
2962
552
-2255
4157
3644
-4466
-3226
8506
3658
-2610
6602
-6223
-5067
-2044
-3842
203
-9657
-545
-7493
692
-5932
4141
1887
-7414
2916
-5671
6850
-3910
2294
4939
6882
4022
-766
-3905
1881
-7930
3951
-4913
3241
9176
1611
5977
851
4703
1570
-4810
-2422
-7111
6266
-2427
-6417
2035
-1581
-7959
3822
3839
-2314
-8578
2034
-9670
2468
-2338
-6190
5313
-1371
-7185
9433
6284
-8600
6349
3802
-4092
1632
-8953
7690
733
-218
-4750
-4174
-4119
-586
-3619
6882
3366
-725
3690
-6542
5654
5289
6791
-1850
5722
4904
6279
2902
-4941
-65
-251
4063
-9437
-4206
-2661
5837
-5683
4030
5895
2107
-7679
7725
-1013
9906
-1890
3309
-6035
3792
4928
-10
8428
5855
4174
5344
-5226
5393
-3427
9332
3127
-9386
-4060
5164
-1341
6027
7120
-2555
1940
-8776
3380
6004
-6075
-7688
-6396
-5228
-9500
8068
-8327
9156
-7570
3924
9467
8035
-8109
5122
234
434
-374
-2687
8696
-3248
-9704
6259
7649
-3137
-404
-1350
2686
-7296
-3876
1780
-6781
-9891
-5133
4403
-7468
8100
-8391
-9093
9877
8254
1683
-6836
2595
-8295
1152
2728
3615
7468
-8015
8718
-471
7981
-5051
-2980
-2071
-6237
-4926
8977
9720
-3127
9651
-7452
1330
3919
9038
8886
5943
-8266
6157
2244
-5328
-10
9473
-8276
5649
4617
-4599
2055
4969
-9306
-3418
9967
-1713
-7258
-4696
-953
-5115
-2622
8266
435
1152
7489
4330
-8067
6491
-5460
536
7222
8569
9018
2078
4959
-2108
-9494
4262
-6091
-1054
-9101
2760
-3947
-239
4269
-4047
3442
2891
8264
7427
-9115
8546
8989
480
1992
868
4752
1752
-4284
-6418
6781
-8111
-228
3531
-2329
-9262
4700
-5084
-6308
-8675
8632
184
2560
-8355
1687
-7583
8133
4766
-8213
7964
5210
4553
2036
3158
-5695
-1654
9313
-7819
-2906
-1929
6375
-3132
-3296
-7434
1235
2686
-8666
-162
-3295
-7859
5971
4217
5668
3722
-7457
-6156
8463
-6803
8638
5547
9445
2874
5400
-1673
-513
6316
4387
-7736
4619
2637
-2750
-930
-7940
-2193
4317
-5325
6374
6302
-9305
4594
-3784
-6576
-3791
3359
-1787
-4524
-3350
-9131
7342
-1264
-2484
-1669
4931
-6522
-7787
2949
-4667
-2010
8127
-8861
-6343
-6742
9581
3281
-2127
877
-6311
-6202
7358
-291
-1147
-253
-9768
6210
-1242
-4111
-2309
2979
-4823
7085
3737
2318
-4837
-6430
4123
4265
-4047
7866
9537
3404
4022
-186
-1295
3955
7384
6853
-359
8845
8642
-1042
-6763
5948
4032
-5733
7249
9372
4844
7108
1693
-4869
-1935
7803
-382
-6230
-1329
6345
9669
-3896
2137
-504
3179
7879
-8349
-5219
9311
4611
5522
-255
-3548
1321
-1835
8828
5817
2185
551
6042
8982
-7605
7537
-5186
4447
1731
3149
694
4799
3601
2560
-8858
1445
-4131
-2362
1305
7258
-4590
4180
1645
-419
2166
7925
2730
-5820
-4764
8318
513
4676
-270
8364
621
-1317
-5185
2559
-5465
-8531
-3722
-783
2931
9273
1291
1102
-2543
3085
5598
-5940
-1340
143
-4509
1513
-9662
-4491
2314
-4777
-6544
733
-5042
5678
-5469
5212
1063
-5012
3864
-3545
-5417
-9823
-3927
-1271
-4973
8939
8096
3316
6845
996
9809
1019
4320
6064
9075
-2509
-2974
-9897
2806
-3408
-4594
6712
-1880
10000
8105
-2416
-444
-6294
4747
5233
-8129
-9744
-9436
-4794
-2497
7763
1457
-3950
-7321
8646
-5412
9762
2107
6002
7705
1469
-9644
5425
4742
-3557
-1287
5712
-6501
1495
-4229
-4708
-3161
6193
-1017
1575
-3073
-774
9263
3126
7507
9867
-8623
-1786
1348
7314
-2930
6650
-9177
-2893
-7634
-7152
3028
-2495
6609
-955
1534
9025
-7812
-3765
101
3217
4285
9040
8349
-4584
5555
9768
4091
-2708
4614
2880
2821
-8242
7357
9204
-7881
-1137
4586
8359
-9275
-860
1538
-8478
-8422
9652
6235
-5251
-2085
5263
5921
3413
1140
-3985
338
-6493
-8909
-8334
1663
-7436
9384
6249
3552
-3521
7793
301
5931
-3880
4715
6072
7926
-6920
222
-8616
-8622
-7916
6358
-4685
-4250
-4152
4694
6294
812
6137
655
-8107
3162
8603
7864
7104
-5144
-4274
-3813
8064
484
-6732
2866
-2487
845
-6078
-3793
1757
-5712
2562
6839
7596
8553
-8863
9641
4136
-5121
-1274
-2269
6325
2676
3714
9087
-8786
-3413
6161
-9186
-7726
-1454
-887
-7744
6087
-374
5714
7804
-8679
7438
3379
-5706
-9755
-1467
-71
-3669
217
-3562
-4207
9885
-5411
-3814
8610
9882
7377
-2524
5378
2890
-7305
-1518
-2940
3473
4956
9653
9081
-1789
-1838
6760
2028
5496
-4070
1975
4083
-2551
-8995
5619
8756
-6908
-6885
-8653
2864
8508
-5345
66
9627
4811
-9408
-518
7473
-3644
4722
-70
-1907
6123
-4722
-8863
4639
-4041
5231
2271
-4942
-8250
-1543
6223
-3119
-3293
-3708
-4148
4927
-8826
5491
-4307
8808
-215
1264
-5151
-4857
-9095
-2946
6801
-5615
9667
-6054
8718
3952
-8009
-9881
7223
2611
9814
1895
-1642
3278
-6595
-550
-4532
454
1629
3870
-9722
-6858
-4689
3418
1683
2607
8983
4550
1149
-9996
-4579
-4210
4827
9349
125
6969
1561
9103
-8649
8466
3344
5090
3873
-2983
7237
9754
580
8486
3418
-2000
6346
-8140
-5345
-2262
2188
-2040
-332
5454
-6552
-6707
-2711
6499
464
-2741
-7191
9306
1641
-2978
7042
-251
1884
4444
-264
-1501
-5174
-7490
-7064
7836
3569
-4568
-3639
-3023
4186
-9299
-496
8261
-3357
-3726
-8393
5700
3404
-7925
-1328
-4675
-3354
-1528
3960
-6865
-7413
1117
-338
-9368
4048
-960
-1900
-1383
4101
7066
5291
1076
8546
-6212
-4776
4053
5201
-2191
9773
3856
9000
1339
-5304
7891
-2257
8142
-2102
-9283
-9808
9631
-3500
-6307
8818
4146
-8254
-6226
-4646
6096
2011
-9669
2200
3331
5264
-4964
6907
7909
-2316
9286
-623
4161
-4036
-4900
-5614
240
7003
4296
4047
613
3005
7630
-1388
-7315
5811
9473
-9529
7231
6615
9623
-9525
-1119
5644
4472
4419
7688
5029
1270
-9765
2602
-7228
-7501
3218
-7994
4048
1564
-4815
2792
3636
-8943
-6414
-7969
-6657
-163
-2207
-3673
-8354
2929
-2122
-7135
-159
-1100
-6548
-1235
3094
-7370
3839
-3639
5343
4893
1744
5564
-8045
-5461
-151
-7355
-6621
8312
5256
-5357
-9762
4152
4692
-786
4583
-3565
8975
-6750
-4380
-7614
7189
3912
4929
-1161
-3769
8840
-6358
-6185
8913
1601
196
3203
-7282
772
-5446
-3824
-8345
4731
3253
-6371
-7060
7801
7056
-9569
-5389
8649
-3992
6355
3556
-6178
-3762
-1006
-4953
5090
3168
7997
104
-9272
-8092
-267
3206
-6215
9827
-7889
-9426
9791
-9331
5552
-2345
-1867
-1276
-8699
-8734
-5497
-9516
3697
2180
-3712
7033
6980
-8006
8294
-6326
1778
9372
-2365
-706
-8704
8510
9062
3062
8280
7625
-6166
-6241
-9303
1134
-3140
-8408
-6817
-4680
2706
7496
-7461
-6599
-3825
1166
7930
4392
6767
2573
4410
-2132
-3774
7679
6955
-4755
-789
-6860
-3003
-1655
-6689
-2103
-8484
-5159
-6495
-1230
-3309
9070
4180
-2266
-412
8718
8829
4336
-3992
6713
5174
6265
-3088
-7985
-5810
-455
1236
-3535
-7754
7539
1573
-4875
-458
-6820
9466
-91
5828
-8571
-1517
-8114
-3415
6885
-625
9908
-5485
5960
1657
4034
-7397
8478
-1276
-9293
-8444
-2008
8449
-9044
-7097
8275
-9266
158
2464
-566
838
-4575
703
-6545
-4229
2931
1105
-7302
-5678
-7849
-1623
8618
8670
-9127
-7718
7088
6807
-4271
1584
2006
-8910
-5641
1049
-3731
3280
9764
-8720
-640
-7618
5339
2349
-9695
4782
3883
-6781
-156
-2218
1020
6349
6061
4713
-7017
4116
-679
5912
-2309
1011
-5376
3962
7496
-3525
-6049
580
-7564
3419
-2620
-875
-6935
6660
945
3319
-5359
1696
1958
-5425
-4624
-9062
-9826
-871
2612
5339
-9503
8095
4293
4504
4170
-8709
-8943
-8842
4750
6474
9067
9748
6925
4027
-9304
5999
5912
5082
2930
3361
-5633
4396
9486
-4766
6824
6428
9529
-4718
8176
6352
-1541
5064
5627
3808
-1618
1828
7570
-659
-8718
4410
-7925
-8856
6991
-9117
4778
3520
-1957
-8757
-9605
9343
-9190
8788
967
5477
-2530
-8416
-7020
-5257
3845
1914
-3162
-2277
-7895
-1468
-4726
3633
3930
7872
9742
4444
326
9513
3476
-5188
-9785
3271
-4728
4829
397
-3178
3656
8223
-2211
3996
2297
5886
9890
7230
1869
-7835
9452
6498
5475
935
-1192
-7705
851
-927
1403
-6974
-5462
6174
-2757
5925
-5428
-29
6843
-9564
508
2690
-2702
-6773
9693
-1442
2029
-7190
5823
-233
5099
-1140
3113
5707
-1470
1189
8429
-7006
6050
-4893
-5757
-908
-4184
-8349
3427
-2238
9103
-9271
-5326
1822
-1288
-6502
610
782
2077
-77
1214
-413
-3210
-2293
-2871
-1517
-9878
-5560
-3250
5693
7369
7267
352
3782
367
-5360
5362
3441
9627
-894
-6778
-8642
2852
5408
-6825
-8803
5341
1685
-6924
-4193
-1278
-6152
6297
7271
8330
-9
-6653
-6717
6684
4009
-6357
2046
8584
8762
9484
-1891
-5988
8403
-8706
-8315
-2031
-511
-6118
2861
6688
9299
2760
7411
8181
2247
-5885
4393
9535
2591
2805
-6407
-3970
1387
-1539
-4889
3755
3237
1426
-1116
4627
-9145
-1364
-513
-1882
-8533
-9399
-3032
-4876
-9913
-5025
-8184
3791
6390
4735
3192
6301
-7793
2112
6704
-1976
-6013
-6085
-8503
-9192
3888
-4821
-7765
2662
855
-8191
-8502
9691
-515
-8727
1103
9819
6232
-9579
-3087
-5557
948
8074
555
1638
-6488
5197
-4213
6377
-5839
4552
-270
1551
9076
-9181
-7065
-6536
9945
986
-2841
8358
5461
5458
8712
-1772
5291
3894
3614
2536
-1206
-6370
-4753
-2625
9403
-1353
7925
-8295
-137
-2020
6964
623
9753
5124
-529
3457
9969
5534
-7453
5498
8032
-8478
8980
-1726
-9265
-1937
7322
4271
-399
3665
5212
-4419
-8129
-832
-363
-5521
-2327
-5478
-2092
1222
-7496
5581
-4773
4658
-9193
-9857
4185
2060
-4418
4189
8418
8520
6226
-8967
4505
4628
-3218
-9571
5636
-110
3964
-6711
-1504
4670
-4905
-9420
-6093
6809
7842
-1118
3052
8570
-9715
-8346
-8706
7862
3047
2539
-6674
320
189
7498
6133
-9476
-8270
9119
7794
7453
4640
9365
7839
-8345
-4497
-3470
-251
-2989
3412
7938
-2246
-6920
-7457
7003
-5841
-2979
2813
-6943
983
6239
4873
854
-2140
1714
-4089
1329
-728
-4657
2143
4862
377
-9166
-7342
9717
660
3271
2587
8535
7595
7737
2760
-7992
-6037
1378
-882
448
-9880
7878
-4054
-6747
-883
7781
-836
-5027
-5903
4661
-1466
-7768
5319
6261
-1118
-8153
-2531
9860
-4258
7249
5529
6040
-5087
-5549
6775
-6619
5038
5947
6871
548
3345
-370
-825
6283
-823
8960
3150
327
151
8966
9427
-9445
8214
-324
7549
-8375
7330
-6246
1375
5799
2572
-136
3233
-8768
-1808
4597
-9353
-9855
-3569
-4385
-4131
-1863
5406
