9764
7866
361
1827
-4390
-3031
1001
-7719
2722
-8501
-9109
6152
-6715
5418
-2722
-5556
2874
7674
9416
3577
7437
348
-2584
-2533
-1048
9180
-4824
-6480
4568
1912
-6214
2204
-645
-2589
1814
-7459
-4216
4124
5813
-9815
5240
-2809
-9400
-8590
8685
-813
-5669
511
9991
9180
-7637
-6992
-9079
-4358
4807
-7219
-2361
-5859
9618
-6570
106
1295
7593
4356
6066
-7761
4019
-8330
-7290
-5272
-5616
5970
4715
-8804
-7770
-4146
-9278
-399
-6671
9473
-4083
1716
-930
-1355
-434
459
-9157
8574
-4453
-1169
-8315
8072
1422
-2026
-2713
-1570
-6989
4499
4970
-1600
-7971
1970
8416
-3599
-564
6755
5048
4826
-516
-2374
4355
-4020
-8016
9351
6160
-7981
-9916
-8356
-4905
-2523
3244
4072
3780
-5640
-6927
-6823
-4520
121
3122
6693
-2756
-1362
-5656
6644
9372
3653
-651
6963
5522
4838
3658
3264
-2637
4923
8311
-4226
-9057
-8931
-3896
-3265
-1777
-8118
-3045
-420
-5178
6505
-6245
6873
-8614
-1632
-6835
4725
-1231
9400
8741
8930
5523
-2929
9303
-6605
-747
-4468
-1274
1332
3577
7580
1285
6522
6142
4023
6909
2442
941
-6107
-828
-6053
8027
-604
8541
1491
-2358
4763
5554
-1693
-8190
8437
-1075
8463
3035
8888
-7829
9083
-5838
-6461
-1832
2484
2747
9959
1695
-6934
-9153
-323
-4355
-4219
8491
9993
2994
-2395
-6741
-3207
-3351
-280
-6497
9403
-6651
-2131
-6042
7887
-913
-156
-6931
6969
7538
5866
-8272
4893
6769
-8683
7091
-3041
-3878
-1637
1963
4157
-7709
9536
1437
9603
-4638
4545
-9682
41
-3913
7784
-9263
-3354
4841
-3228
4984
2110
2373
1984
3328
-404
5254
-837
-9184
6550
-82
-8849
5281
-3750
-5398
-9764
-11
-5607
-2219
-5974
6190
7152
1320
-1882
-6709
4922
-2999
654
-2987
-1527
2070
8548
-8674
-1160
-9388
5268
4174
2528
1337
7139
7169
4807
-397
2273
587
-404
3184
3369
-2219
5513
7121
-4290
-9545
-5802
-3329
1151
-9227
9876
1238
7300
-3213
7627
9911
-4254
2407
4041
2168
7457
-4487
-1599
-199
6520
-4578
6002
-5559
4525
6230
-643
2176
9902
5421
4979
8333
-7446
-2173
734
-2453
2065
-2734
-7772
-7956
51
308
-8344
-4456
-7826
3786
4456
-6146
-7412
-2086
8112
-3321
1182
6319
8313
9703
5859
-3249
-1879
-6464
7179
1285
-7370
3669
2148
4603
2708
-1247
-5397
1872
-7443
-4497
-9814
3572
-42
-3706
-9284
5898
9060
3440
3191
-9832
-4608
-4772
8119
-1154
3138
-2842
-2123
859
4226
-2934
853
5736
2818
541
2875
5711
4128
4796
3580
7972
-1319
60
3232
-7853
7949
-7467
-4906
2989
8210
6806
-2327
362
7996
9224
-5973
-5499
8968
2942
-8170
9317
5948
-7409
4383
-880
-5221
6160
8413
3704
-7609
4991
3796
-9110
5549
24
-2342
-2653
7847
-9740
-3451
-8632
-9221
6091
-4618
3325
-4360
-2474
-4371
-9723
-7767
-504
3761
5275
1392
3294
1507
-9430
1749
250
-889
-9608
7035
-7287
3579
2648
2630
6782
-6731
-3743
-259
3616
4877
6408
2116
-7192
7405
-5120
6280
4456
5774
6945
-3847
-5643
-1975
9651
1430
2712
-1210
1627
-4838
244
7305
-3254
-1133
9978
-8906
-288
6535
3067
8200
7276
-7141
8666
-1566
-3074
7876
-3508
-3356
1132
-2641
4763
-9825
4337
5248
7671
120
7983
6398
155
5199
-4664
6703
-8994
3568
1764
9529
-5961
-4795
5618
336
-7787
-7915
6391
-1070
-835
2040
4243
9194
9894
752
-466
-953
-664
190
-6916
-7610
7172
-3138
-3293
-1539
-8620
-7869
4613
6330
-4976
1027
536
1317
7004
8398
4163
6337
4351
-6070
334
-6935
4835
7185
2551
3727
9122
-6268
-3187
-2161
7619
-3908
3849
-553
588
9514
1450
4934
-8256
8775
-845
-8984
-4993
-5504
6736
-6122
-514
-4602
5931
-8695
-1500
-4044
6062
-6125
-9035
8971
-8335
-9848
830
256
-54
7960
-2298
3234
7252
-6555
-7293
9686
9028
7951
-7503
7606
-2958
-8208
9382
-8826
5275
-7663
-8806
-4116
467
-8552
6638
9059
2357
-3218
2859
1670
-2806
4897
2978
-4528
-4756
612
-8101
9986
3482
-2328
-9178
6949
-3671
8177
-6738
1652
194
326
9718
-2863
7303
9822
-866
-4077
-4394
-1658
-1664
-1338
6437
5173
-6671
5582
-3724
5932
-5807
2642
8649
-5257
3170
2389
6942
2692
2730
870
-6950
4864
-4415
-5774
3372
1446
-9018
-6055
1194
5204
6624
1138
1469
8500
-1296
3765
3070
-3015
4176
-3251
-3569
2984
8289
-2682
7995
-4731
914
4423
6381
-6956
-3608
-3187
-9728
6861
5709
-4878
9303
6959
-4450
-2451
-6028
-6203
3720
-7067
-5128
6928
3907
4039
6179
-6032
7304
8186
-216
4808
-7087
2542
3692
-6879
3019
-7669
-3685
7794
3731
6225
-19
3060
3656
-8886
-7720
-3546
2534
3236
-7583
-8567
6768
6841
-3538
7282
4853
-9338
2959
8454
3611
-6087
111
7133
-8005
7710
-3517
-4366
4970
5650
-5185
2622
-850
3804
3352
-5334
2801
-203
699
-3672
-6849
-772
6818
-7461
9128
9245
-7141
-22
-2302
3471
487
8652
-6163
8558
3941
-3415
9947
1551
6858
-6999
4070
684
5450
-7471
-632
4639
5630
-3972
-5334
-3688
4584
2598
8237
-5123
860
-6033
-7172
-9962
-8706
5849
5566
-6541
4832
823
-5936
-9333
4812
-8091
1372
-8090
1952
6534
9952
3223
-3586
-3371
-1240
8259
8490
-5624
-9738
9129
-4409
-7873
7510
-3095
-6490
-6478
-7052
7176
5879
8338
5930
7101
-2668
-9179
-6706
2995
8919
2326
9244
-7294
-5622
3996
7602
3702
-2039
-5222
-415
3408
7170
3738
1929
-6212
-825
-1344
653
0
-6130
-3602
-3966
9661
6229
-9060
9981
-6814
-5383
4638
-2438
-6198
8723
-2271
-495
2859
-5512
-9487
-2873
-6886
-7889
3174
-5049
8954
-863
-1500
-8898
-1986
9520
3653
-6530
2513
6330
886
3927
7381
-4798
-5212
5440
7609
-5692
4013
7186
1385
8622
9812
5973
2488
-4821
4509
-505
-8711
-6653
6504
3274
-7301
-5584
-7273
-4855
844
3146
-1241
7088
7563
-8753
9052
8032
4584
-4150
-9744
-9494
-1338
6751
1703
-7477
3011
3127
-5819
6903
677
-9547
-6771
4642
-5634
-8579
-9990
9036
-294
-9529
2536
-9870
-6984
-5742
5848
66
-9007
-3660
-7128
9224
-5397
6920
-3985
-9619
-1941
3761
3877
7210
-6262
-7535
5905
-3835
4000
8215
7509
1847
-6479
-7451
-2793
9177
-7627
-936
-2325
1020
9386
9656
6519
4194
344
-5901
-6009
1568
-1924
-862
-2768
6917
95
8087
-5172
-5048
-8279
-1102
8670
8106
8889
4118
-1293
-6624
6777
1881
-9828
-3016
7752
8447
-8171
-6025
9280
-4970
-4102
-6902
-8509
3395
4523
-2010
-4839
-6399
2061
-1945
-380
-3865
7874
4306
-1874
-2718
-6461
-5793
1917
51
-8352
-9433
-5620
9113
5646
-4428
-1290
-3971
3540
9394
117
-1427
-8251
4526
412
8124
7998
-4652
-6485
-6670
9092
-3039
931
-7114
-3613
5348
1755
-9082
8616
4166
2585
-5550
9379
7206
-5000
-1321
807
6423
-6933
8041
-1772
-1069
40
-2850
6930
5010
-1964
-9610
9324
7514
6466
82
4976
-7154
5601
-7348
7551
-478
-3243
5372
7222
643
-8601
-6625
-2851
6368
1657
4405
-762
-8229
9857
7680
-6523
7566
-6856
-4066
-8410
3112
-9616
-912
-2517
-1804
-9745
5355
9839
-3187
-8618
-1689
-5069
1334
-3496
8424
5363
4249
-3667
7999
4840
-8354
-1426
-9293
-7225
-4869
2630
-6758
4700
-5616
5503
-334
-5778
8111
-4389
-7101
8786
3686
-7239
-9073
452
7807
-1741
-1473
-962
8778
-5228
-2399
7877
9568
7758
7844
-1331
7623
-6081
-5738
2050
9243
-8619
-8858
-1904
8310
-8025
-9266
3932
-4009
-8411
-6256
-5093
-8547
8916
5733
-351
-3789
-3920
-1368
1122
5290
2929
-6964
-4601
-3197
9909
-5015
-3032
2181
2681
-8617
-3613
-6708
-7897
-2634
368
3740
-6040
-5251
9088
2239
-3944
-2946
5222
-7763
-9387
293
2467
842
3454
-979
-6732
9860
1588
-7963
6128
2705
3495
-8789
-2693
6593
-5416
-6732
-5684
2158
5653
-9673
9397
6144
-5711
6379
-780
-6868
4923
-4214
3343
-7970
-6008
-3221
4255
-8939
2651
8965
-954
-5383
7911
-588
-2057
-8085
-4018
1100
-4919
-7506
-9953
-4105
-8805
-9601
3100
-4856
-8305
-9546
-5218
-3864
-6361
-2304
986
-8069
-73
2829
9468
-8045
-5315
4146
4980
9646
8118
-8548
4043
5056
-1748
5709
9386
-1278
-8482
-1662
-280
3780
4170
4245
-883
-9222
-1861
-3898
4728
3971
-8007
-3497
4008
4468
-1043
7293
6892
-1399
7525
-6956
-4739
2117
5411
-2232
3790
-4784
7568
4785
-2700
-3278
1138
6419
8056
4120
9997
7074
4988
-5324
-8221
-3726
-8865
2436
-2217
-8651
-7135
-8804
-7964
4378
-7432
-5575
-7666
-3114
9203
1859
7068
-395
1339
-7058
-648
-6310
-7533
-5427
-6941
2765
-4450
7607
409
1928
-5148
-5096
9370
-9271
-1682
1390
-1817
4422
6316
-7892
-2187
4426
363
-3570
-2546
6951
3290
-4847
-1063
-5468
2474
6213
9133
4528
5719
2650
6058
-840
4494
-2141
6808
5084
-5753
211
4064
-128
-4129
-8787
459
-3628
-4338
8455
770
6877
-5682
6635
6631
7210
-6715
-4168
8292
-8249
-8307
9301
8936
-881
7630
1215
7081
7950
3922
4837
-1756
7337
9257
-4944
-3266
-1395
-4029
-324
-9627
-5451
7355
-8110
5046
-4534
7200
4326
-2170
-5382
-3650
-9125
-4270
294
-1487
-4269
6985
-469
-4963
-5961
-1844
9085
8521
8325
5348
-8580
2089
-1532
8088
-2311
-8543
3864
-8135
8144
3927
-8857
1679
-330
8139
7047
1825
6531
4880
-6853
-3315
-8812
4929
630
-6981
-998
6023
43
-2738
9941
5973
9551
4088
4880
-3058
-8035
229
-7401
-9143
-6365
4131
4235
6550
3062
-6236
-6597
-9229
-1107
3790
2626
-2464
-6429
5242
4053
-3033
-2640
7646
4244
-3504
7161
-2521
2428
-205
1071
-2273
-8066
4261
8699
4914
115
-9084
3298
-9600
-8234
-5688
-1945
9250
-6835
-9302
-6262
-9427
8371
6893
5484
-4547
9204
5400
4967
-3476
-2
4774
6300
6638
-2700
8228
4853
-5860
7799
-4495
-6818
6336
8976
3374
-574
-7363
-6834
-6309
6566
4780
9976
8389
-5767
3389
9534
-6745
9312
-2102
2784
-3060
871
7993
2541
-4660
-8967
8033
-1661
9489
8577
8853
-6162
5162
90
5591
6218
1241
8968
-582
-1620
6916
-1309
1481
-7154
3314
8924
6247
-3780
847
-2484
9341
-3529
7187
2872
-9499
9562
726
8924
-4462
-7991
7715
-4431
-2173
-4734
-8676
8486
-1123
8930
1112
-1040
4758
-4274
1083
9876
-6166
-972
5791
6133
9615
3997
-2931
2960
-4950
7790
323
-5929
-9323
3652
-1061
4427
-8309
-3659
-5257
-411
-5035
4171
-9377
4607
1658
-2700
-8073
-563
2238
-4275
1485
-3762
-9869
-7270
-3020
-6436
3782
4129
8792
8695
-4057
-9428
-97
-3107
2577
6238
4560
2963
-8901
-1942
-9937
4119
-8831
6287
-6932
-6542
1649
7756
3850
4444
-9214
-9113
6432
-3251
6414
9391
-781
7570
-7835
7507
5948
6757
-9922
-2199
5444
3761
1409
-4045
3707
-8482
-7323
-7942
4392
-9064
3500
8635
-2248
3239
-9210
-7608
-9272
7147
-5224
6984
8904
898
-3473
-4950
-9032
8516
2285
-7674
-5798
-4934
-8125
-4653
5332
-4198
-749
8045
9860
-1140
-3728
1604
7925
-3460
-6410
1584
5878
-2355
-6559
193
9247
7622
5156
2003
-8082
7515
-6136
-5104
3
-4544
-4199
-1721
-8277
5848
-3256
-7524
-9976
-861
6568
-4920
-1034
-9528
-7158
-3235
-842
-1522
-3732
-7902
-8932
-627
-2956
1515
-228
8720
3750
-1906
3383
-659
2974
-6313
-8792
4765
4822
6113
-9019
3562
8106
3622
-4562
5996
6624
1012
2180
5414
7853
1519
-1306
7270
-4316
-4836
6482
-6726
145
-1789
189
9125
2599
-8254
-992
5618
-4601
4613
-6462
2181
-9707
5021
9011
-2698
5354
228
5466
-5830
3720
-8777
-7974
977
2069
4035
4679
-821
-6074
-8688
3469
6625
287
4084
-1089
-7776
9649
9140
-2895
8895
-4741
-2383
5634
6228
-1339
-1154
6755
42
1758
-3984
-8977
-1242
1451
5745
-8098
8544
-9389
-278
-5367
-7196
4848
-1902
-3119
1453
-6408
-5464
-3851
-787
-1208
4392
-8415
4198
-3794
7611
-8586
7832
-4266
9082
-2922
-8659
4843
8286
-2515
-939
-2456
5972
-5021
2824
2542
7171
-1166
-7613
5796
2638
-7840
-7862
5332
631
5825
-875
6437
3283
8240
925
4894
-5661
7845
6954
2722
1075
-7513
4504
2092
3179
-8355
7128
-9173
3994
-4286
5649
9714
7088
-111
-3286
7263
-6855
-2640
-886
3124
-8069
763
9282
-4362
-4727
960
-5148
-2481
-3544
9287
-2638
-756
5427
9518
5530
-2636
-7747
9844
3691
-7091
1284
7289
-3205
9362
-8366
9816
-1728
-7157
2890
-1029
9305
-3027
-8686
-1289
197
3372
9995
-2102
3103
-3361
-6681
7730
5562
4859
7287
9071
3306
1442
5006
125
6859
-498
-5209
6567
5772
-7532
-8329
-9325
-5544
1833
8538
-3432
3500
-5902
-6955
3868
7686
3219
-7912
5657
-7174
271
8175
-5028
-3086
9091
-1994
-2112
7120
6001
9297
-3355
8385
-737
-479
-3577
-9961
7670
8800
3455
-3735
7463
-635
-8091
-5821
3171
4559
6280
5109
9523
-2563
-8119
4380
-7946
-576
672
6801
2706
-897
7541
597
-5521
-6179
-8427
-1218
6955
-3109
8981
-3445
-2939
-4122
9642
5496
-3916
-7133
4481
3447
-2250
-6530
7588
7046
-773
-3504
5016
-7359
-1680
147
-4879
2578
281
-9698
-6880
-808
2616
-4822
-5191
-7677
-9358
6867
5431
2201
1030
-1673
-7287
6510
-1134
1683
-9210
-3742
-4494
9896
-609
3724
7829
-8460
-9941
-7861
-8391
-3637
-4196
3115
-4344
9269
6430
-9881
-7490
-2896
-3175
125
4960
2238
-2849
-245
-1482
4886
9601
7752
8011
-718
-4433
-2125
-5634
-4821
6885
-7937
5921
-8533
6090
2727
-189
-7544
-9586
-2989
-496
-8994
1926
-9111
4635
-3968
2803
4143
5836
7869
6209
1865
5489
8767
7952
-6789
-3765
3025
-8760
-2424
-8717
8249
4155
-4469
-9159
5909
-291
-2377
435
9882
7032
6202
5046
-2588
5702
5576
-2014
7394
9121
4203
-9875
-4533
5828
-6363
-8222
-7907
8710
-1571
-1822
-1833
659
9740
9545
-43
6323
-2024
7524
4058
9540
-1801
2311
4453
-628
-6232
-5129
6437
6342
-1243
-2752
-709
-8011
-1842
-4032
1577
-139
-5286
-3638
7008
-2593
-6739
-6187
-9391
4373
-5810
-4614
1633
5933
-7642
-6379
445
32
-4039
-9880
7610
8176
-8580
-1339
-421
-843
4581
9328
-4519
4916
6337
77
-5884
-981
2164
-1798
-3894
6511
-2417
324
-4044
-8317
-6866
-1557
-7154
9132
-3628
8468
1731
8697
6171
1652
7528
9283
5820
2855
-1248
-9272
4675
-260
9901
6062
-7877
2850
3319
-1383
-4750
8679
5031
-7916
-5517
8532
-9818
5997
3996
2078
-7091
-3152
6976
8414
1480
7228
7804
-6650
-5970
5954
5148
5065
-8282
-1923
7835
9299
-8284
-2174
-3239
1012
-2695
-5839
-9749
-8490
3545
-1641
-3530
9822
-8499
-9411
-6008
-7394
-4421
6269
1289
9729
363
8621
-2055
-2973
2553
-5690
-8428
9697
1874
-8976
6705
-7116
3853
-4700
-3960
297
-2218
-3102
62
-8485
-9738
-9253
832
-4295
-4211
-4961
-4789
6177
-3256
-283
-1205
-4308
-8864
6203
9040
8859
-1520
7083
4746
7442
4192
2655
1879
5491
8432
-4531
7011
-9264
-8450
1458
4517
-6278
-4109
894
-7480
-2016
-497
-1859
-3168
-4988
-9984
-5482
-9322
-4436
2482
5169
-1859
6252
1003
-7911
5455
3087
2550
-1889
6011
4002
8884
3223
-7972
7549
-7758
6516
-108
9660
2867
-9626
-510
4394
9902
3036
-5273
-1222
6914
8116
5621
-7288
9443
6610
-5082
6867
4793
-5735
-1724
3132
5242
9463
-424
-9220
6999
6714
6705
-6617
274
-1486
-6730
-8909
5950
-8281
7737
-8060
-6048
-8551
-9400
-8545
-8416
-369
9388
-1930
-898
-4051
-5739
750
6607
992
4588
5929
9865
-1685
-4222
6390
-1888
1548
-5527
-3012
-6345
-9967
4415
1608
-7546
-8805
4053
-1238
8218
-1497
3368
4830
-9565
-2827
-3640
8824
3631
-2485
6802
-7348
6855
-2596
-7497
-4298
-4156
-539
-5906
3626
4877
3596
-9886
-4112
-5494
-1226
-3072
-9956
-9106
4101
-228
-2628
8434
-6413
2383
2604
-7284
-9448
2049
-1829
-5264
9901
3171
-9069
1910
-6029
1363
-662
9319
-8343
-7476
-8600
6897
-9273
1534
6381
7869
7983
-4717
587
-4864
-2377
-4204
-2781
-1039
189
9397
1980
3987
-5036
8364
-2698
-1963
1320
164
7349
-5871
3936
2113
4668
5855
-4910
-1053
-7729
8377
-9263
4198
-6117
8203
-6694
8216
-6881
-9853
3992
-4901
7975
4775
5473
-7973
-6103
-3718
-5210
8337
8089
8641
-5329
4502
-1216
4837
9226
730
3320
1893
-7203
7982
-7867
1640
-4738
-1758
2709
2266
-337
-6515
-3780
427
-802
8510
-6594
7364
6584
7644
9084
798
-8874
-4144
-9059
-1665
3115
7794
-8353
-3666
-662
5812
-3599
4017
1498
449
493
5790
-6077
-8921
-4384
-5823
-3688
6382
5100
7271
8004
7292
8001
2589
7916
-1773
-6442
965
3189
-1311
-3070
-4058
9993
-2524
-8666
-5253
962
8612
-7598
602
-8034
-5586
8401
4109
4089
-4388
-6463
6084
1113
-639
3350
925
8482
881
-3920
9871
4849
-7919
-8042
-5018
1042
-8139
8490
-3209
-9447
-537
344
2287
7389
592
140
7639
8182
2091
-4890
3949
-3735
6537
2113
5665
-6844
-2901
-2043
-9799
-9654
79
-2309
-6354
7154
692
3539
4958
-1020
-7623
-1595
-1074
-9657
-4027
-8427
1529
4852
3470
8912
7068
-4094
-9330
5451
-9121
343
1591
-5593
9040
7767
4813
510
691
2817
-3157
3740
-1480
4904
-7121
-311
-2633
9876
1883
6069
6883
2533
9021
-5866
-568
1496
1768
7090
7604
864
8956
1961
-4793
8335
4294
-8015
1496
8702
-5781
1217
-1806
4992
-4652
274
4072
-6882
-4509
-3902
-876
7504
-9080
-5011
-2344
5252
-1367
-7095
7101
-6806
7864
8463
8072
1191
9015
-9366
-4879
2444
1082
-5589
589
-189
5216
-9578
8268
-3272
6667
-6837
-1915
-1489
799
-961
-7154
-4407
-2847
-5431
-9350
-4287
-5220
4088
-689
2193
-9537
-5065
-3236
2528
-562
4879
1931
-1436
-5763
377
97
8770
7264
6269
146
1664
-2671
-5100
-3832
148
-7432
-4683
-9706
1669
4205
-5257
-179
1943
4028
-4927
7034
4097
17
-7298
-2127
-6750
6767
9659
-9534
4331
-7683
-3546
6479
9769
-8045
-2044
-2965
438
3795
9853
-4270
3220
-4714
2744
-6186
3427
5996
-2833
208
5388
-4018
4865
-4741
9580
-537
6560
8872
-2303
-4531
-3011
-7200
-9123
-2406
1118
7827
2581
-5391
-5049
726
-7972
7631
7885
372
-8407
-9668
7745
-4808
-1836
9800
8923
-3108
-8187
183
9894
-4587
4421
-5376
-373
6030
8871
8595
9068
-7753
4000
4884
2225
5321
-8453
-1077
633
1425
-5095
9536
-9358
1566
1661
-6403
-150
7984
-4547
-5361
1213
-8558
4338
4768
2802
1288
3713
-9414
-9
416
-4526
8151
5983
-7231
1067
5135
9858
7187
763
-5564
3670
-5067
1938
-6424
-1685
-1638
591
8975
3725
8472
-4674
-2511
-1312
2442
-4800
8256
1748
7770
4958
-8176
-617
-1434
5394
5956
-7619
7273
2563
6411
-4120
-5147
-7810
-5231
-3365
-4186
-7273
3068
-5907
-3317
376
6743
-3477
8016
-3264
5592
-4255
-9562
6530
2856
1315
1930
3664
384
-3850
1906
-7807
9939
7737
-12
-9587
5877
-7977
-3379
8094
2111
574
-6864
366
-900
5571
5353
-2167
-2235
-6093
-8488
-4270
-385
-504
-8836
4014
-8487
6085
-5910
1438
-3002
2992
1404
-2963
7316
-6689
5469
3314
7782
-5513
-9971
-8097
-6131
7617
-2243
-5317
9307
8107
-2094
-3999
-1509
-2885
-5532
-2020
-3527
451
1008
-3304
1265
6694
-7862
-6584
-8790
586
2076
4086
1201
600
-1447
-8717
-9135
2678
-873
2569
-9845
-592
-8550
7907
-9431
-8700
5574
4199
7011
-5219
-4704
-1188
4440
-1418
8850
-8546
4492
-8405
-6215
7198
-6350
8559
6981
-6082
9715
3068
-5918
-790
-7875
-543
-6357
7313
5671
-4189
-3610
-4947
470
6675
83
7293
2939
-2465
118
9267
-9751
7162
-9870
1016
-2137
2167
-6443
6765
-2673
-849
-916
-7700
7600
-9343
1921
3264
3549
1050
9967
4463
5628
-9007
-7862
-6118
-8473
-4368
9257
2415
3107
-2431
5587
1534
-219
9875
-1515
-654
-4827
-8179
332
2252
8191
8535
3747
6185
327
-3023
-4955
9834
485
5265
9978
-271
-3573
1365
-9883
8321
-7642
8506
5650
-4215
-1299
-4301
8265
8527
-159
-4684
-8875
96
-8333
-1958
7751
4705
-4326
-7460
-6239
4444
-712
-5241
-2864
-7872
-3464
4131
3349
-5389
-9934
-5618
4398
-2524
4129
-4081
2820
6266
-4138
4080
-4790
-6013
9362
6659
4891
1205
4551
-2903
914
2347
-3535
8362
8385
-696
8023
-6357
8241
-4657
-5893
-1716
2179
7653
-8951
8973
-2804
-3101
-2336
730
9904
6976
6441
-2527
9928
-7457
-7521
306
3059
-4110
4998
-5357
1153
6168
-1863
-9495
239
-635
9594
143
-3310
-6085
484
969
-2660
7366
-8410
8800
6182
-9684
3712
-1611
-8703
-7989
-9085
5602
-7712
-8998
1158
-1580
2635
-8733
6787
-2172
-8180
-8028
3989
-1763
5242
2088
4935
476
-7325
-7901
2423
1972
-6537
5079
1878
2450
820
1508
8053
4778
-3258
5103
9366
-7397
5089
6911
3042
-2376
6337
8826
-1123
775
-1861
1247
-777
6344
-6056
2171
2343
526
6460
-9409
-5045
-2687
5058
1878
3441
9568
-6227
-4254
-7304
7062
1933
1669
-3863
5582
-8059
-7588
4118
7539
-557
-8504
4283
-1731
6478
3702
-9324
-4812
-2891
-6950
-8015
-4447
-6203
-9701
8007
2215
5430
2164
4940
6906
5651
-9395
-1850
-443
-1993
4506
3793
9341
-320
-1
7925
-4362
-8059
-1276
1107
9810
-7499
3426
-5507
-1775
4338
-3596
-7659
-1564
-6247
-6374
-7966
6542
9778
8937
-5709
-5640
9097
6043
9323
-932
-6686
2304
-2879
9813
4410
675
-7528
4588
-3188
1580
980
7547
846
6698
-9035
9989
-697
5048
-603
3065
-7885
-6749
1747
6794
6593
1582
-4807
1182
-8845
-5297
5896
-9943
-4820
-6536
7711
-3032
5347
1159
4933
-8914
-9575
8816
-6321
-1310
4662
8645
-996
-7997
9805
7164
6410
1187
-3898
-1597
-2021
-9989
-4696
-6147
5759
5497
-7469
-7084
-84
8175
-2848
-4864
-600
-5362
6777
-7999
3019
3991
-340
3878
-3569
9865
3578
-6331
3905
-247
-5372
8387
3985
-911
-954
1354
-5477
2288
9683
8131
-3789
-1916
-8349
9506
9040
-1984
9442
-7048
-4950
1445
9610
-5204
-9954
1928
799
-8189
6669
-5435
-5482
4359
-4256
9723
7806
1898
3191
4145
4494
-4845
-3496
4746
2891
-7765
-5559
-2450
8695
689
7359
-2264
-2579
-3355
3110
4632
3168
9220
6125
-2291
-3668
-5233
3056
-7273
-784
2962
7566
3073
7546
275
8957
-6418
-6130
506
-5327
1568
-2843
7794
-1403
7606
5062
3124
8371
5821
9116
5467
6741
9925
-8825
6399
-3559
6608
6769
-4589
2148
7719
4188
-8603
-5930
8231
890
-2654
7890
6069
-3535
98
-3756
-854
9209
3763
-65
-8698
1368
-517
-7944
-9252
6875
9885
9674
9420
-6151
-2972
7848
5368
3235
8464
6325
766
8953
7066
-8063
4550
8325
-4383
-7386
5933
-2834
4937
3284
7859
9261
6798
5933
2668
9409
7130
-781
5322
-9218
3845
3276
-242
1551
7517
2570
7527
-4212
724
4417
3130
-3669
9054
-1854
-5426
5360
-9184
-7245
7534
3500
4608
-801
-738
-6824
-8892
-8779
-9392
1879
9633
-9218
1838
-2131
3719
4304
-4987
-9413
5932
-6217
2505
-4071
-8432
7696
7806
1516
8287
9414
-3423
5854
3809
3776
-7776
5746
8188
-8756
-8803
-3736
-684
-5992
1503
-7890
1442
-4526
-3029
3802
5929
5273
-4659
-5747
-8903
1617
-4692
8105
5876
-8355
-138
2038
2093
4623
7904
7843
-5198
6414
8125
-414
7967
835
-3272
-3799
-1745
-7318
-6699
-985
9572
-707
3424
6703
349
-7315
-4114
4327
-1877
-7857
448
-2739
1106
497
-6384
-5406
-4508
-3177
5155
-1877
140
-6828
-6307
-1372
5666
132
523
9238
3362
-2089
-2559
-9657
3979
-792
4224
2166
-6220
5540
-9993
5337
7533
4706
-7606
8234
-4965
3623
4775
9191
-1868
-5145
1015
1846
-7428
533
-493
404
1164
-9824
-7843
9652
3818
8970
3861
-367
9404
5645
2184
7470
-551
6896
-1168
-6511
-751
9543
-7471
3894
2623
8615
9086
-7626
-907
-8
-5997
-8307
2517
-1001
-5988
4605
3709
-6346
1683
-3473
6178
-8185
-2392
-3063
9723
5254
-986
5412
9036
533
-1677
-6775
6083
6776
9326
5766
-7611
6228
4696
-3375
-9354
4214
-2923
-4322
4687
6276
-4423
6269
5651
-5062
-8409
-1916
-8571
-6261
9264
9195
-4790
2538
5120
-6397
9452
663
-6165
2391
-7725
9769
7434
6850
8352
-8068
7153
1804
-9025
-1224
7044
3781
-6694
-8079
-5442
-5286
-8649
-8442
-7552
5442
6974
3259
9728
-2234
-9782
9640
-6257
3009
7576
-1922
-7822
-5601
-1986
5266
534
9802
7198
86
3241
-7744
-1422
4064
-8672
-2234
-6934
3425
-893
-4035
2405
6732
-7564
2703
495
-2516
-491
689
-7050
6728
2130
-7098
-5588
-7230
8828
-5766
-2260
-310
3851
2138
1957
-8561
-4543
4763
-5825
-369
-8302
224
-4100
-8729
-1518
-4770
-5873
-1131
-4066
-2007
9154
-2873
-9527
-3627
455
3293
7906
-9356
-2981
8153
-3283
3012
6497
1674
3592
3942
-9934
-8585
3503
-6928
-9893
-9938
-4245
9114
4338
6424
-6140
9523
989
-9465
-602
5265
4171
3420
-8394
8686
2224
-1951
-68
1398
-9969
-7765
2655
4368
7171
-7780
-3950
8070
4457
5053
-1995
-3078
2754
4774
-2748
-9416
907
-4067
-3354
2485
-8886
4359
-1890
4451
743
728
7046
2595
-2289
-4735
2787
-344
-3397
6009
-3715
2415
3754
3124
6607
-2852
3916
-6144
2383
-3588
607
-1644
629
-1625
-6336
-5950
-5718
-4910
8617
-3910
-9576
556
3333
-8585
1150
-4193
-134
1903
6805
5896
5144
7558
8978
6424
-7686
5199
2734
-7303
3291
-9315
1090
9641
-4810
-7119
394
-9547
7086
7216
-6439
2496
8375
4865
482
-5043
3449
233
-1899
9946
-9145
-3228
805
9920
-3038
2175
-9642
-6000
-9843
3922
-7495
8822
8190
9779
4658
-4988
-2483
5125
7875
-6129
-701
467
-8565
5289
-9215
-8290
7363
-3799
-9931
-3105
8327
-1961
3449
-1802
-5294
-8526
-4258
-7578
-1028
-7222
512
-3554
7046
-3400
1379
1498
-8316
-223
9599
-6995
2348
1788
-5474
-4876
-6674
-67
-1270
7747
2154
-3597
-1730
6063
2123
-8510
7262
-335
-8977
6647
1247
4797
517
1291
1857
-7125
8042
8327
1816
665
-7042
9547
6581
-4014
-9164
5244
2599
-7796
1062
5236
-2481
-9966
-1727
1043
-3195
9128
-4945
7039
-6740
9951
7634
-5121
-117
6040
-7994
5669
-2896
3360
9631
-7394
6186
-1691
9128
-37
6400
-2470
-4877
-6846
-834
8877
-4436
8224
-9806
-8022
-6137
-4038
1852
-5724
-8236
9696
-4317
1488
5496
-269
1560
5049
8782
7720
-6963
6100
7966
-8597
-2929
5695
2246
-3412
-5167
1202
4867
4408
3656
-6671
-1098
-5369
2952
7003
-9379
5728
-8694
7409
5537
-1340
5554
9297
9126
-5976
4253
9965
9088
857
-1687
6226
3197
-4346
8782
-1486
-2011
-300
-5229
-1649
-3471
1532
8920
-7749
-8641
-4317
587
-2190
2638
-963
-954
1114
-7303
-62
-8487
-7543
3791
-8271
-769
8690
3936
-3181
1459
-6086
-8980
-4169
7802
-9049
3046
7010
770
-398
-6607
8443
1017
-8308
-2131
8912
9066
-9728
41
-5248
7400
-8879
-8216
202
-5467
-8999
2342
-2408
5983
-6744
7610
-8624
2401
6414
-4478
9915
-2907
-5538
-2544
4795
-5900
4235
-6904
5319
5535
-8283
-805
-6585
3648
-9798
-6909
-6202
-6109
88
6999
-7869
-7513
6349
-6592
-2444
-7982
-7631
-6592
-595
-9841
5759
-8857
-3460
9907
3751
6338
1621
5253
7691
1324
8117
-6412
7960
-7252
8255
-2219
-2294
-509
7511
-4754
6206
8733
8953
-1150
-5985
1187
3321
-1472
-5699
-5003
-8117
8279
2404
8298
6914
4034
-3130
-7461
-6435
-7085
3095
-1296
-6908
-5598
-7089
-9107
-714
-1515
4996
-3306
5383
3387
8016
-9669
-9650
-7762
4307
9990
-5445
3687
1498
2542
-4474
3863
-8793
-5489
5323
-8980
3234
7209
-5931
-8868
-3116
-5335
6703
-5214
6489
3243
1522
5836
4244
8715
-7505
9723
-5355
4542
9472
5432
6519
-4955
1768
-2798
-9646
-4923
-8353
9355
-8453
-1632
1875
-8428
9735
-8712
3822
-5382
5819
-4177
788
-2207
2165
-2454
-6401
8273
-8109
-9352
4494
-6919
-9350
6390
6769
-3291
7932
7503
-7363
-8816
-9189
-6820
-7484
1603
-5421
948
-5609
83
2900
2992
-2601
-9320
-2210
-8398
-6549
5508
1917
4648
9128
4426
2071
7788
-3858
-3864
7155
8862
6748
-8362
7761
-2400
1511
-7010
6460
7299
-4784
-1513
-6163
7671
1612
-2210
8577
-7530
-7815
-4373
6286
8548
-3803
-5694
-4454
-4537
3921
8625
7190
-9798
-6445
7957
-9186
1037
1987
4906
-5420
4135
-2277
-3805
442
7764
-7002
-6519
-4002
-5556
3734
2664
1686
-7332
4827
834
7582
7774
-5631
7145
1000
-7826
343
2649
783
118
5402
391
8857
-4738
5451
6270
9329
-5794
3588
-5197
632
-2393
5858
-5554
-6039
-9879
9783
-423
2197
8490
-8088
3687
-6224
6947
1706
2699
9411
7901
683
6951
-9592
-691
7628
-3938
4821
-4344
6018
-9228
-8205
440
-4821
-7658
7396
-1078
-1686
6519
2578
-1939
-9239
-9623
-3625
-4250
-2902
-3211
471
2289
-4124
-813
-783
5021
9857
-4375
-5463
-1421
-7733
3231
-5699
9106
-6486
-833
-4865
4989
-2873
-1544
4836
-4865
9581
-6256
-9052
6061
-3451
6089
4010
-3573
-9695
-8066
6773
5504
5732
-5222
8563
8004
7796
6379
-3520
3429
4486
7547
-7324
7963
-4100
-7754
-2524
6585
-6748
7007
6151
3894
-8034
-3017
442
9095
-8351
6371
-9407
2202
-780
897
2310
6398
960
-7094
-163
-8420
4340
1752
-2835
-4797
-9778
-6090
-2469
6854
-3560
8133
3594
1481
-4636
-2399
1493
7837
-81
1436
8205
-2423
-9650
-9275
9871
6226
9630
6423
48
-8013
9150
-9692
1070
7278
-6630
-7840
9604
8827
-69
-5776
3091
-8533
-2549
-5919
981
6412
-3490
-5180
8334
-8837
6943
-10000
-9695
-6455
-550
-9897
-7944
-8143
2638
-2039
6285
-4247
-390
-5528
1456
4217
9004
-4262
-2821
-4792
352
-1515
5064
4885
-9743
-7724
1886
-2473
-1110
5331
4326
-6951
-4169
1017
-89
7636
-1944
6155
-9640
-5428
3392
-906
-701
-9987
3836
-6026
5292
9195
5382
-9134
2453
-1184
599
-8994
5414
1737
5330
2160
-4104
-1499
720
1257
-2660
8086
278
-3089
6812
-7944
-5125
7824
-7932
-1592
-9438
-7553
8904
-3733
-8550
-3676
-1955
6677
4167
7788
-111
1468
-4724
-9958
-2057
-6178
4031
1691
-4822
4937
-8051
8198
9931
4437
-7903
-6084
-6454
6896
-6990
8071
8738
-9751
1548
-5964
-7484
2724
-6826
6695
346
-2326
-5633
3993
2224
-2335
2033
9999
6036
6367
613
-6976
-1917
-5226
-918
9137
-6495
7433
-7431
8602
-4204
-6046
-7743
7480
9410
-8688
-5489
183
1555
569
-20
6182
-5495
-2193
-1817
3674
5717
4455
1181
8834
-6257
3853
7909
-3715
7755
9674
1303
-8207
-9334
-3170
3149
7950
5764
-5989
-1103
597
9715
-1421
6290
-7403
-4811
-7370
-6884
-5782
7674
4406
8914
1139
-6179
-5725
6625
3091
-6722
-8386
-7335
1994
-5491
6834
-9930
6599
7415
353
1884
-2613
-1780
5864
7008
4952
-5328
-6261
5011
-3565
2069
-2349
4390
-3836
-4012
-3358
2169
-7790
-8542
-7023
7584
-1590
-6271
-5233
1911
-8132
7869
5381
-3354
-973
9555
735
-4146
-7220
4763
-5352
6817
2601
-3811
-384
-8006
1453
-4321
8978
1064
-8048
2602
-6397
-3269
-3353
251
-462
9489
-3127
-814
-4990
