2760
-7220
-3930
6325
56
-3770
-1957
3287
-3839
-9175
-1106
-9997
9258
-1585
4258
-5105
17
-7228
-3697
-2121
-2228
-4483
-8012
499
-9708
-8967
6110
8324
419
-508
6115
-8929
8662
3068
-3500
4762
6196
2935
-5852
-1855
5612
-8857
1372
-7384
930
168
4406
-951
-3692
5406
-4084
7493
-7602
4475
1511
5985
1151
1918
-6842
-3491
5615
7591
52
8526
5303
-3663
-8247
-1194
7998
-3678
-7952
90
6170
227
-2972
7598
3715
-2670
7151
5864
8748
-5319
6625
-5474
259
9488
-8007
7652
-5357
-9908
7386
-8684
4236
-7157
-9929
-2151
-2010
2934
1478
592
132
-4309
-1577
3217
-5242
6366
-2044
456
-9949
101
-6434
9236
-8362
3848
-3495
-5191
8924
-2041
2085
9239
-8558
-4711
5920
-6370
5007
4735
-4004
-3892
-8801
-7584
6594
-4862
2309
65
-7195
1
-1004
-388
8190
-7979
-1204
-1801
1481
-9647
9369
-5946
-5739
-6520
283
-162
8781
7610
5377
-4992
-6923
1593
-7863
-4326
-3188
-3184
-8358
-809
2762
-3601
-3238
3395
7161
-5051
8095
-2284
8279
8267
-362
8843
-9666
310
-8398
4607
5191
7088
-9181
-3920
-4578
1324
3100
9402
-1222
-2102
2283
8056
160
6500
8421
-8518
3089
7344
7078
-6748
-2952
-3641
-8139
-8266
2736
-1875
-6203
9948
1874
7006
518
3338
8899
-1776
1333
4458
-881
1699
-8439
-2178
-8546
979
-8114
8340
975
-1540
6673
8057
5296
3317
-2398
7847
4902
9023
-2754
2617
4352
693
-478
-9889
359
-8525
380
1128
-6050
-4723
8523
5530
13
6374
-6802
-1233
2569
-1765
8908
-2537
9176
3920
8142
9428
-4893
-3694
-3628
-7481
4443
2239
9080
-2032
-9575
9320
7494
-400
9109
9608
5859
-9920
-7395
-3821
6315
-7529
3696
-5375
4062
8757
-8463
-6086
-7748
-108
-2410
-6363
-5088
-9007
851
6341
-5014
9783
-8836
-4439
7787
-2467
-2311
-8942
6192
-3585
-6703
6381
4197
4582
-7169
-7724
4255
-4023
-4040
9678
-820
-4308
-2945
-3783
5577
-2277
-1533
-386
-9395
-5771
3776
8074
-7078
5015
-8409
-1693
-3601
8483
224
-3710
4728
7826
-1677
4301
-646
5377
-7519
5349
8576
789
-7028
-2276
-9177
-412
-6825
5536
2031
-4185
2222
-493
-7467
12
6586
-408
-5566
4851
6295
2308
8315
-5093
3535
9616
7550
-6188
382
-8589
-9609
2932
5425
7872
7403
7344
-8500
-1741
-1999
654
-57
7992
-8770
9552
9092
859
7619
4562
7679
7810
-2909
-159
-667
-6638
-6310
2105
6318
5868
4983
7335
7346
-7174
-8285
5714
2123
3239
-8459
980
2646
8291
4686
-278
-9287
-1392
-5303
7833
2302
4526
9969
-8511
6612
-8452
2175
-1287
9474
9403
-2571
972
-301
8771
5307
8928
8137
-6130
2810
-9994
5034
3161
-9271
-3296
2984
2350
9439
9281
7901
9698
-7322
-3877
6667
5086
8830
-3431
2273
7461
-3523
845
-7678
4502
-3207
-4133
-1167
-8102
-9334
3544
-4720
7618
6899
-2321
-2181
-2617
-9872
-9231
-5854
-5620
2028
8009
-8575
3219
-7532
85
3271
-877
-7605
-2093
3554
-2670
-3162
8985
-6992
-2325
-8466
6865
7347
5985
-7492
-7073
3326
-323
-2990
-4496
9119
-1860
-8010
-8598
6399
-4636
-1057
5251
8322
-3741
-8981
-1068
-3577
-1667
-6179
9691
-2527
-2875
4805
-1190
-8111
9572
8252
-1620
-1324
8271
-9405
-9635
-4805
2393
5886
-1035
8354
-915
6848
-120
-7052
6838
9737
8836
6044
2149
-886
-806
6041
7845
808
7559
-114
-8581
-3619
-8551
5454
-1564
146
-4878
-3429
8414
-5971
8986
7492
-6882
8897
-9146
1270
6580
-5175
-7955
8527
9132
-149
-8732
2578
8559
6971
-2307
5218
-2112
6518
-9397
4265
-5256
2688
557
-4398
-7058
-9922
-6490
8143
-3846
3942
6423
-2568
9686
2485
-1199
-2550
-1934
-107
-739
-3298
8955
-11
-2635
-3245
4940
6288
9760
3378
3670
1990
9986
630
9087
1962
372
-1014
-5562
-4562
-1524
2890
4859
3006
-5196
-1920
-9984
-5402
9693
7104
-8331
-2293
-3112
1593
7842
1950
-4069
2900
-248
-6556
3201
4616
4910
6959
6412
5732
5226
9716
2621
4305
7151
-7778
-4609
9343
-5975
-5368
-1413
8504
3176
8337
-4731
-9489
-9909
3620
-9755
-9871
7483
5267
-2982
3482
8044
9983
-5666
1464
-602
2104
1786
2643
8544
6501
-3675
939
4778
-8026
6785
-7218
-9828
-7824
7453
9203
6325
57
-3988
-5833
-588
-7419
-1922
1820
8299
203
-8839
4058
-6627
-1602
-2849
3999
-9587
1441
-1464
-9156
-6885
-1603
4428
-2489
-9090
9025
4843
574
3540
6350
-7867
-194
-6095
-6049
-5181
-8262
-3572
1170
-6473
1833
494
-4710
6222
3379
1661
-98
5264
-1459
8960
-7213
1770
8459
6814
-1996
-5589
5167
5744
-2775
-3176
-6611
7597
3173
-7793
-4804
-9190
-9664
-1045
1821
-3353
-1704
-7408
-1000
-7629
3716
-2921
-4922
-1299
1138
-2899
-6352
768
-7287
1215
2310
1875
3797
-5457
2062
-5221
5075
8122
-6972
-7225
6359
-3861
3872
5294
5756
-6796
3899
-210
-2914
9899
5592
-2682
-892
-531
-4442
3812
-3205
2378
-1066
1194
5044
-4215
-6709
-3336
-6224
-211
-7875
5137
3537
-4808
1539
6272
1887
-7602
-8614
2509
-6829
-108
6150
7215
-5954
6823
-8048
-6614
2924
7550
22
7714
-5921
-6615
-6983
-2245
1771
7317
73
3445
-8046
-6687
6155
5062
-8109
-6501
-4730
3577
-8233
1355
5982
5298
1679
-3581
8924
9731
-1949
7800
463
9432
-6275
-4973
4618
-4392
-885
6977
-6088
-5948
-1557
-7918
-3912
1181
-6542
7667
9038
-3832
4089
6448
-4303
-1855
3448
6676
6523
4922
6534
9711
-8182
7417
-7195
-717
572
3753
6456
4387
-1114
-3230
4997
-7939
5085
1032
8679
5482
5997
508
-8955
-9656
9478
-9364
-7642
-2226
2652
-9067
4740
5249
-4745
-2378
8697
-8363
4926
8726
870
-5769
-235
-874
9793
-8569
9863
-9238
-6290
-4240
-1999
-2124
7503
5265
-6040
-1122
6446
3171
-5991
-971
-3822
2583
606
2302
-552
-2287
-1975
-3843
2691
6740
-7119
7914
-5234
-1992
6429
9327
-7694
-4578
8742
3178
2262
549
5298
1433
-4870
-4535
-3863
1708
-551
-5521
-9885
4175
7083
6790
-3725
-4152
-5142
2449
1720
8607
-8899
1853
4113
-4533
-8336
6289
-4728
5952
3417
-9355
-5698
-4191
-703
-3614
-5498
-2944
4992
1292
-77
5691
2135
6092
4997
-8023
-4303
-6482
-1104
1588
-5666
-8242
7533
9520
4710
-5496
-3569
5439
-9221
4972
-5293
9458
-1337
7816
-3799
4923
3027
6927
9274
-9103
6841
5488
-9251
-9483
2847
4129
-9933
-4900
297
4
-6671
-7341
-1753
929
3368
5924
8156
1709
-883
9294
-5631
-7790
-1357
-6485
-8715
3448
8778
-9156
104
-7880
-6075
-11
4048
2747
-5586
3243
9075
-9017
2801
-2845
-5837
-9260
-2981
3772
-7593
-3944
6444
-9099
4060
6758
1107
3563
-4214
4463
213
-174
-9964
-1406
-9089
1928
583
7421
7234
5109
7288
590
1094
-4122
-8402
-3070
-8448
-366
8170
-9053
7519
9255
6507
8792
-2609
-197
2675
-1597
3378
-4023
3226
3716
-6698
-1226
-3415
4106
-8450
-2166
1730
2215
7577
7372
9179
7151
6266
2020
8559
6808
8198
3750
4031
-8938
-1499
7053
8036
-3462
-4197
-686
830
-6845
-7836
-6759
-7739
4813
9180
-1471
-592
9323
894
-7812
-2754
-9303
9537
-9994
1669
2400
-3248
7835
8884
-6745
2087
6883
5169
-7560
1161
-6691
7515
-3334
392
5286
-5568
-255
-5053
-2669
7342
1588
8046
9929
-7969
-789
8317
-3447
639
-3255
9764
5582
-5934
-1863
1518
-4213
-4272
5670
3598
3562
-6354
-9508
-1571
7837
-8158
-4586
-89
-7410
-293
6680
7953
4464
6353
-8979
-6685
1376
1245
1282
-529
420
-8471
-5835
8237
7841
-4765
2844
-6053
8807
-1634
5429
-6899
2308
5906
4651
2918
-6680
5633
105
7254
-7103
3411
553
6237
-6173
6514
-2063
4979
-7409
2111
8227
-7801
-9475
-6272
-8154
9875
5765
7468
3143
8008
-22
8851
2211
6580
-3684
8702
-9993
-9316
4801
5146
7893
-8786
1484
9470
849
3308
-5141
2207
-7586
5285
-8
7514
1792
5913
5877
-4327
-5332
8649
330
7247
2279
7889
5269
6227
-4329
9887
105
-1701
4013
-101
556
1020
-1975
4880
-7680
-2807
-8561
-5692
6535
8150
-7998
923
7604
1428
5478
3705
-7042
9015
-3652
-4192
3678
-1105
-5210
-1227
1720
449
2504
-1462
8158
-1958
3513
3628
-2950
8773
-5808
1886
-8270
3688
6667
-4967
-342
9609
-7988
-7162
-3642
-9118
-9223
3124
2660
1141
223
911
-808
-2231
8554
-6749
-9555
-1036
2650
575
3411
-7143
2962
-3574
8014
-9702
8191
7671
-9224
6950
2605
2180
-875
5097
3514
4709
7642
3912
4992
-1775
7321
-6762
5133
-9598
-3770
-4898
9310
7055
7719
9298
-1152
-861
7731
8557
6344
-7733
-7684
-7961
-1668
-9480
-339
-3147
3239
-4778
8771
1585
3338
-5691
-8770
6466
4872
-7966
5650
522
6113
1544
-8347
1849
6076
1792
2167
9791
2657
2562
-9095
6653
1501
9316
-1176
-138
3443
4301
8185
-2186
-2334
6024
-5496
-2203
-3057
2143
-1897
-6531
1671
-8263
9923
-1478
-5690
5145
3249
-4195
-2775
3325
6626
-4270
-349
-7256
-3910
9048
6981
-752
-8861
-7342
-8784
1718
-1536
-9479
522
-6929
-346
6444
-1641
-6995
-6166
7223
-2015
-7531
202
-1432
848
-5019
1804
-3805
4869
-4912
5836
8147
8737
5095
-1822
-1047
1383
9984
8648
9775
6930
9282
-9316
4577
7779
-668
-9947
2876
-461
-7560
6055
1787
1938
1489
6961
-5761
5185
-3612
-6142
8198
-8086
-1381
1311
9442
-8940
4547
3033
-8655
-5202
-9269
4855
-3822
-9502
367
-1038
2315
8389
9512
261
-4338
-4825
1515
4945
-2870
-4982
-1758
-6207
6745
-3573
5314
3891
7940
9638
2297
-9584
241
-6463
4624
8115
-4098
-5177
6476
9589
1619
-1412
-4530
-9739
6459
8420
-4244
1084
5651
8010
5393
1178
4281
2791
3407
-7116
-9402
9315
-3068
7358
-6529
-1939
7645
2966
-653
1488
9623
-326
3840
1132
8887
6622
3143
-4268
377
7423
-5843
-5690
-6089
-3049
-3823
-7796
-5567
-6629
5267
-8209
5002
-2151
9813
3801
-7482
-5230
2795
8831
5993
2790
5260
1653
6365
421
9099
-5327
9492
7768
-788
2285
920
3001
-3013
-2243
1132
-7132
751
-5500
1735
7764
-7273
872
1159
-9696
5954
-8672
-8438
6751
5787
-4300
5177
-5170
-2074
-7336
-3923
3970
-8866
4300
-5792
-1762
6446
-689
1442
-2727
5371
9316
7247
6645
-8428
7506
-2908
9207
-3216
-5308
7590
9178
1027
470
9208
-8420
2172
-3701
5465
9248
3996
-9436
-5866
-1168
-5424
-3215
1097
5632
-1086
6633
-9855
-3143
8818
-4809
-3520
1750
-6648
9304
5896
-9807
9247
1527
8649
-8699
-9287
-7805
-3062
-3179
-6119
-7476
-5239
7950
2765
9663
4994
-9156
-2361
-2706
8321
-8581
-6834
-2596
9563
-6510
-3894
-3259
-2169
6448
3210
-2014
6295
1199
9022
8124
7387
-5157
4378
1007
-2379
2100
-1698
7372
-9162
-1233
5418
3313
-569
-6829
-5093
8225
6285
8362
1555
2298
-4824
8758
4421
8309
-2973
8093
6626
1431
1972
8868
-470
-7869
8095
-6878
-156
-4286
-259
8574
-7773
5170
8857
-1843
3240
-4557
8059
2156
-3877
1884
8515
154
5931
9105
-8609
-9917
-8649
-7679
190
9383
1322
9547
-9053
5717
5057
-5803
-1357
-8740
-4024
-392
4636
-5006
5388
-3897
-6078
-3562
-3225
4220
1369
-1989
9333
-6804
4540
7941
3043
6938
2968
7058
2895
634
1988
2872
5347
8593
-405
-8128
9559
-9838
-1598
-9800
0
-7769
4888
1997
-7667
-1551
-8383
-1961
2027
68
-7579
-4381
456
-3960
-3691
-8387
-449
3681
-1884
9738
-7686
-7960
2362
7964
-573
-7564
6630
4529
323
-3849
-7129
-3423
-848
218
-947
-40
-2203
-7321
-7312
7655
2417
-9589
-4179
3400
5139
1526
-1399
7214
4765
-7091
-6641
-7931
6403
-4431
-5563
420
-5407
-1261
-9544
6456
-41
3269
-2701
-9909
1307
9052
4913
-3704
5951
-309
9057
-2050
2235
5276
8810
6444
-3189
-6720
-7996
8079
8747
-3203
3682
2476
-6423
-3780
3018
4356
9990
1817
-8167
-2121
-7012
3189
4553
-1616
-9023
-7756
-5163
-8328
2620
-748
7636
-5600
5850
-2413
1493
4051
-1841
152
13
-3951
867
7239
4971
-8009
2762
6170
2756
-6751
3905
2735
-7208
2471
6915
8949
-7956
-592
6575
9143
-2964
-9208
-2567
-3723
-570
-8556
-8111
9352
9373
-2222
-3781
2668
-3977
-987
7397
-7019
-856
8406
-4214
-8166
1331
4440
-6382
5417
8054
-9759
7071
-9237
-7269
-8698
-2572
5016
-1583
-3286
-5187
-5396
7054
-4217
-805
-306
-3948
-7226
-7661
4697
2713
4909
6987
-8867
5427
4724
2000
5204
8246
-3626
-9001
-8201
2253
-8602
-3216
1682
-8481
238
2475
-8321
-7899
-3342
3810
-1722
8630
-4685
-1608
-621
-811
2921
1115
8092
4139
9883
7744
-6018
4379
-5637
-907
-6563
-2879
1872
901
7892
7499
9552
8763
954
-4265
-7083
-1934
-7810
6515
4680
3090
-9669
-2364
-9115
5545
4568
1884
-565
-6279
485
2569
-9895
6816
9529
-5375
-378
-2928
2834
-3902
-2612
6481
-3795
-6126
-5154
-6575
9353
1524
6301
2614
5197
-6367
4320
8898
-944
-6517
4466
-8942
-5622
-154
-1135
7809
-2123
-2508
2625
2468
-1685
-905
-4177
3410
-5893
1208
-2146
5607
4251
6085
-8515
-3230
-9911
1442
281
525
4815
-9840
-2687
-715
8209
8722
-8758
-5882
-9245
6911
-133
-3396
5221
4953
5829
8664
1908
3647
6201
9693
1369
-337
-9147
6317
5667
-4436
4367
5787
1985
-2030
9363
-6855
5777
-4372
7801
-6525
-3805
6653
-6816
7159
8173
-1481
4911
-6786
-5801
6194
-6211
2148
-5166
-4331
-9993
-2253
3617
9393
6660
27
-4050
-3334
2630
-1056
9354
3177
6962
1298
-6633
-6573
-1964
209
969
1204
-8528
-1735
195
-3468
4476
3294
-8045
-9106
-805
-2021
2880
-2098
6413
-8345
3188
-8476
-6603
9234
-9042
-8512
-4480
7366
-810
4197
-7198
7884
2527
8833
951
-1432
7556
-2160
9597
695
-8436
-7484
1812
-7827
1134
6954
-847
1825
-6333
-7363
9075
8147
6799
-1600
6773
-7722
-449
272
-910
-8829
-3261
-3881
-5019
-3310
-4858
8429
5702
-8043
-2265
-6369
-4787
-3699
4144
388
8687
-5399
8600
9692
8156
4119
-2576
7173
-2289
3401
9805
-1118
345
-3267
-7281
6966
-3796
-2112
7323
3042
8831
-7768
-3433
9146
6506
963
3349
8423
-3684
-7940
-1971
1025
2975
-4145
165
2756
-4007
7562
2841
3074
-1498
-8553
1170
-4649
-7874
2844
9278
-988
9461
5703
-5412
-9567
5626
8280
1133
-5380
9696
-1577
-9847
3821
-8939
9599
7757
2458
-8466
-844
-6092
8369
-513
6493
3445
-1467
6219
-4402
-933
-4498
1797
328
948
7255
4739
-1676
-2349
5964
8605
-4521
1063
-8753
-6833
1630
-5297
4654
-7025
7799
-8810
-6706
7181
8936
4028
-9336
4497
3010
9198
-6471
5484
-4238
185
9580
-3438
6702
8098
4198
-5543
9961
-8445
-9411
7308
7155
-6217
-7222
-6402
-5617
3959
7771
-1490
-1060
-6693
1982
-4187
9035
8353
5345
3871
1549
-9314
-5286
5775
2483
-3539
-9846
2504
2764
-6868
7245
-7923
-5114
-5106
-4306
239
-8663
-1632
-6694
7994
-5677
-9537
-5456
8705
-6255
-2508
2427
4911
-1950
2019
1766
-6514
5966
-5819
6053
1467
5840
-4094
-3208
-9092
-4326
-5265
4809
-1636
5579
2921
-7312
-9996
6672
9047
-5135
-9002
8984
-6399
8600
-6117
-65
4673
-347
-4954
-4205
904
-947
1649
9119
4456
8215
7767
-6929
-915
4957
-8191
-9925
7193
6773
-6208
-5460
2265
4914
-893
-9786
4062
-9180
-3807
7640
3295
2379
-3005
2933
-9214
-949
-2409
-6051
651
-6016
3715
4941
-8096
5378
6151
-433
-8996
-9694
6679
1025
-8991
5479
9499
-8785
6388
-3457
9094
-5918
5796
3246
-5468
1071
9582
-4422
3725
-5520
-2539
9580
-2670
-1986
6017
-7177
8753
3029
2645
675
2309
1740
-1735
-5747
-2831
4723
-8461
9210
8767
6279
-7015
-1705
5231
-3115
-9046
-1146
9911
912
-3944
-5490
-3468
-7661
-6730
1458
-5750
3775
2718
-512
-3274
5718
-5454
4622
6578
8085
5905
2101
8316
-8953
6407
-8181
4234
4625
2440
-5882
9540
2894
-8943
-194
-2621
8409
5608
2646
-6510
9816
-7318
3913
6095
-5965
-1777
-9278
-5640
-7661
6226
-5487
-6884
2194
9121
-7817
2704
-194
-662
3022
-5148
8237
8122
7226
-9482
-6069
-8112
7822
-7827
-4303
-8071
4932
-6961
7031
-3573
-1124
4897
3901
6363
-7705
9944
-7915
421
2143
4184
-8424
-9815
-3959
461
-3670
2626
5765
-8349
-3523
9782
2036
-9871
-1080
-6329
-689
195
1228
-5316
-1539
2023
-5388
1284
1349
-4910
-4249
1145
7296
2380
-4513
5171
-9436
-401
1409
-9704
-8017
459
-6061
-6297
-3332
-9334
-5658
-8996
-4219
-5502
-4827
2681
6290
-9017
8603
-537
-2485
-7737
965
8040
-6668
-7764
-8007
4133
5626
126
-1550
7682
-6042
-8868
-7199
8760
-829
7972
705
9804
3520
-5820
7846
1293
343
-6279
-5994
-221
-7074
-4900
21
7354
1786
7235
-1284
-1020
5218
-3779
6027
1023
-7642
-2716
8761
-6147
4832
-7263
6905
-2684
-6008
9180
-5300
9443
3486
3809
-3090
-6750
-7181
-4838
886
3132
-7049
8955
-3147
3540
3132
-1495
9275
-7269
-5924
4281
7033
-2046
-9457
5923
3602
3149
5730
3051
-2842
2874
1863
8171
-2117
-6205
738
-6152
-8462
-3088
-1763
6681
1754
6378
-894
-4486
2104
7236
-8058
-2592
-9722
-6483
-5743
-6414
8134
-1311
4655
-8130
-5828
1574
-1074
1423
7168
8897
-5824
-6444
-698
-4815
-6614
-3616
-1866
-1265
-3926
-2793
-7627
-7868
5574
-1181
-2373
5677
6619
-9448
-8227
-6298
-9395
-457
7846
8652
-3086
-9210
-4574
3018
-3483
5737
-3031
3459
1366
4908
-3063
-5262
-2274
-8445
1310
-3577
-1357
-4777
-7644
-3109
4449
-1801
-8179
-6407
567
-6086
-2656
-64
-1604
9634
-1610
-3974
-2166
-1902
7937
8692
-6211
455
8210
-9875
7433
8387
-1416
-6830
-7188
425
6667
-4249
7150
2480
6878
-2371
3885
-1369
-2389
-1007
-9019
-2380
7102
7135
-1826
2437
9803
-4097
-674
-5691
5054
-2835
-6013
-6582
1255
2042
-362
-2621
-8351
4637
114
5452
3953
-2533
9848
-4116
-4675
338
-2365
8858
-8900
-1308
-6636
-7310
8335
5650
-1497
7430
8266
-2103
-5056
-3178
681
8618
-8504
9608
134
6909
8305
3766
-9554
-8664
2592
6591
-2084
-8303
-5995
8896
5474
-8271
-2103
1385
-7534
-8116
-4293
-4712
4759
7815
3758
571
-1310
-9182
-8217
8964
-2278
6557
6023
-9947
-3372
9444
-8154
398
-9011
-5290
4928
-7646
2150
151
5183
2153
-2145
8665
-3151
895
-1431
-2432
2256
1529
7869
7689
-5699
-5025
-7245
-8978
823
-1024
9583
5414
7991
-5875
-3696
111
4966
8018
-6712
-1323
4679
-9219
-9181
-5983
7604
-2973
-1817
-2406
-15
3354
-6939
9173
-5853
8564
-6200
1464
-3092
3474
6387
4431
-5104
-4585
6695
-5614
3774
-8969
-4175
4835
3886
6045
8855
-535
-7641
7279
6412
-6113
4096
-4317
-4207
-8431
-763
-438
-6010
-3392
3651
3732
1789
250
-7629
2939
1584
-7128
-1144
8499
-6656
5146
-8046
-2050
6865
7476
-4570
-7327
553
2696
-1336
-4224
2056
-8861
8693
5650
-2448
5884
-8639
-3721
1090
9000
-8127
7814
9126
-5360
6657
2087
-1229
9147
-5687
-4126
-8526
7974
-8647
-9619
3951
4801
8108
140
1037
-5105
-994
-2447
8566
-8646
3673
8070
6425
-8777
-6169
1365
2512
-9983
-8841
2705
6611
6089
5413
1050
4779
7400
-3433
-6706
6970
-4947
-6947
-797
-1389
3949
6451
2686
1363
6626
8046
-397
-4406
-6587
-7107
-1931
-8599
-3146
-1781
-7310
8392
-4129
-8116
-2168
-508
9999
-1765
3740
771
-480
838
-9241
4330
-7203
-704
-4765
-5049
2407
4334
102
-4617
-4216
-1103
-1150
8319
3591
-2910
-6973
-2342
6711
8908
-2965
7014
-9242
-9203
5085
1399
-5706
3442
-2659
7343
8011
-2410
-8866
5211
2080
9431
8705
-9356
479
3697
3956
-8619
-1966
9449
3466
-6090
-5955
-3385
-4947
2762
1030
7604
-1393
1731
1867
-6962
1213
3143
8156
7778
6217
-5248
2488
-9512
5730
-3561
-1526
-2252
-8237
-8436
-6257
-612
-4252
-1127
-2628
9024
-5357
-9819
-3459
-4277
4743
38
-6165
8654
-4005
-8351
8510
1033
-9429
-4326
-6413
-3940
-8547
-3373
3623
1659
-4371
2247
-3003
-8264
358
-9756
-3091
4703
3932
7545
-1648
909
155
9686
9962
-2321
18
5248
7831
184
9747
-5035
9359
-1509
-8487
-2219
-3943
7671
1817
6758
-5196
-314
-7595
5138
-2896
9402
8885
-265
-9558
1076
-5875
-1126
3705
2315
-5068
8218
6498
-5285
-9322
8698
-7062
-6777
-6789
4685
4501
-7111
271
9234
1394
8521
-1045
7110
4395
5192
2852
-1685
2424
5797
-2391
5043
-1940
-4738
-2404
5679
-1738
-68
-2253
7059
6871
4528
-8722
752
2364
1078
6717
-9838
2648
-5862
5540
-1877
-1880
9590
1414
5825
3664
-3054
1111
-4001
-6048
3638
4645
8435
9183
7521
7281
-771
8483
6598
-2375
-6236
-5753
41
-6934
5166
-4376
7910
1221
-63
2354
-8260
2188
-2204
8767
9757
8089
-9503
-5049
9011
-8240
-6439
-2374
5533
7556
-7701
-379
7507
-218
9435
-504
8420
672
-5924
9276
8000
-2947
-4914
-3028
-883
-1284
-1844
5740
-2954
-5992
1776
5951
8421
8525
7964
7045
317
8881
7677
7569
-3373
-6603
-9152
4731
953
3871
-8373
4728
-7124
5524
-719
8131
815
6151
-519
-7197
1506
-8871
-982
4707
-4914
-3863
-8112
647
-2735
7287
4769
-3937
2672
-2828
5291
1261
3689
-8784
6801
4022
-6713
-3345
-663
7478
-2862
9510
6403
3161
-9676
8962
882
6868
800
-1120
-7484
-9665
6108
9602
3650
-8668
-7345
3365
237
-7651
-9019
3903
2841
4955
5516
-3051
3496
7591
3162
8195
-962
6002
-332
2981
9208
-3461
-9603
1954
-6617
-7791
3404
7031
-2953
-749
-8674
2145
7193
-2209
-6623
-9983
6959
-2097
845
-1335
-9450
-2935
-756
-3249
4569
-9801
-7620
6933
3214
2514
7266
115
-7592
6966
-6998
-1477
5875
-8637
4194
6655
-485
1541
-596
-6325
-7875
134
9407
6919
7821
13
-1976
-3632
-1880
5677
-7033
-3557
-3977
8
8276
4020
850
-721
5414
-7492
6496
3557
9688
-9795
2677
661
7389
-2784
-7058
-5291
3875
-6113
-1605
751
6234
5314
6517
-2317
4879
4965
9119
5754
-3062
-6426
2945
5034
8614
9378
-9501
4857
-4033
5147
-4122
646
-9479
-7704
-7744
9857
8163
5139
8427
3635
-5204
-378
31
-7106
9077
4994
569
-9945
9460
-4039
-9455
6243
-6507
-3021
1105
4138
4331
-387
-2193
1221
-5874
-145
-1193
1281
-7202
9663
-1827
1617
6758
-7062
6517
7821
9145
-1136
-1990
4755
-3583
-4277
6845
8201
4363
5474
-57
1639
4339
6158
145
-6485
2768
-6385
-7063
2202
-5665
2638
-2723
4736
-262
1420
1536
-7886
-5093
4703
-9312
2426
-3797
4302
-7463
-2057
3808
2291
9574
3604
-767
-3678
9060
1257
5705
5744
9947
-1117
4827
5676
7553
-2820
-1098
-4434
2286
-9608
-2689
-141
-7672
-6828
-5879
-8711
3250
1575
-8973
-2941
-4036
-2950
-9454
-3789
865
-3229
-8688
9230
-138
5145
7280
6717
-7228
9425
9402
5027
-5125
-9755
6318
59
8784
9413
-7684
-7031
-6055
-4975
4225
8423
-8118
7666
-6875
-3023
-5845
-2238
5604
6461
-3726
-6556
5775
7748
9591
2488
1136
-9485
-6690
-120
-296
1671
-4461
-2880
7906
322
5708
682
-2669
-2471
-857
1893
1754
8554
4439
-2590
-5266
1671
5042
3374
-4961
751
7580
-9817
-8611
-1275
-5918
-2518
-5102
-2865
-4653
6701
5649
7810
1165
9298
-3370
8380
-2916
-3558
6836
3634
428
7335
3213
-8383
3369
1447
-3143
7915
5741
-8741
-2581
-2171
-6283
-2837
6511
-2152
-1903
7925
-5619
9525
5206
7427
9860
-7617
-1978
-9870
2125
-8301
893
-4886
-1197
4620
5629
-900
-5585
-3449
-9089
8774
8913
-5946
-479
-2439
3112
6111
8640
8385
7818
9391
9193
-760
3112
-3919
-8845
-7789
-8012
6737
-7472
8252
-8984
-6130
7519
-3817
-1130
9077
-661
4196
-9695
-9735
3694
7259
1066
-864
-9168
5563
528
5163
1425
-4015
8708
7561
-5377
846
9840
2732
-3615
5479
-2795
-4289
7262
-2426
-143
-3455
7340
-9898
1431
-5335
6397
5489
4331
-358
-4593
-8966
1348
6932
-552
-3990
-368
8925
4898
6415
4483
8157
3566
6687
-267
-7813
-8756
-7864
-3931
7367
-7708
8737
1667
3466
3335
3669
-3859
-4026
6209
6872
-2846
4762
-4391
9053
-438
-8328
6160
-8664
4471
-6321
823
8252
3374
3481
4476
-8876
-3916
-1620
-842
-1950
96
8046
2124
-8419
-477
-9525
1181
-9759
7188
-8215
4300
-3913
-2276
404
3292
1997
6116
2397
-6763
-8372
-8210
-418
-2982
-7516
2835
-3016
1005
-6000
737
5157
-2428
6859
-3346
2879
3476
6636
-7835
-6229
-6023
2482
9757
6024
6534
-7823
4946
-6944
3986
-307
3941
-5402
-1327
-5034
233
5732
-197
-9367
-8348
-2307
-5315
-3052
8961
8414
3186
8798
-6037
4903
-9596
-4010
5332
2971
-1738
3932
-4512
-5763
-3764
104
2587
-2936
9042
5754
427
-778
8472
-1485
4697
-8051
1847
484
4717
4335
8410
2339
-5468
3305
3556
-8529
-254
8137
-878
658
-3375
9
2708
-4578
6565
3553
-7666
9716
2942
5017
-800
3084
8709
9880
423
1755
6002
6745
5882
-5902
9869
3394
2219
-6886
-8644
9111
-879
1340
9732
-4587
491
-2720
2168
-7029
-8085
6364
3234
-3457
9066
2731
-8879
9593
3769
-6243
6726
5239
9465
3855
6032
9581
-9346
-8368
-1151
-1469
-4173
-6350
3744
415
-8049
-9514
4279
-3748
-7078
-1399
-5206
4210
-8556
8297
6595
102
-8771
-4491
-7
7035
-9510
7097
-7888
6314
6902
-5061
3887
-38
1389
179
-4131
7113
4287
5424
-752
-7544
-4648
-7303
6701
-4602
-9965
4488
-5256
-5784
5614
-4552
-8532
-3809
-899
-4266
6778
8363
-4039
-6650
-4254
-7739
-4508
9692
8123
-7121
-8788
7530
-3897
-6823
4739
-4747
4747
9509
595
8397
-2227
127
6865
407
2844
-6107
3326
-5058
8286
8221
8710
-2417
-7107
4436
-7710
8771
2203
82
-8486
-9401
-1485
-7678
3965
-7363
8854
-8918
-1952
4312
8757
-9442
-2281
-5894
431
4291
4082
-4734
7246
8220
-2598
-8603
-2500
427
2933
-47
-5480
-7646
-7616
6406
-608
-3090
-5917
-5952
-8146
-1209
5502
6708
-7022
-9915
1172
-9373
9126
-2539
-1220
4773
9656
1560
9217
9240
-9965
4915
-7942
8421
-7773
-3590
2600
1164
4563
6102
2475
-306
1514
-1447
3723
-6506
3441
-7185
1160
4530
-4838
3406
-3549
8856
-3373
6496
5186
6861
-3938
-8898
-6373
3421
727
2295
-6748
296
5705
-2078
8375
7336
9318
322
26
245
3306
-3021
117
-1402
-6106
4863
3399
6078
-8454
-1436
-5716
-6265
553
-4450
-1855
8308
2431
266
-3861
-8533
-5962
-5845
1047
-3151
447
9082
8381
4854
3610
-2421
6922
8739
6386
-9620
-8556
-4444
-3012
-5594
-7388
9725
-7533
8379
1871
3089
-4121
418
-4953
9553
-1330
-3631
-4402
4122
-9791
8992
1781
2148
8751
-6752
-6534
-4386
9321
-7805
-1120
7271
-1347
-242
4203
-5680
6402
-7648
-1534
6318
-1551
7316
8356
4713
-7289
-7238
2893
7800
-8293
-459
7837
7060
7514
4172
-5571
-4280
-2516
8819
3373
-3136
7961
-9352
6776
-5007
-9646
6825
-2876
6689
-3628
3517
-488
1023
8595
-8910
-736
8826
892
7006
-9922
-1985
9369
-7724
6326
3076
1594
-6391
-3981
-6470
-3842
5723
-9386
-9502
-4779
-4111
1636
-19
6778
2503
2506
8360
9388
9738
670
7669
-6662
-2785
3382
-6326
-3745
-4017
9757
246
-8417
2409
-2059
793
145
-9294
-5291
6167
-2571
2240
845
237
-5373
2484
-6928
3007
-7948
2356
7093
1179
458
9205
8285
5596
7455
1401
-1548
-4733
5507
205
1738
9898
9035
8503
7458
8255
-7919
3725
8760
-4438
-6344
-7611
-8131
-103
-4804
-9919
-9759
3517
6249
-6660
-3156
8012
2935
-5979
-9840
-8998
2687
6434
5953
-4093
2044
-3080
9459
-9900
-8977
-6509
-7881
-1967
-9789
8795
-1396
-1566
3144
8164
-6570
4032
-9204
-1101
8001
8663
3333
-6644
-8694
-9383
-1967
-2611
-5160
-8772
2876
-7650
9859
-5389
3284
-6170
-1919
-5826
7085
5442
-6830
-8424
6738
-5446
7221
5146
6348
-2446
9759
-1784
-9892
6636
-7688
-4348
-2585
-2737
4638
-1266
-3994
9948
-2908
6862
8643
-4281
8655
1445
-3587
1960
7162
-7338
2707
7332
3654
-8145
4347
2511
9044
-682
2275
-8847
-5395
5104
-9980
2246
-2909
-8984
-4796
-5321
8807
-5359
-1483
-9454
-8602
-3102
-4517
-8908
1933
342
-4596
7330
8418
-8154
7622
4229
3756
2206
-3776
5285
2723
-4679
234
-5730
3611
7381
3488
-454
8197
-9714
6340
-7985
-2363
-1875
161
8021
-5133
4567
-5225
3831
-8070
-1318
-610
-1496
2747
8521
-465
-7700
1296
1275
-5257
6586
3934
240
-5072
4052
7798
5807
-6954
-4778
-3424
-1130
-9844
3276
-8765
-4819
-8757
-5281
-5780
-7415
4497
-9948
1307
-3181
6436
6447
-2181
183
-3649
-832
4395
7142
4073
318
-7439
-5165
-2227
-2498
7943
-6032
-3546
6418
1194
-6497
-7365
949
5225
-9775
-1234
3429
-9732
1233
-6365
-8136
-1331
-5216
-7753
9890
7369
3854
2793
-2738
-2845
6756
9051
7540
-8857
-2541
5273
-5104
6452
-9326
9672
3442
-6735
1472
6061
-8724
-6664
4190
1528
-9527
-100
-5887
-8958
3122
5353
592
3977
683
3716
9189
-8640
5554
8309
-8755
-3544
-5026
-8924
3845
5969
1384
6487
2236
-4092
2484
290
325
-6367
5529
-2164
-152
-781
-326
4440
-859
-803
-9864
-2691
2272
-3617
6777
27
-7253
1484
3945
-7030
-2500
-8919
6330
268
4531
-6811
8958
2790
8744
-9531
-2924
2012
4658
-2669
-7264
-3929
9679
7082
-9579
7768
-7102
-9624
-2427
1844
1420
2139
5657
9650
5492
8094
-7103
5033
-9611
545
5355
-6671
2133
-6075
-8679
-5016
4924
6787
3585
9354
-4628
6475
-5041
8732
2498
7700
7851
8077
-1378
-3640
5357
-81
8312
2328
7279
-4118
5204
1139
-3251
-5830
-7995
6275
-2412
-4843
-6857
5374
2259
3563
-6101
-1346
1918
6967
-2668
-2092
5945
-1876
6333
3819
-4841
-4355
3112
-5366
7565
-5512
-5738
7147
9512
9294
1512
1106
-6647
-629
-8384
7435
-2786
-8681
4677
9697
2397
7902
-6512
2491
5693
9083
9707
4799
6281
3650
9681
-7779
4187
7104
-3728
7908
8694
1675
4917
-5100
-6076
-4008
-5829
-733
7082
-1035
-3366
-2312
-7802
6044
2934
-9968
-5405
-7407
1459
4912
-7189
4418
-3887
1518
-7327
-8276
-7102
2810
791
-1356
8503
-3764
-8006
-4613
3902
-8095
-6979
-1206
-836
1924
-1884
4256
8918
-2136
-8388
8018
8426
-8087
6336
4684
1970
2821
9880
3558
1792
3994
-3586
5375
7000
-5266
-626
-2192
-908
-6126
5753
-2453
8487
-1800
1461
1588
-7945
5178
-421
811
-8439
-9571
-1142
-681
8008
4482
6611
1402
-1960
6562
-7631
8853
2159
4461
-3541
3913
-1905
-9364
-3051
-2757
-9456
2672
7055
7490
5618
-8510
3431
-9752
-7276
1511
-1100
-4729
-9285
-9697
-6890
9376
-1686
-8158
4142
6624
7883
1720
6381
6810
2107
3823
2901
8662
1255
-4422
5630
-4780
-7045
1870
-8276
-761
9299
2505
9407
-2839
126
-6882
871
6261
-1801
3501
1760
5474
-8213
9246
-5967
7637
-896
-735
-8336
2987
-5853
2324
-356
-9151
6684
-4590
1442
1592
-2808
1775
-5906
9133
-9003
-7912
8956
1671
-3937
-9113
7231
7081
854
-3859
-736
5643
-3187
4050
3368
-3278
1511
-7012
-8656
9384
-5933
-2720
5833
-1123
9802
-1091
-8896
