8
-5547
-4243
5173
-4103
2465
-4781
-1356
-51
8539
267
4144
2427
-4785
-1629
3450
-8313
-2051
-752
-5095
-4922
-2432
8480
6738
-3501
6699
-4720
407
9356
8623
8436
-3960
-2643
7232
1869
4792
-3083
2356
-6404
-9155
1924
7097
-7162
-9550
-6136
-3302
-9619
-867
3098
2530
4343
-3129
-8829
5546
-5281
5038
9209
-7949
2923
7876
1569
-8183
-6168
-3704
-3535
6884
5731
-5348
7061
-3286
7517
-8144
-8236
5230
-6587
5079
-7618
-4242
-1002
7609
-1617
-6049
-171
-4175
-2753
-9977
-4137
7257
5482
7711
8657
7629
-4765
3065
-5911
1443
-6493
-9605
-2183
-1733
-2503
2235
1985
-975
8012
-2193
-2726
-5472
-6005
-2286
-5265
5486
-1346
-662
-3459
-7282
7216
-6917
178
-4553
7849
-3932
8148
-7055
-4466
2471
-1468
-3687
5834
3267
-7673
5776
917
3113
824
-3831
8727
-7270
-3230
-7670
9666
-445
7181
5503
3414
2494
-8296
2246
701
-3064
8990
-1214
231
-1448
3921
6119
-7405
-4071
-9296
2293
-8538
-2239
-4415
-6995
-2810
-7041
-6935
-8744
4316
6624
3012
-4696
-8282
3465
-9672
-3293
-8747
5710
-9564
6618
9850
7159
7599
-3221
9209
-5083
-4850
-7494
9855
3666
-7622
6155
6638
-3604
-8563
5846
-4137
-5140
2343
8411
-5698
-2641
547
-2027
7427
3739
-9168
-7059
6713
-4989
7359
-5201
2173
-9019
7959
-9313
-794
5245
-8711
-9181
8464
7341
8047
-5395
-2118
5878
-884
9480
-5263
3804
-7929
-3504
3790
5773
6671
6474
5651
-9712
3472
8014
6258
493
-3914
-2053
1254
-1068
-2940
-4550
9690
6020
-7224
-9645
3578
6127
9662
-8052
-4300
-234
9936
-9989
-2417
2495
5670
-2488
5028
8888
5879
7558
-4057
-6788
2118
-3320
9554
-5336
-3027
4991
-4453
2371
-4812
6380
1066
5768
-3609
-5433
-5076
-3158
-5660
-9271
9741
-4222
-7736
-5163
-1641
4016
-3374
-3935
9380
4115
-124
-1388
-8383
745
9231
-1527
-8141
-5558
1980
-2590
-3111
-5168
6229
-3203
-4821
221
-2630
1309
-701
-3329
2444
-2989
-4624
-7990
7939
-1740
5253
-7303
1918
-1337
867
-2185
5117
7036
3581
3635
8895
-510
-1567
-2593
5966
3687
5258
3909
-3722
5432
-2352
8074
-3143
-2873
-6885
-5453
-1239
6133
9649
3001
6506
1156
796
-2701
-4981
-422
-581
4283
9126
5415
898
-2198
3008
-7914
8533
8242
-5013
-9384
818
-6782
-3679
-9061
5823
-9087
-3149
1695
-2082
6922
-2205
5301
-7427
-3260
-4885
-7802
2499
9750
1282
8966
-2197
-6391
4271
656
7455
-8766
1643
-4090
533
-2141
3404
7544
-9311
9750
-835
1731
-9930
4675
7342
2938
2601
863
1048
-5954
2373
9029
-5679
9769
-5226
-7470
9318
-9112
-10000
6132
-329
-3987
-8327
4676
5917
-7535
-8001
-1735
-1605
9802
58
-3084
-9257
-1287
6171
-1006
7153
-5485
931
5796
-8132
4109
-3097
-3051
823
-2106
933
-7142
4598
-2179
9395
2118
1028
104
-1124
-6172
-3341
-2829
-8948
-4745
-688
-1061
4892
397
5831
-6852
-9612
4597
3307
-4569
6572
7794
-86
-524
-7301
-9269
2255
-2571
-7627
7591
-9380
5981
9924
5797
2846
6055
-3073
-2820
5693
-1081
-110
4143
-9254
1492
3355
173
-6245
-2385
8156
-412
-863
6895
9369
-5142
3921
-7389
9163
4049
-5094
9878
-816
2970
4907
-4638
792
5792
6313
2612
592
8410
-9369
-2860
-587
-5617
-2856
1044
409
9804
3483
-2746
4309
-2450
-6769
8272
-5338
-5490
-3639
7515
9239
9899
-3310
4456
-7465
-3046
-6146
-894
-8876
-4757
9808
8152
-1377
4371
8253
3643
-7985
-7547
5925
-6438
6640
2124
8802
-2265
9449
6850
9909
3736
-4997
5517
9341
6026
-6850
1687
7899
-1696
-2455
-5975
9020
928
9244
-8714
-5857
5028
-8977
5670
-9071
-1746
7063
3475
-6191
-672
-959
-4438
5225
5799
-592
7480
-3652
-181
4197
-3087
-8847
-4545
4975
-5368
7558
7705
-7532
3596
-146
1669
8178
-8902
-9932
8453
9877
-9230
9258
8771
870
-7072
-1610
5024
5813
60
-3524
-2304
-9662
-4038
900
-1481
7453
-1904
-1796
-7885
7646
9199
-1858
7556
2768
9205
-9075
-614
8685
-6124
-1754
7872
3078
-4832
-7316
-2540
4393
9612
9786
-3554
-4886
-2342
710
-895
5256
-2643
-1637
6121
-3770
-8679
-6267
3237
9839
-7465
6917
6045
-512
-7843
3021
-8138
8519
7589
9083
-842
2174
-8524
-5676
2539
694
-9942
9895
102
3306
-1209
-1014
9412
-6911
8931
-2979
7323
-4977
-2776
-7886
-1864
9865
6692
3574
934
-1845
9079
4105
-2311
-695
-6263
-4027
-9404
-9937
-8531
6060
-7851
-9558
6953
-7109
-7795
-349
2194
9376
-5482
1878
3656
1722
-5670
-6558
-8382
1436
-3285
4265
-4376
-8065
-8714
5540
2293
9085
6211
-6512
-2708
1833
-8968
-5392
-3664
7342
-7604
-8631
4548
-9520
1047
-4644
7968
7434
-89
-4380
-780
9391
-4239
976
-9156
4972
-1967
-5204
-200
-5194
-2848
-9511
4455
1597
7740
1062
-9435
2190
9682
-3400
-4222
-5911
-3902
7067
9119
7564
-60
1880
2375
-2006
-3631
7386
8071
-9788
-6222
-3509
-5395
-6429
6514
-358
-9753
-4008
-4527
-4770
416
-6889
1937
-1258
-7744
-3026
-314
-6738
5410
8527
-7272
1666
-9509
-5943
-7826
5008
-6966
6077
4491
6879
197
-9042
-5055
579
-3684
2737
1358
-5313
752
5973
5920
1885
5685
9057
5794
-6342
-7072
6808
4627
-680
-3237
7689
-4596
-5519
-9491
8051
9630
6950
-28
-2290
99
8618
4327
-8158
7048
579
9062
1427
-944
8452
-1767
-5642
-5929
9932
-1713
-783
-5568
910
6840
9340
-256
72
-2934
-9492
-9558
-9152
2733
2898
5053
-5800
8125
-8925
-495
-7411
-8218
8063
6505
-7208
9675
4749
-6427
-8352
-3433
-3836
-8439
-7950
3680
-5570
6599
425
793
1062
-85
8920
-9853
-3990
-5577
4166
271
-4532
-2472
2531
-122
-8391
4394
8882
819
-7161
-3359
5294
3936
-6277
4852
-3673
2180
-3313
3068
-8897
-774
-2479
5621
9235
-3856
850
-6125
-2463
2882
8057
-1251
9379
481
-3965
6062
-1200
3726
8211
-7753
-3735
5362
1373
-3293
-9134
-184
-24
-853
-5555
6446
6943
-8424
-6107
-8976
3365
-5577
1093
-1469
-2313
5889
1756
350
-748
8294
-9473
1546
3593
-5298
1655
4513
4505
4834
-4524
-4959
-6695
371
-3314
-8840
-2054
834
-2506
5403
-8381
7852
2240
6344
2612
-2938
2173
-1439
2592
-1272
-753
-8436
-1161
1975
-6131
6430
4125
6958
4736
7467
7982
-1765
4923
-699
4239
-2161
-6045
7067
4588
9665
-7796
174
-5244
7688
-744
792
9374
-7509
-6588
-8283
-3659
9924
-5879
2076
-8798
-4060
-1684
-347
-4004
9626
9982
-1007
-2422
-2611
-1488
-2239
-7789
7365
-4991
-5929
2623
-9868
-9351
7557
4782
-8011
-9802
381
-2304
-4753
4406
-76
6119
-9129
8120
8375
6426
8250
5251
-733
-1329
-689
-5838
-3527
-5664
7933
7928
-907
-3842
-5945
5603
47
-3037
3306
-2144
6244
2051
5895
8794
6095
6798
597
2170
-7795
-5503
-2184
-7596
-2510
5437
-8120
1383
-9716
8284
5845
2358
-2423
3093
-5855
1875
-5291
4165
1749
-1940
9757
-6204
-5377
-3089
5541
-591
1161
7250
-7126
-4726
-8753
5914
7165
1073
-7272
643
-6143
-3715
7558
-1204
9085
-8056
-1102
6408
-5631
-3622
5628
-4146
-9339
836
7641
10
-5771
104
-1695
-8432
6590
-5594
-4628
6302
8660
-6669
527
6681
3005
-7113
8841
-9395
-8323
5988
3706
6056
7765
4263
-7278
9378
5657
8187
-3694
-513
-2952
-3801
3123
-3592
-6333
-6935
-7290
3645
6088
-9584
-8867
-2644
2158
6659
7137
8542
6073
-6739
1482
3860
8903
6700
-2401
3639
1783
-2876
7008
-7379
6111
723
2252
5974
-5082
-915
4466
-2571
6877
-2221
-8288
5817
-2511
-586
-1451
4983
-8137
-9411
4528
9110
2413
-8185
6303
6505
-4441
5362
-6109
-6654
6742
6643
4242
-3953
740
1658
-319
-1513
-9325
495
-7338
-3764
2187
-6428
-6107
-8550
-4831
2802
706
2997
-1458
61
-684
2561
-5198
3612
-9808
-9332
-6609
4422
-4369
-3949
-2789
-2014
-6247
-5276
4964
-3897
7299
3376
2021
-6369
-1925
4254
-1054
9075
4142
9344
3740
-9785
-3967
-8787
-9107
-6403
5442
5150
9081
404
5277
3461
-3106
9621
-6731
4156
2088
-8563
-8111
-7866
-9905
-1307
-9043
4834
-2844
-5423
563
-7217
-3433
-5341
6958
9501
5367
112
8326
836
477
3623
-2810
3229
-7034
4961
-6634
1207
1061
-2855
-8197
1839
-8791
-913
9745
-8783
8924
9703
-6419
448
7903
-7652
7864
254
-105
5180
1978
6506
-7502
-5557
3886
-461
152
-1541
-5779
-3765
-9700
-9009
-4834
-665
-2943
7539
7158
6131
-1507
3159
-5381
-8339
-6649
-340
-6369
-2844
5333
-8708
-3343
6219
-4831
-4932
3670
-8928
-8315
1768
9513
770
3192
4338
-3637
7356
7232
-8387
-6734
2783
-4970
6465
-5833
1882
-8271
5794
5581
5300
-514
-5890
5479
1974
-3396
4945
6543
-6554
-9013
1433
241
-3808
-7578
1437
1085
-8113
-2912
2803
1784
-3752
3647
4354
6470
-948
-8017
-2165
3213
3299
-4021
-5129
1730
4594
4791
8936
6044
6887
-1072
976
-4665
7111
8849
8627
2824
-6553
-383
9977
-2249
6044
-1170
9059
-4047
-9866
-3663
-7386
9339
-3065
1023
-9775
496
-87
-561
5221
-3048
-7512
-7118
2957
4628
-9994
1155
-9713
-2692
6490
4995
-6678
7166
3329
3367
-3693
-7669
1770
-1147
-3808
7496
-301
2052
-3472
8168
6135
6899
2389
9026
6096
-9037
2293
-6082
-4415
7540
5809
3132
3839
-5854
-4922
-6019
-6865
4723
-3580
-7822
-5953
-3428
-459
-8780
-5109
-2633
-6062
-9754
-358
-5480
-2917
-2199
-3337
-940
-8929
738
459
-4908
-1661
6715
-9943
-37
-5718
2357
-364
4883
-6271
-5575
7313
6576
9270
4839
-9286
-8949
2889
2037
-9945
9806
5381
-8816
1561
6858
1636
8460
3605
1728
-4499
1091
-1236
5410
7157
4666
-713
-6557
-9764
-8068
2676
6056
-6875
5458
-9649
-7527
-2237
-2949
-1125
3517
-4012
-9672
8182
1520
-6610
5359
9669
2182
4957
-5645
-3714
-4543
3251
-4512
1559
-9537
3051
-490
-5528
3552
4866
-9561
9318
-8391
3348
3054
6749
-2640
8635
3257
-4595
-2147
5445
2942
-6199
-4083
-7115
7562
-5199
9884
3919
491
-2854
7271
3745
-2333
8272
-502
-8476
-5084
8084
-1011
1269
724
1034
-7694
8353
-1668
-3388
7225
3896
-7432
3043
9996
8070
-7880
-3807
-6545
-6517
-8415
-6437
-2673
-4070
-6653
9713
8813
-6811
-3230
-3074
-714
-4353
1684
2169
3991
8532
3605
-34
-4666
-5648
5649
9564
-1500
6836
4395
7432
-3590
5202
3552
-5702
8480
8933
5539
-4964
-1887
6764
6082
2057
9990
5906
-6166
-6161
-9247
2813
-370
9375
-6651
-4011
-4473
-1770
5489
-7634
-8020
-6330
7745
-6272
-9507
6229
4543
8270
2805
5420
267
7707
3492
-3665
-4330
2964
-2903
8810
-6956
9983
-5826
-2370
1808
9124
5069
9298
-8787
3849
-2385
-9192
-4929
-5408
-602
-4124
-9960
131
-6264
-7800
-5775
4984
-5518
-1795
5875
2650
-8595
-7252
-1626
-9538
-9791
4633
-7101
-8847
-560
-9822
-3212
6109
-3054
-2247
4862
-6459
247
-9527
1928
-1310
6642
-3602
-6030
7060
479
5306
238
13
-4359
-7909
-8145
9776
-6236
5280
-2059
8058
6846
-7006
-7463
-1015
-2819
-1062
2351
-1075
-6947
-4444
-5542
8515
8386
3539
-7700
-3971
-5941
8963
-2374
540
-6978
-4088
-2132
8158
3031
2553
6577
-3537
-689
7664
4923
-6100
-2974
-5806
-5636
-4082
2099
-6705
-9662
5235
9221
-5735
-1728
-3431
604
7299
-6327
5859
-2477
3781
1110
-5494
-8784
1568
625
-25
-7029
4178
-7607
-1559
7431
-2699
-7363
1042
-9761
5387
3176
7581
-376
1573
7104
-5633
-9205
-9790
-1090
-2355
-2752
6451
-7857
-3337
-4537
9338
-9711
7403
8812
-9634
6080
-201
6888
7351
-7394
1882
-7950
7572
-3727
-6362
7852
-9164
1511
-8341
-49
-3347
621
-9565
-2580
-6811
-7098
-7650
3788
2985
-3896
-9200
-7343
5449
-3160
-3913
-4054
-9539
-8769
7923
3937
-1710
7106
2690
7066
-1387
7403
-439
5824
-6688
346
8353
4375
-3698
-5119
1506
-3385
-8738
-559
-8884
-9345
-4496
5705
7733
-8176
-3796
8616
-8948
-2269
-9287
-97
258
8552
3421
695
4554
-2741
678
5174
7851
-1569
-3230
-8579
5128
-414
-1939
1932
-2530
-8520
6949
-3646
-1312
7792
5960
-4796
-2256
4003
3758
-2562
-9321
1176
3534
6323
-7773
904
-9129
-5188
-5163
8394
-7426
-4058
3172
-6165
1856
7699
-4559
-4464
-1164
-8799
-2241
4742
-2472
6434
6868
8804
-3996
6030
5173
-1610
737
474
-3847
139
5972
4779
-2709
4215
-2417
-3468
-6564
-7719
-9581
653
-7273
258
8014
-7703
6284
4
6888
-2325
3187
-8176
-8683
-5932
-7646
4421
3634
3208
-522
-220
-6995
-8969
4951
4358
-4228
2591
-9655
-509
2759
-9554
-4897
-1995
4073
-2989
-6119
-2934
-6609
5497
-1546
8129
8194
2963
-7793
6307
-6519
-7618
-1889
-2615
-7588
7170
9022
6628
4975
-472
2784
-1562
7250
-7901
-8726
8863
-6978
6388
-2629
-9903
2336
4866
2071
3101
-1585
-5810
3554
494
-1375
-2475
-7777
-2490
2176
-9468
-2475
3354
-8015
-6389
-5623
-2823
3140
368
1829
1190
5209
3588
1228
-6158
3195
6117
3296
-9839
-8321
-2704
-7682
-3361
8004
-4600
343
4751
-6074
3908
-6081
2949
-7315
8496
7904
-7167
790
-70
-9554
6117
-4299
-6662
16
6092
1882
3484
7841
335
-7291
2876
8733
-4730
-9018
4889
-1995
6393
-6628
4960
-141
-2490
-3926
-4064
1290
-6277
1773
-9779
-5783
-6207
-2269
3741
-6875
1771
6435
-2140
-332
6706
-9549
-1103
9286
-6142
-1857
8072
-8815
-9347
7467
3617
-9346
-3821
995
-5530
9223
9674
9705
-8470
-4556
-5441
8762
-7998
-8812
-7817
-8561
-7351
5521
8122
6038
-9022
-4933
7758
6388
-853
-9504
3389
7651
-8164
3691
121
-8283
-9240
659
7602
-7005
1402
2278
9586
4964
8849
-9025
2282
-2575
-1465
-3273
-593
7288
-5867
-2854
4210
-3937
-6125
-1754
7446
6363
1763
1327
7699
-7555
4953
-8520
7456
-5669
-7113
-7244
3894
4997
7532
-5266
8262
4176
3090
1758
-4518
-8794
-8659
13
-2952
-1863
-2368
5711
-9908
-3624
8519
-3622
9130
-1617
-3701
4650
-3760
3026
8356
-709
-545
3935
6936
7102
9437
-4326
-4644
783
2433
3380
7719
-8157
5246
6992
-7262
7933
4191
8248
-3639
-2952
8543
-2091
9685
9868
5522
7369
-6094
-7111
1078
-3054
1698
-9649
4682
-513
-4607
3717
429
-448
7639
5921
-9965
-1321
-2871
-8885
4942
-5939
-5685
9972
-8055
-4226
-8273
-511
-2028
-3152
-6173
434
-5375
-9302
9152
7258
-2227
5617
-9489
-8949
1078
1481
-6558
7357
3904
-4500
-6508
-2627
-2797
3093
-9759
-9294
5967
-1310
7108
1595
8800
-1171
-7258
-8942
8486
3283
-4762
-2488
-2674
-3457
-7585
226
3603
1635
-7711
-1178
-9176
-9572
-6611
-8877
1607
5375
9732
-568
-2381
-6283
646
-1348
-9564
-5883
6011
-1779
-9760
8309
7080
3471
-2379
9944
-2117
-9536
8325
8625
-6825
-5913
-8673
1425
-6598
-5093
1466
4700
-5314
6009
-6373
4307
-197
2491
-7622
9611
-1314
-8044
-5365
-2252
-7205
-6499
4408
9491
-5314
-6541
7133
2411
-6947
3032
-4341
-1243
1747
9648
3732
3656
5924
-5383
-797
6970
-1793
-2171
1001
1949
3601
-2084
5317
-4075
-6036
339
-3388
8028
-7368
4716
9922
2460
8725
2865
267
-5109
4663
-6487
537
-2781
-7892
5371
-6149
6806
2780
4900
-191
-2202
-8098
7758
9637
-7955
-9359
4335
-3095
-6594
5049
6574
-8542
-3544
9078
-6859
-3250
616
-3856
-6972
1020
-3440
-4537
-2083
3716
-9640
-5182
1304
-5123
-3116
-1861
9399
-5163
-9945
-6043
3943
-1642
3057
4014
8399
4854
6146
4519
4394
7628
2060
7344
-5816
9675
7285
131
3256
473
-2112
9361
-9787
-9358
-5539
4146
-8122
-4934
-5043
-8250
-4772
8530
3994
-6558
8980
-7978
3646
-7143
-2955
8705
2417
9015
5176
8844
2470
8641
-419
3875
2487
5446
-8526
4185
5971
-7601
-8954
-5812
-6414
-4638
9634
694
4218
-2698
-6787
-7725
5410
-1530
-6997
-78
-8855
9771
4066
-7407
6939
-6482
951
-3779
4506
2444
1428
-3496
2203
4268
7055
7310
-3329
8061
-2449
983
7805
-7059
-5950
-6600
-2900
9411
-3319
-4617
-8037
8154
9295
1228
135
-5269
-5546
1310
6734
-5708
3827
1926
6443
-5258
20
-5206
-143
-8227
-8126
-2232
1798
7039
3249
1524
4751
6077
-9158
6686
-7930
6329
9093
-7819
6518
5771
8155
-440
-3338
2773
1817
-3790
-457
-6295
7915
-7673
5303
-7156
-8776
-3268
2014
-9215
6085
8687
6614
-7982
-3559
4523
4184
-6847
-1496
-8074
7189
-7912
2916
-7508
-6813
-5223
-3124
-8832
3296
3084
-3270
9193
-7037
-1133
-3751
9814
-9562
-807
-5162
600
2285
4982
-2888
6393
1474
3649
6424
-1693
-9817
3734
-6029
6727
-8549
-424
7413
2736
-9221
689
9826
8501
899
-7082
-4129
3274
-6823
1366
-5222
-3543
4354
-3012
7524
2342
3459
7227
3147
174
-1859
-766
-9837
6062
9542
1531
9821
5699
-1331
9713
-1268
1245
-3888
-4040
-1252
3907
-2681
6630
-2811
6133
5222
3866
8985
-4964
9177
-8738
3565
-1917
7835
-2200
-1683
-7590
871
-7185
-3353
-1164
5320
9182
9607
-5891
261
1495
3955
-1781
-8835
-1676
-1565
5742
2892
-7985
4787
-7656
-8845
1204
-6398
8087
8095
7650
-1339
-9598
1782
-3792
-3574
-9062
7559
-1545
7199
-2724
5572
-6001
-9970
9299
1921
4142
2976
8912
-469
-3881
2395
-7311
-8085
-7703
-7942
-5458
4148
-4118
7936
-4331
2448
-3143
2732
-3574
-2502
-9136
6702
-499
7748
5424
-3888
-2853
-75
394
4012
-4767
-3708
3959
-3598
-336
-6603
-6658
1637
3409
-4193
-1052
442
5316
-8577
-6486
-124
4528
6054
3878
9452
3511
-7296
-6697
-6802
-8427
-7372
-8004
-2324
6734
7352
-1079
-6531
6239
5286
2968
1091
6703
1973
6086
-4755
1699
-6109
2916
1088
4116
4205
2796
-4950
-3424
-2914
-7812
1513
6617
5340
-6874
5015
-7611
-8304
-3224
4421
1810
4564
-805
9692
-3513
2545
-9195
-5461
3924
-6255
-5155
-8577
-6584
9767
-1204
-2182
-5284
-3881
8116
1799
-6680
-7417
8734
-8222
6209
-1942
-5090
7930
1190
6684
-9442
4210
-9478
-9908
-2577
1201
5490
4052
9452
-8687
-7985
4585
3121
7592
5591
-6720
-2762
-4886
6732
9868
-566
1869
-375
7048
5297
1666
-2775
5316
7390
-139
-3296
-3750
1591
9450
9276
7501
-8373
-4982
5926
-8
-4615
4460
2268
-573
-7345
2754
-8240
-1224
-1774
7084
-1296
-4990
6287
5101
-3007
-7589
2552
-2696
7540
5850
-8540
9280
-4184
9169
5836
-5742
5570
4780
-366
4347
-1688
3702
7416
415
7356
-1824
-7641
-2777
7430
9815
-678
3746
-9673
-6270
6914
9597
9997
827
5978
9418
8529
-7870
2615
3593
-7862
6865
6735
-3138
6750
-2392
4645
7672
-3500
5470
-2719
2873
3357
7952
-3123
-7936
-3306
3389
-3567
9785
5864
1073
-9545
-3549
688
-4756
-8021
8175
-9132
3908
-6103
-1962
-2212
-3353
-6898
-5252
6912
-6583
7434
6569
9199
-9144
307
-4070
-4711
1102
-1551
-6362
9647
-1784
-2104
-5421
-5110
5754
-9213
-9659
7849
6286
-7121
-7033
-9168
-1474
-3495
6467
-1622
8563
-9142
875
-52
-4098
3816
6561
-9489
1012
162
1901
-7508
-8963
1171
-2847
-2731
-857
-3925
4040
4334
-6793
-3853
2067
9678
6447
9250
1771
8454
2318
5384
-7434
2111
9177
-1148
8082
-6754
-9566
8949
259
-6184
-1269
-252
-2151
9303
288
5070
-137
-2723
-2070
-3550
2560
5079
4444
1779
5768
4299
-8090
1942
-4366
-2860
4201
-9057
981
-8955
4452
2626
-845
-3382
5399
-1793
-3029
2972
7976
-6813
-3233
1428
2914
-8013
-2735
7544
4562
5789
-4287
8950
-8872
1649
8545
-6770
-6098
829
-3978
-2882
-5161
-1596
9068
-6816
4557
-4967
-8145
-3764
4179
1324
1170
8655
3513
-7130
-3425
-3807
4273
-5794
3197
-9252
-9736
-1653
-4278
-5548
-8801
4938
-5385
-8582
87
8671
436
4704
-283
-5468
-2048
2367
-1398
3401
5584
3386
-3556
-5260
2590
-2913
3536
-4821
606
-2274
4416
7080
931
2918
8335
6760
7205
2915
-2654
-912
5406
9660
9614
-6893
226
3761
961
6626
3712
-9421
-1951
1661
-9492
6081
-3635
-1277
-9975
4544
8426
7625
-4491
-8381
-1527
-7757
-3499
-8002
-23
-2245
-7714
471
-2192
-4090
1280
-2868
1878
9613
4977
804
6674
-5101
8839
-6556
-4088
-9136
3544
-3216
-6873
734
6464
-2225
-7254
7677
-1369
-1719
-9942
-7775
-413
-2232
5467
-8165
3285
4455
8665
-4224
-1159
1008
1931
-181
-2448
464
-9246
-8098
3248
7242
-4915
530
7867
5384
469
4893
3826
-7759
4227
-4297
1338
4728
-666
494
-9432
-7979
914
9411
9595
5862
-1446
-8765
-3097
6323
-5377
-210
11
-2321
-9616
5594
-6341
-2470
-1592
-8022
656
-6594
1258
3636
-3131
1831
-7648
9273
-8044
14
4392
4530
-5367
-1135
5275
4115
8382
-883
-9179
7834
-1973
2500
3580
1106
642
-4459
-7108
-8431
-6159
-5877
4672
-5923
-2278
-955
-3103
-6689
7924
-2254
1369
4639
913
-162
-7015
-8103
1373
2489
-9699
4556
7800
-3847
3421
1692
-8917
9169
-1371
-8105
1403
9542
1196
8915
6925
1375
-3925
7833
1892
-1873
-6789
-7345
9900
4728
-8748
2967
9890
-50
-7653
-5876
-2753
-1605
9660
571
-5286
-2657
-4780
715
3231
-8910
-7248
6806
4433
3368
-5771
-3907
-9093
-3275
-6671
-6303
6554
3735
2411
-8677
-7076
-6086
9104
142
-2677
-1666
9165
8309
-3252
-3199
9532
-5462
-2919
-6732
-1563
-7858
-6817
6749
6085
-2204
-428
5940
-5912
424
1901
-8916
8609
-4989
2829
-6101
-4273
2267
4467
49
-6667
-648
4466
1419
1165
-3498
3862
6016
9673
-4405
-5281
7445
918
3632
-1096
2164
-4338
-219
4635
-5030
7149
3731
8417
-3791
-7149
3312
-907
-394
8277
-9422
7259
-5478
-2042
5355
-176
-9956
5542
1526
-4115
-4204
-6000
5356
-9818
-1064
2474
-3571
-6436
-3588
7747
1738
5331
-2240
7235
7936
3089
9175
7239
3617
1208
-9085
1813
-4895
-6480
7125
6155
-1794
9191
4477
-4479
-1303
5885
1195
2075
-2462
-9706
-4190
4483
-8203
4072
-5404
-1540
9137
4814
-1568
411
9091
-1791
2252
9696
-830
-3498
7388
6158
3107
-7181
8885
6715
6950
2595
3546
-966
9917
-9685
6082
-3680
-1968
-9203
-1696
-2468
5523
-535
-7457
3143
5325
2890
-474
4173
781
4376
-8741
-2040
4615
8500
7447
1363
6870
9102
9548
7166
2537
-2908
-4410
-1824
-4478
-3469
-2492
5901
625
-1521
7168
357
5961
4570
7047
7382
-5270
2853
3444
-8541
2225
-9722
8022
1817
-4038
2000
5026
-3650
-8600
-9848
1051
-8142
-2786
-6324
-2808
-3214
-6462
-3926
9966
-2706
6598
9178
5844
4136
-9855
-6563
-3435
4188
-36
9979
8052
-7827
8868
-3281
765
2435
-4716
-1466
-8695
5300
-4046
569
9232
1421
-4725
-7447
5291
8665
8558
-284
7835
-9024
-2875
-6866
-54
7983
-7417
465
4847
8802
3312
-2508
-3527
4903
5481
7129
-9058
-1491
-8483
-5154
1528
7048
-8507
4123
-7078
-6385
-965
6524
4034
-9582
4014
-605
1597
5327
3174
6811
7156
2913
1212
8215
7971
-4483
451
-5131
1818
7964
-1750
-2514
-9029
1603
5545
3722
5280
-2977
5552
5759
-480
-8968
4983
-9187
4148
8270
8482
-585
1796
-4711
353
6629
-9981
7923
1121
-6663
-9962
-7707
-9999
4978
-1155
9803
-380
-4905
-5979
-3738
-9139
4339
-7090
-7908
-8242
-6286
6483
-3118
-8902
8684
3500
3449
4365
-4854
-5394
-2473
7316
-9695
9769
-3632
1815
6997
-2946
-5878
7729
-100
2117
-9571
7683
-1543
-2004
-3044
-2689
-7299
-8660
-7293
-2853
-7750
-4040
4747
-3779
618
5022
-8271
7662
-772
-9654
8194
-424
8000
1608
-8424
2726
6662
-1015
7532
-3175
462
-6194
-7050
6678
1484
-6125
-7180
-9468
5131
-7949
9610
-5090
-1603
-7263
8187
-2383
-184
1528
-838
7311
4732
8512
-317
5401
7512
-2375
-7093
516
3789
-9737
5039
8665
-1422
-6854
-9418
2688
-8154
6914
7143
-4753
-4208
3362
-1253
8814
9384
1174
5149
-4483
-1905
3030
-7223
7039
955
-1456
-3227
-5743
-6041
1175
-1980
4050
4114
8152
9810
-852
-9724
3105
520
1431
4395
7620
602
-484
8864
439
-3924
-7261
-5884
9958
-6172
-4629
1864
-6550
6981
9707
-2790
4905
-6834
3623
3595
-2281
6623
-1865
405
-3278
4
4753
1980
-5560
-2628
9619
-14
-3799
7727
2425
8000
-1045
-4528
-6763
4829
-7714
4583
2433
2447
-8433
1171
-4152
-6515
-6081
-8651
3307
5245
572
1893
-2140
-4387
-7111
-728
275
5657
5003
718
8052
-1833
-3436
9516
9817
-4197
5059
7564
-2964
-7046
-1710
-2950
5357
9576
-9166
-2876
4538
7632
-9392
-8371
7055
6487
-9475
4640
-5170
-1160
-6125
6749
-1252
-2564
3452
-9231
-7218
-6234
9577
-8632
-7541
5329
4563
20
-9550
1142
8131
-2036
-3992
-2445
-689
-212
2196
9668
-5302
4954
3531
-1100
-1400
-8835
-8333
6130
-3279
7692
6980
-4840
-7723
-1341
5380
4215
5453
2725
-773
8673
533
-8761
-9461
6676
-332
-2257
-9845
5757
6212
1856
9976
-5475
-1715
6200
8713
-1510
685
-9213
3562
-4428
2515
5751
-6246
-3437
5495
-728
-9183
8930
2107
266
2144
7518
-2027
426
-8615
9832
-9592
-7634
-5618
4460
-2525
-5055
-9086
1026
7846
-836
-9299
1650
9030
7414
-7316
-2834
-5760
-5890
-3864
-9108
-3876
5840
6738
5747
8523
-8880
-1396
-281
-7875
-3817
2131
1594
-8363
2252
-7994
984
4819
-6149
-8443
-1716
-603
3089
-8618
-2322
3442
627
-3053
-4204
2430
8551
-9706
-5893
467
-6660
-3229
4788
4250
-6169
-7546
-2114
868
-4796
-3046
8420
6026
-9209
-2919
-4977
-3994
3586
-6518
-1159
3461
9771
-5034
-9059
-6670
-2733
-6195
4393
1431
-4854
-240
-7107
-6922
3981
8998
-5984
4532
-3049
3535
9021
4447
-3673
-3538
5415
7137
-2077
3387
-5540
6477
3439
5678
2491
7838
9858
-2859
2483
146
7944
1604
-1673
-5661
4311
-2555
3824
-5019
-1163
-149
-6622
-7933
-9576
3394
-4460
-1897
5101
-8643
-2005
2185
8855
-9721
5967
6537
7426
9035
2162
6975
6569
5757
-1171
9424
-6952
-3550
8668
9011
5022
902
-5863
5221
8410
-1640
-1393
6464
3277
-1899
-8465
-8027
468
2484
-112
841
-8423
2356
-976
-1097
-3428
-9792
6241
-2311
-1946
2654
-7014
-2123
-5566
8184
-6766
-5869
-6385
5725
5278
7740
9533
2880
-4942
8212
-9981
-6730
9250
-3370
-2789
6981
-4825
-7708
9499
-7127
6450
-7050
8503
3087
-9211
-2359
3937
6148
3076
-8359
5856
-8504
-3051
3120
-4300
-5191
2340
6103
-1216
5821
6916
2462
-7146
-3128
7322
-866
-4102
-3081
7577
-578
2090
-3044
1672
1073
-4404
-338
-5269
-4088
5971
3415
-3962
3691
-9797
-1833
9723
-4648
8875
9228
-4025
3217
4789
-5560
9514
-7331
9696
1055
2094
-5053
-5354
-4471
1817
1181
-1454
-2582
4059
-1941
-5602
6091
-2128
-6793
9045
-9615
8671
-4560
-5411
9782
-6024
-8339
4628
-6053
5003
-9930
-490
-3429
-7534
-9890
8342
-4849
995
-3755
-8801
-3807
-1185
8434
4548
-4462
6402
-5345
-9797
-7367
7310
-8476
-6295
-3807
-5964
-6224
5408
-726
2660
5585
-3195
1211
1120
6099
-4236
-2596
922
8791
418
-5388
1082
-2277
2895
1426
-184
-4200
8989
-8934
6599
1199
939
5501
-6948
4723
85
-7349
2221
3202
8330
4772
-8726
-3280
8536
-9102
-5385
4154
6890
6154
9823
-9396
3212
4743
-3149
86
-9679
6572
7357
1535
4504
5561
-9895
3462
4745
-496
7085
-78
1582
4814
1806
2210
-2194
-1233
1128
8328
4636
7021
-6460
5160
-6027
-7724
2130
-1404
9791
-3336
8343
0
-4678
-1117
-955
-5438
-6889
3498
-3613
-2448
-6715
-7863
-7474
1926
-2837
-7391
-9924
-7603
634
8593
6510
-4641
5713
1686
-9642
7384
-204
4544
-3527
8977
7334
-9602
7271
9912
9296
5779
7119
6110
-4461
4284
4397
-9644
2654
-7968
-7872
-6862
1365
8800
-7986
-9316
-1543
-6984
-5675
-2643
8925
8271
-353
-7359
-5724
-3071
47
3364
7963
-2146
-1613
-6905
-5701
8844
547
-4700
-7015
-7116
7942
-5019
-1684
-7880
-6844
9574
-7227
3693
1470
-3296
8217
-3152
510
1271
9568
-1944
-123
-3447
5910
7071
-3111
-8036
2071
4398
-8233
-4014
4225
7386
-7671
-1559
-7281
6638
1234
6844
1765
-5713
3060
-4219
-2607
8570
280
4450
-2995
-7930
-3410
2479
-8789
1895
-5079
-1905
-2863
-8218
7087
-6304
4155
-1776
5791
9384
3253
991
-2328
6991
4872
3221
-7287
4004
7712
-7476
9094
8296
-3894
-5181
1608
-2082
3404
6209
-9201
-8236
3788
-7874
6928
-5450
1740
9191
9329
1451
1141
-1341
3853
7961
1616
7971
3941
-4508
-2748
-5749
2377
-812
-1712
-6414
7720
-9029
6263
-6437
5299
-7827
-803
9407
9566
32
-520
9218
6448
-4320
7515
9265
-2732
-9359
-3221
3956
4506
-5682
-3482
-4092
-8182
-6577
6165
-6901
-5777
4325
-6342
-4857
717
-2238
751
-4817
-1707
6099
-1519
440
9965
876
-8906
6392
9470
-9842
-4246
-2410
-782
3633
-7175
-8943
-6462
6170
-5752
-3790
-155
2877
-4132
931
-1999
4156
86
8565
161
3720
3842
3278
-2058
7025
499
1195
9061
9803
-533
5015
5367
497
-6847
-7888
5098
-3231
2208
-1246
1677
9917
7950
-3895
66
-1047
-3367
-3957
5524
4792
5354
3574
2230
-3126
-9545
-8661
1314
1884
7443
-2497
647
-8871
8862
-2396
-8041
480
5354
3344
-5487
2589
-8279
-1081
4459
5975
4618
-9846
1397
9940
4749
-6741
8043
-404
-8998
5539
-3496
336
3972
7602
-3532
1051
-5455
6584
-8062
-2666
1931
-6571
9404
-769
-1690
407
2490
-4249
-6925
-6104
3079
-6150
-203
4419
-1579
-5376
-2278
-9972
-8190
2168
-5330
-1585
-9731
-4334
-2422
4937
-9725
-4432
-2179
2074
1124
-302
-7562
7829
5371
2686
8935
2781
2433
3986
-4600
6059
3883
1684
-6459
8944
5169
-8390
4524
-2050
-3781
8070
-1641
-4646
-7201
4591
8959
4611
8223
-4405
3446
1438
5546
-9925
-1067
2750
-4344
-3965
3094
-6845
4973
-8434
-8498
-9944
7901
-2451
2329
-7024
9519
5987
8589
9368
-6549
5230
6216
318
6467
4938
-8491
3088
-7538
1260
-9414
-967
4864
-5714
-5447
738
8194
-7314
7363
-4745
3148
-5214
-4887
5668
-9965
-8642
-6346
-760
-2956
4396
6555
9098
9379
-4711
-8854
-6198
8683
-9941
-1352
-5260
1721
1139
3211
3250
-4862
-7382
4106
-3052
5756
1479
8896
9992
-5927
-5559
-9938
2204
-312
4958
-1520
9467
-5449
4815
-4444
4470
-6047
-8834
3883
-3733
-4395
3784
383
-2849
-8225
6473
2079
-2137
491
-2179
6049
4341
8808
4810
8077
-5558
-3258
-9445
-3053
4253
8701
-7297
-2735
899
-1789
1671
-3672
-2560
-3456
-994
-5681
2568
-4838
-1640
-506
-5323
8266
8924
1015
-214
5297
9394
-3591
-6677
-558
1326
282
4468
3616
-3213
2699
-9401
1021
1943
6639
4967
-7257
3367
5004
4570
-6370
7974
-6690
-7387
5740
3550
814
-3299
9686
4822
8916
8772
-3343
-7357
2558
6087
-6636
-9277
149
-2902
-4052
9699
4735
-7774
-8405
-7259
-4034
9961
-5805
-5534
-5007
-8611
4651
4758
7936
-7260
-3615
-803
-9142
-4453
2311
-3107
-7217
279
3634
-2941
4999
1588
8573
-2210
-8345
5785
2745
-861
3245
-4201
8841
7871
4776
-1269
-723
6786
5007
-4988
-2999
-1847
2047
7491
4564
4807
-9151
-1930
5816
-5767
1038
3351
-7040
3561
-4383
6719
9793
-2534
838
4884
4045
2906
3864
2867
1280
1363
-5160
2601
7814
6970
2546
3983
3182
5074
