-5590
-5783
-3632
9847
7028
-3308
5884
929
1584
-6968
-8391
7532
358
-3927
6081
-9611
-8801
4691
4460
-4543
2943
-8657
-2384
3451
-4298
-8193
-9417
-6623
3418
-2093
5606
-367
-6691
9483
-7956
-8605
-9575
9497
-1066
-2583
-9575
-398
-8986
-1164
3955
-4185
1600
2341
437
9201
1636
-3886
-3951
-3771
7708
-7283
8869
8466
4754
-4512
-4116
3260
-5663
-1654
8022
-8514
6947
-6751
876
-5521
6889
-1952
5747
-3162
-6761
-1544
-2333
2117
4447
8154
4362
-7028
-5046
9166
-8359
33
4930
4153
-500
-6170
-4090
2034
8684
2286
6604
3543
8979
6300
592
-623
-9155
2930
-7100
9381
7132
-5332
-2036
-7359
8882
9474
-6490
9058
8559
-9544
8545
-5875
-3450
8205
4063
7917
-7728
-5071
-4784
-5522
1901
-441
9618
7739
9386
9033
-8972
3496
-7677
205
-2598
8748
-9212
-7017
-8593
9495
6228
6337
4885
6252
4666
-6194
-4858
-258
4463
4556
5573
5557
7481
5826
-492
3887
9757
7469
-8544
1294
-1730
-9402
-7932
-6332
-8706
-3038
6169
-9782
-3930
5197
7478
4921
-8309
-4524
4938
5563
4119
4466
-7496
-6308
4797
-7398
-1371
-5749
-9349
9079
-1225
8746
7786
1237
8992
-8298
3554
-2811
-7261
1034
-9957
7117
9717
2873
214
-3078
3299
-3058
4959
-3497
-5462
5392
6790
2357
5190
-5275
8722
-6116
8294
-9928
2350
1057
-5888
7047
1890
9904
9945
-4070
2348
6095
1358
-6196
-3553
-3410
-4008
6390
-6988
-1934
-3025
-4663
-8984
8770
-6641
7145
2134
-3350
8806
-7662
6579
-2706
4094
5849
-4196
1669
-7336
6200
-1676
6569
-7878
1841
2943
8749
2414
-5357
-7477
-5947
-902
6493
-8695
-5453
7282
3203
-5746
-2821
-392
8181
2833
3879
-774
7730
-2483
5803
5923
3657
3063
5093
-9920
1697
6279
6437
-3366
1953
7403
-6642
6078
7753
-9533
-2103
-8090
9449
3313
-6584
-4159
8731
-5240
8496
-3225
-7243
932
3305
-7009
502
4537
-7218
1320
-4444
1859
-2882
9537
7247
2699
-6473
194
3539
7419
-8243
-9638
-1565
3794
-5383
6330
6446
2869
6878
5498
4266
-6677
4917
1605
-2404
6489
-6382
-1337
1259
-7528
-969
-1697
-1321
4989
9553
-6178
7396
-6628
7562
-6971
8719
9198
3335
-2690
-9676
-9564
-702
-9185
905
-6462
8341
-5699
-4665
-5560
-5894
9812
-1503
8710
-8231
2418
-7546
8136
-4817
8325
2977
7623
684
-8975
2660
5778
-9163
-1241
9288
-860
-4243
312
-7921
-2826
-2171
5257
8301
-5778
-7775
3017
8005
-3268
-832
305
-5086
-9600
1809
-3169
3676
-2638
-4294
823
-9746
-7467
3510
3755
-7145
5713
-6476
6091
-5904
2328
-9550
8741
5837
203
3382
2926
-8470
-3108
3623
3360
9457
9135
8134
-6580
1845
99
-7881
2689
-7726
-7117
9242
8140
-2172
9025
-22
-3082
8681
-8181
-91
9267
-9776
7720
319
-3544
-9920
5411
-183
-7583
426
1863
5318
6589
-7666
5030
1119
-8534
-6558
8727
-7488
681
-1044
159
-2843
-2044
-2071
373
-2556
-8814
1445
1941
8152
4783
-6858
-243
-8814
294
-9370
8212
5972
-1369
-9680
9596
-5127
-5315
-3623
-2434
6419
325
-526
2726
-6921
-4380
-249
-8068
3152
3108
-6097
2419
-1894
-7142
1089
6095
-1012
-7031
-4537
9587
-9720
-7740
-4350
5874
-9471
5411
8046
3518
2496
6202
2047
2026
4899
735
4515
1705
5191
7972
-1732
-2562
-7133
9195
1807
680
-7859
6148
-2367
5917
8392
7397
818
-1813
3865
3487
6731
-7118
-5017
-4557
-5963
8513
-896
-3760
-5258
5759
-5053
-6028
4197
-3778
3998
-4520
8662
983
-7187
6449
-6224
9539
2408
-5848
9260
-1183
9043
-3365
-6021
1750
-4440
2163
-3351
8584
-5338
4614
7307
7660
7171
-6649
-9556
-1439
8923
5314
8083
-4210
202
-388
-481
-9003
-193
2774
6902
-9021
-5231
-744
-7606
-7001
-2897
137
6964
-7886
-5717
6097
-1762
3776
-6842
-2082
6701
-5246
-3381
6475
-4099
-9810
500
-8410
7971
-6561
796
2164
-4914
5825
-9032
3825
-5493
4058
-1844
4871
226
-7144
-5731
-4735
3654
-9761
4277
8494
-8483
-4523
7395
6393
-9338
2286
1147
-9088
2277
4130
6634
6202
1879
-6323
374
6085
2463
1891
-6627
1495
-3805
6253
-4188
9346
-4550
-9876
6323
2621
8480
7856
-2721
9104
-9753
-4931
6609
4646
-3287
-4543
8501
-8384
5591
-2251
447
3503
9485
7068
-1104
9960
3417
9087
-2475
4899
-2375
8155
-3720
-2417
2745
-6283
-6110
6803
7899
5992
-5899
2399
4783
7842
8624
-8843
-4315
3040
9228
2602
31
1202
-7232
-4419
-71
9087
-5196
-7594
7346
-3446
-1679
-3859
1525
18
7012
-2014
-4340
-1106
1348
-9448
-6625
6219
9625
8248
1506
3783
7388
-5627
-3194
-7081
4710
-3124
4949
4267
-2869
206
2958
535
-9875
5710
5110
357
6479
4897
4934
-9076
-3848
-793
1356
-6067
7768
5994
-4320
-6208
-1903
-5088
4831
-2427
4444
8515
-5522
9770
-8279
-5770
-4439
565
-4730
-9634
447
-1073
4851
-3379
-3355
-2265
290
-9712
5696
-1304
7815
3691
5931
-5702
-7735
1758
4784
-9143
-6643
5600
-7395
6546
9212
2639
-4033
6024
-2055
4601
1216
-7131
-5089
-1849
-3259
8009
-2289
-3935
-1521
-8880
4233
-6174
4889
-5694
-9404
-7968
-447
5689
-9905
-1052
-7644
6118
-9882
-4880
2813
8464
-1771
-1976
-3415
3096
6295
-8217
2986
-3495
7026
1731
8473
-4942
9282
9405
-1336
-9880
-6166
-1806
-2638
-1012
-1601
5763
-158
-3681
-1389
-8792
2541
-1024
8509
-1116
1432
9014
8143
-9093
7619
-3588
1240
8556
1330
8762
2841
7759
9966
-2906
-2819
-7431
8828
-117
-2223
9773
-1677
-5076
7985
9136
8314
2633
-2401
-4609
-5824
7945
1482
8761
8580
8994
8078
-7374
-9681
970
1458
2189
-3079
-1196
-4958
-2368
-1354
4009
7255
695
8818
-7324
839
-7366
-3419
-6514
-3326
7621
-3794
6632
3425
-9460
9735
-1051
3548
-4205
-5324
3120
-5335
-5764
-4031
-7599
2691
4126
-4187
293
9333
-4816
1429
7578
4287
-8841
1927
-2315
9291
-6991
-6516
-9040
-6675
8276
1225
9232
4871
-4742
4101
-6988
1468
-3951
1715
6483
464
6000
1307
5237
-1200
-4108
-6114
1368
-1368
6541
-2101
8801
5417
2899
4075
-1694
2726
9651
-7922
-8217
-6965
-8227
3617
4278
9230
-3900
-524
9771
2733
5289
2543
-3502
-6093
-2350
5675
-8064
5614
-5409
4699
2629
-4311
9024
-8835
-9871
-6932
2209
8485
-3060
-5698
938
6465
724
-1104
9720
7484
9237
5736
-6539
-9068
8179
-6787
9468
0
-9380
-4710
-3849
-4635
8201
-1269
6135
1538
4763
168
4148
-3592
3626
7364
3848
187
-2711
6197
-9515
-8901
-6127
4572
7670
-471
1034
7522
-5039
7450
5646
8748
-7368
-2381
4062
-8942
-9035
1346
-3725
7060
-3022
7860
-3010
-3115
-7064
267
-9693
7470
4548
-3013
-5849
2187
-8102
-8490
-1143
4514
-9710
-1488
4373
-1279
-3661
-2729
2652
5628
7682
-1435
-8683
-4344
-3185
-9430
9185
4786
7735
-908
1751
-5399
-1548
2631
-3130
-2699
-5124
-9107
-9284
634
6968
-6049
6410
5341
-8737
3327
-2576
-9415
161
5497
1620
5053
7579
-4017
4531
-4681
-8052
-293
-8625
-990
5667
2809
1577
5752
7864
4769
5569
-8160
7398
-920
-6643
9044
9910
-3525
5753
-6820
7964
-7797
-905
-4711
9902
-6566
-4304
6486
5887
-2393
4497
9706
4101
2939
-1094
1313
7239
-1958
-8882
294
-3126
4017
-8860
-6097
-3620
-5719
6071
9494
-2744
-55
-7954
4672
-8468
-3346
-2398
-7481
-2464
6158
1682
-4945
-8761
-579
7031
5452
5246
-6280
8671
7333
-1694
6890
7931
-5948
-4159
-6406
1211
-5859
8394
2581
439
-5163
-4291
534
1016
3671
9237
-5191
-6198
5232
756
5597
6353
-7225
7859
7592
-2600
-7007
6085
-3956
6978
-5913
3404
-2658
5449
6342
-2857
4599
5831
6368
3100
-1902
-45
-9371
-9860
-6674
-8933
3232
9721
-7944
8380
-4815
2625
-1494
7423
620
-1016
3205
2638
-3802
1637
1646
8197
1048
661
-9714
7695
219
4051
-8330
2075
1093
2822
7396
7824
7106
7239
573
958
-5516
4882
736
-5285
-7093
-4974
2441
-7905
4140
5418
6197
-1005
-7392
9577
-6883
6593
-8211
-6980
5280
-48
2347
5864
7344
-9084
5517
-5766
-596
7051
9061
5178
780
-3369
6016
-2739
4850
-9345
-4092
363
-8198
-4605
2235
3274
5107
-7942
1741
4978
-1371
6524
1194
4897
7227
-9081
-6926
2576
-6839
-1929
7113
5188
7856
1544
-8166
-4375
856
-3736
-6662
-4417
3842
-7421
-8662
-6131
-1383
518
1017
9992
-1481
6522
-6003
-7538
-5794
-2966
1460
2267
455
7144
-3497
9984
-5400
250
7808
-3816
9856
8374
8622
-967
439
-7693
1411
-6703
6172
-1625
-6634
5999
-1660
9719
6975
-4851
5631
-1611
9809
-1324
-7138
4525
-9983
-1065
-5766
9447
5346
-3264
-5443
-9407
8961
-775
3601
-3064
-7432
2510
8811
-8198
4342
-7084
-330
-2654
1481
4186
2430
4757
8200
-4179
4882
-1320
-1044
7006
-8496
-8956
-1600
-8683
-1243
3632
419
7330
6153
4113
-8828
1010
6924
7298
-8437
6469
962
-7310
258
1304
2461
5621
1471
-2021
-23
-6549
8107
7019
4325
957
6137
6591
1393
-1184
-1849
-1727
-6125
-1863
4725
9700
8923
-4582
-2534
-7210
-5487
9128
-8848
-1205
-6150
-446
-7773
-3409
-6494
8382
9332
7048
5380
6766
1651
3310
-70
9489
2839
663
-592
-3816
6323
2321
7188
5398
-8247
5853
5295
5170
-4546
-4232
-2285
5671
8278
9459
-8973
-3160
4915
-8299
6767
2369
4404
4646
8252
-2735
-4052
-4558
4995
8492
-5510
8118
1412
164
2508
-6902
7617
-1673
-3348
-7091
7396
5519
-3641
6023
9645
-8325
-278
4339
-2926
399
7218
-6773
3159
-5918
-7301
2133
-3880
4824
2012
7010
7004
-3606
2898
8398
-9543
9757
4134
-7518
8386
3883
-5681
-903
882
-4198
-378
-5049
3732
465
-6366
-7807
6471
-8280
-8320
3079
-8709
-99
7066
5382
-2193
6336
7440
-7329
9771
8494
8426
6231
3358
6365
-8019
-5630
-2134
-3057
7598
3823
375
-4846
-7069
-4212
-1547
-7652
-2566
-1665
-1599
-8353
-3054
-4965
-9750
7050
835
7930
-9491
-5907
3669
764
-5999
1293
-2976
-8865
8731
8509
3415
-8410
-9543
-2646
-4054
-6794
7402
4813
249
1279
430
338
-8436
1041
4892
-4370
-3051
6226
8532
-800
5988
2590
2637
2391
-4178
1828
-3169
-3571
166
5805
6348
2487
-3852
7537
-8215
5593
1019
-3028
-835
-6308
5647
5803
-64
9072
-8603
-377
-1093
-1549
-4829
-1752
8350
606
4811
-5563
-5749
2257
3814
-7473
-1789
1782
-4140
1049
-1522
7884
1486
-500
-4044
-3925
6387
-8366
9831
-33
-5656
8549
-6974
-2202
-6797
-1911
-9168
-8348
-393
5078
-1171
6780
-1655
3048
9383
9481
-2509
2757
6153
1221
9847
7826
6512
-5595
3944
-4395
5102
-821
3380
-4144
-9272
-1336
9305
3415
1533
-6082
2383
-6670
868
729
-327
-8434
-7763
9018
-2593
354
-2229
7938
1506
9024
7586
2478
-5828
5829
5330
-8339
3669
-2221
-8008
-5201
-6460
2547
7703
-8842
-4729
-1859
7457
-7778
-9396
-7951
-1796
-8922
-9394
5293
317
7231
-7578
-3512
5297
-6295
2074
4577
-199
-394
9494
-955
1060
3679
9765
-1684
-6809
8802
9734
4478
-7769
-5606
-4140
-9821
-3816
-272
8072
-7307
-4972
-6702
-4628
5416
-7579
-4878
5099
3385
8606
-5401
6735
7848
9142
5518
-4914
7538
5673
-9539
-2347
6493
-4355
5760
-7868
9915
9163
2750
1295
7147
9528
165
-8882
-3038
6895
3146
-5934
2408
2474
4790
-9346
2280
-378
8186
2979
3077
-1354
-8058
3095
-3089
-2339
2218
9380
-157
-6179
4687
-9486
771
4055
-5605
-1474
9511
-365
7887
9066
1173
6111
6907
9177
3761
-2234
-7508
9860
-3059
8720
-2047
9487
8483
8817
4339
-4768
-5527
243
6916
-6032
2290
6868
3254
3087
-6260
5040
2358
3940
-2845
8456
397
1665
-8959
4273
-2982
-1784
-3405
1025
-2103
-3697
752
-5820
-3743
-4852
-6937
-4305
5757
-5668
-2922
-1900
742
-6512
7401
8948
-5272
-5448
755
-5570
5190
-6921
255
4284
-6392
7055
846
-9709
-1975
837
6758
-5073
-9517
84
6666
4634
6787
-8800
9138
9637
-236
-4320
-5726
2967
-8237
-8423
-6202
-4253
267
-2536
4150
-2900
-3920
-5071
1450
-1193
-4010
-6980
6973
-3485
-1869
-3669
8272
293
8385
7576
4996
-8074
-1343
5909
-9285
-6433
-6178
2320
1513
-4558
9392
-9602
9399
7809
-5566
2910
4721
3525
2149
-9447
4664
-2388
-1034
1086
-4155
7969
2290
960
-1484
2413
3368
-3718
1940
701
6610
1832
-3253
9358
8925
-7122
2210
-8063
-163
-7471
-3996
-4206
873
3637
4489
-1117
-5903
-9978
1080
438
7601
-5953
9370
-7898
-1278
-2331
1565
-9604
5984
7198
-7307
-2910
5722
-2016
-9264
1881
9709
7314
-3842
2456
-5489
876
-2092
-6476
5352
-8696
-7079
6967
4771
435
1754
-9273
1404
-6626
5744
3938
4552
4444
-366
-7605
-7936
2512
-8629
-7623
3137
-2923
-1065
-4526
7108
411
8758
-4114
4811
4440
2180
7471
-7203
9883
-8083
-2927
5553
-5900
7038
8695
5395
656
1038
-8753
-7279
1592
-3970
-7351
6945
-7113
7773
9479
4533
5750
-3595
-5618
1004
-3127
377
9127
-89
5403
2946
3741
5746
228
7919
6843
8400
-2742
-8507
1371
-7997
-4623
-8634
-5568
8341
-8798
-2741
-5098
5074
-1079
51
-6519
-9193
-2653
-1167
4544
9035
4170
416
-8118
6319
2970
-9565
-1906
-6002
-9894
7198
-498
-5456
-1083
-3377
-2341
-5801
-3176
1021
9230
7102
-7413
-3869
5054
-9568
-9265
5834
-4379
4909
5464
-8135
7496
-5548
-9516
8634
-3553
4550
-158
-2507
-7540
5767
-4591
4578
-55
2003
9769
-1435
1016
8779
567
-5784
9778
2678
3205
-6422
4499
6174
-5961
4659
-2979
-5362
-6912
-2073
-5731
-3062
195
5062
-9559
7406
8140
8827
6542
5199
6483
7130
8989
-100
-3844
-4459
-5683
7981
-4677
-4087
-8505
5701
6962
8897
1422
-4977
-2056
-1846
-5712
26
4346
-9444
6316
-6214
2576
-4742
4236
7095
3090
5971
9017
-8892
-7594
-3198
-3533
-4730
-4517
-8143
-505
5747
-3557
-1659
-6520
-2589
-7582
-9262
-4638
8729
4688
7604
1134
-6553
-5954
-3779
5386
-8220
1150
4964
4470
5936
-5531
-8070
5649
-462
5719
7760
-612
-2439
-1635
-6521
5025
8408
-4458
-2283
5816
2313
7672
-7510
6420
3677
9410
-8645
-7152
5668
-9485
6345
-3891
-9828
3810
5002
-3251
9370
-2177
-4741
6583
9623
2830
290
8288
-2478
8653
8890
6164
1492
-5361
-3783
2835
5665
1644
708
7627
2897
-4841
2296
-7716
8562
-3468
-9326
5851
-774
-9637
8348
9486
-1481
285
-2387
2797
-1766
-5987
5119
-8694
-452
104
-9234
2728
7430
-9018
6507
-4528
-7025
-6307
-543
-5327
2119
9832
-3108
2004
-6784
933
-1489
9105
3735
9182
7453
315
-3012
-4493
-7993
-9982
-46
-743
-4298
-3480
-4453
1572
8150
-2406
5760
9478
-4313
-6924
-8628
3968
3374
-2927
-8061
3117
-1969
-6117
-4635
5632
-6363
-8569
-785
-7252
957
-5920
1882
6172
-5426
-4917
9952
-7054
-2954
-1744
-3710
2159
-7268
1274
5834
-1122
8060
6190
-7333
8022
2777
2800
9260
5476
7714
7266
4056
-763
2912
-1981
-2353
-8189
-3431
6846
-6206
-5268
4236
4348
6397
-7687
7159
-480
-9729
-9459
-6178
5797
-2019
-200
1591
2201
-3889
-1052
-4597
1408
-9396
-4389
1239
-460
2027
-184
8709
8156
-8675
3655
-7612
3813
9812
-4651
-950
-6365
-3291
-9128
4285
-7511
-9936
-7027
1853
7328
-1406
-8858
218
-4600
4706
5424
-4496
6936
3130
1200
2110
7696
457
2139
-5606
-7738
3747
2916
9136
29
254
6955
2876
-4277
5624
4991
5869
6931
-3818
4351
-571
9114
-4014
1677
1712
1365
-6116
6381
8001
-9412
-4427
-770
-7674
9650
8572
-5477
-7915
6452
-1785
5624
-3780
6005
9338
3930
4398
-2987
4047
-1923
-2971
7045
1568
-9321
2343
5798
-5495
4702
9788
9870
-1148
-7641
3054
-3337
-7391
-3636
-4671
9868
-7816
8372
-3074
856
-6179
-7101
-7191
6873
-6132
-8285
-5778
7877
-1948
8018
4040
810
5226
3201
-7831
5415
2338
6978
-89
455
-8791
9488
-5061
-2814
9593
673
3347
-1449
-9237
-9546
-4827
6592
945
6124
-7130
-2194
2486
-8034
4451
6176
5037
3719
5270
-8768
-2322
-8100
-7777
-3902
9576
4581
8674
2484
5762
-9376
-4437
9169
-7901
248
4062
-6240
-3382
1987
8896
9140
-4682
-5202
-8204
8279
-1053
3339
8829
-843
-3424
-5232
3468
-4492
-2018
-6940
-4924
2093
988
-7153
3007
-2915
775
-5016
6661
-1086
-6810
-7879
-6406
6527
2690
9170
1151
7066
7028
-3366
-9102
-2998
-5800
-5860
-4594
-6939
-6198
-428
1406
-2525
-3753
5931
-8442
-5227
1809
-6934
5438
7363
-1309
-9976
-4822
7227
9274
-8394
-804
9216
6383
3781
8289
7779
7614
-1450
-2334
3100
-5033
-600
-3500
-510
8509
-7257
-5693
-8814
8381
9538
850
-4945
-3930
296
9194
3660
-2873
-1779
4665
1361
-34
-592
2634
2532
-7860
8933
-1008
-5779
-7518
-9872
-6464
4021
-6908
247
4673
-9958
1145
4653
7126
3656
-1818
-7954
-7438
3794
3607
1775
-6862
7927
-776
-2493
-2144
-9995
-1447
-4394
8832
-5203
4589
-1890
-9675
-3411
3224
-8921
850
2203
7452
-2025
8408
-9921
2618
-5942
3561
7134
1183
7068
-8196
2230
1663
-608
1378
-3132
4393
1830
3469
-2493
-1820
-508
-7010
8151
-501
-286
2506
4117
3073
1535
-2877
9909
-1080
-7034
-2467
7650
3736
4752
-5266
-7055
3441
-941
2235
8118
6194
9759
-9512
-159
-3933
-2743
7655
3711
6238
-2584
-7061
8680
879
849
6237
-8186
-6217
8592
-7696
-2533
3613
2100
880
-1886
4691
3420
-2788
-9394
-6542
-6769
-4708
-8735
-7777
7459
7854
-1369
-9707
9519
-1572
-9119
9891
-1874
5274
7169
-9754
-614
-9297
-1009
-4081
6684
-458
-8420
7795
-4122
-5243
4236
4633
3901
7311
-1230
3071
-2361
6239
5273
7170
-1236
1301
-6665
3897
8374
-7490
2429
-3911
4387
945
-6258
-9797
-654
-7485
-3827
-4310
8408
1051
1175
1310
6910
8514
3049
-3754
-1175
-3521
-6185
6383
6106
4845
-9836
-5521
-4450
-4043
-2060
4820
-554
3134
5723
3695
-551
-5488
-2538
-4709
-2293
-2140
6986
7231
5144
-1340
4482
-7301
-540
-1319
9795
7866
9157
4963
2368
-9250
9444
-357
4951
7071
-5323
3049
-738
-3697
-7924
-4226
2080
9738
-7368
4046
742
-4118
5829
818
-5690
-4801
2341
-4895
-9416
-7386
-3193
743
7944
5482
-9102
1903
2809
-5001
-1837
-1348
5560
-4362
8477
4054
6618
3925
1069
9540
-701
967
-3077
9600
433
-968
-1755
-464
-8249
-2069
-7299
-9238
4257
7179
5505
-1632
-4336
-7395
-518
1694
8401
-1169
-8239
-4554
-3529
5936
-8962
46
-420
2836
-9885
8446
-4537
-563
4305
-9587
5194
-1412
4480
-3086
6833
1127
-9454
-568
6806
-4300
7410
-394
-3064
-8760
-4568
-1632
3339
5627
9069
6800
-4647
6548
-8792
-2250
-8230
5971
6681
-962
-418
-4297
5730
5003
-4318
-7207
-8550
-3930
-726
-7566
-3158
-1008
-9200
8903
7486
-1295
1850
-3672
9987
-4319
3060
-5236
2679
-9419
-8128
9864
-5980
-3616
2564
3848
1768
-301
1676
-1360
2241
2022
6995
-603
-7367
2152
2073
9430
-2965
8334
5225
6685
-4802
5257
-920
2247
1479
-5525
4682
6986
-326
5185
8615
3671
6067
4807
5931
-1225
1558
7922
3274
-7688
3590
-6102
9006
-1738
-4410
3995
4139
8673
1412
-8215
-130
-4407
-3264
-1161
-4382
-203
635
4550
9945
1638
-3644
-7727
678
-7580
6158
2681
-6899
8870
-9160
-1075
-9435
-1799
-1556
-8598
1909
8532
-6959
-8458
-2052
-5115
9305
-8945
2942
-7911
-8457
9641
4103
938
9336
-7082
-646
-9864
4612
3459
5821
-3231
1454
-1281
8658
-7829
-7476
2854
3766
3119
9601
5873
4727
-9075
2310
-5474
6064
2893
8500
-8686
-1282
2641
-6996
-9386
6087
-112
5664
-563
6585
-897
8024
-6000
-1978
-6997
-4286
-5318
88
6194
4793
-4744
1886
2811
5025
912
-8142
6524
6501
6581
7296
9419
-7187
5199
8677
6653
-8369
-5939
9349
2727
2306
2047
5997
3666
6466
-3103
5522
5194
5649
-6163
-9319
8369
2884
-1667
-6551
-7109
3632
-7428
1183
-6492
-5529
8100
5994
-6835
-7671
-8082
4377
6140
-9280
-2993
-7297
2704
7467
8562
-8499
443
-7779
-6072
5760
-1778
-9232
327
-9796
-6839
7600
-9539
5286
-3144
-6880
6480
411
-6943
9074
6803
-2280
-5966
6661
-3507
5666
3445
502
6192
-1601
-4969
8275
9971
523
2983
5034
-1692
-1941
-8559
7956
451
-8848
-6436
-1968
5308
507
7278
-1545
-5576
1616
-586
6717
8091
-9402
2780
8047
-1456
2681
-7582
6213
9430
-8579
25
6692
-4335
3260
1167
9002
6650
-2752
7898
3002
-8791
8748
1108
-1784
-9512
2149
-5931
1875
-295
-3999
9763
-6661
6668
-9489
7336
8185
5456
-5722
7250
-5852
-3649
8068
1041
-7918
-5773
-3098
4149
-3125
4457
8325
-7919
-5348
-3204
-277
3186
3710
1322
2795
8911
4251
8386
-6868
3844
6953
9710
1802
5246
-3682
4817
5070
6353
-8456
-8138
-4802
3426
-1305
-4824
4560
3991
985
-4875
4738
-208
-9801
5637
-8793
-5151
-5874
6093
-5302
-5248
-4346
-6391
-8823
-9122
9204
2545
-3485
-1624
1678
-9366
3298
-2018
9511
4332
-2292
-6909
3759
1305
-5744
1810
6277
5842
-1013
22
-1529
-3110
2790
3903
-956
-5416
-2926
1520
6778
8749
9446
1200
-4809
-6824
-2815
-7546
-2630
6689
89
-5109
296
-2109
-9197
-124
5653
9680
6265
-6422
5278
7889
-8624
-8995
5096
-1203
-4966
-7528
1792
-9660
-1951
2683
7274
9408
3493
-9890
3670
-1194
-4960
-9002
-5592
-1859
9548
-3250
-9729
-8595
8208
-7685
9232
6913
7692
5482
1817
1073
3493
338
-5996
-45
-5789
4565
9470
3025
-6817
-5404
-7327
-5940
-7580
6601
-5415
-4473
226
8353
-6004
-9679
18
6338
-8710
9452
-7420
-9769
-9524
-2834
-6487
-9125
4750
-4393
498
-6548
4682
2797
-9554
-5773
-3917
1091
7743
3889
1351
-6149
9376
4233
3116
1325
-4810
8284
5968
-9415
6393
-4561
6972
2690
-4209
4194
-7745
3000
9446
6114
-7926
-7718
-469
-9614
3105
-6639
-2958
-8402
-7005
867
859
-8215
6342
7184
-9290
-9568
-9517
431
4052
8261
-7037
-2035
-4933
8920
2423
4953
-1612
-1001
7211
-4053
-1639
2477
2658
-6210
-9693
3719
3740
-6258
6154
2956
8140
3337
-828
5157
-4036
7148
-4661
8167
-5746
5164
-8188
3487
5498
-9941
-579
-4242
-2993
328
-7203
9532
1743
-1586
6846
2652
-2698
7248
1919
-445
1128
-9835
6323
2463
-2361
8513
-5977
1521
-5568
-9213
6447
-1758
2542
6763
601
-6352
151
9211
-6767
-4697
-977
1637
-4468
-8014
6576
-503
501
3131
1702
9851
2851
-6482
5902
7525
-3735
-4242
-934
2979
5921
9971
-8625
8228
-8415
-8131
3975
9
-8573
394
-2594
4330
7743
-1820
9886
-4241
-6683
-5634
-1769
-7877
5128
8601
3206
6603
7161
-3830
-1322
2453
-315
-4172
-4449
-9945
1692
7364
-7112
-9834
-8833
3529
3662
-1395
-6536
-6750
10
-5429
3376
5027
3788
-2335
3292
7122
8109
-8316
8282
-584
-3093
-8075
-7983
2502
-2311
-4192
706
3458
-8413
-1791
8365
-5573
-3306
-2069
-4653
7542
-3494
9801
-1827
3115
-445
-8022
6474
4627
9156
7747
-8783
-9831
5527
1820
2988
8586
-4564
9750
8917
-5736
-6986
-4754
5835
7899
-1352
-5119
184
4826
2512
-9486
-8207
499
-4853
-9671
2937
-5193
-593
-5240
-2599
7350
-9212
-1240
-4065
3316
-3995
-4146
683
3732
-5612
1449
8533
-7693
689
7075
8974
-9655
5397
-8302
-8193
-9526
227
-9763
-6394
-3361
-2333
-6680
263
-654
6080
-2570
2377
-4356
-775
6308
345
1417
6945
9669
-6648
-4917
-8988
9250
-7369
3665
2525
-6000
-4311
-1516
9388
-1530
357
6591
1792
2809
2368
112
-9961
-5918
-9363
-5588
4247
-5089
-6319
1754
3605
5475
5504
6833
-7171
-6739
-7957
7438
-4675
-9916
7439
-2781
4392
-1772
8007
3667
-4468
-9361
-4193
6276
-4556
2383
9729
2654
-9918
2551
6704
3463
-9432
7202
-2131
-3625
-2248
-9096
2978
-8208
-5239
5549
-3910
-4149
-4858
-7817
4229
-3209
-2515
6018
-1766
2960
2176
5770
1897
5507
-2530
-200
9213
8198
-3760
-5008
7917
-6577
-755
4876
4531
7531
386
6653
3128
-9710
394
8489
-8976
-9092
1394
-4353
1200
-9867
1478
231
8897
4676
5044
-1698
-7967
3713
3545
-2544
7880
-9156
-6138
-645
-8546
15
2400
379
-7559
-2542
7676
555
-7124
-3108
3971
-3015
-8228
-3647
-5783
-9882
-6794
-4619
761
-6762
2879
6799
9692
5097
-9337
-1149
8916
-9379
803
5536
1020
3922
7305
8101
-6399
9517
9398
-9744
9102
2439
3316
2355
-5300
-7003
5288
5172
1639
-8137
-3932
8990
-3769
2303
-8424
6777
-2428
-3485
-7996
-9736
-5591
5962
-5262
9832
409
7080
1822
3357
7913
1365
9683
-5265
6816
1964
-6117
-667
-116
-6617
2763
-8147
-9662
-3157
-2017
-9364
9366
3875
-5045
793
-7337
8990
-6121
-6381
-819
-6952
7426
4418
-5566
-3310
-6899
7957
-3018
-511
-9318
-5787
4487
8115
-7373
104
1467
6665
5185
-7812
5104
-8704
-1436
4691
-5910
7312
3116
5533
6882
-5902
3700
-8816
9300
3021
-1549
1440
731
-2428
5261
-7680
8987
-1783
2791
-6567
4145
-2997
-248
3649
-3122
-3462
-4450
6317
7746
-194
-562
6693
7785
-8252
2440
-2454
-4996
-718
-8663
3919
2847
-9970
-1657
5209
9341
-9053
-804
-8368
7074
7496
-2985
1951
5527
8139
-5593
9787
-5479
-194
7760
1358
-4363
9114
5257
2570
4435
-5618
-3313
-4548
-2682
-4695
9504
-8554
2546
-334
5734
7094
-2755
-3274
-4354
4877
-7795
-7181
-8498
8395
7924
-3288
-827
9589
3974
-4776
8059
7324
-3701
9950
-871
201
1896
-7605
85
5612
-6104
8898
412
-2892
3410
7497
-2420
-2912
-1469
3829
-1914
-2538
-8715
9820
3451
-9981
-4522
-7710
1316
6287
9988
-214
-6975
-8936
3941
-9611
6747
-5855
6829
172
7229
2018
-7185
1744
-8897
-6248
-1539
2303
-192
-2825
-8843
-3777
-5418
1106
4726
-8591
9809
6435
9256
-3991
-4245
7359
4255
-7467
-258
7391
-2673
9350
-3223
4389
3056
-8020
7903
6976
6704
9060
5915
5406
3781
-2167
-9057
-3729
-7317
8673
5980
1220
835
-8095
2189
-3644
-6147
-4331
-4998
9105
-2773
-808
-5720
-9008
9368
-9190
1130
1960
-588
8086
5015
-7305
-9889
-6621
8497
-5454
9884
-2686
4741
-4147
-7133
-7239
-9651
-3355
7444
4098
-5181
6675
1154
9347
6035
-3730
5209
-5687
-3673
6365
345
-4847
3800
-1225
7166
-5524
4788
-2696
-4514
5208
-4876
-3108
-7161
1750
-5381
1623
-7558
-4541
-5668
9277
8137
5764
3157
-5289
-6515
9369
-8268
-8922
5809
-9087
9874
1943
-6247
-7155
-1562
-9050
2286
-2194
-2822
7488
-1496
-8152
2112
-2549
7644
-6155
708
2614
600
7660
7204
-6000
-9958
395
2587
-1964
7599
8241
4939
-9934
-6805
2394
-956
-4273
2005
-3987
-8749
-6711
-3736
-7646
-2662
-4926
7987
1385
-6222
-3745
-7741
713
3745
4882
7233
-3869
-4624
-2241
-6198
-664
-6856
2408
-2243
-9619
7995
-4161
4324
6749
-2374
-6573
-9315
-4682
3194
-2603
-6631
2610
-6860
-3936
-2974
-5985
-4803
-3290
-400
9863
-4989
-2388
6116
1304
-1236
7373
-1678
4352
3576
8580
-2606
-5769
-6966
8225
6797
-916
-8841
7893
-1604
6969
-8241
-7441
-4942
4980
540
-8387
5373
-3232
-2164
7728
9763
-1784
9104
2682
-4814
-2140
1538
-2882
529
6585
4399
-4203
9508
-8866
344
-7551
-5864
-1641
-7269
-6757
-1505
-6386
7236
-1971
5534
8297
7465
8864
-4623
2147
6947
9384
-8321
-5003
4110
6798
-3518
-8263
1979
6321
6480
-4572
-7336
2786
-9283
4796
-9456
-8446
9788
-6514
2210
7307
-823
-8210
-537
-7167
4695
2745
8595
6929
-3783
-9552
-2260
4696
6582
7510
-3073
1645
1267
-9445
4203
-7765
5638
-4837
1568
-8142
3116
-9450
4845
-2685
9356
9327
3792
7944
3010
1877
-5015
6943
-7170
8625
-3159
-1896
5131
2609
8300
5042
5219
8370
8294
4903
-4666
4017
-804
8768
-1770
2959
4759
7399
8897
-7525
5144
4586
6294
7941
-8158
-2471
8132
-7906
6052
-3357
-7697
-2351
-2215
-92
-8253
-3875
7479
75
-9733
1828
-7996
2410
-9112
-2044
3579
3816
4092
5808
2878
6527
5560
3824
-8453
-591
4169
-4643
411
3736
-343
-7327
2045
4312
5036
4934
4715
-6631
-643
8847
2055
-3548
7612
-3927
-5519
-8057
-2508
997
4277
-4281
-7544
6280
2502
-8348
-9933
7053
6219
1346
1802
-9009
-49
9775
7853
-3596
1410
-3764
-8507
2962
-6070
9673
-800
6015
4258
-1646
7988
1618
-1004
-6184
1489
3929
7855
4880
-5581
-531
-5641
-3057
-6084
-6120
9610
6284
9174
3264
8904
-2451
-5401
-7031
2082
-4428
7019
-2098
-9215
-7201
3820
9407
-8913
3817
-3794
-4367
-5585
-6468
141
-148
8227
2627
5451
-7721
7046
-1238
-7162
8935
-8392
700
5837
-146
-1583
-8603
-9224
-1723
-3516
2982
605
3054
8173
6283
-9494
-3639
-8571
6101
-6422
-8272
8078
1317
-1219
-8389
-6515
-8289
5980
-2243
4028
-9383
-9747
-3709
2307
-5337
1815
3266
-8410
3682
4529
-4969
-1191
-7771
-4455
-87
4117
4839
-2902
-1465
-1136
-6960
2886
2670
4171
5763
9873
2490
1805
-342
7856
8460
-8767
-7911
-694
-2751
-4951
-8460
-1022
-9966
-860
-7899
-5462
-9194
3612
9013
-5451
1981
-3940
5912
-7511
-3824
9989
5610
5474
9253
8113
-9855
9865
9568
4395
-1423
6410
7947
-3130
1681
6482
-8767
148
-440
7162
6687
9502
4864
7579
6372
1808
-1505
-1195
5531
-1315
-4435
-770
-2391
6617
-2847
3910
3674
6903
3549
-2289
-685
-1549
-7288
6903
9221
5988
3013
5053
-3662
831
-834
2142
6825
-4437
-2729
-2820
4950
1341
9827
-1549
-1535
-259
6494
2204
-4623
5741
4382
10
9662
-6979
4105
6795
-4032
5748
-8268
-2304
-9980
3023
-7205
-163
9834
-413
7962
6978
-1092
8239
7833
6976
-9277
-6800
6047
2663
3277
-1201
1103
-4011
1311
-2939
6668
4842
-5631
-3411
-5976
5308
-594
-5444
-3220
-3577
-1839
9050
551
-8227
-3977
6672
-992
-5204
-384
1394
-841
-9659
1522
8811
9927
3511
7513
9544
4465
4158
6625
-4778
-5229
-8385
3793
1585
-3201
-8248
-2329
-8309
-5986
2464
-7568
2827
-856
7664
3378
8119
4514
-8782
1134
238
-5391
-6777
6099
-3531
-1625
-4922
-7958
-6730
-6743
1976
-668
-1438
5494
1682
1771
1398
4299
3251
-2841
-6988
4344
6766
-826
4370
-458
741
4715
2882
5628
-6505
3177
7399
-9231
-5501
6594
4656
6907
-1116
1274
3805
1328
6258
-4519
1837
-6125
-1505
6704
-3941
-9662
6392
552
7352
-1469
8129
8396
-4771
-1742
-7921
5358
-81
-3514
-4911
113
-4731
-7868
1737
5185
-7921
-4843
-3735
5553
7482
-6602
-5849
-7788
1263
-4845
7510
1866
-696
1444
-5901
-4378
9250
-9883
2324
-4926
-8506
5157
4711
7165
-3702
1522
1687
-2167
-8763
703
97
4568
8100
-8019
8376
-1306
-8707
214
-2749
8658
1498
-6772
1894
5772
5219
-5957
-8388
-1901
9758
7911
2034
162
8257
9739
1000
-2784
8978
-1744
-1580
-1547
8628
-9682
6370
2382
8511
-5240
3627
-4948
3722
5838
-7703
6440
-3446
5245
-1555
3792
-7333
-8564
7563
-45
8936
8637
-2134
-8685
-2218
6121
-2912
-4450
1264
2102
4804
-312
6511
-431
2490
8127
-3017
-6735
2597
-4785
7631
2447
-8299
-6617
-2255
5160
2749
2261
-9817
1067
5454
-8247
8075
-1361
7476
2148
-3917
