890
7187
8706
-6652
-321
3637
-6765
1054
-5387
-1473
-143
8813
-1789
9235
-7250
5091
6917
7127
3718
2749
-463
-7728
-6578
-6327
-3236
226
-8032
-123
9618
9028
-6626
2699
8267
7821
-137
1138
4263
4410
7609
-8406
-5986
-9991
7622
6298
-1736
8913
6083
-4616
-4340
1446
-9631
-4466
6804
-2572
-98
-9852
8459
-4410
1347
-7115
-8973
8521
2306
6192
7111
-7056
9047
-1138
-2198
-8454
4337
-9921
8842
4256
-5271
-5115
-9691
-8470
-8287
-7755
-6742
-9890
6192
6410
9011
789
3612
2278
-3296
2477
5752
8987
5152
-9366
-267
-2732
9249
-8392
-3627
4317
-1804
-9897
-1402
9772
-2942
-9421
6610
-276
-3499
-7236
1437
5342
9061
3910
-5461
5402
-3821
-5718
-7836
-1288
8236
-3272
1807
-8400
7388
-413
7400
2850
1457
8102
2161
5279
-5799
-9797
405
-5665
5720
-669
8627
8999
238
-2869
8391
-7404
-9887
3030
-8363
9013
-5924
6207
-3939
7692
2162
-2530
6373
-594
-6124
-8982
3249
-2429
3175
8952
8697
6315
5900
-6425
4833
-1158
1074
-61
5569
-4577
-8299
4765
156
8600
7608
4813
-6615
2566
-8175
3145
4536
-3995
-6617
-5973
2663
3513
1346
-521
9125
-4385
8900
6422
1227
-654
9275
8047
7297
-469
-9884
5881
5248
-2763
-1969
9964
1251
-6155
9051
7336
7149
8638
4294
-8497
-7167
5459
-2570
4908
2786
434
3410
765
9716
2865
3075
7429
-2355
8221
7500
8209
9263
-5794
-3026
4481
7836
-641
-8508
1559
7561
-306
624
4160
9036
9060
-4077
-6835
285
-3668
9689
4319
-2800
-5093
-6376
391
-7200
9929
-7484
-1543
-2472
-3881
-8011
3518
-3295
-7122
-6899
4626
-7164
-8004
7730
9606
-6708
7237
-1960
-1798
2907
9423
-1093
-9374
-1748
2595
8102
3465
-259
-9313
-3833
-2184
7854
-4747
-1144
4713
5433
-8198
8066
-3930
7788
-4548
1430
4343
-4521
-1236
-4084
-4527
-903
-4522
2060
-9688
-2882
6075
2897
-502
-9796
7160
2669
8976
4263
-3129
7233
-685
-1167
-5280
2699
-5484
-6727
682
1191
-5525
4202
3088
603
-262
-4954
9681
1233
3025
2315
9061
7932
-2662
989
-5627
3728
-6816
-6546
4302
-9749
445
8005
7417
-6721
4357
1450
2477
5310
-3720
-4153
-5544
-6141
5798
-6804
9992
5468
-9468
-6066
4527
-9135
6488
-928
7522
5739
-5920
4091
6953
-9720
-8653
3971
-6538
-6465
-8531
3823
9018
4462
-240
1951
-6960
4049
-1822
994
-9947
8355
1438
4899
-4561
9665
3839
-9314
-178
3621
1897
4904
9278
4435
-2497
3310
-5692
-6605
-4126
2393
-8032
-2477
5547
-744
-8369
-475
-1109
-1460
8214
5792
-8451
1689
4757
-3908
8613
-7568
460
7437
6898
-3811
-8134
-8478
5235
3440
-1849
-1916
3234
-5945
-1251
-9916
5654
-1464
3153
4241
8560
-4538
9628
-959
-5133
3427
-6278
1611
4749
9
-7796
5969
-5753
-909
534
-4150
-3155
2619
3367
28
7397
-2139
8842
-3654
9254
-9906
6306
7695
8996
3655
7546
1786
-4986
-263
-3299
9127
-8035
-7567
-5935
1666
-3059
9729
9595
3753
8831
-7763
-4117
-9309
9956
-1554
3196
-4206
2596
861
-385
3845
-6923
628
8803
-5697
4787
-243
-1695
-7975
685
-7316
1363
8534
7745
3978
-3397
-2599
8143
7802
-1642
3981
9149
9961
6856
2078
-1824
482
-8669
-6144
9273
4090
-6074
9050
5332
-500
-6462
5094
-2567
-9796
-6983
-275
-557
6980
4900
8907
-1564
9747
5501
-7426
907
-34
7138
4828
-3620
3055
-3015
-9294
7309
-7117
-8433
-2246
-3501
-3795
407
-4337
6257
-791
-3778
-2681
-7318
9156
-4262
-5025
1639
-2476
4222
4475
-5819
8062
-1392
-7928
-4619
9259
4249
-2386
-7552
3554
298
-5990
8333
-3321
-5117
-4775
4900
-4788
725
1924
-6639
6065
-1525
-3583
8493
6934
4915
-4202
-8697
-1508
1494
-4801
-8020
-9826
6716
9547
-3633
6009
1855
-9613
-9930
8662
7158
-8405
2034
-3903
4207
8925
-5038
-2590
7652
2323
-3546
-1115
-8752
6456
-1555
-9488
4421
-4690
2326
-1313
5865
-8108
1525
7767
-311
8774
-4603
1689
7803
-7791
1199
8513
2616
-9508
-5111
-7918
5422
2408
-8346
3788
-8036
-7981
1653
-381
-7293
-1196
2004
9412
-8416
-48
-9545
6213
1093
-7115
2687
-3050
3392
3045
-212
4255
9660
-479
-3549
911
8568
-7015
-674
2464
-6590
-7529
5520
-8901
-382
-9421
-3203
-9874
-8762
-9141
1915
-6526
-1266
-4776
-6890
7660
5673
-7361
523
-4384
1243
-3135
-5387
6382
-7965
9971
-3697
8559
-4609
3901
-7586
-8983
-28
-5771
-9435
7735
2802
-3888
487
1603
4058
-5778
-8967
-1355
7121
1081
6011
-6784
5462
8040
-8866
9641
-7409
8044
-6020
6141
-1980
6250
8171
-8804
5340
1425
-2309
-2059
-1418
-4870
3547
7252
-3442
-6492
807
-495
-5370
-5949
7982
-1122
-3486
-8150
1768
-9447
-8810
5326
1026
9960
379
-2398
-193
-173
7942
8440
-1091
-5867
-187
4643
-3251
717
1183
-8399
2807
-1925
-3434
3844
-3951
3822
672
1551
-4950
-8232
-7286
-3914
-2829
3786
-4183
8210
6944
-6364
-2780
6335
-1893
9360
-9815
-8765
-4454
5581
-5713
426
-7610
-2221
-8362
-7845
7066
-6601
-2325
-207
2163
3122
-731
-1748
3572
-1256
-3426
9314
4761
268
-290
6823
2859
-8866
3069
7901
7238
-7004
2543
9004
919
-2629
-431
-7979
723
-8374
-6994
7192
6984
1864
-6024
-6133
-2613
8626
-8605
-5671
-4284
-8422
-5859
5072
-5629
-4231
-8714
3269
3454
-8086
-9714
7940
-3193
-9495
7800
-9443
9087
279
-2124
-1856
-7907
-4316
-4986
-9999
-2438
-1896
7235
-9609
-2368
6179
-1649
-7627
5796
-3597
1147
-956
-4090
942
9034
4958
6525
9358
-7891
7490
-8794
-9489
2245
333
1283
2619
7653
-7484
8810
-9822
5495
8981
3429
-4836
8402
9695
-5862
-6665
-6011
4799
-9124
-4775
-4532
7552
9992
-3136
6455
431
134
9342
8673
-7673
-8868
-1579
8270
-5843
3846
9296
5278
9170
4250
-3105
807
-8089
-3494
5645
7146
-2673
-4870
-7932
-3641
7455
-4121
5066
8493
523
7465
-1075
-1935
-7692
-2268
5138
713
2088
252
-472
7255
-517
-9904
2751
9465
-630
5569
-7109
-8708
7089
5609
-1464
4204
683
-972
9212
-1788
-1654
-8514
6175
3813
7387
519
-5087
-4809
-5041
-2996
5894
4442
-1705
-515
1660
-5319
-8227
4663
-7955
-8206
-7997
-6471
-8311
1365
8645
604
9475
-3870
-2872
532
8050
5003
4446
-9433
-4397
-3147
-6776
1141
622
-7919
-4399
-9131
-6920
8751
2255
9182
4594
-1571
3630
3188
4647
2833
-5345
-7372
-8020
6703
-7895
-8062
-7268
-6932
9030
2163
-9725
-9643
-1583
-7447
9099
-7081
-208
-9888
-5798
5243
-7142
1383
6296
-186
4124
1446
-8361
8865
6122
-687
-2066
329
2704
2246
-6176
-2279
4533
9736
5694
6115
-5737
6697
-9172
-869
-7719
3099
-3705
-2701
-6354
8985
-1451
2013
2430
4023
3988
4635
4747
4399
-9853
7047
-6293
-5291
6195
8147
-6577
-7968
-7647
-1663
7392
5452
-4233
-4017
5005
-9662
5410
-2152
-9120
5932
9185
-4653
-7805
-7919
3681
7353
-8034
-7035
3455
1516
-3499
-5744
-4445
8712
4884
3343
9488
-1521
-2960
-6160
1028
3312
1518
1520
8854
3551
-5419
-6247
-8462
7273
8863
-6031
40
-8713
339
-1536
8904
-9399
-3673
-779
-5763
-470
9087
-5023
9167
-7453
4239
7175
-3114
-3280
-2857
7541
-9944
1947
-7756
-1639
2371
881
-5782
8772
8784
4825
4548
-8050
-2790
-7846
-4691
-636
-1400
-2927
-6838
-3149
6195
548
9444
7331
8377
-8614
-2261
5397
-1689
6168
-298
8767
6842
-2433
4826
308
7314
-867
1255
6664
-9181
-5216
8498
-7747
-6958
773
-818
5070
-3362
-9483
-1122
9226
3362
-1902
-4119
9543
-1936
-2540
-8870
-5677
-515
7652
2859
1780
9295
-6150
-3905
8734
1280
4999
-2001
-8925
-9237
167
-465
1020
-8557
3036
4667
-9331
-7441
-5
7055
-3443
-817
9970
-9174
-9028
5883
-332
-4953
-22
5314
-7238
4675
-5653
8799
-9879
-5706
-3240
4802
1841
-4327
9100
2239
4722
2836
-5435
-6077
562
-7443
658
1803
9954
5431
-4239
1163
-2174
-4573
-4878
5606
-2099
3824
-2566
-4466
6288
1964
935
-2072
-7168
-60
6170
-1708
9964
4327
-2752
-4596
1741
-8341
4264
8971
-5725
7377
9624
7668
6941
3136
-1219
-2665
-7100
-4076
-1619
1518
7705
-5175
-9852
-3743
-333
-1038
-6499
-4854
2220
7994
9304
1980
3395
4026
-7431
-7768
-8907
250
-3014
8642
5917
3994
-3236
9369
-850
1483
-4810
-8365
6195
-7632
-5440
7230
27
1535
3612
3549
-3888
-8825
-8884
8203
6259
-6312
-9758
-7118
-9547
17
5143
2685
8228
-5086
8463
1929
4603
4879
527
6891
-6469
7036
-8423
-7687
-7950
6267
-2910
224
704
7221
6053
-8655
7763
-5885
4144
-7297
-6418
4674
-8399
-8000
9665
-4612
-7324
6675
8037
-7826
195
-7091
-4893
-4946
-658
927
8615
-4949
3107
-553
-4597
-9486
-2199
5030
-8388
9797
-7641
-431
-8883
-1925
2192
-2730
-7106
5178
-749
5247
1760
-9478
-2308
-2888
-7495
-9609
-4628
-2296
5605
-8203
-3507
423
9762
4784
-4710
-3994
-1292
5157
6798
-8896
-9500
-4026
-7380
-1590
2599
3824
-3646
-4312
-3892
-4440
398
2076
-6055
-1783
5300
2213
3593
-7937
-1550
6609
9827
-2025
-2768
-2630
-168
8852
3537
-1259
7804
1905
-1740
9964
-1476
8327
5602
3417
-7502
-6143
9176
7371
-9879
8171
4904
-9670
2919
-2835
843
7712
652
-9383
3153
3473
-5983
-3914
1546
5648
-499
3038
6507
3429
2713
4009
-2324
-7942
-8525
3729
-9243
5512
-2740
-4145
1347
1545
4580
-8261
4210
5036
-3309
9229
7793
1537
2330
-4796
5566
-6699
1397
-774
-455
-3481
-6960
131
-1810
3525
-88
-8791
-5332
7280
9877
5326
9631
8021
-7831
9314
8967
-2087
5298
2357
1548
-1365
-1707
6488
-6787
-4353
6118
-7004
-2885
-8953
-8358
-674
8208
-3581
-8921
5654
-6071
-3124
-8686
6508
-2748
2844
535
6232
-2767
-6374
-4976
7371
-3931
3660
-1000
-5943
6845
894
-1564
-5203
-216
-7268
-345
-1023
-3713
2741
2685
7116
-4719
-6897
-9041
6198
4000
1466
-3634
2747
-7984
8088
-4529
4040
2109
8523
3877
8792
570
6640
8696
6920
-2636
269
-3235
-9678
4693
6251
-3680
6758
184
3892
4791
-5806
6695
428
5899
-246
558
-7067
626
-3317
4598
-5728
-669
-9769
-3855
-4675
9048
1828
-7492
-5909
2315
2688
-2470
8406
4421
-9074
-6023
9059
7135
4209
9506
7552
-3245
3916
5733
-2267
-9118
1508
-5608
-1830
2604
1639
7514
-916
792
-9327
4726
9532
-9631
8017
1931
2159
-4081
9724
-1817
-6848
3106
-1049
6680
-4659
-8562
1179
7985
-6664
-841
1856
8916
9154
-6994
4748
-1079
7659
8956
-8643
-6743
6916
-518
-7461
2251
7025
-1711
-206
6593
5688
8393
5661
-1479
-2634
3001
7900
5769
5154
-9661
-3474
7565
2955
-3158
-7540
-1907
6520
-6621
4115
-622
5564
-7198
5156
3605
3274
2502
-4216
-7547
7552
-3130
3068
-8997
2699
8198
3873
3495
3654
1477
-5209
1504
-203
-5478
7614
-4859
-426
-9629
-3155
-4546
1040
6520
3976
-1769
-7281
7169
6799
-9450
-6496
2182
-3886
-605
7711
800
-6120
3328
4102
-3872
549
-9552
6512
10
-2982
6175
-3950
-6410
-6033
-2681
-1334
7099
-4424
8947
-5681
-1765
2239
586
-9375
7716
1375
6875
3219
6037
-6471
8070
-2541
520
-9236
-4776
-6808
4592
-4279
1890
6890
-7119
-9293
-3618
4443
2704
-4787
-4080
4682
5899
-2381
-90
7250
-1608
-6192
8842
9857
-5888
-8765
-3449
-5884
2334
-1634
3529
-255
-9288
673
-6388
7530
2219
8127
6716
2405
-3804
-6429
-9189
5563
-1461
-3757
-8874
-7202
8399
-7632
-8920
-6442
9609
-825
3656
7292
8621
-3320
-7931
913
-4382
5152
289
-9475
117
7580
-8406
-9083
7670
4219
104
-7972
1486
-9528
-2231
1440
-6135
9357
2683
6845
83
-7125
-7943
-390
6264
-9667
9662
2412
-6932
-8752
-8993
9382
-6284
7875
-6666
8976
9350
-9021
-119
9183
9798
-817
6410
3669
2447
7725
1049
-3386
8539
-9736
-8461
8761
3106
3418
9317
-7716
4126
8109
3664
2228
-2604
-5529
6439
-191
1188
7179
3761
-9911
6472
-1490
-4209
-1741
6765
-1901
9179
5092
2769
7792
377
-9313
3347
2485
-529
3796
2363
6447
5455
6073
-5437
-9240
-1798
-6638
7377
-765
-4924
5744
2039
-921
5749
-557
-6427
-6930
3591
668
9925
-9252
4549
-6221
-7775
-284
-1348
5658
5089
-4841
1112
-9466
-4049
-7791
2113
-2204
-2256
2176
9184
-7544
-4640
-615
-181
-119
-4834
3895
2661
-3546
4430
3251
-762
6172
196
7026
-7164
4780
-9966
8178
3970
-1806
-7663
6393
-9367
3452
6729
7445
-3993
-4480
-9079
-2887
-2091
-457
3618
-5164
7732
9740
-4369
-6786
-5665
5604
-3285
7346
-9650
3555
-6939
-8840
-8581
96
-9462
-8018
-2092
-7017
6328
4288
-2920
-9584
4899
-3079
2833
-7958
7975
7528
-2589
-8612
6060
-5824
-4120
6556
-2494
-7626
-4852
-9785
-3196
608
9955
4511
9334
7348
-8175
-3465
-6940
-3557
-874
9847
2213
931
-1897
6325
5050
1813
-8004
-1923
6207
-8274
5714
-9579
-5432
5226
620
3712
-8865
-5749
9517
210
-4083
-6950
-3994
930
-257
6324
6554
1010
9076
1898
6763
72
9315
-4197
-5457
7761
4233
4484
9609
-9941
6358
-1643
9119
4375
-8604
9607
-9465
-3723
-4194
8246
943
9300
-395
3321
6051
1192
-2659
5239
-1459
9041
6483
-2139
-9960
-3114
-3999
133
-829
-7086
1127
2408
-4075
2407
-8965
9330
-5238
-9071
40
-3709
2565
9145
-6005
8918
-7685
7516
-8429
2725
4222
-8968
-8441
6345
6178
-1923
-4149
6514
9388
6961
7007
-8161
4839
2584
-9597
6654
2249
1592
7637
1537
5939
8911
-8489
8171
2728
-5757
6880
9737
-3353
-5593
-6138
9736
-4756
4517
-9830
-4251
-452
-2427
-4378
-4037
-170
-1594
-7953
-8786
7951
6124
4763
-9806
9998
-9194
-6689
-2802
-9689
-4915
-6171
-9417
-7381
8224
5215
-4793
-6892
9275
5449
8517
-8906
8487
3259
-8006
-3886
4602
-2231
-6643
-3593
-911
2329
3800
791
-4140
-1565
-238
-1297
-6385
1265
-329
1205
2996
471
2052
-4790
8279
-8474
6755
-5372
-6557
7078
3341
-2273
-8214
-5741
5678
1850
9129
-3463
-7830
-9582
7149
-1004
-8988
-3188
-1116
5823
8872
-3831
6363
-9968
4820
3617
-5570
-8123
3755
2781
5396
8933
-5824
-9264
-7415
7843
-1601
6651
-6518
-3747
-1434
-3896
1185
4961
-3805
1669
-7808
2230
-9330
-5703
-5580
7805
-8454
7091
-9397
-9982
-3801
3123
-5665
-1905
2669
9962
9957
1942
-1189
227
6044
480
-9333
-4373
-3003
4585
5120
4662
804
-7690
7123
-4467
5075
6139
6712
3665
-8581
8293
5316
-2964
377
4705
7459
-6151
-3538
9825
7299
-9442
-8936
-6670
4981
-1391
5597
-5954
9235
-5156
7859
-274
-4341
7279
-5740
-2124
2832
3637
7750
1749
-124
3701
4683
-7142
3647
8834
-8864
-3873
6963
9014
5777
6812
-8895
-5050
4064
-9357
8727
-140
5420
8277
-1179
-5448
-8156
3921
-9043
9280
6823
6193
7112
-8360
5666
6463
-8370
-2771
-5447
-4349
-2259
3175
-1638
6184
5303
-70
6924
-8902
-6355
-63
-2507
-9070
2308
-3394
-786
-1824
-5233
-275
6645
8601
-8588
-1012
-5829
-5716
-8423
6307
-6618
-8075
5272
-9702
5419
-3617
-3855
-3649
7748
-4432
613
-4378
-3575
9935
-3610
-8416
42
5954
5413
-5393
5134
-1140
7176
-7584
3059
8730
-1342
6537
-5832
-7345
-1144
1112
5779
9266
7373
9219
615
-8415
-6796
7699
-6058
-3127
2006
858
-1000
-736
-9522
-8432
-6726
1980
-1493
7983
-4804
-3262
-6518
5087
7908
-3945
-6748
7049
4072
4003
-1715
2340
7633
4613
-4146
-8481
9508
551
-9369
-5646
-5299
8626
7902
-1950
-2248
809
-271
9037
-5070
-4201
-4216
3392
-6275
2531
-7016
9613
-8780
-5480
9907
6772
7313
2823
-7283
7961
-392
-83
-696
-6111
6516
1227
-6556
6286
-6615
1759
6856
-5771
9765
-2526
-4254
8485
-719
504
-6425
9522
-5899
-7905
9693
8948
9138
5043
8665
1379
-9707
-5588
6839
9316
2922
-5043
2964
-3731
7986
4609
9298
4982
-8615
2955
893
-772
9497
7817
9472
-5575
5618
7859
-1589
7726
2139
2774
8351
6184
-9622
6192
-3181
-8891
-3152
1672
4868
-8591
-4169
6756
5436
-9997
-680
-3893
6266
-4265
4920
-9872
1333
2898
7510
-7356
3425
3373
-3692
-3072
-7761
-3093
305
-7276
-7596
-6562
1846
8213
8021
3090
-155
3473
7485
-8788
5078
7385
-1346
-7128
-2764
-9863
-8127
6926
-4209
-7518
7127
-5246
-9095
2256
5504
-5432
-9016
-6040
4032
-7231
-9790
-3111
3350
6821
-4695
-2496
6725
9428
9195
4363
-1081
6194
-3023
3497
-5381
9942
-7293
1960
4313
-1610
2775
-886
-5680
224
-381
8253
-1886
-4517
6489
-5499
9484
3553
-3806
855
5869
7040
3128
-1415
8896
3433
2581
-9118
-3465
-5353
-8723
8061
8886
7391
-8195
-1848
2286
-917
-9566
-72
6186
-4204
-2448
-2399
-2923
-3818
5011
-7277
-4652
-5054
-1621
9772
-5263
4986
9472
9699
-9778
-1614
6816
-6862
7504
-6535
5676
-4952
7568
6587
-8763
-9474
-9308
-1995
3740
7909
5456
-4690
7937
2250
3036
-679
3154
5047
-5470
-4602
3296
-133
-9514
2961
7226
-8317
2333
-4879
-5457
6505
7272
-5709
2072
-5954
-1705
-9345
-2633
1635
-6708
9633
4709
94
-6251
-9966
-161
7557
3108
2810
7336
-3579
9732
7713
-6919
8028
4989
-7144
-7356
846
1824
-4432
4475
4685
-6685
7012
5225
260
-8846
1209
7281
3042
-6647
-1863
4693
-7807
8106
1260
4718
4452
-5376
7018
2496
4491
-6045
-7843
-8343
-2680
9462
-9439
7093
2355
2895
-189
122
6204
-649
-7720
8493
6476
-9021
-2986
9997
-9884
-1390
8048
-3762
-2847
667
-7403
3600
2142
823
-416
-5267
-4501
5287
4162
-3424
6262
-7630
-1822
1237
779
9150
1682
-9284
6968
8699
5719
703
7121
2440
-4784
6383
5894
-5071
-9485
7392
-5256
-9518
1982
-1806
-2094
9075
-4156
9651
6178
4555
1845
2753
-6207
-9130
-3182
-5951
796
5233
-1470
-2349
9429
-1145
-9475
8073
5629
9706
2540
-1332
-912
-7961
2496
6510
3443
4509
3002
-6452
9729
-785
-9638
-5189
1198
3629
-4850
-8896
26
-9059
-8672
-5062
-205
1411
1045
8566
-522
7712
-508
-8638
5853
4512
-7056
2516
-1950
-3236
4026
41
-6814
589
-5045
8383
8606
-2534
-7240
7641
6092
3920
-1205
6129
2624
-988
1553
8858
-8801
-648
9242
-3906
-2107
8682
-8358
9175
4064
-8852
-5528
-6374
6755
-6242
-9736
9961
899
-1137
3926
-6287
-7118
4220
-7533
-2155
497
-9930
-789
-2675
-6108
-2482
-7538
5390
-9755
8191
3145
-1423
3903
-8541
-8056
4623
-3456
724
-5588
-6595
-9875
6267
4603
8846
-4977
3788
3852
-3301
-7675
8948
5004
8943
7913
3204
-5613
5437
2108
-3118
-1639
4268
-3488
-3648
-1499
-4115
8936
2115
-100
8
-1146
4333
1827
-5109
1225
-805
6010
-9915
2206
-8766
7079
6127
8398
-5428
4276
1453
-8951
8785
-2609
7241
-6589
-5000
7513
-2960
-4048
5568
-611
-290
-1469
-3218
-2920
-4871
-7678
-2801
-4835
5569
7149
2325
9350
9585
2247
-9714
-6072
-6639
-7307
2865
8830
-7045
7085
4172
8909
6566
-7163
5778
-9306
-5593
7991
-8520
-2769
1420
7449
5793
-7852
183
9020
-3366
-2733
9340
3983
7540
-6111
-2517
-6391
-7023
8163
5999
-9009
-8349
-2223
163
6907
773
9628
9783
2910
4168
-6002
4249
5753
2674
-7138
-2508
7443
7554
6606
-7781
1072
5093
5202
-3984
4124
-9171
4481
9166
5188
3663
-2709
1265
-3890
-6752
-1814
8012
4874
7857
-8151
-5892
6683
-7966
8266
-2768
-5529
-5882
-3180
4945
2078
-6129
1240
-2279
6665
-9075
23
4246
4591
218
-2439
5827
-8574
3513
-749
4505
9804
3119
-4976
-8726
-2565
-9017
8911
-3756
-9933
-4565
-7789
3040
-9650
-8257
-6553
-1877
9980
-7700
-6627
5501
-5063
-1138
-2105
-5542
-8090
724
3351
-7189
8495
-2189
-7163
4406
6258
7559
-7825
-2048
2431
1118
-2676
1839
-14
-3978
9138
-3812
3461
-9253
7523
6059
-8214
-8151
5430
-3402
-3965
-7051
-5019
9945
-6580
7048
-4069
1379
-4037
379
-5332
-383
1110
2638
6437
2500
-6044
5755
4331
444
-4
-4349
-4096
-1979
6695
-7246
-1874
224
5224
6707
5569
5491
4008
224
-5036
4670
7335
-3626
5521
-7512
-9052
-9667
-4292
9199
9751
3275
-570
5059
-4855
3206
3161
-6444
-1016
-9975
8512
-6390
7354
1613
4311
9937
6271
2076
-193
6754
-5767
-1919
-7651
3059
1512
7245
-5812
5743
2283
-867
8397
4066
-6796
9129
-9883
-3328
3442
8892
5634
525
-7014
1823
1644
4141
8082
-7313
4374
-8964
1374
1093
151
2081
9259
3951
-6625
-8073
-5210
3805
-5816
9811
9996
4853
9474
6264
-276
9497
-2656
-213
5259
-2325
-685
-6916
2127
-545
8009
9377
5044
1966
-4842
-7125
5747
9863
8963
-3188
5944
3896
5515
8272
-3041
7591
7275
-2091
-1100
5887
1482
9248
-8327
-703
7016
-1096
-897
8570
7500
5632
463
-1999
1721
-4590
9303
-5433
-2644
662
2744
-7403
-289
8039
-3227
2794
1704
-6305
-4189
3037
3392
1142
4781
-7451
-7670
-5261
-8376
5991
-4650
9507
-8827
-2195
-5797
-7203
-8425
5263
3345
-4418
697
-1900
-2266
5098
9290
1784
7903
2774
1459
5357
2940
-9896
978
-8996
1927
-1756
-622
-575
237
4444
8835
-7919
-7034
-5299
8656
3728
-8609
9917
9523
-3157
-9238
1944
-4215
4451
1656
597
3828
-8773
8158
-6130
-3442
2668
-6365
-5329
9934
-5506
-796
7506
1237
-4670
-2487
-6452
-3287
-3252
-4146
-5324
6878
-8614
-7570
-9550
-1690
5255
3395
7494
-8874
2154
641
-9828
6754
-2978
-4964
-6365
6426
-7393
50
3434
5350
-3061
6160
-5795
-7392
-855
3491
4557
7177
-350
-5692
-6601
-5128
8664
697
-1609
7097
-3409
1796
-9937
-9098
-9638
-1824
8323
-3361
-1489
-7253
681
6616
1484
7026
-8076
-5353
-4373
3029
-5408
5636
-7791
-5240
-2267
7000
9067
4823
1999
932
6019
2671
-6064
4466
9761
9251
-482
-8591
9176
4000
-7342
9271
20
8952
7151
6172
6381
-1823
7140
-465
8643
8351
-6554
-8425
7
2311
-2434
-1995
-3140
-4361
-8400
-957
9598
-7624
4583
-3886
-7263
-8747
-8979
6720
5261
8064
9232
-8382
1553
1454
9141
-2709
5720
9495
6014
-4670
-8330
-6611
-3422
-6752
-8730
4016
8865
-8329
-5081
-5511
7382
6767
4054
-4419
275
-4126
-2696
3291
-2717
7384
-1690
5414
5288
-3303
-7481
-8587
2231
1303
537
-7159
3581
8975
8414
7925
9227
5272
5219
9068
-434
-5787
3573
9093
8387
3074
1234
-4434
-9918
2450
2183
257
7722
-399
1140
8865
-6116
8296
-1247
-4087
-3644
8987
6975
8027
703
-7480
-8169
8638
-3756
-9927
-6594
2733
7694
-6966
-3357
-9252
-4399
8487
-4127
-1848
8701
-6932
-9214
8234
-2557
-5368
7253
-6051
-4494
4713
4491
-1567
4168
1760
6487
-7939
1204
-5936
5426
4417
-3421
-8078
4162
6495
-1987
-8960
-7630
9685
-113
8767
3324
-6420
-7459
1269
-5154
6367
4620
8065
9212
5341
-731
8937
-5689
-6988
-2575
-4085
8540
-4393
5363
2815
-3343
-5850
3807
1127
-4252
206
-7058
7551
2936
2360
2613
2579
5972
8774
-2409
-2097
-2270
-6208
-8943
-9304
-8823
-4239
532
-2822
1300
-3631
2554
0
5823
-8085
-5894
2872
-9671
-6536
-4719
-9649
1541
6753
-3160
3898
-6556
-8737
4546
-9742
-7228
-8183
-7384
-8805
9241
6057
9492
6323
-95
-301
5357
6631
9402
-9564
-2127
-2073
1951
6937
6436
3208
8525
3689
7731
1013
-4890
-9207
-3675
-3728
-6405
-3489
9791
-1982
-4216
2851
8576
5850
-9182
-7812
-2964
-6658
-1319
-4533
-5283
-4475
5842
7619
5575
9501
-1671
2630
-2538
1838
4646
-1226
6238
-9513
-5666
-491
-4215
-9024
-3420
721
-1639
6184
2481
2696
-1763
-7569
156
-6310
-5086
-4518
9648
7309
4364
-2256
-2873
7855
-7866
-6515
3562
-9641
-5146
8752
-175
5367
-8001
-8995
8580
5530
4243
-2214
6455
2692
3462
-143
4941
4636
-2053
-5497
8195
1176
-9416
9665
-8181
-6771
8495
-8102
-299
2537
1571
-9929
-5248
6773
6588
-9482
-3915
2729
198
-7981
-5010
-5913
-1175
-2861
9675
1037
-1890
818
3348
-368
-6118
8179
2816
-1169
-8640
-8790
-5536
9745
-5772
-5309
9117
-3598
-6296
4533
-1098
1190
-9062
-1165
-3102
-922
6971
7301
8838
-7052
7000
6854
2445
484
-2482
-5083
2241
6654
6930
-3485
-5040
-1025
8369
9390
-7938
-5143
9350
-7779
-7660
-2618
598
97
-2431
4946
5623
-1107
-7671
-1646
-9479
213
-4773
-7835
-7386
8095
1727
-5079
-7902
-2977
5396
-8103
994
-3425
-7909
805
3444
-6145
-3791
-9872
-2811
7963
-239
3289
6417
-869
224
-4027
-3664
7850
-7023
6285
-8441
-5037
9187
-2793
-3290
2690
-6966
-6903
8594
3459
4790
-2457
-8092
-1461
-9502
7741
6726
-9794
-766
-7247
8022
7294
-8285
6387
5992
7582
313
9875
911
4733
-9297
4004
-9188
-276
-3443
-6750
-5077
5638
7491
7296
-5952
-2659
-2048
-8368
3513
2328
8455
580
-404
-8513
5375
7892
-5492
9133
3995
7244
-1291
1949
-1103
-3425
-3900
5961
3130
-2343
9213
2248
-9723
1985
-9121
-20
-2401
575
7996
-4627
2403
5688
-2790
-4339
1977
6428
9787
1793
-5053
-3156
-7242
4206
-6470
5720
5931
-3673
3769
-1641
-8973
5163
-1931
313
-8217
5210
9361
-7890
-6926
-8690
-2960
257
7546
-4591
1149
-8249
-8939
-4207
6368
-102
-9604
-6812
2740
1014
-2159
-8541
358
8667
-9603
-9943
-4963
6543
-5754
6463
647
-3996
-660
3984
-3672
3128
6730
-8462
-7488
-7777
2896
-4703
-2598
9145
-2194
-4358
-38
5969
-2809
-7320
3959
-4481
-3862
3911
-7003
4908
-4996
-7437
2019
6746
-3144
-8041
-5029
-4633
-808
9088
7282
291
7620
-6802
-8759
3711
987
-2295
-1531
-8519
-2243
-2741
9021
-2297
1869
-5009
-6396
-2514
-1060
-771
8078
-2703
-7222
6828
656
-1489
-7802
-8196
-3400
-9226
285
4359
-3958
3057
6145
1015
3885
1495
-3081
627
-7158
-3841
2965
-5148
-4996
-8095
2573
3393
-1982
3429
415
3700
1735
-9720
5738
-9779
5188
-7172
5136
3915
-923
3632
-8118
7082
-4937
-5851
5421
9938
-6716
3649
-2935
2144
-9570
-2696
-9664
26
5803
2464
325
4184
1470
799
1904
9338
1243
-5509
8768
8453
-1222
6386
2783
1934
6371
-8156
-3286
-616
-9760
-6000
-6748
-8125
-2728
493
-7475
4224
8696
8066
8809
-5792
8463
6441
8944
6169
-1517
1870
6678
6827
6136
-6467
233
7506
-869
9448
-6601
-2304
1390
-5652
9774
9522
-9598
8396
3721
2539
-6420
-1371
-9969
7432
5755
6111
-269
646
-4690
7344
1965
6590
4266
-8466
-7426
-749
-5847
3314
-9170
-8599
-449
-8431
-9153
-4454
2268
2113
4115
-7189
3082
-2646
8838
-1741
-1199
-8370
-5704
-6269
7214
-6453
2048
4887
8915
5616
-6433
5016
9422
397
1234
6566
5860
1060
-1654
-7389
690
-3705
693
5756
4207
9772
-5444
-5960
4636
2741
-2613
-7581
-1783
2541
-154
-2429
1243
4963
-7520
5727
8798
4175
-9208
-9722
-8833
-1370
-4948
-8562
6345
-1479
-5229
3042
-9441
2960
2654
2591
8084
2692
8044
-9762
5305
9203
5190
-9385
-9083
2623
-9658
-546
6668
9038
-5172
4606
-8252
257
5760
-6567
-3575
7391
-3036
-278
3307
8077
5825
225
-6870
-2746
3631
-3911
9722
-4867
6395
9231
-6087
-3754
-450
-644
7605
6258
4595
6449
4429
-5388
833
-7006
2954
9762
1467
-370
3525
-7680
7946
7454
-2223
3563
-7185
3615
3175
2507
-7871
-7306
-1657
-814
2725
9339
-3761
6463
-2624
8208
-5335
3715
-5053
-7913
-1530
-321
-2414
-4765
-8366
-4100
-5416
-8787
9444
-8078
-2970
-3470
4188
9821
2788
4900
-8784
-1107
-6259
-7566
-7408
8673
7055
-9520
9216
-5415
-5406
-3970
6136
4111
-9008
-7910
-7502
-2521
-7142
891
252
-9535
-6703
8689
-7560
-6950
7605
-7281
4555
-382
273
2274
-7066
5871
-9801
7747
8239
5796
9753
-6299
-8286
8862
-3560
-9058
4639
4131
-2994
-364
3350
-8334
-1300
-6878
-7696
-9034
3228
-5036
-6644
-3599
-5414
-3860
-4081
5389
8363
-2451
-9528
-4114
-5613
-2735
2432
6850
-6578
8417
-5075
-9884
7039
526
3636
-9247
5279
8398
3013
-9552
2460
2521
8619
6612
2996
-2258
-7590
-9172
-4387
7137
-2567
9075
-6289
-5156
-3529
7176
-5408
5310
7052
-4406
6231
-4462
7789
-3546
-7587
540
-3973
7442
1537
5091
7318
-3696
4222
8228
7796
-4173
-7917
8129
5500
-67
-9804
5439
-5002
9728
5714
-131
2478
-6953
-6480
4712
-2214
-2041
404
2988
-7067
6558
7857
-8068
6942
-5430
3025
6728
434
6798
-3446
-9835
7376
-862
-103
145
4257
-3844
9593
9425
-202
2165
5155
6641
-8543
-4932
-5193
7703
-7854
9930
-6329
-5152
6810
9431
-3020
-3075
-9172
7372
7252
8549
-8828
-8683
-9993
5923
-9897
-4908
-666
4400
3612
-7631
2195
-2532
-1960
-2701
-6909
5469
7854
3727
-2962
-2135
-2992
2941
-1825
9831
-7511
-1137
-4876
-3204
-24
-6104
-1159
-3006
2721
-757
8960
-7628
-3804
-7969
1020
6966
-8758
9033
-6923
-3910
-2679
6621
-6476
-3421
-8209
1103
4749
-3009
7502
1233
2848
-1258
-2085
-6265
-8466
-2970
-1485
-6854
-6786
513
41
6285
-5414
960
-1467
-1978
-6677
7765
2415
-9541
-6824
3862
-9524
8148
-4482
-330
-9282
6521
38
-1046
6380
-3351
-3542
-9141
-4201
4684
1185
5451
-556
3460
-9451
2695
-2878
3177
-1633
1615
9699
-8491
-3548
6950
-9407
436
4041
-1787
3057
-2920
-1105
8555
-5320
-162
6331
-3747
6512
-1821
8783
-1297
-9110
-3694
-4388
-6474
-4146
-7096
8423
-8146
-6443
-9271
-6835
-2290
2775
529
6739
-3781
-3744
-1204
7673
-6613
8385
2951
-2997
4984
357
-4466
5126
-8957
-5937
-1248
9233
-8773
-6973
2691
7508
1307
-6469
-7490
-92
-674
517
114
-9424
-2497
-7944
-6927
-1852
-8002
-8199
440
4137
9743
8798
-4111
-2708
5536
-5915
8160
411
934
-5622
-8907
8885
3476
-8698
320
4662
3845
8930
-6645
-3649
-58
3413
-9249
-1716
-879
3453
-9177
8784
3715
-6393
9255
-29
490
-1916
6092
-610
-2163
-1208
2797
-9646
-8909
-3724
-7843
5113
-8302
-4262
-4138
-3766
-8304
-2522
5058
-9255
-5300
8424
996
-7186
21
9063
776
8024
5762
-7371
7189
7486
-4019
-8329
4878
-9321
-2353
5848
1784
7249
-8151
2358
2466
1223
9757
-3547
2767
-8144
-3408
-2717
-445
8716
372
-2784
-5735
193
-3768
-9062
-9070
9455
8600
-2682
-614
2049
1784
2738
-7720
-630
-1128
-5053
1918
-584
3534
-6869
-6646
-1497
3090
-9668
556
-640
9077
6860
8956
8657
2475
-9119
7688
8227
-7039
-7788
9600
3649
-7673
-5963
3645
-3018
-4471
-7603
601
4919
5551
-7348
-7421
-8447
5601
-7592
-4308
-8746
-9916
4801
-4740
-231
-5621
-4057
-8903
6198
2783
9403
5206
-6637
-8140
-7646
-2949
-5668
-3300
5016
-1548
6322
-7434
9280
8211
3086
-1725
4770
-6468
2052
-9124
-4128
2527
-4360
8344
-8517
5094
1134
5424
-7576
6972
7125
-9703
1416
-3549
5872
3579
9623
4087
1363
-7039
-6386
-6648
9872
-8635
6665
-6417
972
-4296
-5579
-224
-8517
-4175
2105
7129
-850
5606
8609
6093
4423
7137
9729
-6951
-6563
-4621
-7696
170
-1217
5380
-6305
-4216
6171
-574
-2446
6737
1431
9087
-2341
-7232
6283
-8454
-9456
-4376
6851
-9685
2450
-779
6904
3181
-4425
-1573
-2136
-2368
9276
-948
-2153
-157
-6993
2499
5028
-898
