3285
7397
-3469
5905
7652
-6226
4732
2881
-122
9899
-2041
-5119
-8
6159
905
-1286
-5747
9725
5366
8649
-5905
3545
-9587
-6347
-4167
1081
6558
264
-5463
-466
1680
1838
7848
-1608
5578
-4108
3312
1582
-3565
-8378
-835
-1938
8824
-3958
6680
-4024
-2622
1640
166
4791
-7644
-8790
-7998
-6134
9868
-240
-6584
5364
-327
4524
-9714
3061
570
9435
-8498
-7265
-4655
4338
-1494
9727
-6126
9272
5612
-762
567
2430
2535
-4167
3043
8318
-1203
2588
-5039
8621
4156
6752
7340
6594
-4464
9080
-3708
3664
-382
3295
5181
3862
-6872
6891
-6351
7660
-6712
-2563
-3077
1886
9024
8046
5754
-6446
-9755
-1192
3453
1802
6882
-8589
-2071
3360
-2948
1511
-3930
239
8882
-2595
-7222
-6243
6036
-290
1114
-300
7835
-5781
-6410
-2075
-8520
8922
-2231
6074
-4091
-5497
-6330
4121
9752
-8031
-423
-1769
8880
-6343
-2127
-8979
-902
-2032
2021
-9134
9305
-3170
-7690
-3400
6456
-1641
-6622
-9279
8913
5726
6345
-3272
-5470
-4848
0
-7542
-297
-1701
1507
9647
-5255
9353
8670
2524
8670
-7437
-9385
9197
2709
1978
5436
2934
7863
8050
8286
8976
963
3069
-1729
8366
2688
1228
1604
7880
-1566
6381
-5062
2657
4107
1463
4055
-9675
-4886
7471
6422
-942
6164
-3971
-3238
-4990
3926
-6087
-2927
4047
6112
-64
1081
2149
9249
-581
9834
6353
-1688
8228
2254
9221
5221
-4840
5239
5764
-1986
7659
-9108
-2188
242
753
-3279
6908
858
3528
5216
-6590
6181
1705
-4160
-1208
-4303
-5721
2093
2552
4709
5130
1824
9952
5784
-5321
-6148
5560
708
-4607
-2590
9000
-5915
-5580
-5457
7878
5471
4526
570
6255
-5470
6645
8413
-7982
4883
2821
8200
-5536
-3153
-5803
-8837
-7905
270
-9772
-2689
-2978
-2080
7478
-4600
-858
-2118
-3408
1721
-4608
-1410
-9773
9353
4025
9359
-4489
4220
6205
2086
-6784
-9410
-3917
-9421
-6595
4501
-9101
-8107
8462
374
-4144
6719
9323
628
8044
7303
-2267
561
-8024
9814
5099
305
-9752
8039
3394
803
875
-9906
-2615
-108
3305
801
2802
2695
-9401
5870
2398
6388
5989
-6109
4817
-9859
8042
3536
2519
-8663
744
2703
-8576
-9292
4668
-9389
4948
8817
-3832
-2440
50
2372
512
1403
-5566
1928
3873
-864
-3919
-7593
-1708
2202
3341
-7049
-5868
-4870
7048
9589
-2339
2224
6673
-8753
6350
1436
-7829
1535
-1351
3115
-7417
-2774
8296
3837
8143
479
-8238
4020
-5597
1552
-6930
4315
-7195
7685
4875
5982
310
-8013
-46
4634
8993
-8554
3371
2136
-4834
8399
-8996
-8465
7712
-9191
-2337
-3905
6448
7470
-8959
-2059
-7719
9194
6454
5879
3965
-1891
9646
2135
-7496
2733
6708
4580
-8497
-145
45
-2443
-9242
2483
1192
8808
5445
9762
-3369
-2948
-8390
3490
-8847
1762
-8244
5210
812
-8059
-9812
6544
-1027
7637
6839
-2257
5274
2882
-9966
-3107
8280
7874
-6435
7128
8658
-8913
-6734
6396
-2207
4788
-4501
-1268
-8899
-3130
1227
-5671
4809
-2740
6551
5049
-5340
-6927
-8290
3304
178
-9566
-3704
-6221
3592
3839
-4996
6702
5937
-3455
7532
1448
-3514
-7492
8853
-9650
4294
2968
-207
-1726
-6449
-3740
10
146
5112
392
446
-5028
337
3414
4202
-4301
-5851
1132
8274
1979
3843
-4652
-5699
-8371
-5797
-4331
-4102
2883
-3147
6234
2023
-3491
4433
-2410
-136
-6932
-7503
5878
-4670
-183
6354
9733
4614
6910
2216
-9942
-2620
2210
-7592
3079
1897
5209
-175
-3475
7877
1840
-753
9134
3900
-9489
-5558
2063
-4803
1099
-8833
-6680
889
8788
5854
-9413
7497
-6076
-99
3687
2137
3414
829
-7130
1988
-3854
-8930
-2001
-9465
-4436
-9577
-5614
2491
-4137
-9978
4823
-9154
-1086
-9277
-7542
3483
139
5558
-4676
250
-6906
-1797
-7872
-1867
-5818
8626
-2051
9773
7957
6778
6803
5970
9004
6247
-7431
7821
-8890
2321
-4664
-636
-2514
919
1891
-8097
-5242
6931
142
183
7811
-9654
3958
-1848
2727
8819
5832
3461
-8276
-3180
2941
-5741
-6882
1230
-7518
-7787
-1674
-161
1417
-6669
-8872
4903
6158
1007
-3873
3808
-2070
9006
5765
-1306
-4007
-3443
8396
-780
-6579
-2314
-6123
-2783
-8816
-3983
8866
4728
-6753
4
4205
8234
-2573
7073
3924
9399
-599
1978
-8608
-5479
-3708
-9874
6686
8659
-8533
-6727
3682
-3915
-4221
-1323
-3306
-3328
-7416
934
4519
-3621
-5683
7382
7724
7206
-2617
7054
8840
-9530
532
-9214
2158
7177
796
1895
-1618
1806
-7642
-3549
5422
4769
-8605
-1714
733
6058
3581
6997
-3635
-9054
-4998
-1817
-4493
-9527
3521
8577
-382
3274
-7351
1189
-4344
-1869
8239
7196
5919
-75
4080
5152
-8573
-1681
6157
3357
-7470
-2724
-8960
1561
5350
-2388
-1858
-6850
5203
-2205
4835
8545
5899
-3637
5040
-4672
941
-2569
6915
-4306
1149
6824
6336
-5949
9193
-9413
-8360
1973
7658
-5882
-8950
3111
2562
8898
3336
-5033
1148
-6977
-7568
-1070
-6111
7147
5254
-1334
-8468
3230
8466
-8676
-7747
-2452
371
-6174
1300
-3107
7279
9197
-4207
-5132
9459
-7481
7430
3607
3370
9078
4698
-2455
-2729
8603
-7910
1880
2239
6750
-6783
-8487
5721
-6695
-926
-1407
-9928
-5732
1559
-1266
-6332
-7224
-5690
1381
-5860
-8798
-7722
-2165
5697
7610
2186
-411
-3055
-2451
-6570
-4852
8109
-5482
-5075
-8197
-7179
-3477
-2522
-3706
7679
9585
-2603
1287
8359
1828
6231
4084
-1920
-3832
3798
-1575
2220
-6594
-9841
-9320
-4968
-7511
9816
-8649
9076
4321
-6482
-1843
-5616
-7152
-7721
9641
2742
1433
8553
-8282
-7870
-8074
-7543
-2695
2881
5024
-1878
962
-4222
-6097
-5924
2701
7368
-8755
-5301
653
-4325
-2458
2173
412
3583
-3145
-7781
-7974
-4270
7403
-5053
8600
98
-1988
7573
3318
4173
496
1119
-1350
-2703
9169
-555
-7691
4244
8130
7925
-5164
1202
2624
-7273
-9347
2053
1261
7927
2970
-5940
-4721
-774
3594
-6176
-8862
-1391
-4701
-5500
796
9804
5671
3928
5112
-9141
-556
9510
-124
-4430
-9051
-3364
834
8454
5581
-3020
-6065
3663
4086
-2255
-2172
7929
-6708
1376
4654
7156
-4350
-9227
-2027
-9652
-5879
7047
3391
5537
-574
-4771
2265
9467
-5391
-2357
4484
6455
4558
2292
-7188
-8691
4093
-4544
9307
5910
-7937
-1929
1290
-3075
-5568
-2121
3330
6932
-3192
-2311
-6805
-7341
-1933
3961
-3282
-182
6768
7958
9042
6119
9394
5061
-793
-3543
6719
-2520
30
4587
-4178
5431
9288
284
9723
-552
-3476
4663
9987
1052
3386
-7842
4873
3015
6537
5037
-601
8344
2551
-1817
4128
-4202
6425
5888
3761
6095
-3271
2241
-1788
279
-2340
-1593
-4970
-1299
6506
1684
-7899
-2152
-5753
-7257
2339
-7836
-9678
-7281
2956
7829
-4538
7374
-6115
9453
-4945
1240
-3786
1997
-8959
7450
-9027
-979
-8031
6903
-3008
-2998
-25
1900
6069
-4237
4359
9941
-6934
9899
-3222
4047
-4869
7571
-1757
-6731
9308
4854
-3127
-6534
272
465
1476
-4511
764
8453
-6901
2976
-9260
-7175
1801
364
6373
8250
-7199
-4176
4856
5825
-994
8610
6182
3174
-7466
-4712
-139
1927
-8833
8675
-6110
9005
5160
8228
5993
7745
-8512
-8008
-9096
2622
886
2242
-8748
1474
-3146
7115
8874
-5217
-3970
5800
6312
-2654
3651
-6276
-1264
-7158
-7458
-5780
-3962
2793
-7254
-6028
352
9716
-8065
187
3394
-2613
-8377
-5972
-9457
-1332
-9079
9243
1191
9896
6185
-8975
-9254
8639
-6721
7598
-5327
4341
-5512
348
-7942
-4908
-2970
-3488
-846
-8415
467
-4059
-840
-1146
375
-3145
8344
5612
-2445
555
9290
7514
6837
-1300
1388
76
6814
3267
1257
5269
891
1084
1516
4046
5041
3360
-8498
1935
-483
9146
-1931
2044
1499
4812
-7697
-4884
-760
-4326
-3533
-3274
-6735
4372
-5434
-1031
8865
678
-9428
6163
-1429
-3489
-9381
2832
6262
8190
-6535
1492
-7834
1769
-606
-3290
1592
-6999
5426
3072
7918
-4033
4361
-5154
9560
-3431
-2036
-7392
-5
-5546
9247
-2014
3875
-8690
-7380
6206
8143
2491
7134
1477
-4743
-3508
-3895
8481
965
-7255
8717
-3139
-3916
-4584
-9554
-678
9310
-595
-2092
-6519
2819
1125
3377
6782
4355
-5263
-4237
6685
-1746
-2312
-8479
2050
507
8148
-7779
-7734
-648
-9020
-1274
-6913
9828
-516
7930
-6844
4507
5595
-7988
9974
7249
-8416
-6973
-4087
-8820
-20
-2095
1555
8314
7812
-6189
-5693
3180
3297
8819
1730
-3732
1530
-7591
965
-3483
-1342
5334
-9300
-7488
7574
-369
-5546
5756
5242
7790
639
-7765
889
-9409
-6216
7113
-8166
-8804
-9881
2439
-3142
-5788
-4938
1859
-9780
-1542
4361
-3411
7581
-1607
2325
-3230
1455
9036
1788
-6521
-8565
-4063
3241
-3803
-8116
-9854
8071
-6316
-7803
-6132
-9721
56
5035
-3763
7260
-7414
-1905
3751
-8909
9106
-394
-3526
-7530
-6737
-8292
1879
-6214
-8126
6940
-1453
-9672
3365
-9046
-4322
-6364
-9443
-8545
-1840
-7023
5261
4767
-4700
-7573
6838
5
-2937
-8288
-4640
3010
-8448
6506
1044
882
-4576
7192
6225
8372
8224
4229
4951
6721
-84
-5415
5159
-3788
-7612
-5864
-1539
3461
-3618
7748
-3826
-5133
-504
-9113
-24
3351
6563
923
9335
3668
6037
-9374
8249
-3202
-9111
60
-5932
-3422
1479
-1627
-1808
-8295
-5668
-9164
9098
-3078
7935
-1791
2923
7757
-5206
4640
-580
-4423
-6264
2749
-4578
-9727
-213
3256
-6128
1940
3082
2735
7915
7146
-358
8497
180
-614
-9250
6271
-3408
7472
9502
1768
-4270
1518
-5703
-369
-8812
-2149
-7209
7382
8402
-7249
4034
1166
-9401
-4157
-8361
2775
-7154
-1790
-1687
8712
8506
4449
-7034
-7911
4772
-1857
4164
93
-8852
608
3252
299
-6006
-9319
9116
3581
7710
-3540
-3759
-4580
-1952
-6739
9705
9029
1366
516
444
-8135
-2653
631
-7119
2168
6919
-5395
2545
-6646
-720
9479
4625
3042
-1915
9346
1268
6061
2727
6107
-8041
1248
4819
-7879
-7954
-9912
-7644
6461
-5
3188
1845
2520
-9429
-3425
-4061
-9375
7937
-9026
-8138
-7936
6668
-8375
-456
4394
-8062
-9546
-3827
-7847
-5400
5119
-5284
-7218
385
-5607
-7947
-5522
-9797
-769
-6114
-4845
2001
5385
-5749
-7212
-2877
4935
9607
4980
-8618
7106
-7397
9301
-9743
-6991
-6563
6779
-6681
-7462
8561
-2530
2311
1306
-8810
2494
976
8392
5915
9096
6639
-9398
-7193
2108
5102
7456
-3057
-947
6506
-425
2414
-5501
4683
9455
-4834
-102
-9362
4002
-2988
-9247
5718
-9532
-611
4308
3291
-1749
-7062
7590
-2937
-417
-9469
-3855
-6112
-6540
-7375
9679
-5560
-9039
-2850
7878
258
890
1086
-7638
-327
172
-2650
-954
-9560
8425
8765
-2524
-4192
7340
-5278
3323
-6574
4881
9270
7763
-1565
3653
4682
-549
1574
-7582
-9791
-2121
-3474
7777
9845
-945
6861
4831
-2811
-6783
8542
-2742
-4770
-1580
-2503
9172
4239
-3616
-8155
7766
1455
-6183
-2149
960
9476
4180
705
-5807
-8868
-778
-46
-1189
-6677
1556
-2287
-2026
-3428
5359
-2896
-5018
8952
-9574
-3748
868
-8997
-2424
-2678
-9949
9781
6490
6447
-1941
-6904
-5698
-9078
5087
-8389
-2708
-1631
-7406
8987
-4859
2653
454
4347
4586
795
-6055
9187
-4589
2357
7764
3146
-8936
-6916
1795
1676
-8764
-3580
6646
-7013
5244
8942
6701
6045
-3117
-5308
-2726
-7723
-5220
4420
-1373
2553
2183
-7561
-6538
661
1723
7643
-7757
2944
-8847
2722
-4686
-1896
1638
3198
-2144
-4844
7320
-6906
7230
2527
-9780
7307
8544
-237
2864
9985
-7717
7045
3392
-1831
-5112
1044
-4078
5418
-4812
4997
-9306
8330
-8848
7291
6077
3512
-6976
-7673
8336
2053
-6245
5896
-5369
-4242
-4138
4106
-3981
-8249
-84
563
9774
8271
-2796
-3125
4999
5679
5082
5811
-9173
7295
3500
-724
-3929
-4710
-7579
621
5440
7357
2169
4503
-6125
-9872
-6959
-9739
-2355
1252
9168
9445
-6383
9268
9006
3110
8829
8656
-2612
-1774
-2716
-5715
3881
-6481
-1252
5121
4824
-167
9362
-6995
-3934
-8661
-3299
3562
3409
6070
3586
5110
-9016
-3450
3999
4368
874
-7370
3349
6913
9522
6753
-7397
2775
9246
2195
5418
-1001
9828
1873
9626
4628
-8642
-2085
5980
8254
7340
-8507
1709
4169
-1218
-6309
-8335
5907
-4840
3439
8910
-9979
4455
-1563
-4742
7527
-6325
-3441
9964
-7720
227
3828
-1975
3788
-9036
-3399
1984
-787
8595
1636
-2679
1419
6871
-5156
9398
2522
-7761
-2501
-7074
219
2882
5100
7701
6122
4152
-6777
2101
504
1046
978
5373
855
-9051
-5696
7556
5893
9999
976
9761
5746
-745
2850
-1307
8784
3951
-539
5257
-4336
3617
870
-8136
-8441
-8449
-4974
-4593
-6669
8137
7560
-9312
4040
-1204
8306
-6561
-7132
-8195
8247
-2424
7574
-669
-1433
5996
-9275
4723
-3598
3584
4009
-7562
5055
4328
-1253
7044
-4677
6539
8541
7032
5406
1533
8020
5908
9477
5785
3382
-1669
3289
-2793
8903
4640
-7704
-3235
8912
8037
-9422
-5694
-1699
-7366
3066
526
-6618
-1947
-1603
-6285
-6913
5748
-4818
-1529
-3679
-141
1704
-4803
-8287
-8180
-2826
2125
-1585
-8609
-2995
4400
-8237
7884
2910
6839
-3680
212
821
-8691
-9343
8865
1724
-4372
-9009
-6816
2118
-6424
5518
-1151
2919
-6632
-2339
3630
-1795
-4128
8990
9278
8864
8308
2760
-5952
-6481
-16
-1731
-463
-4673
-6577
5728
1003
8646
5007
-2466
-1403
3794
-3003
-5945
51
6599
-9150
2892
-5155
6929
2205
953
8531
-8386
-4292
9241
-2030
8524
4353
-7828
4336
76
6312
-7831
966
-7609
-1081
-7854
-6995
1458
2717
-5707
-301
2226
6870
-6566
2911
4648
3959
50
-9414
-9221
479
9031
-4380
-3620
9249
-2438
5159
3639
-3496
2771
-2567
-5162
232
-6637
9553
-4493
5571
-3186
7134
-4273
8306
1019
7658
6164
-8413
-8885
7737
9501
-3930
-9260
7102
-7183
-3114
-6786
5053
6235
-8731
-5449
-3176
658
-7866
-9383
1572
8459
-3735
2226
5974
3101
-5656
9053
-4806
1966
-9531
-3109
8495
-919
3992
-6791
8156
-4558
6707
2611
-7174
-6315
1243
-5261
-7090
1224
-7362
-306
8773
6871
6657
-8526
855
4809
1023
7462
85
-5557
-3633
-3367
2414
-5184
-784
7381
9396
-439
-8304
-9554
1790
-2421
-7987
3071
-1140
5826
-8023
8955
527
-1988
6268
8394
-7713
-9127
6802
5875
-7454
-2457
8285
-1312
4868
-179
-7282
-3499
8461
-8751
-955
373
9654
2281
1310
-3821
5456
-6426
7508
8058
-2332
6727
-3685
953
2228
-5001
-7188
7138
-6227
5058
6146
178
-7394
-835
5927
8659
1945
5822
1169
-7654
7129
2577
3788
2695
-4909
5081
-7659
-8126
-2873
4674
7530
-5499
7668
-2432
-3081
-550
1713
6963
-9090
-9195
904
-6796
9121
-4002
9640
848
-3312
-2618
9597
-8728
445
8749
359
5068
746
4471
3296
8522
-8612
-9883
-4868
6565
3828
2401
1923
-1847
-5732
-3381
-9491
-4460
7274
-4141
1081
7194
-4922
-6986
-2558
7652
-5997
9349
-3285
-1869
-7140
-790
-2432
-9031
6373
-3279
4081
5808
-6463
-4894
-2082
1833
9174
-5908
-4495
4971
-8380
-4042
7885
-6123
4991
-2663
-3742
8551
8176
-1597
2863
-5941
-5467
-5374
-8661
-6792
-8968
7751
-7049
86
-6153
-4587
-8811
8636
1465
9352
-173
-2079
-9324
6870
-8673
986
-33
1226
-4366
7287
7549
-3246
903
-3827
2119
-1375
7080
-7728
1370
7388
-7091
7969
-621
4946
6908
7568
-6874
4695
4948
4662
-1256
4337
7519
-4801
-1506
-5907
3403
-8862
9517
5341
-7383
7143
8929
-1367
9513
-368
-4269
1692
5496
-2633
-6260
-4576
3670
-9635
7570
2910
-5789
7943
9485
-6175
-2020
-7476
2779
2822
-5429
9930
-5404
-1973
-7558
441
5524
8644
4691
8406
-892
1176
-3838
-6124
4599
-3000
8616
-657
-2824
-3427
7743
-5143
2363
-3777
-3132
712
-4462
-5808
259
-9068
6706
9176
843
8865
6646
3420
6707
6044
-9159
-7861
-4182
-9465
-4593
9695
-360
8372
-6215
-6582
-6117
-7476
-3626
5048
-5916
8803
-3427
151
1114
6818
9666
-5026
1744
4805
4366
1161
1540
6001
-2790
1563
-2376
2557
8992
-9321
7216
-9045
4690
-3501
5166
-4933
8522
-2807
-8306
2215
-3341
-4978
7579
-229
-6361
-6490
-4235
9558
708
-2849
-4043
-897
7165
-4440
-3841
-2766
-1811
6745
3823
4034
8604
-6579
4451
3365
-5960
-7918
3843
-7897
-2907
1882
70
7738
-3488
5503
2923
1186
-7740
2979
1392
-7986
3805
-1328
6359
4368
8509
9574
-2816
4153
3084
-6898
-2300
4789
6636
544
-4171
5796
-2403
-8705
-3868
9843
-904
-7099
7337
3426
-9672
-471
-3456
4936
-1410
-1905
-465
2828
1147
3479
-8168
5528
8231
1529
4988
-7755
875
-8615
-7826
4992
-9342
2104
-3119
9016
8862
-6249
9502
-2556
-4875
-594
6026
-465
-1316
2606
-5021
8082
-7291
6541
5391
-4884
-8754
3729
-364
2946
9515
-1672
3537
-5294
324
-704
8447
8766
5630
7256
-9824
9676
5126
2250
9185
8252
1181
1594
-3505
9624
3898
3321
3313
4916
-2672
-2516
-5750
5939
6840
-849
-8903
914
8317
2277
6008
6659
5932
262
2013
4781
4619
-4732
433
5548
2548
-8912
-5422
3296
5854
7170
-2547
1544
-3691
-5036
-1900
-4260
-6011
-1694
8840
2172
2673
3399
-942
9426
-5289
-3526
-4513
-6436
-2551
1235
437
-9352
-5684
-6124
7043
-5192
3152
633
7183
4425
2773
-5490
7780
-9515
4994
5989
2734
8818
-3236
8553
-4261
62
-5935
-7664
3485
-6640
205
3011
-8438
-2943
8863
5483
-6467
2031
-1002
8514
-8526
-111
-1245
8196
-4792
-7465
4338
-1570
4649
4766
9871
7552
-9177
-7019
-6539
-9060
991
4798
6588
-8095
4522
3858
8885
7735
9647
-9762
-3372
6342
2955
3708
-608
-9598
-3863
9406
7532
5455
7317
8557
4643
-5528
864
4240
387
-4044
1511
-7359
5681
2048
6972
-1185
5231
246
-6675
-2988
2615
-8617
189
-9773
-2890
4695
4620
-7201
9937
5316
-7973
6939
-5721
-8525
-2469
-7872
5150
3331
-363
-887
-3347
-5049
4959
5254
1785
3094
-1183
-7056
5961
6219
-3340
6521
77
-7488
2501
-1687
3520
7528
-2318
357
9876
-9976
43
989
-1641
-7476
8988
5837
-2863
-52
9758
-6437
7526
227
-203
-2380
3639
895
-8225
9177
1739
2596
-7328
9999
-1766
6601
-2113
9077
4147
-9003
9812
1642
9313
8882
-4359
6412
-4847
-517
1541
1851
1001
-5621
7298
-6691
3411
-6629
-6401
8519
-6494
-6145
5402
-1655
-2246
-885
2006
-6984
6918
624
-2854
1917
2418
-4016
-3033
-8243
185
3464
-3634
-9294
2738
687
8111
-5510
-2175
3075
4320
9302
-5435
8511
-6704
5908
-3359
-2912
2294
-6848
4247
455
-4947
-6534
-2934
-1151
-4557
609
-3237
4263
1856
-6659
-5026
-8898
4840
4117
7162
5045
-9890
324
4055
-9312
-9205
-4056
6715
9653
-6274
-6084
-8807
2517
2846
-8774
4453
-3979
4062
-3169
-7302
-3696
3266
2518
-9741
6807
-4361
5799
7019
4240
7536
3410
-3531
-6361
-3674
-9939
7553
-8339
-3832
-5657
6286
-8167
2802
-9227
-5267
-9907
9942
9015
4880
-5369
6253
9341
2022
7202
-3936
1009
-6797
5140
-3603
2575
-2541
-5050
-4702
9912
2432
7304
-6753
-6860
-7488
-7031
-2537
-9010
-8837
3815
-9524
6006
1826
2534
2488
5131
713
-221
-8547
410
528
-6035
-5643
-6974
6978
-2748
-6880
-2
6213
8517
6065
-1229
3737
-7128
4303
3668
5766
-3377
-3561
-7005
6952
7822
740
1929
-5527
-1733
4989
1562
664
-8750
-1744
2111
-7116
-4495
-9286
-2869
-9059
9175
7499
7790
-8452
-1091
3930
-6990
3214
869
9284
6743
7051
-7234
-3013
799
5840
-5194
9833
-4183
5171
6599
9634
-3041
-9838
-1231
6557
-524
8863
3810
7795
-9249
8996
-8589
9046
-5442
5514
-8605
-1512
-8508
-1643
-1027
-4823
-2484
6941
-3579
1320
2598
576
9527
9784
984
-7610
361
871
501
5088
-5939
-2257
-4546
-53
-1642
8833
-3795
3416
-845
2151
7848
2048
8904
3765
-937
-6421
-1761
-9118
-6030
-2638
-8259
-2182
945
5836
325
-6189
-3422
-6550
-9262
2491
-9481
2884
-9588
-7812
-863
-9101
-4090
-2
-2853
-5601
-5049
3757
3381
-6143
-6973
-710
7930
5675
5575
-2821
2480
6125
6249
4030
-8498
-8131
-2814
-2780
9803
-3849
-3933
-7205
1039
-9667
-268
5532
1419
-7978
188
-6551
-5465
3977
-5625
8888
-4494
6875
-2560
3268
-8798
4878
-2507
8936
-615
-9840
2394
-3980
-2314
548
256
-9439
-2500
3315
3275
8726
5153
4714
2891
7213
3386
-4130
8910
1576
9901
3100
-877
4916
816
-4358
310
-1590
-8167
-5954
-1824
5208
-9117
4847
-4672
4287
6637
9982
-8762
-2718
7295
7006
-831
6349
6636
-5501
7123
2775
-1636
4909
8672
8730
-2697
-7139
-4055
-8327
-4745
2294
-2384
-5885
-8139
-8893
-6204
-9019
5291
-1514
-9937
1301
8174
-6875
4611
8857
5226
4028
-3663
2030
3542
5561
-7829
-1409
3713
4492
9332
-7422
-180
-5867
6916
3992
-9544
3018
3593
-9750
2945
-5861
-8431
4781
-6286
2682
2177
-6920
3885
-7449
4059
9298
6933
-1833
-3735
-9967
8072
-4846
8007
-5218
-7301
-3303
6693
-531
2509
-3143
5794
6930
-9941
-5051
9017
6004
6109
-7812
581
3822
-2815
9343
-3261
-2549
1259
-8449
-5657
8707
9504
-22
-1780
8679
9985
2589
4234
-5358
196
9944
-9505
4602
205
7902
162
6582
-5220
3144
-4142
5014
-101
3599
5713
-6787
-5374
8811
6195
-5554
1106
4372
-5063
-5488
5818
6637
-3687
-5589
-2504
-2666
-4600
683
2776
-5612
8967
-2556
3182
7638
-3693
-3571
-4819
832
-7477
5526
-8502
1586
-2060
-8526
-2967
5398
872
-8213
-2831
-7205
-2360
4802
6395
6966
-9373
4100
-728
-1456
9151
8887
2974
-1026
-730
8895
2286
-4393
-7830
8975
-6424
-5481
-5688
-7995
653
-3758
-9714
-5487
-4321
3587
-2324
9175
-2225
-8667
-1867
-4086
3737
4837
4157
3177
2535
-8203
2825
145
-3745
5850
-9397
7405
3322
-3243
7848
6095
-6566
5833
1223
417
8821
2333
9821
5608
1613
3704
-1476
7416
-1744
4937
4453
1069
-9179
-6423
2645
-9429
-1993
7877
896
3259
-3039
616
-5524
1363
-3592
-3283
1417
4716
3719
-2060
2435
-6656
-7854
-8873
6267
713
-6687
94
8395
8691
-3291
3897
2357
-4289
-2231
6533
-5100
-1684
5269
6537
6909
4295
-6274
1152
-5127
-6242
923
-1113
9670
-7883
3890
8313
6217
-7279
7340
-5897
-9865
-1399
9772
-1795
8042
4490
3504
-4863
6496
6112
-2422
-7417
-6321
-8075
9036
9187
-3121
-7732
1300
-5500
-1677
4913
-5207
6827
-762
1164
8719
-7766
3120
-2878
6263
-990
5053
4435
711
5712
8527
-3493
1535
-827
-6282
-8248
-3651
-62
7021
-5616
1380
146
3443
99
5878
3343
-610
5355
-2429
-2496
5941
-4416
6074
168
4987
-9909
-164
3416
9073
2649
2672
-2287
1859
-5528
9334
3188
-1937
9771
-1030
-7992
-7704
-2285
5212
5902
-8876
-6122
-7642
7929
-6322
-856
1201
3158
-8107
6057
3146
-1891
5076
-9016
799
3228
3669
7324
8377
3678
7196
-8022
-4436
-8992
9308
-7634
228
-3567
5038
1600
-4173
476
-5451
7365
-6578
493
1672
-2720
-1797
301
2881
-9832
-2046
8482
689
-5862
-8296
-2880
9271
3088
-8817
-4429
-6602
-4956
-5236
666
7179
-9689
-9320
6779
-740
-9703
1040
3282
-4669
-3369
-9990
7183
-9989
-5473
-7684
-7850
-2166
-4077
-7897
9706
-8296
-4464
5813
-1339
-1687
5310
4475
4648
3295
-8324
-8783
-8256
-7087
-202
-3129
6554
2944
-4939
8642
9492
-6443
-5302
9971
8482
9569
-4565
9559
655
211
-3493
9436
-7099
1168
-3014
6697
-695
-1291
9989
9046
5676
-2398
-2086
-1052
4162
-5637
-7872
76
-4552
-85
9935
3260
2894
-4533
-2095
-3373
1135
676
6577
-1876
5476
2179
3408
2103
4017
9497
2218
-4141
5274
4716
6149
-5661
8264
-4195
-8621
-9736
-376
9316
-6349
-1523
-1459
7270
-6182
539
1254
4488
-9086
4283
2566
-5051
-1927
1885
-4471
5210
6547
-3642
-8180
-3025
-6121
3346
3247
-9037
-731
5601
-3245
9880
-7686
9527
-8215
-1806
7251
-3617
5796
5160
1111
-3898
-4176
-4085
9167
8985
-7811
-7906
73
-1163
1177
1984
-2300
2193
-6729
-6176
-5440
6173
-743
8466
5985
-9524
4709
9811
-7868
-9893
-563
3800
-5682
-1641
5207
-1344
7680
5433
3466
6268
-6419
-3438
8935
2430
-7220
9647
9005
6785
8489
-6891
-3767
-5675
-3389
-8308
8462
-3542
-9361
1183
-5678
-4259
540
-5372
-6601
5317
-8247
-6856
-268
4218
-6446
-9331
5994
4589
-2262
-3245
6957
6790
-6524
-2166
2219
-4069
5634
-958
412
-680
-4016
8914
780
-2813
5908
-3645
-6276
-6662
-6316
-8346
9048
516
-3575
5844
776
9360
152
7772
-9050
-1145
4092
6121
6277
-3634
797
7476
9424
9526
3724
-7301
-7345
5409
3028
-2792
-7369
7035
3158
-8018
4407
-9377
-4008
4329
3895
5009
5331
2362
4557
-8408
-803
9345
8212
-7019
6428
6867
-1595
2091
-7712
-9796
9557
3644
-1482
-6609
-9859
4265
-1123
-5043
-7301
-5855
8523
4663
8927
-1933
-2078
9747
-2641
-5675
7736
-1678
-8759
-436
9248
9947
-7701
-5222
-4551
-4837
7340
2276
7509
-2833
365
-7774
-8132
7946
-5406
9463
9820
8217
5665
7002
-9190
6921
5317
-1779
2594
-2227
-7032
2979
-3586
7425
-3653
-5832
7258
6201
3248
6124
648
3913
9590
-2287
-3199
6323
-9400
2697
-7668
-1846
3649
-1158
9789
1981
-2673
7979
-4508
7331
-3857
7541
-7687
-3372
-6295
5782
-4766
-941
8928
2676
2109
-1355
7452
5406
-2455
4973
498
7714
-3270
-5062
7497
9683
5624
-5914
9009
-71
-1680
-5270
5274
-249
-885
-6354
304
-4768
8502
4051
6873
-8657
5273
-3117
-2499
5613
3659
-3697
-7642
4486
4399
-862
5213
-3632
6892
437
-4770
-4060
8336
-2915
5713
-2619
9456
-950
-1269
5925
9178
3588
-9057
4192
-6660
-2179
-4667
-1703
-6726
-8744
-1795
7235
-3931
-7458
6238
-3470
-1241
-3864
1308
9113
-1621
-4461
9087
1278
-4714
1374
-5346
-8537
-6219
2973
-5913
-6962
4587
-1493
8841
-2472
-8204
-3001
9764
-2860
6390
3356
7565
1954
-9191
6227
3613
-6584
-4218
-5672
-700
-4219
3604
6307
7067
5471
506
8672
6894
-1008
2544
-6037
1037
-6843
9047
1612
873
5450
62
1876
3683
2723
-7693
-2577
173
2381
4528
-8851
3455
-117
-9686
-9856
4076
-9509
287
1340
-7559
523
-5071
-6638
-9300
9291
7305
-7743
6651
-4773
-6121
-3288
9541
-3903
-8999
9557
9101
1857
-3238
-3966
8401
-8201
-937
7849
626
2859
-263
-6839
-7816
8041
-5617
-2649
7631
3634
641
-9648
6508
-3843
-1010
-3255
-5060
2362
8392
4889
-5573
-1794
3070
9979
2098
611
329
1365
744
-7555
-4894
319
-1526
-9040
8470
-1363
-3418
-9871
7747
5083
1057
1381
-4091
-5219
5013
-3952
1627
2455
7473
-2821
-7355
-7525
1717
7023
5577
538
-6890
-1433
-8979
1741
-9208
-909
440
-1345
-6953
-3772
-2876
-2463
9420
9057
9243
-1782
-9302
8284
-1207
7107
-3910
7862
-2914
-9606
3117
-2646
5812
-1272
-907
4682
1527
4876
3063
3683
-2439
4536
5614
-7437
3763
-9904
7463
-987
6738
-5935
-5825
3162
9790
-3212
-5010
7874
-3454
-899
7444
-5396
-5255
5506
844
5813
2762
3891
-6946
-2804
-6582
8166
5312
-949
-203
3508
391
3898
-270
-7280
1233
3873
9145
9309
1025
5253
1391
8697
-7987
-6251
-7239
2113
54
3089
8981
-2146
3247
462
795
2047
-7671
616
8517
4892
-5679
862
3535
1082
3881
-6008
-4176
-7964
-4425
7820
8660
-9317
-1223
-8404
6081
-452
-3692
-8153
5686
-6789
3931
1811
208
9873
3268
-8090
5985
5034
632
-9291
1173
9132
-8284
7408
3485
5189
-132
2322
-579
-3070
4040
5856
-9465
-1868
-2359
2700
-6124
-116
-4219
-5518
2897
-4589
-9056
6895
-9161
7043
-3313
-5240
279
991
1267
5202
916
7346
6568
-5744
-1402
8618
3198
-608
42
6238
3287
-6583
10000
4514
4534
-4738
6723
-7788
1786
-8551
-725
-4390
5758
-765
-1010
-2182
6856
7687
6395
-5627
3568
5668
-5587
3652
3024
9513
-1955
861
5942
-6726
5670
-2044
-9439
-4626
4106
-1424
8931
9626
1223
3554
4720
9286
8037
2382
-9757
8060
9194
-8643
-2560
7134
-5211
3438
3267
7212
-5962
-7618
-1433
-657
8652
-2453
-1329
6005
-2697
-6907
-4198
-3560
4671
-853
-7243
-5489
-8818
1530
-5944
-7653
2483
-2661
9715
-3265
1256
1766
882
394
5658
1429
-3497
-6312
-9702
4536
1607
-1732
1854
1824
6231
-7115
557
2501
6554
1361
9768
-5112
3592
469
4754
-6384
3965
-38
4765
-325
7286
-835
-7171
8532
-3185
1087
-7114
5339
-2977
-2649
-7814
8211
6618
-725
-9295
4642
-7720
-8453
7471
-1657
8147
8338
-1303
-3042
-8958
2227
-3033
-2378
6354
-354
-5404
-7073
9660
-7823
176
-9727
-3350
3823
-4295
8352
6677
4865
3601
6244
-2536
-8362
9100
5659
-1870
-7010
-7526
-6778
1128
7575
-6150
-4982
-8097
9945
-1622
-4896
5743
-3598
4006
9297
-4619
-9006
-99
-4596
1889
895
4648
2327
-8997
8808
4118
-7813
-671
7930
-5298
-3056
-5055
9756
-250
-741
8521
-7871
9802
240
8972
8828
-157
4481
8299
1924
-1032
-8679
8081
4514
-9192
-8003
-2555
1466
-8245
-1515
-9441
-8291
4129
3956
-2300
-7588
5848
-5291
-7748
7513
2700
311
7085
9178
-2508
7062
-4668
7108
144
-3364
-4720
-3197
2063
5289
4149
9956
459
-88
1451
3263
173
8778
786
-8338
2563
-357
-5910
5178
-3147
442
-821
-1332
4036
2044
2672
542
-7916
-5110
-7826
-5541
7668
-4501
-3718
2069
-4571
3175
7660
-9045
8487
-8426
8645
6761
5428
-4315
-9762
-940
-1463
2626
-6934
-5548
7055
-8054
4340
-1370
2602
698
8093
540
4219
-421
-7557
9415
8600
3105
-8003
3533
-7182
-8464
9238
-8727
2774
-2685
2280
1876
6308
-6875
-220
3305
7449
4087
-9984
356
409
3485
-8871
-8271
-5509
141
-3476
224
7793
-2889
-8872
-3046
-6296
-676
-2773
-8996
-1448
9957
-2836
6809
3563
-1785
5186
-7152
2306
7485
-8813
-8611
5668
-6053
3588
-394
7042
-4751
-9268
7035
713
-6759
-9129
-8556
9345
-6229
-4606
6785
-1806
-1541
6699
-4835
6112
2222
5791
-2083
167
3555
3987
1454
2500
5666
3161
9256
-6251
619
-7431
396
-2298
-1871
985
-3403
-1595
-5364
-899
-347
-2549
-449
9836
6518
-6580
1881
-5410
-3470
-3875
1192
-1366
6955
1804
-6891
-720
8153
448
8157
-2533
2612
-3265
-5937
2084
-6357
6054
8716
-8862
2728
4040
7602
-8036
6703
-5194
-6822
-8813
5667
7669
1266
-7481
-6924
667
-2259
3807
-2572
925
6418
-6939
-1819
1579
134
-1014
9277
-6173
4005
1247
-5342
8233
-7351
8435
1356
-6022
2861
-3554
7955
-2824
5356
4378
9692
5436
6691
-2919
2885
7410
873
-5887
6447
-9042
9640
-332
-7409
3090
-8928
3185
3826
3787
945
6480
-7806
-6826
4882
9725
-502
-9676
-1681
-7091
9107
4881
-4764
9893
3095
3755
-9104
-4149
-3276
-4292
5634
-8953
-2589
5062
-6607
3827
1956
6329
251
-2292
-8063
722
-9792
4445
2405
-8405
2801
-3544
-2623
-5886
-1660
271
-7770
-3350
4936
-3658
-8920
-2719
2444
9500
5317
-7525
-3888
5480
-4126
6114
2070
7210
-8760
-1699
6914
-922
6772
-6349
-5772
-6635
3313
-1143
8834
-291
302
1361
5865
-4565
-4604
3896
1909
5840
-756
3846
5173
-9191
5088
-8623
-9825
-4115
8438
-882
135
-1228
-4077
6041
-48
4177
-5972
6259
-4088
-1618
-33
