7076
-7779
1234
-1173
7774
-6784
-2925
4759
1759
-932
-3787
-5252
7181
1651
5950
-8808
-9477
2646
8846
-3996
-7130
-4430
-5339
851
-3689
4888
-9951
6531
5924
-6720
6988
9902
2738
2824
-2878
-8373
-8010
4966
-168
-335
-682
-9377
234
5689
7079
-5348
-8034
5096
3717
9324
-4964
-5859
-3664
7522
5272
-8588
-5884
-4685
-7347
4224
4954
-5217
-3710
5370
8028
5656
-2541
-9395
7000
4202
-9192
-3309
-6433
3858
-8259
2026
2021
624
5567
2306
95
7145
4634
4402
6001
5229
-4084
2231
-8065
-7738
855
-760
4271
-1475
-9030
-6212
821
7940
-5641
697
5273
-8037
-2925
7895
-2101
193
1110
-567
-5205
8724
7099
-3812
-149
-724
-2140
-236
-8729
5304
-5965
-4502
-9822
8553
-5763
5090
-3458
-1256
5814
501
9496
4112
-7687
-5669
8400
6941
1445
1837
-9221
-4229
5501
9816
-9058
9219
6467
-2180
-9073
-2748
636
4721
4390
-1009
5565
1252
9139
8531
-3657
-8742
3311
8795
-9583
1655
-5093
5101
-9955
-5390
-948
-8599
6717
-8732
5791
8690
-5406
4358
-7325
-3420
5654
-4607
-1854
-3946
-4064
6969
-3690
-7646
-8972
24
-6661
-9059
2476
5950
-4166
-6453
-7625
-133
3710
4553
7663
-1882
2937
-693
9826
2838
6793
2524
8363
-1232
-9643
281
-153
858
1922
5559
1584
3346
-8202
1595
-7203
1119
-2459
7105
-9056
-6281
6732
6880
-605
7618
-1393
7547
641
3855
8794
-6181
-717
-6390
-7207
2748
-4270
8812
-8625
-4810
-6829
-3709
2286
-4311
4492
9474
5571
1843
-2190
-1161
-5301
3320
-4183
-9759
5419
7668
6676
3712
-1526
1820
6507
-4966
8809
1086
-430
-9415
-7530
-8792
6685
-8183
-9435
-8975
4279
1883
-9181
9879
-5647
-4730
-7220
-4017
5264
9159
-4417
2625
-136
-4496
-4168
8514
-8093
-5120
4730
1483
-6343
4566
3089
-4776
-5835
-2048
1794
-9345
6625
-7014
-1874
-5113
-5691
-5493
8209
4865
1394
-9253
8553
6920
8145
-5076
-3771
7315
-742
-6816
4785
-874
320
-7346
-1248
3245
2864
-955
8012
2747
-6870
9343
-8082
1703
-8861
-5940
4958
1842
4210
-3977
-2980
-7266
-5989
-3443
1664
-1563
-6423
887
-8821
-2648
3921
-3884
-7763
125
-3647
8877
5843
-5134
1096
7134
5185
1906
-6278
8590
-1548
-3613
-725
-7438
3994
2462
797
-6544
6258
5446
-8522
-9962
-536
2698
5551
-4150
-5793
-4945
-6737
-8831
-5620
-222
7296
-7872
-5191
7716
-1548
9054
2899
8358
-1841
9129
-9931
7619
3399
7201
167
5868
4590
5104
-3600
5602
2339
-8238
8754
2851
9325
4067
3446
-2184
2944
8383
-8727
853
-6036
1358
-7767
-7817
5887
6369
80
-7685
-1117
4665
-1577
7906
5723
-8018
2614
9960
-5764
-9719
9502
-1743
6969
1469
-9701
-8855
-875
-46
-7341
7097
3038
2985
-3635
7102
9291
6911
-6245
4741
5108
5693
2749
-7729
8678
-8079
-5952
-9650
486
6149
3008
-7546
896
6531
-6038
8152
-2545
-6117
9272
-884
6149
-2773
6607
-2763
6804
9432
-3907
1604
-2755
-6854
2387
-8994
-214
6342
2972
3879
5845
-8748
-6665
-860
-3230
-204
2638
4752
825
8211
4006
-4361
6731
3920
1072
3985
9900
7768
3208
706
-8365
-5993
3451
-9205
-2500
4939
4437
-3505
-5385
8597
-321
-6850
2924
-2354
-6980
6723
-3547
2518
-1985
1932
1011
6892
-6567
-2625
4142
-6385
-4126
2115
4170
1456
-3713
1491
-3732
-39
-2345
-4119
-1591
5539
-7012
7343
3654
4447
-5824
2970
-3944
-3204
7836
6454
8879
-3030
2807
0
-4398
9612
-5393
-7884
-8273
-1799
3081
-4667
9282
-9727
3563
7817
850
8169
5169
9588
-9193
5340
-3494
1941
5080
845
-8424
6961
-3889
-9039
8367
2638
-813
-5656
-2716
-1716
-6777
-6250
9302
243
-5915
4721
-912
-5511
7321
-9002
-3837
-117
-2152
-8838
-1837
37
-2186
-7529
927
9814
7421
5462
-3930
7220
8441
-8351
8915
-3078
3887
7170
-2260
-9335
-4644
9970
-5408
9934
4088
7992
-4127
-4522
-8121
9799
-519
-4649
-9601
7484
927
-5734
9273
8479
-7404
-5784
9312
4933
-6476
3609
-6211
200
-6549
5136
-6879
8582
4501
-6277
-5563
-157
-2759
-4796
9458
7234
-474
1615
7755
2795
-6271
-4094
2245
-4153
-5506
-9951
-7595
-6947
1962
695
-5932
-5616
-2473
-7731
-3478
6522
-3087
2588
6617
9008
7096
-5154
-1029
7859
8481
237
263
-7849
-9143
3278
9517
7393
4692
654
-6262
-3630
1465
8616
1841
-5756
6978
-7639
7185
6837
7066
5717
-1423
-6950
5606
4958
4268
-2055
-6880
753
1826
-3722
-6419
1710
737
4529
3471
1606
7410
2783
7094
1643
7511
8063
-8351
-2477
-5855
-5988
-3054
-673
-8367
6648
3089
-3508
-5868
6125
-9467
9375
4142
4694
6939
8445
-5891
-8436
-8285
-9683
-8036
3247
-6152
5833
2134
1511
-1765
-7585
6578
-2087
-2690
1757
6757
3673
6417
6042
3345
75
-2519
4639
9512
3511
3826
4908
4992
-8635
-6199
-5095
8673
5669
-7292
-7107
1657
5769
-6937
6365
9568
5537
-5735
2812
6328
460
-3822
3314
1543
8977
-8805
-5898
230
9870
-432
522
6665
-5711
-9656
-9423
3807
4210
-1499
2468
-5998
-7509
4304
-9391
-5365
-6651
2838
-1315
1763
4808
-9048
8554
-1953
8179
2230
-297
-6205
-7894
9868
4521
9549
9768
1456
-3228
-484
-1277
264
-8918
-2118
6743
2173
3138
9425
2401
6476
-6868
-1617
-2739
-841
5535
-422
8315
-1529
8542
-3520
3116
373
4306
-7338
-6433
-2051
-7042
4919
231
8730
-772
2716
-8030
4307
9376
4790
5432
-7133
8896
4113
-5591
-8394
9769
-8486
-5177
-3101
2148
2888
7661
2046
7096
1020
1140
-6009
-50
-6253
7310
7993
661
6221
6706
5357
-4897
5925
2872
1310
-1106
1327
4724
4444
1658
9178
2062
-5722
5694
9081
-3903
4654
6584
-632
3123
-286
9728
1917
3744
8031
-2506
5587
9134
417
8368
-5277
-376
8356
1351
-8234
-4100
-9685
-5594
9665
-8192
3410
6873
-557
1973
1342
-9579
-3477
-4656
-3621
3110
240
2222
-1016
6232
-1197
-8175
-4797
6573
8416
8100
4525
5165
4019
1409
5124
-2679
-561
-6220
-7247
-4843
2478
4912
9148
-9434
-6366
-8600
-3996
6171
3133
8474
3911
-3867
-6895
-781
-852
-6282
3916
58
-4955
9236
-9865
-2175
-2888
6786
-5167
4714
-2385
3501
-6354
7264
4233
3223
-5967
-8341
9673
2082
-4767
8776
9433
-4996
7821
-3696
426
401
-368
6491
7531
-7530
251
8524
781
-4221
1220
7792
-2838
917
-5397
-8188
7646
8296
-3827
8601
-8817
-1814
1170
-7691
-5476
6316
-4323
5829
4043
7832
-5044
469
-6770
-7693
-3501
4979
1671
-6195
3046
3839
-4000
-9154
-6538
9035
-6364
-918
-1023
3474
3156
1684
-698
7255
-5131
5252
7752
-1809
-1602
5803
-6864
5022
1010
-8675
1967
7744
-5448
-699
3197
8370
1044
169
7863
-7525
4124
-5217
-1762
9331
2501
2043
6164
-9208
-2356
-1212
-1424
717
3780
-1078
307
5555
-2234
2282
2846
-1492
8947
-6218
9833
-2779
576
-3379
3901
6349
-7344
4600
5530
4995
9278
9310
-6327
5637
-2226
161
3421
6773
8838
2636
6937
4260
-4861
-1578
7159
-8674
7772
-3977
-9213
691
-3039
-8811
894
-3146
3086
-231
3591
-9731
-5450
1
-7188
674
9529
8708
-7275
-5133
-5847
2977
7050
8552
-7798
-7704
-6883
753
3478
-8134
-1657
7176
-4411
-6503
9759
1324
-8692
1941
-7830
-1226
8428
-321
2264
-6519
-5198
2834
1845
5626
-2721
-8216
5866
4410
-2900
-3750
-8637
-8677
9991
4439
-4353
2978
7765
8067
-5975
-7215
6223
-6271
7987
789
7668
-8199
5673
-1215
-6775
3825
-2919
-474
-5646
-8614
-6418
-7687
2799
-9831
-6689
-1156
-4535
7518
5270
-6283
-8187
9921
-3127
-8441
9399
3982
7414
-1463
-9736
-6404
-2472
-3114
6731
9749
-6236
8625
-5733
1052
5045
2177
-1844
-7500
-8289
-4085
645
4901
9272
8352
8415
9817
-212
1261
6127
-5574
-7402
6688
6617
-5617
-7195
-7985
-1016
5136
4725
9402
8790
-3302
-5030
2288
5540
3982
-609
-2595
4098
-2393
-346
6569
-7403
8777
2194
957
6106
-7900
-6080
-2506
-9974
4946
4036
-9120
9736
4186
-1764
1622
5244
6729
9548
-766
-6542
-7585
-691
-8854
-6775
-302
-2542
-9140
9742
-9531
-8539
9038
312
-7979
-9699
5096
-2970
-4459
-512
8674
-2274
3991
7277
1307
9173
-9224
-6586
-7863
8800
-4873
-7901
-3768
8610
-3310
6906
9794
-563
-9934
5723
-4242
-7400
1585
1924
-7667
1036
-9848
-802
9756
556
-3847
-4347
1430
8406
-3858
-6006
7801
5955
-7935
2447
9225
3837
-8601
2260
-8363
8193
-5649
6832
-906
-1277
-4070
465
-6407
-3760
-3253
5216
-3532
-6491
4710
-907
-967
1494
-796
-2293
-1202
-5539
6168
-3469
-9454
-4744
-7037
4250
-4126
-5370
694
-4481
-8333
4202
-9202
-23
4312
1747
-6705
-8506
3784
-2837
-9358
3833
-7740
2181
-526
-5911
8499
6889
1640
6105
-5431
4089
-798
9515
3229
9351
-7107
-2317
8267
847
8587
-6158
4231
-4906
-5466
-1854
2960
960
8674
-1491
-229
-7742
-5442
1448
9053
8022
60
8821
5047
-6209
8035
-260
-9327
1669
6171
5332
4516
-754
9427
-6185
8505
-2235
-7783
-1489
-8816
4074
2811
-5444
7632
-4273
-4179
1959
3869
-4949
866
-38
-4018
-6674
531
8864
-7921
-9684
3178
-124
9116
9551
-2029
-683
-1944
-7615
-5332
906
-9231
-597
7756
2632
4997
-9616
8943
6080
6439
6110
9825
-6832
-8167
-1063
-4397
-2430
-9591
-4376
-5770
3096
-3238
-3193
-532
2634
-7794
-1615
4723
3643
-4702
-9301
-8049
-5847
-1249
3175
-363
7569
6270
-4730
5884
8139
6826
5170
6155
-3398
5488
2090
-2312
7355
-8266
-4266
-883
-517
2607
5659
5041
-9466
-3381
-5807
-4996
-2834
-2345
-1395
-7052
5986
-3149
2967
-748
468
9658
-1537
-7434
-4514
-74
2134
1680
-7797
-3158
5200
8990
-6989
-5701
2222
-9409
8677
-2323
8941
6857
2712
9671
8094
-8262
2164
7116
-3722
4900
-5715
5190
808
755
-4544
-1149
7233
9147
-8540
8301
9869
9416
-6013
2036
-2998
9
7012
-845
-5183
-2971
2795
5055
-228
7553
-3052
-9481
-8916
7393
-8060
-8753
-859
6587
-5133
-5668
9952
-4831
7420
-3637
2723
-800
-8412
3965
-6131
5913
-7352
7573
288
7739
9146
-8565
-1985
-3444
-7364
4032
6929
8852
430
411
2149
8003
-9208
-1810
-5157
-1385
-8851
9802
-3150
8440
8985
-7362
-3769
1365
4113
1867
8774
2790
435
-3379
-3347
9442
6212
-4775
6690
7606
262
9739
-4069
3842
-7223
-3086
-6548
6226
8786
-5469
-2257
-7194
-7287
-1106
2229
8966
1763
2848
4629
6477
-6838
3648
3449
769
1683
-7285
-1686
7864
-9675
-4058
4413
-4301
9370
9099
-4177
699
-3923
1915
9715
-9004
-9200
-5854
9107
7381
465
5267
-177
-9124
3766
-6344
4204
-8407
-914
4797
3816
6208
6299
-9910
2319
-4333
9695
9799
-9655
-4092
-1676
7171
-9684
-8906
7303
-8343
4545
6869
9325
844
-4482
-131
4317
6522
-5716
-2868
-3863
7762
-4676
8532
8230
4151
-4246
-134
1761
5726
6535
-4353
-7672
-6806
-7133
1425
4890
-1330
7810
-7976
1093
-6598
-8182
9225
4237
7393
-2000
-293
9476
-6535
-389
-3798
9633
-1116
-2654
2305
5154
5893
5025
-9775
-3802
6618
-9161
5701
-1301
6443
5110
9282
-1555
7964
7962
8672
-9158
-1946
3481
2132
-7450
-1337
5637
-3722
2581
-5773
-8136
-6071
7735
7463
2813
-6729
-1962
4060
59
2594
-4902
-7953
-329
-9023
2113
4252
1222
-6345
-5659
1660
-1621
-6727
1167
1444
-2954
-8592
-5653
-9713
-7751
4126
-72
7386
7374
-7804
6763
343
-4040
321
4760
9542
-7082
2823
5270
7145
9748
927
5532
-82
813
6646
-1742
-6895
-4741
-9063
-766
7190
-5232
-1325
5948
-5575
-9593
-2414
-4491
3580
5579
-6988
2609
3716
8077
-5591
-9906
9584
359
-496
6331
-4712
-3469
9581
-3416
715
-7761
1735
-6515
2222
-2634
-2517
6259
2076
4014
8060
-5582
-5303
-4329
8538
3279
-4495
-6366
-9893
6326
2403
-659
-4006
-938
9786
-5891
-2981
6715
-7852
-3149
-2811
9114
-4996
-7812
-5330
-2963
-6965
-7370
5055
3773
8038
-9528
9314
4188
-8421
2554
-5844
75
9586
9066
-1976
-4488
-5026
5160
3464
-7995
-8611
-9121
9014
742
6496
7828
-8691
5007
1457
-4404
478
-6962
403
7665
9499
-2937
6813
-2484
8676
-8518
9914
313
7910
-8517
1493
811
-1291
-2051
9446
-8736
-8263
-9739
4380
5136
-5233
-9407
1880
8186
-8644
-2562
-8442
7005
9217
6390
-3463
-1275
9744
5056
3185
525
-5590
9681
5035
9617
7901
8538
2424
-1109
-4395
7715
703
-967
-1575
7783
4777
1378
5209
-3866
7608
-3317
-3032
4879
-6741
1937
-4728
-2735
2910
-9887
-9478
-3782
-738
7190
638
2879
-6627
1460
404
-5166
-3028
-8928
4759
1784
1456
-4997
412
-3614
8854
-2844
-982
-1425
3214
-9995
-9260
1739
-4709
-5707
5996
5209
8032
-6516
-3406
8290
113
-3362
3325
9644
4933
1338
-5785
-9824
3776
-2275
3674
-6531
-4922
1181
-3100
8014
1526
-9793
7093
-4025
228
-4443
-2363
7156
-5897
-840
4970
7358
-9834
-5390
968
-8950
-9755
1227
-2361
-2571
-9912
7264
-7027
-4127
8833
-274
3659
-9055
315
3224
-9248
2985
-578
7950
-7114
-9227
-742
6595
8107
-9422
-9180
-4207
6217
-6174
-2725
-4353
-2560
-5505
-9164
-726
8443
-2561
6054
-291
-9076
6181
-2437
-7749
-4371
-6643
787
-6826
-2222
6176
-6169
-1212
2689
3702
-8472
-6873
8583
-3657
-1383
7854
9086
-3708
8708
9746
8258
7738
-4653
8513
9539
-8548
9691
7522
692
9385
-7780
2303
-1012
-4636
3866
822
-4110
7802
-2825
6856
5059
-9213
-2323
5445
304
6860
2403
2334
2360
-1177
4071
3809
9033
8653
-7594
9410
-8674
-9746
-8818
7634
-8789
3724
8377
3896
-5237
-6783
-4395
827
-3197
-70
-3952
-3235
9099
-1103
-2454
3999
4798
5456
-2845
-2538
1417
-5580
-8573
4567
475
-143
5173
-360
-4207
376
-5400
-8892
-5284
9573
-1951
6930
-8563
-8107
9973
-5377
-3935
-9104
8830
9996
-9851
9281
8844
-7
-1706
5343
4143
-6020
7890
8806
-7138
8230
-9017
1167
3640
-6884
-2621
6907
-193
9668
-6441
3994
6803
4822
-8277
-268
8895
4575
9414
-9368
-2118
773
-1558
1712
-2352
-3495
4378
4444
-1187
3834
-1823
-9247
4040
4075
646
-8424
4063
2033
-3803
7792
-54
-1459
-4719
9533
694
-7093
5845
9418
-588
-1225
6329
589
-5855
8399
9196
-397
-8285
-6310
7967
-7756
-7452
-3860
-6328
-5908
9595
1850
2136
9526
-579
7849
-8824
5706
-7757
-4402
3114
-5522
-2221
8939
-7817
-6569
8553
4487
2458
-7181
-3964
-2611
-2506
9864
-2464
3886
-24
4896
-2623
-6632
-4748
5022
-9351
-1657
-4759
8671
-1146
-9312
229
2275
-4307
5296
-2009
1876
4690
3318
-9238
-450
-5807
6008
-6625
-170
-9251
250
2530
-8151
9784
-9513
3599
-151
2726
3675
-308
9155
-5774
-6351
-509
-4816
795
804
-4817
-5322
3755
-8115
-8515
5392
2500
-5526
9558
-2869
2815
8572
-1174
1616
-2910
-7973
-642
-298
-5280
-1105
2829
5029
-2750
-8327
-8281
8823
-2442
-6431
-826
-2357
-7382
5056
8920
-8598
-514
-7028
-8322
-8549
13
279
1034
6577
-7937
7240
6943
1538
6521
7452
84
4326
7693
-466
1040
-3302
-1775
9076
-640
-6601
732
7429
-7809
-4294
9839
-4608
6195
-4017
9170
1917
40
806
-2936
-1291
-9646
-5625
-365
-2991
-729
-7340
-6557
3083
9994
9728
-5534
-5059
-1338
8564
-602
5386
-3221
-3735
9009
9808
7947
-7912
-8927
5763
7898
-6397
6797
6393
2047
-2397
-2193
-3359
-8499
-8231
-5561
-8867
-5260
5728
1381
-2190
-1944
8454
-5647
-2273
9711
-4271
1876
6026
5375
9250
4315
-1352
8328
-2949
490
-5041
5675
693
7776
8314
1835
640
309
6936
3734
-2135
3195
8618
-1671
7144
752
-7728
8973
-8398
4275
-6190
-615
6295
-2717
-9907
2134
1568
6562
2056
5371
2275
-1200
-8136
6840
1733
-1104
-2804
-7855
8723
-279
-5216
-2935
-2464
7592
7836
-4466
-2679
7824
-3492
-7117
9383
-624
6854
5082
-7969
-9843
-9403
8864
-2614
-5219
-1525
6038
-5064
-6819
1369
-2160
-6457
210
-7768
3861
-7012
-6951
3715
6039
2094
661
-7606
-8997
-3506
3651
-1819
-9445
1649
-2926
2037
1303
-7642
7199
6187
8424
-4428
-8499
8861
1560
-2465
-2942
5644
6138
-8652
-5272
-1913
-5761
-6849
901
-2346
-8742
-4509
7343
-647
1428
-2796
-4183
3794
-2591
6838
-7006
-1508
-7733
-8720
-6085
9559
-824
8278
5054
5055
3655
-5780
-8255
-2903
9798
-6187
8028
5262
955
-6845
4807
-3
-8409
9163
-3547
9949
1212
150
9777
-1955
-5787
1481
7345
3800
-8684
2222
7781
7277
5386
6271
8159
7887
3250
7137
281
5083
5964
-751
9093
-2173
188
-1684
2332
-1640
2482
-9343
6588
9924
6055
-8515
-7191
-5500
-2397
-2984
644
-5477
2419
-1823
8673
8887
5398
-5462
-2405
-9308
1701
-2660
3639
-5566
7049
-88
7770
6858
-1891
3423
-9496
7852
-9386
2527
-8130
42
9393
3612
-4090
-7986
3951
8114
1889
-2902
-1749
1407
-7884
1552
5275
-4470
2888
5343
-4514
-8148
-792
-3140
5330
-2736
4370
-1400
9030
-5285
-8553
6953
1941
3249
9623
976
-358
-5861
-6046
-7544
-6674
-3987
-2918
6505
-7128
5113
7398
-8382
218
-2584
6896
8476
7565
-7247
5296
-8450
-5742
5259
5022
-6268
8447
-7962
-4372
9558
-3266
-8459
242
-3245
-6250
-4801
-6041
-9574
-526
1551
-3479
7551
2251
-9887
4685
-9267
8368
-1378
-8102
-2545
5823
-2121
7561
-2956
-1152
1987
-8987
-3336
-2711
8414
3312
-5662
-5190
-5382
-7328
8356
7511
-6017
-6471
-1956
729
-1578
-4802
-7405
2146
-526
7834
-4202
5470
8820
3251
-136
-4569
6630
-3092
-384
145
-7253
-8477
1405
-4461
1165
4594
4220
-9161
-1882
9327
-2446
5190
-561
-3642
2755
-1804
3143
5659
-9303
-3775
-7233
3174
-9123
-2024
-5886
1349
2474
-3114
-2002
3248
-686
7310
123
-965
4213
-3252
-2107
4188
5229
9651
-9325
-1230
-2426
-919
6880
-4779
422
-4101
-4615
-927
-2616
-9122
-5660
-5404
4233
-2951
5670
5357
-1816
1025
5006
-8495
-6493
6020
-1642
-4002
-957
4900
-4791
-1180
4306
67
7935
-2512
4623
9379
-5235
-7523
6504
2837
-7145
2658
9623
-796
9460
220
4832
9746
4993
6373
6343
-6844
-8628
-4151
-2066
-3715
4561
-2529
9311
3329
-9234
-6656
9768
1156
4659
7570
5920
3276
-4628
-1936
846
-9623
647
3638
-4772
125
5336
-9441
4649
5138
8519
-327
-7555
-9305
5242
8643
4760
-9689
-5578
8694
-941
4918
3212
-5073
-2213
-1918
3528
8664
7405
805
2226
-4999
9297
6504
2288
-3456
6451
-7746
589
8634
1671
-248
-5361
-7171
160
1059
2286
4261
8971
-5368
77
-4167
9525
-5341
6061
8144
6601
-3009
-8519
1357
-506
5627
-5282
7619
-3914
2485
7473
-7064
-1257
6711
3166
7246
-6476
-4246
-8198
2564
4468
4895
437
404
2594
-7097
-9356
4950
-1269
-8921
4978
-1205
-6831
2655
8913
-2453
-5638
9337
5561
4127
-5670
-2571
-3333
-5844
760
-8072
4209
1227
3056
-6513
4882
2064
1285
-2457
4279
9335
-5979
1423
373
-8696
7926
467
3815
-2101
2824
-5054
-7161
-438
3346
6434
6264
4283
9656
-9295
-4708
-1174
-774
8984
-3107
-8158
-2154
-1292
-2550
7818
-9304
5465
5484
-4435
-3385
-2874
-7976
4522
-2312
9628
4381
-2557
103
-1288
9241
8417
7945
-1794
-1451
7776
2787
-6755
-2637
489
-3123
3298
-5041
-4879
7093
-4856
-4237
-7751
-4999
-9443
8483
-951
6935
4249
-9639
5323
6324
7732
-241
-2056
1871
2730
-7522
9556
3664
637
7966
1224
-4007
7144
5342
5845
-9907
4657
-1033
-7612
-2101
5158
7987
-7256
5014
-9927
-8637
9250
3071
9396
2704
2586
-1459
7135
3014
-4221
-3592
6954
6124
5020
-3288
1002
9858
-7680
-6996
-9785
-1716
4990
-271
2093
497
-4595
-3149
3991
-8464
3379
1062
-1200
-2915
573
1510
-8497
4110
3705
1828
3066
1172
5683
-72
-6140
-8782
-4414
9302
8715
-5308
8635
5373
2665
7308
-4921
-9676
-8120
6288
1201
1273
-1650
1061
1517
-7309
7499
3066
-5281
6699
-5850
2638
1798
-9680
7975
1338
7467
5038
7984
9203
8721
-7533
4859
-6052
8512
400
-6466
-2808
7951
-1660
9330
2248
7572
-8411
-4087
-8514
-4600
-277
-6747
1293
-3613
-1768
155
-3637
-8016
3413
8373
-2085
8861
3220
-9109
3931
-5740
3289
5749
9303
-1676
1189
1100
-5038
275
-2111
9493
3257
8741
-5728
2568
15
4782
1226
6767
8426
-8936
4989
7294
-6269
-6362
8093
-4184
-237
-3800
4926
-965
7705
-8030
-8
-5397
-2177
-1934
7410
-4742
433
-3033
6030
5147
7782
7260
-4449
5835
2820
-7635
-1054
-4004
-4598
-3496
8726
5617
-3241
1006
8476
586
9667
9738
-3130
-8249
1325
-3345
-397
487
8616
4534
-4487
5360
-1030
-5875
-6804
3697
-2924
-8331
9187
4761
6358
-8831
7687
4748
2416
6669
895
-3721
-3042
-6093
-4521
2360
2591
-9026
-3044
9801
2008
7575
-73
-7844
-8813
-670
-1314
4753
-2955
3023
-7968
4012
1968
7425
3777
-9509
8852
3338
5970
-8851
2639
5717
8916
-741
-4681
-8065
9407
733
3376
-2792
-4204
-2021
-6254
187
3708
-4404
1133
4483
452
-5084
7409
-1842
7478
9515
-4433
418
9600
9192
6418
7105
-64
5951
2344
9037
-6168
9123
-4920
472
-56
2727
-4830
7313
-5048
-4774
5203
-2162
3673
9687
-6538
-2563
839
-7907
-4151
3896
4474
-3785
-8618
6211
6419
4029
-4687
1257
8333
-4193
5611
1911
-947
-9915
-8015
1286
144
3002
7005
2897
9994
-9797
2500
-6436
1177
765
-5515
5950
-2991
-5709
7489
-8518
-8548
-8649
-6655
-1859
-5705
3
-2908
-8775
-741
-1444
-6687
-4762
7919
548
7948
2717
5623
8200
-8498
-5255
-9023
-1610
4655
-838
9910
-9734
-7491
4638
6710
5935
4764
8873
1517
-4779
2052
201
-6468
6022
566
-3697
-8744
-9022
5664
3906
-2073
5117
-3164
3526
2738
3797
-244
-9382
-9759
-923
3905
3532
2189
-3687
-2767
-4575
-1289
-7527
7337
522
-1683
-4789
9747
9981
-3590
3573
-6489
-2797
-7678
7910
-6653
-4800
5180
-7169
-3810
3841
-8543
-3443
1820
-5931
-2048
-542
3571
-955
7598
-7179
6934
-7167
8215
9955
-4073
2489
605
8827
8656
-8482
-8651
8886
-461
9783
-1659
7481
-8458
-7797
4746
-4980
1469
2469
-3919
-808
-241
94
-5036
-3780
5926
8254
-4130
-7203
-7799
-1275
-6377
-4749
-7333
-819
2366
2673
-6718
6646
3261
-7585
7333
1980
-969
-6715
7748
6396
-5468
9344
-1398
-6715
9093
-3933
1259
-2972
-6754
5366
2554
-2230
1830
659
4813
-7726
-9768
9536
-1453
-4652
5341
8337
8448
-6707
-4889
-1853
3633
9522
-1952
7924
4732
-7997
3187
-3851
-7262
-4691
-1653
-2069
-3165
5462
-6195
4850
7207
-6775
-8939
4324
988
-6306
7693
4568
-3737
-4778
-6462
-7149
-4985
-2314
-5197
-86
6682
7042
-9408
-2967
1334
7150
-1347
-7675
-8372
-133
-7068
-5025
-3082
4622
7893
2513
1173
-810
537
-7322
7325
-5267
-7471
1761
-7937
-4708
-7990
5361
6640
-1158
863
9051
6198
-7863
-1481
1978
1863
1308
-9945
856
9421
-9717
1706
-5018
5771
2558
9006
-7774
1131
8729
-9681
6099
9738
-3326
9642
6221
-245
4235
-6777
2238
7944
101
6918
-8547
-8414
-683
-7053
-4580
6192
-9080
-6991
2079
2720
2870
8348
1012
-4922
7797
8894
102
9520
-3333
-1054
1889
-8477
4169
-5674
-286
-7776
5501
6038
-655
-5200
2804
2572
8563
-2686
-8766
-5641
-3610
5428
980
2459
8962
-2936
-4088
-4210
-5568
-6959
-9163
1200
-2418
-7392
1273
7103
-684
-48
-3455
-8162
52
9557
1558
9619
196
6526
-9850
9546
-8933
605
1636
-9784
1337
-88
2683
-4745
-839
4325
-7749
-1456
4187
-7337
-2154
8430
-7010
-9778
990
-6682
-5710
-1646
-8311
-3541
-4408
-9
7436
8760
-2742
4413
-1371
2900
-1496
-7608
9258
9938
-8184
-771
-773
9621
-4041
-471
5424
221
7160
9340
-7822
-9031
-3934
-3550
3150
-6198
2395
-8070
9341
7284
6571
-4938
-3707
-1365
577
-763
2182
4365
4757
7091
-8736
-1868
3950
-1332
-998
1689
9678
6523
5699
-4122
-3908
-5379
4146
-6976
1930
7779
3589
3248
-5837
1150
5125
-1612
8120
18
-2545
3773
6974
-4446
9399
-8174
1040
-7016
3498
-6543
1528
-4558
-9020
8339
-3927
3928
-6483
8284
-9832
-794
-9914
-3840
1824
-6599
8749
2767
779
-1672
9222
-5695
5525
-1779
-6297
5020
9297
-1346
-2571
-9389
6149
9029
-4984
-2524
-3127
340
3669
-6201
-813
7670
-9824
9848
-5658
-150
-1093
3379
-2437
4568
3618
5668
-4078
3800
-9668
-8362
9183
1093
8543
3610
4594
6910
-6305
-4733
-1528
-64
-6839
859
8993
-6347
2691
-100
-7488
6005
9225
995
9280
-6037
-9712
8614
-8997
-4527
2170
-9985
-9673
-2003
-985
-3302
-4951
9161
7662
-6781
-7694
1196
-5396
-5919
-8914
6461
-1602
2478
-8630
-1200
-1007
4516
2021
2700
-9457
-4464
110
369
5236
1411
4045
-7964
304
-4513
6061
472
-8677
6770
8178
-5997
-2896
-2273
-1800
6422
2448
5482
-7503
573
-9893
-8082
4518
-146
-1455
7531
3678
1764
-8876
-1564
5919
-8181
8444
4555
-842
7877
-1284
-4956
6265
-5052
-6233
-7792
243
1417
-2915
-2597
-1590
-7017
-8009
-5108
3599
-9879
-2104
-535
8339
-3232
-8052
-7293
-5703
-4691
4231
-2698
2186
3932
-7805
-6339
9277
4128
-3679
2567
-302
7662
4634
873
7579
-8524
6882
-1801
-8807
-2166
-3190
6462
2779
8594
-2590
-9762
9691
-5978
-1740
963
606
190
-7988
-376
-3945
-298
-8356
7636
4279
-1312
1800
-5286
159
-3216
4346
1198
-3215
-9694
-8015
4737
357
-863
-4797
4523
-4548
1781
6354
135
-7315
-2551
8638
6175
7943
6426
8135
-4734
-124
9476
3080
1484
-6720
-9117
8642
1391
7260
9053
-9830
-2338
805
5065
9653
-8830
-8907
9458
2957
3408
9501
1966
8242
-369
2812
1441
-798
4991
4599
-5754
-504
1554
400
6980
6779
5166
-6829
5179
1323
5635
2437
-6855
6539
-6457
-1163
-3519
-3822
-8346
-5977
1704
1243
4708
8975
-8241
4628
-5916
6864
-3630
-9451
353
7573
1956
-3580
-2777
4537
7940
2454
4786
94
-454
-9020
-7889
8403
7076
-425
-7015
1293
6170
2296
-1157
-7538
1308
9304
8313
7213
7884
-7605
-3854
-7956
-3271
-767
-5041
9260
-9976
-5818
-9523
-4235
-5904
182
2353
5675
7067
3416
4287
4721
5861
9934
3975
5926
2354
-166
8012
-2105
6980
-7990
-5746
6018
465
1677
281
3596
860
-4097
3125
5234
-8161
-5459
7611
-7475
-4130
-8493
-5361
-7309
8686
-1632
865
-5274
4473
514
-1507
1551
8109
1900
4301
1338
-9981
6978
-5991
1914
-4459
2944
-208
4035
-8909
-2734
-3926
-4533
2989
-2841
-5571
-5367
-9393
-8245
8867
6722
-3372
1669
9707
8236
1216
-1613
-8192
-2950
-7166
-9909
4326
-3131
4171
4903
-3822
5804
6358
793
-9954
8490
-118
7158
-8464
2440
6315
5214
-5168
1492
8278
-9002
-72
-9532
-8949
-349
-7588
-8545
-5858
6184
-9729
-2228
-4434
-5613
-8067
-7213
-8561
1978
638
5126
-2281
2091
-2032
3860
8054
-795
8417
-5767
-5099
4058
4412
3750
5981
-7913
-5401
-3662
-860
-3753
-7110
-2871
-6558
-2686
4139
349
1986
-3004
-448
-3242
-2356
5129
-7786
8513
-2085
7867
-2548
-5954
-322
-8262
7575
-639
-3647
-4893
-3085
-8704
-7607
1086
-83
245
2529
160
-354
-7088
-9283
9583
9471
1171
7545
4709
3107
-1400
-2512
-5617
2397
-2952
-5979
2511
1090
-3205
4238
-6123
5796
-2776
8347
-9597
-749
-8429
1971
-7466
-232
-7036
-8227
-5489
5016
6244
9741
2351
-4006
7972
5472
-559
-8663
-5489
-3777
9165
-5712
3439
-3632
-5454
3124
-2893
5002
6139
-5460
277
4903
1217
-7270
9853
-7894
5213
-7427
-4314
8426
1233
-3052
-7032
7796
-2977
8961
-2491
-250
8647
-7484
8526
1244
8588
3917
5141
-5787
-5364
4882
-9867
6376
-1022
426
-8903
-8075
-1286
-5833
6607
3002
575
5790
-3296
-7666
4907
1819
2762
4398
1960
3698
-6457
-2472
8900
6952
-842
5398
-8915
1467
-8052
8371
-6833
757
7764
-3854
2687
-7484
9859
3910
9637
8462
-3370
5028
-9272
-1567
-7043
-4914
-2977
7720
-828
-1005
2815
3426
-5625
7327
9137
-3233
-672
9669
5023
-6920
-4152
-9106
9566
-3196
-2731
337
-2999
-311
-80
-4485
6718
4032
2710
5609
367
-5211
3867
6425
6310
-2345
2685
-1506
9076
9406
-6303
5585
3636
-5546
7258
-475
-1757
-1266
-7064
-6622
73
5094
-9645
-4308
-7033
-5929
5012
-5137
8405
8795
4437
6581
-2645
-5958
-3244
1105
8105
-1113
-6312
6645
-3793
1657
4395
-7087
-4199
-2926
-6437
9772
6559
-8757
4213
2065
5853
-4680
832
-504
8818
3657
-3895
4204
3316
9389
7443
8785
-3490
8908
4213
8371
4337
-4417
1189
945
1539
4161
-6926
-6726
-3715
3495
-8743
-109
4600
-239
1486
-3213
-2092
-2919
-7293
3091
-9597
6566
-7548
-5259
-2627
-8361
4050
3361
-260
-4609
6295
-8512
-6695
-1263
-5764
2133
-2911
-2568
-6078
-2938
2228
6230
9999
-2166
-6398
-8979
-386
-1083
-844
3397
2417
-1336
-8570
5435
8651
1845
2388
-2184
6856
5547
-4170
1130
-2893
5553
-8022
5416
-7427
-3061
-1530
-4402
-5724
8685
-5494
5228
4412
4815
-7953
8996
7694
9046
-2724
-4717
-8209
7785
6153
5209
-4527
-4717
8333
-1771
-8080
-980
-6659
8647
7206
-2613
-255
4041
-4976
6135
3544
1764
-459
-4945
-6055
-6475
175
7658
3369
-5892
-7627
4434
-1099
-5391
4006
8930
9728
-3948
-2428
1571
-3198
5499
1407
4494
8279
6522
631
-9767
4862
8845
3592
231
-9630
-6539
7137
-6695
6795
7115
7554
6084
9982
-182
-6493
2657
-8776
1234
-7699
8392
1893
4285
7317
-9285
-6535
-4718
6337
-1417
-59
-2880
-3677
-4408
5784
-9721
-2308
-128
-9497
8098
-8901
1397
-7011
7213
9491
8812
-5991
3123
-9852
-3808
7189
-5252
9457
-2585
1216
-7384
-2150
-8654
-7025
-1779
5026
1372
7394
-6692
9370
-4110
4874
-890
-3980
-8423
8884
-3509
-1716
9987
-972
-4028
4693
7943
-577
-5045
2174
-1780
-8094
39
7940
8899
-5487
-9391
-660
1627
-7292
-540
-1634
4577
-6414
-2356
9164
-1987
9836
9543
-7757
-9963
-9069
-235
3405
-361
-8988
-8779
-3235
1509
-6539
-6182
-8997
-5873
7752
2671
9028
6364
-7469
-390
-2641
-1042
-1221
-9395
4172
-638
2863
-6772
1344
-4555
-4663
-6984
4052
8760
-8864
1345
-5178
3359
-972
-5910
4651
-8519
-5411
-9999
1583
4908
-3625
2091
-7037
8835
3149
-5859
-1731
2864
3770
-6782
-8845
-9856
-3477
8929
1941
-2091
2579
2274
-2014
7425
9120
-3216
5670
1254
2503
-4859
-8529
-6511
5100
9025
4081
-3838
3559
9010
8440
656
2493
-625
-5694
-919
-3284
9207
-6901
7018
-9862
-1979
-8134
-1501
-1478
-8369
-9496
9082
-9730
5738
-7471
-8736
-3396
4328
-7610
1600
4
3182
-3179
-2858
7480
-8295
-8088
-4839
2696
-5318
-9204
-4133
-6308
1758
3972
7702
-4866
-7821
4162
1673
1862
769
-5530
1799
9129
5020
-6160
-6401
-8759
9048
3382
-1025
3642
-615
-268
9017
1576
3862
7935
3737
3933
-5327
-9129
-6268
-4908
1125
1924
-7073
1461
4179
9731
-1344
7282
-8657
-5292
-5507
-6295
8596
-1839
6733
-2564
9045
-4175
-8201
-3784
1023
-6097
-330
-4993
6069
-8250
-2219
7613
-2256
2312
-8154
-6477
