-3053
-1903
-4018
241
-6697
5813
-4250
-8097
5857
-4023
-7362
7043
7140
-5283
8834
760
-2852
2974
3567
2846
-1874
-2451
-7325
3692
1986
-4418
276
-3945
8343
-5186
-426
-6907
2696
4870
-1276
-3183
-6547
-8863
1122
934
-1546
-6259
-1089
4211
2129
1247
5187
29
8637
26
8485
-2049
3986
-6232
8834
-5063
-3327
-2508
3471
-9830
4074
-4447
4321
-2218
3182
-5878
-4840
-4120
9619
1211
-6832
-6141
-2612
1387
7845
3678
420
-4883
-8460
-8669
148
-4177
-4070
9055
-6448
1075
-7605
6764
5782
-1413
-8056
2908
3427
764
4612
-5804
-2337
7998
7783
3411
-6598
-2806
-6963
6837
-7302
6631
8535
5651
-5365
3844
9859
-8958
-4082
1450
2262
-8382
4003
1137
-488
425
-4098
-7046
-6976
-6037
-6141
6309
6822
4643
-3697
7074
3271
-8356
3212
526
-4250
9674
-2307
9244
7527
2542
-9551
-4107
-5876
-2371
787
-5939
3871
5297
9350
6087
4785
-800
-1415
-2213
9475
4650
-3169
1722
9128
1061
3460
-5440
-238
-3940
4185
8462
3314
-7153
781
-3358
-6453
-2841
-6876
3390
1151
-5009
408
-9778
-497
-2817
3351
7635
-9242
4341
3534
-9708
-1145
6889
5004
-5770
-1474
-4423
-2880
8149
1556
6090
9692
-700
7896
2439
2863
9326
506
-7495
7135
7051
-3834
-5543
1530
5615
8954
1215
-7737
8565
7533
255
5683
7906
-6482
6226
-2511
-7509
-7181
-5318
3157
1685
4711
7423
-4316
6607
-598
6674
-8688
-5571
-7242
8783
3095
-6506
-3445
-5657
2319
-1579
-8194
-18
-307
-4271
4246
-4070
1786
-8863
-3924
6591
255
-938
7059
-2254
-2834
-5192
-4980
5501
-8505
8612
5115
8791
-3911
2929
-7875
-1696
-80
-128
1238
-2979
-4166
8755
8735
-2511
2641
6787
3367
-3705
6229
8907
-3410
-2
2335
2160
-6018
844
-7687
-4188
1099
-3583
2520
-2488
975
-7831
7718
-1497
1075
7811
-8045
-6663
-3057
-6529
-7829
1150
4576
-2738
-299
1322
-9273
-8026
8132
-1738
6421
-6691
-711
-9038
-2181
-5495
-3115
-6787
-3439
3875
2897
137
771
7754
3350
9975
9275
-1668
6161
-1132
4704
-4651
-2075
8168
-7631
-5005
5531
-5292
-212
-7916
8109
4022
-8534
-7728
6034
3354
8492
-3602
-9039
-2424
-4684
3284
-1399
4874
9902
4757
1116
-7518
-7458
9650
-9894
-3243
-9795
-5459
4823
-9578
4643
5882
2479
9857
4290
-9839
-7544
3485
4469
-151
-979
5469
6829
-2231
7288
3071
2998
1666
-6472
9210
-8807
-7086
3912
8075
4465
1356
583
-8297
-124
-9772
6787
-2985
6618
-8702
4879
-3948
7962
-1902
350
-9513
-5636
-4590
6071
-1479
-4618
-7314
-1495
-6960
-7703
-2583
7200
5131
7701
-7351
-5240
-7239
-6791
3483
7523
600
-8524
6556
7619
3803
-738
569
-6275
-804
-7013
2421
-7246
6241
-188
-5400
8018
2873
3940
5335
9492
4801
-7453
6554
-9758
-6887
-3810
-7341
9724
-1590
4882
6195
-2543
9366
4228
-860
4550
7721
-4795
1852
2716
-7007
48
987
-2516
8157
-5566
-3279
-541
8692
3144
-7520
-8195
-8508
906
6802
-6371
-6274
1113
-5339
-6126
544
-1936
-2010
-7087
-7128
730
4261
3534
-5680
-4108
-8194
7965
-4009
4474
-2027
-3281
-8191
-3550
405
-7701
-189
-959
-6530
-1005
-2415
-9899
-7514
6765
412
-2572
5933
-2869
-695
-5202
-7169
-1793
-646
-6146
7798
-2888
1337
949
5011
1201
-2173
-4992
-871
-1266
-8313
7805
-8052
-9734
7985
3106
5644
7694
6996
5119
-4585
2127
-2035
4871
-2335
6047
2664
9777
-5515
-8575
-4316
-6078
7415
-9439
-1042
6468
4493
-7228
-7299
4580
2316
7069
-2630
3936
6727
1378
1726
-1406
454
6802
5092
4283
-8875
1552
2272
5652
-1193
-9950
-443
-4905
-4874
5201
-6076
8972
1899
7164
6303
5113
5107
-9177
-9663
-7979
1691
6923
2979
-2028
8792
-2701
-2244
5395
3052
529
-624
-2806
1961
1009
5926
-3253
9907
-76
-3238
2780
5924
-2376
5816
-3980
3319
8331
8761
-1560
-3600
3714
-5546
-7680
8418
-1971
-7025
-1703
3590
2437
6215
6433
-8719
-2123
-9820
-6978
-4384
-4786
9266
8940
6441
8652
-9822
-9837
-3581
3318
-6286
1324
9966
7145
-7660
131
9499
-8742
1269
-2412
-2081
-29
-8858
9664
-5074
3811
3315
4318
-5117
5779
-4931
9634
-6408
-9452
300
-1649
-1638
-2651
-5373
558
868
5841
-6504
5154
-1795
-5888
-9814
-6721
2116
-3606
-9728
8124
-989
9855
-2082
9745
1935
2870
5880
-6392
3976
9029
-453
8334
-1265
-307
1565
-5218
4038
-4306
825
-3769
5299
-6934
7663
8910
-8358
3562
-2083
-3221
44
-1802
-9422
-1478
-3239
7915
-5420
5462
227
-9315
1063
-9160
5284
-7632
1852
-6032
-914
-342
5410
8125
-7187
-4135
-4709
1435
-7749
-9842
-1541
3185
9251
7034
6341
4440
3166
6178
5992
5827
281
7652
-801
5058
-8492
-9830
5495
-2394
-3977
-2970
-6777
4251
4287
1689
-1775
5724
-9456
-6449
7505
-9964
3837
-3645
-1409
6086
7048
-4675
-6945
-7534
7154
-6642
-6250
-9710
2985
-1255
3964
9053
5393
-3911
2437
-5748
9128
-1939
8788
8757
-8044
9581
8478
4981
6353
7379
-8481
-4004
-7798
-5340
5438
6093
2743
-2504
710
3925
-468
363
-4717
7831
-202
-3925
7545
-296
9835
2199
1447
7871
5636
-9343
3570
7733
-9822
8804
3998
-1712
-5339
-5388
-5044
2740
8865
4416
2608
7424
3689
-2831
-9375
-3724
3862
4481
-2649
-4550
-9828
-639
-6681
-6510
3594
7306
531
-8013
8418
2786
-7662
2453
3993
2651
2755
318
-3139
-4288
-4581
-8694
142
-9941
-1116
7891
4038
5401
4580
2660
2386
1309
9576
9867
2374
5426
7099
5342
6447
7148
804
141
-9095
-61
9668
455
-9910
4381
-2897
-6019
5562
8761
8811
-9027
-9981
138
9285
9268
-7676
-1033
5327
1501
9885
6040
7334
7909
-7024
-3126
5716
1913
3792
775
-3648
-9550
-5182
9049
-3985
-1216
-2660
-1171
-6581
9596
-9810
2375
622
-9331
-5862
4466
-8972
148
-3672
7765
-7962
7976
6003
6951
6598
-7918
-204
3663
3733
8863
6784
-6699
-370
1971
-1781
-107
7022
4325
6318
573
2756
-4622
-9298
8102
-3426
-9934
-767
-8199
-1473
1304
-4207
9497
-8636
1201
-5683
8105
5914
-7734
6642
8810
-2230
-8908
4953
3727
-4360
5186
5765
962
-5919
-157
9700
9467
-2450
7201
961
1334
2997
-4697
2059
-9507
5936
-3553
5019
7130
8282
8603
1174
4562
3233
-9783
-2938
-1459
-266
-9878
-1337
4288
-5751
3136
-2474
-4103
9767
3046
-4610
5518
6545
8204
-5077
5403
-1824
2312
-2856
9037
-268
-8115
8345
2215
84
5344
6527
-82
-9944
-9565
3624
-7386
5466
2275
106
-266
8575
-2535
4896
6675
3334
-6962
-6596
-1130
6071
-8005
7574
9595
5947
-99
5914
1992
-4540
-9476
-8351
3090
-9445
-6242
4598
-7326
7409
-6636
-9731
-9518
7127
-9316
-6692
-1329
420
1982
-5366
-2870
-3280
-3679
8200
9900
-4981
-3718
-4851
9672
4314
-311
9996
2711
6900
749
-9083
3523
-6462
200
-6554
568
5994
-8101
9850
4705
1805
-9486
411
5756
4593
-3569
-9748
8821
6879
-3456
-4713
-5577
-5435
-8930
-1086
888
-618
8927
8754
1750
-1976
1533
4899
-3858
-894
7122
3871
-893
-6602
-4593
3703
2984
1418
-1583
9595
-3773
4773
6994
4127
9991
3243
-8204
2422
3512
-5588
-5943
8055
-3504
-7646
-6952
2105
5459
-1788
-8279
-3408
-4656
-9634
-7347
-2837
-3909
-4708
-8764
-8199
-9345
3835
-2270
9216
3379
2175
-6173
4000
-1073
-7038
-7165
-9366
-4618
-9870
506
7447
809
-4126
-4217
-109
-8067
-9158
-7146
-915
-2834
6677
-3564
1555
-9946
-6891
6270
6005
-8004
-5977
6121
-1015
-8676
-5200
-8350
5962
-8373
4707
5083
8588
-1821
-1766
9054
-5672
9635
-4069
-5678
9343
-6260
3610
-9366
356
315
-5595
-5239
9444
-6766
-9869
-9257
-6609
-9166
-9409
-8173
6125
-700
1601
5711
1901
-4712
-3193
-2879
3882
-9016
9108
-8441
1184
3377
-8620
-214
-1780
-6257
-9788
9104
1739
5163
-4505
5542
-9239
4762
2028
2348
-9882
-8295
-8439
-8971
-203
-754
3138
-9491
-5679
6810
-1155
-825
-8052
2525
-1848
-8179
-4290
-7510
398
1926
-6167
-3398
8358
-3821
5083
5229
-3540
-764
1499
4670
-7459
1129
-2146
7878
710
-2122
-1054
6232
2736
6589
2332
-5187
2691
4216
3659
5049
-2350
5176
-9466
-7603
-344
-3935
-1899
-4217
9418
7132
-5857
-4296
4819
2249
1600
-7772
2492
3136
4735
1699
-300
4339
-8758
8953
-4142
8679
-9748
-6546
3560
1545
-6275
2123
8165
-967
-171
-9842
-7070
4684
-5398
-1026
8406
-4169
2922
716
4919
809
-9247
-8596
-4724
1339
5060
1600
-3313
-7990
-8300
-5992
-4088
3818
-2868
-8675
9902
5180
-233
-1073
-7321
-1454
6162
-4045
-8700
-6733
8990
8994
4509
9445
8966
8559
-9847
-3656
467
128
4559
131
179
-6752
-5978
-6152
4690
3007
6943
-561
366
-7835
-9455
-4530
-6882
2470
6105
9143
-3308
9178
7216
8058
2281
5725
1569
7210
3448
1248
-2507
-3821
-2116
-1514
9236
-3815
2852
-5423
5246
153
-598
-71
-1875
-4572
3843
8650
-5282
1727
5336
-4086
9341
-7878
-5906
1377
-5307
-5854
6036
3344
1496
-4318
8034
-7710
-2673
-2078
-8881
-8263
9362
7585
114
-9244
-1879
-9627
6478
-2
2510
7732
9516
-6507
-1988
-9796
-5729
-7346
-3181
-78
-1493
-4459
5713
-2829
8550
3070
-169
-5583
4539
-1011
9460
-1370
2780
-4958
-7952
1019
4333
-9977
6055
5058
-3190
9191
9086
-9755
-2408
-2439
-4440
-3329
-4964
6288
-381
-6474
-8162
2948
-3070
-6006
4535
-2300
5852
1643
-5365
9503
-6293
-3732
-5164
455
-1952
4061
6780
-8781
-5455
2830
7136
-937
-3115
-2296
-3034
-528
-8989
1658
-4965
-9014
-8090
8346
-4374
-7583
8255
8020
-6487
4189
94
-9324
6441
-467
-8382
-9713
1220
5589
6281
5509
-3689
7984
5865
2779
-7879
1270
4541
5563
6596
-7788
-7193
4532
-3433
1646
-8129
-2256
1279
-3345
5236
917
8570
-9729
-1146
4496
2661
6252
2685
-302
-6972
-3385
-361
-4001
-4824
5347
-4269
8239
-8276
-7289
1395
-7430
4668
6564
-2032
-286
-7092
4783
-9776
-7290
-7522
-9967
-411
-2455
-2987
-2329
-9862
-7437
-5827
-2920
385
1353
-8786
-1754
-7146
-1501
-4543
-832
4443
-8589
-7099
-7985
-1957
5045
9387
9423
-6634
6520
-7447
2454
-5051
-4787
6562
-4957
-4461
4900
-8864
-4896
8111
695
5084
1390
1861
504
-5366
8706
4665
-9286
-5360
-5870
-5056
4307
4168
-7574
-9413
-8946
-143
6543
-5495
3271
-9031
-3573
-6493
583
-6489
-9112
6688
-6326
-3621
9414
9684
-9448
-9863
1077
4155
-6606
2262
-50
-44
-6432
-4015
5128
-259
4513
7973
1330
9010
-9666
-2766
5613
8195
-8682
159
-5897
7453
-9740
-2331
-4536
1870
4414
6850
-9027
3703
4366
5318
6036
942
1643
-8869
9602
-6048
-800
-32
779
-2787
-7023
5805
-3910
7721
-6852
1219
4217
-5626
-7185
-6180
-2477
-4867
-3790
-875
-5161
9596
-2750
-6695
-2615
527
6972
-267
-3608
-5008
-5159
7928
1887
110
-2523
-6790
-9266
9550
895
6378
186
-6395
-870
1786
4733
8705
-168
-5230
-615
4546
464
-7979
9760
-6120
-9627
8726
-1875
163
7504
7632
-5555
3210
-1180
-7532
7349
-5863
-9991
5079
572
9732
1478
-4963
-8577
4423
-6919
9761
1723
9602
-9149
-6481
3319
-8958
-5932
8388
7466
-8705
9338
7318
-903
3172
-5275
-7375
1711
3958
7637
5621
-51
-7178
-8340
-9174
9987
5384
7961
-1007
6877
-6891
-1641
-8636
-1827
-5456
1453
897
-3260
7508
9541
8045
5794
2466
5980
9525
8274
-4081
-1536
-1943
-6118
-7177
-8292
-6993
-7882
4693
434
-5393
2375
-4521
3423
-8266
-585
-4240
-2236
1794
6151
-4596
-8386
-4481
-9224
9324
-1048
-8908
-1149
-9716
-9750
1459
1620
7285
4836
4202
5674
6780
-7161
-2797
5263
4848
-357
3162
8943
-6719
-7381
7429
-3736
4422
-8069
6695
-5167
-5265
-5905
4032
5067
8541
356
-6264
-1855
1815
5746
-7169
-4710
-5460
8883
7879
-1271
5642
-5437
2543
8352
-1417
9393
8584
6506
1207
-836
-1246
2231
-7565
4781
1570
6100
6835
-7794
5393
1173
2083
-9755
8546
3664
-3514
-5264
14
7034
-470
-2908
502
1439
-3067
-915
8597
2747
9542
4519
497
9258
7467
3829
2155
9666
3122
906
4603
2822
3534
1339
4205
8408
-9943
8654
9641
-7775
-9798
9596
6541
-5879
-6775
4523
8839
8491
-4761
9914
3188
3694
2268
-9385
9044
-3036
8327
-5480
-2409
5664
9535
-6977
5629
-8245
-663
-5501
-9159
4572
-7973
-816
-3712
1357
5237
-6334
2864
910
-7339
5084
6835
-7162
-5299
1703
7906
-8789
-9572
7805
6734
2091
5557
-6548
-6700
6703
-6392
7138
317
9213
-3317
1588
7747
-3359
3162
4102
2505
559
5827
8161
-3539
-1251
2038
7553
-6057
5753
3101
5425
5707
3185
9900
9741
2008
8354
-7967
4470
7292
-9447
-9086
-3258
6862
3895
-7607
-6430
-4515
-5809
-1421
2697
5172
-6034
3338
-4156
2942
5064
8570
-6857
8627
9774
-7900
-9517
-5416
7298
-4199
9790
5302
3201
-1999
914
-1643
-6578
-5970
-1539
5176
-1680
4380
8056
-1813
4263
-7864
1856
576
-953
-2159
3591
-9144
-1631
5860
-2751
2666
-8088
710
-3640
-8722
7009
2449
8170
-7614
-1726
-4825
-1830
2532
-5121
8019
-1629
8573
5563
5437
3863
-3050
8820
-9596
-5132
2114
1521
-8645
2228
-292
5931
9972
-5181
232
-1550
-6303
3098
-9690
6373
2698
-4207
-1566
9505
-9943
-9994
690
-7280
-987
-8236
7964
7045
2261
-1291
-8443
-6291
992
-4120
-5026
1
-2959
1121
3481
-5723
-2513
2142
-7759
-4152
-8175
-5761
-6754
-2820
-2594
-2319
-4970
-1862
-5270
62
9924
3765
63
-5232
8541
3520
7228
1000
-3272
1652
1481
-686
6211
224
3422
-7913
6134
1125
-1545
-39
8996
-6665
-6016
-1494
-7225
-4863
3419
508
6891
-5643
-3743
6113
-4742
-9620
-7033
2273
8972
-8172
-7337
2540
8627
-2003
5831
1709
6542
-5613
-3359
-635
-9879
6693
4991
-6554
450
-2782
5684
-4077
-4289
2302
-6621
1339
6214
3475
6407
-1703
484
2559
9935
-3904
3085
2363
424
2526
4665
3021
-6929
6315
5680
9695
439
4004
6925
-6003
-6545
-6000
9319
-7759
1675
5630
6511
-8929
2848
5431
-2704
-540
8020
2412
-5947
-3791
5220
-1174
4061
530
3885
-5312
6362
7915
1069
5613
-9388
9124
-8527
-8223
-8938
-8729
-4078
7187
3939
-9562
-2093
-3535
9838
7733
-3483
-7443
-576
-3843
-5139
891
-8513
1350
-2405
-5744
-1122
7575
-5898
6168
1760
8880
5728
-4932
-9346
-9193
-2026
-280
-8421
-226
-546
3782
6717
-2502
6118
9864
-2098
8606
4674
4559
4555
-3972
6725
4415
1774
-5929
-1240
-6502
8723
-8757
9142
6947
2724
1056
-9859
-8558
-5467
1857
2724
-7748
2589
-3607
-7403
-7171
-9574
3384
3983
-3299
3
8547
3869
-7474
8443
9375
-7230
4927
5660
9208
1357
8672
8236
-2088
7019
-4264
8190
8978
-6664
6967
708
-6247
9140
-5078
-9743
4325
502
1819
-1884
150
9438
3555
8653
4368
-8848
-3882
6182
3121
2200
1590
9066
-4682
4434
5426
-2145
-3222
-2372
-169
9920
5535
-8884
-6568
-8387
-1687
-8368
2407
-8154
7250
-8509
-3133
912
3014
4727
8309
3536
7898
-9258
4462
5419
-2171
-6366
-5834
4981
995
8851
1994
732
2849
-8710
5319
-753
-3423
-6581
-1931
-1996
3216
-427
-6847
7434
6256
-3808
-7820
-4756
-8114
8052
2619
-5030
-3689
645
1363
-3570
-9144
-4242
8908
-8109
7766
6849
2278
1270
6586
3924
4655
-5357
-9101
-7418
-530
7517
-9601
-5099
-6293
2415
-6293
5911
-6753
7785
-3648
-3550
-851
-5404
9221
987
-9192
6387
6585
3219
1925
5005
3923
4187
7962
9707
7375
-6512
-5573
-3481
-9246
-9446
9975
8236
-3856
-1283
5715
-9526
-7972
-7365
-330
8575
-8519
-3759
-1099
-8324
-7606
-9729
-8497
9019
3732
9163
8412
6692
-8530
-2303
-122
4862
367
-4298
8598
-5705
-9707
6387
-7753
2057
6262
-8837
5959
-5671
4643
-2161
6334
-356
3480
-4592
2113
-850
-2795
-9313
-1760
-9576
-5787
-4509
9360
-3796
4119
2968
-3339
-5108
-322
-5649
559
1695
-6962
-5412
-3459
-1314
-9880
2921
5049
9601
-1977
6641
296
-3946
4769
-2806
2720
-7942
7280
-9214
-1875
5199
-5676
8856
773
4168
2520
-5447
2310
7566
1498
-3204
263
-953
-2071
-7433
3535
-5093
-8573
-847
-1980
-5800
-45
2909
8357
3190
-262
5971
3750
9457
2304
2473
-3142
618
-8327
2066
-3715
-3014
-3188
-6159
960
9793
46
-86
6668
6071
7133
-9878
-8508
-4037
-7521
1424
-3022
-853
7896
4736
-2628
-2903
-8107
4947
2458
-9657
-561
-4728
4747
-9220
7426
9856
-6859
5519
-4037
830
4051
-3971
-8897
8629
9558
-8480
-4239
1979
-2721
7667
6237
-6803
514
2328
641
-5969
9051
-9309
7869
-8846
-9449
-9207
1403
-5749
6752
6613
-4695
1895
1537
1978
4770
-9154
-1295
3598
-5163
-1595
-2713
6704
-6931
2552
-6578
4193
-4091
6820
-4169
-150
9030
1440
-7761
2975
4177
2510
8099
-9677
-8547
-3472
-8581
6689
-1654
-2400
9289
-5418
-2706
-1954
-3966
-2675
-22
-5896
9589
-7112
-4150
285
1269
2833
-8320
5847
-4866
483
-1535
374
5948
-4259
-2859
-6476
-6484
-548
-277
530
-7
-192
3887
3233
-1912
1729
-1112
-836
4011
-7398
-1115
-8816
-1487
7167
-6699
6516
-6017
-8620
4550
2134
954
-2100
8926
-2298
3219
-1241
-9590
-9454
-1801
8706
2150
-3287
-4633
-5777
-7817
-9493
4005
2290
33
348
5659
344
7437
-6728
8229
1184
-6192
519
-7809
-9723
-9814
-9656
-7049
5265
1355
-5448
9454
-170
-1034
-3289
7289
454
2204
-3372
5887
-3579
9965
-7617
8025
-9093
9621
-2639
-9535
-7165
6730
-6318
1330
-8575
6515
7285
-3630
7260
-8065
2457
5332
3108
7934
-7676
-5174
8397
8484
437
1658
-6004
8659
1712
5501
1277
8723
-5970
1829
2376
5969
-4618
-9271
5774
5376
-8307
-9674
4607
-7773
7810
5208
-7610
-8199
-1498
9350
-5502
8814
9861
4401
-9821
4007
3936
-1011
6488
122
-5065
-4502
2654
-8619
7946
8725
743
-9434
-7612
617
-8037
786
3667
7687
-3648
2754
-1872
-6239
7230
4570
4003
311
-5443
-9769
-1815
-15
2820
9087
9874
-3264
-3453
8297
5052
6694
8669
-7086
7557
-24
-3795
5473
-9520
-3051
3960
6300
-2345
-6011
-4926
5877
-3319
2133
9968
7
-5302
5888
7919
-9274
-694
-1620
700
5763
2362
5077
-865
-3184
-9692
4648
-1014
3730
7538
84
-7259
7973
-9480
-3892
8378
8572
-4482
-4676
774
-4651
-7850
2245
-6879
1334
3178
-1513
1298
8081
1903
5904
-4626
278
1003
1272
9615
788
7434
-8189
-8183
2096
9934
-3861
-608
-5077
-5017
4911
149
7466
-4136
-8777
-7386
3630
3297
-4612
8536
7384
4714
4179
-1196
-1307
-2504
9497
9068
9217
-864
-6758
4513
-3325
3692
-5377
4036
3936
-9201
-6961
7194
7516
1709
-1441
3839
8451
5501
6646
-8068
863
-2413
-3192
-9850
9519
-5637
-8738
-6856
-3008
-7129
4340
9736
-8153
-4945
-957
3799
-1922
9875
5998
-8861
-5977
-7798
-8181
-6876
9442
5342
-3992
-3912
7487
-1627
-524
8991
-6858
8148
7597
7380
-4649
2164
-6700
29
-3261
6382
-5537
-4022
2785
9153
-4727
1138
-1826
-4924
-7551
2940
-9188
4287
-4566
-1138
-1753
-6566
-2356
-1422
-8424
5643
9740
-7441
-6030
1440
5331
-9149
746
-5350
7529
-6347
-7744
7753
-1725
3937
2584
9767
9783
123
110
-9342
3730
-2616
-550
-3925
-8952
-728
-7927
8060
2227
3199
-2891
4475
-6380
2570
-658
-1493
6526
6957
-4862
7928
2447
-9200
-9818
-9020
-7927
1554
-6937
3417
626
1282
-5873
-1729
-5413
-8853
7319
-1761
-20
5774
-2351
4182
-4302
3542
-2691
-5069
-3462
-8654
-7341
-8560
-1179
1198
3652
-3661
-728
6114
-5102
-4163
922
-6944
-3785
9546
-8960
1574
-2952
-7814
4149
-8302
3798
8233
-4839
-8420
1149
-3135
5902
8405
-4690
3112
-5611
838
-5951
9229
-8886
8174
-6384
-9185
-8501
7630
-8559
1768
-7099
8618
-769
-5387
624
6393
5121
1990
-8144
6868
602
-7260
-3920
7946
-5515
1616
5076
-2090
8214
-4249
-2232
-3390
1093
4207
1083
9907
461
-8355
46
8676
4072
5940
2821
-6465
-8870
3430
5008
4070
-3799
-1345
744
5770
6426
6844
8762
-8399
7544
1985
-7219
6433
4937
-7807
3184
456
-6051
8597
-5776
6455
-9437
-9089
-1591
2449
6527
9704
-7289
-7191
8556
-1394
6983
-2878
-8255
2198
-1426
109
2313
-2157
1900
8720
-8555
1915
4177
-2495
-1278
-3017
6955
9308
-9255
-4690
4784
729
3537
-2717
-7618
6789
-6389
920
-7900
2261
8419
-4699
-1322
-527
-8313
-9129
-9283
-9932
-8423
-1146
-9458
5366
-9931
-6553
-5860
4754
3291
-7730
-1332
-6099
3224
-7240
-3469
-5801
2671
-5824
9653
-3056
6786
688
-8107
-8335
6322
1436
-9622
-6174
9557
6514
-9009
-3794
3298
-2622
6193
7445
-6442
3179
-4359
-7788
4057
-9642
6580
-4111
6031
-1253
2977
4726
-1955
4596
7572
-7508
-3090
4256
7785
209
3040
9834
9731
-4918
1033
-2558
9384
-4825
-5629
6859
3047
-4335
-2077
-8362
-547
5472
-3579
11
1113
-4512
5252
-2267
4972
-2851
-9724
1667
-3396
-5178
4990
4431
-6090
-6257
8400
8236
-7672
-4806
-5462
5829
4265
9294
8528
-8687
-7194
5818
-8375
7621
-3201
-2661
1173
-9882
-9665
-9605
4424
-9136
8875
-2633
-8056
5465
-7589
6251
-1082
-7483
6819
6366
9930
7569
2064
-6335
-1935
-4289
6070
-7672
-6290
-3092
4591
4700
-5254
-7581
-606
-9385
360
8805
3972
8580
-1996
9315
-1596
-949
5785
2056
7862
4940
-5939
-1556
-6273
2377
3993
6311
-1048
-4451
-1126
6828
1761
-8200
3667
3306
-5024
-1945
4341
632
4668
7533
6260
-6055
-5937
-5765
2792
6639
-9773
8915
-4018
-9490
465
-862
-9700
7575
3618
-1028
-9439
7965
-1709
0
-2993
-7301
-1336
2947
-7629
1408
9659
4296
4805
-2088
7528
-48
-5484
-4355
3308
1382
-1957
-1612
4508
-4200
-4155
-4647
3991
2920
-143
-2657
3745
-9387
3738
-1028
-2003
1998
6986
-1054
8812
-6383
-1635
-1417
-1090
4405
1681
-9843
670
2612
8526
6094
-7854
4794
-1419
-4185
8605
-5837
-8408
2583
-5672
-5672
-7272
-6015
2635
2798
1632
1464
-5178
6595
4747
3964
5711
6434
-2401
-4888
5888
-3459
6707
-6532
6534
7836
-4658
-2052
6033
261
-8840
-9041
6303
-1541
2813
8377
-180
8215
-389
-7368
5216
-5314
-6269
-7670
-6698
9615
5322
3968
7049
8056
-9166
-9009
9649
6308
-1648
4186
-2628
1954
-9317
2615
2172
5188
9072
-3379
-5514
7520
-2754
-1473
925
5560
7681
-7851
5726
-2642
2851
7953
3669
5788
2860
5098
-9819
9291
5461
7193
-4546
-9092
-4131
1394
8137
-4006
4006
-1501
4135
-882
8114
-7199
2560
794
975
-2530
-3851
-2505
8297
-3419
-577
-7580
-4777
-497
-6759
8807
-6822
-4013
-3981
-9838
-3375
-2180
9372
-9365
5973
2957
-3035
7532
-8677
1976
1502
5797
-9565
6078
9408
4006
8103
2765
3740
19
-6927
760
-3710
7958
-2279
-5832
4627
830
4683
9034
5943
-2113
-323
1624
2094
-8726
-4009
-2050
9700
-4758
6633
-5579
-6240
-1295
-3578
6462
3408
2737
5659
5797
-3006
-4112
-886
-5701
-4463
-7072
3575
-1809
-841
-4482
7141
1675
4555
-4817
8315
-6200
-4902
-7943
3425
-4879
7020
3290
1913
3341
-5877
-9890
8320
-3444
9527
5322
1583
2000
-2999
-7217
9690
-4115
7928
6633
8501
-1069
-3308
7355
-5818
679
-9586
-8995
5724
-188
1751
4582
-3589
7837
7006
-5300
-9189
-9504
-9177
6002
-3922
-1048
5088
-5161
-8245
5339
-7797
-2065
-7139
-5331
-7816
-2196
-4661
-1011
-6192
9012
3467
8548
-2720
-6609
1548
4576
-8420
-3132
-6376
-7165
3907
9216
-6155
-7743
-4312
9212
-8935
-5013
-7002
-5539
-2967
-2723
512
8060
5893
-8042
1814
-1108
-6066
-6267
-4342
-488
6678
-578
1035
-1593
2186
-2655
-5052
-7634
7005
1109
5815
3910
-8426
-9889
9538
12
9287
8077
1512
6935
1040
-5847
-2084
161
4557
8711
9449
-2944
-4277
-3670
-214
-6294
1081
-6394
2992
-3424
699
-8113
-1208
6807
-7362
4580
8783
5393
-6921
-7145
6366
-8054
-9738
-7757
-6421
6839
-1237
-5541
-2580
-253
7261
2483
-2448
-2443
2051
9726
-3295
8914
9053
-3978
6922
-3186
8580
-5629
-3414
-1673
-1835
6307
-3429
-5997
7766
3811
-5240
2908
-7832
-6636
5834
-2067
3838
-8611
4997
-1029
5734
-6590
-7603
4955
9477
583
2026
5814
9920
-6208
-2012
-2129
23
-3975
5210
5688
-5644
-8502
4054
-6070
4679
-3503
-3707
7309
-357
-5143
-7389
3573
-1142
-7188
1556
2363
-3890
-6262
2127
-4373
-2624
-4504
-8229
8938
-2668
-9886
-1789
-2741
8686
1603
9698
-7366
5666
9014
-251
-8165
3864
-7873
7092
2911
-2294
-6840
-2000
-3767
487
-574
-2503
-190
-4906
3132
-1518
3579
-4682
6835
-4026
6712
1141
7277
-110
2306
-6966
4750
4593
5406
3774
-5988
-1014
3723
1406
-7830
1672
-8538
8278
6199
6090
-6326
9765
-9585
7408
7882
-803
-6146
9920
7378
9604
7480
-1268
-8547
-1751
-136
-9646
8974
7758
-8025
-9770
6322
2656
-5023
1354
2274
3163
-7262
351
-938
-6549
8894
6324
-8511
-5445
-3401
-8963
124
4524
4972
2986
7939
8249
-867
-3455
1840
3682
6246
-2870
320
-8730
-7512
-7313
4564
-4155
8832
1403
-3114
7156
-9256
-831
-8032
-5409
-4575
-6852
5980
-3083
-8907
-9282
-9291
4517
5906
-3236
2738
-7026
-8420
-161
1474
-1592
-8450
5540
-4413
-9084
6360
-4065
-5152
93
9398
-8036
9505
-8465
-4818
6289
-4668
-2178
2158
9040
102
-347
-2541
-8698
-4328
1812
282
-7921
-4992
-9033
3531
3957
1826
-823
6180
-2689
-3378
8830
-2882
-6675
-8798
-5605
-2632
8971
5356
6619
4094
-8548
873
-4645
7605
3708
-7774
2529
-4639
-7065
-2120
-9603
-5380
9384
-6602
-7702
9031
9838
1260
5104
9498
-7110
-9460
550
1150
9149
9534
-4964
5534
-9389
4420
5490
-90
-3755
2603
-5027
-4208
-5869
-3732
567
6284
7552
-1379
-5328
-7833
-7919
-3592
2943
-7160
7144
-9138
-6754
-5623
342
3590
3665
4091
2896
4840
-9917
5849
-1040
-1976
5684
4896
548
-4999
6424
-5371
-1959
5369
1559
8645
2947
-9011
-5250
-9537
7136
-4048
9784
-2035
3983
5315
9390
-7966
-6157
-6451
1203
-9082
9281
8272
511
4225
-3857
9025
-9437
-8403
736
-8132
1771
9896
9581
-46
1780
-4831
4452
8999
-1533
-6057
1819
-8556
-9514
4625
4157
-2146
3131
7664
6544
-2039
-9070
6045
4669
4584
-8424
8872
-67
-8976
-8003
9525
2471
-5264
5296
9765
-9736
-4910
2206
4227
2982
3780
-1826
7537
8290
3144
3327
-220
-6586
8983
2303
7613
-199
3726
-7813
-8045
-7977
-7362
2798
-2720
801
-6835
1550
9919
5920
-3591
-6475
-419
-1560
-9203
6524
9350
-2970
-8118
1343
-2109
7268
-4720
8462
8402
7229
9182
5642
-9000
-3510
-2833
6888
4384
-722
-9145
8562
-3078
5207
897
1550
208
-1442
-7502
-6484
3549
-9561
-9085
1653
-5186
8654
-5483
-7441
1797
-9232
-9011
-6849
-5513
3512
-9603
9006
-338
4042
9683
1433
6196
9570
-4054
-7272
3790
2060
6932
5676
8699
-260
4327
-7157
-2373
3359
4941
762
-1043
2889
6930
-6703
-931
-2280
-1006
-6250
-9629
-1247
-2608
570
-8996
-6522
-7176
1528
4545
1385
2920
430
9897
-3874
-4879
-5189
2605
-7634
-2590
-2441
-9423
9915
-1196
-8787
4890
-8435
2474
-4512
-7051
2496
-7890
-3899
8032
4061
-570
-8540
-5237
-1332
6846
3967
1020
776
-911
5324
-4789
3514
8032
-4834
-1767
-8535
2760
-2351
-6824
-8272
-8635
447
-207
-1764
-4966
7140
4316
-6804
4487
-2649
7175
-5316
2870
-1353
-8748
5488
7428
-6525
-828
-149
-7656
-3353
9872
3306
-4728
5231
-4870
-5821
507
9423
9082
6793
-9211
765
-5330
-9352
-6471
-6321
-9412
8334
1197
9613
5158
-2533
5402
-383
7673
6129
5923
4727
8394
-2253
-9876
856
-6718
-6648
-2543
7770
8170
911
2448
-7670
8363
-2891
3364
8082
-5295
-6483
7145
-6333
9963
-4281
4441
-7303
6696
4319
-2570
5148
147
6505
-1164
1110
-5454
5230
6507
-2446
-1726
-2123
-4974
-2000
6710
-6954
-4403
4040
2280
-5271
-9833
-9577
-6187
8546
6614
-3581
-5436
6268
9592
7280
-592
9786
1797
-1012
-8330
-4460
9875
6998
-1651
-165
6331
6837
3282
-111
632
-5524
8044
-4507
2145
-2367
-4174
-8666
7972
9283
-1982
-4831
7847
8670
-550
3208
6421
-6288
-9704
482
522
-9393
4940
-3423
-5242
6765
-7631
1131
-8100
5175
1417
1896
-4934
6393
-8453
-9711
-4654
-9829
-5896
1070
-2563
-8607
-3894
-4835
3534
-995
1185
6663
-7036
-4904
3419
-4804
-5702
-468
2284
-5888
7972
-4602
-638
7744
-3163
1870
-9962
-1283
-4286
7993
1672
-4957
-9867
5899
3094
-3476
1130
9344
-2222
7052
-4966
-5813
2788
-8705
6316
-8677
2622
-4934
5817
-8373
-3794
9406
-9861
3788
2613
206
596
-7922
1209
8703
-2778
-6445
-106
2068
-2931
3806
-2992
2114
3757
9197
-696
-280
3410
3825
1286
2280
-4859
1768
-7170
-6254
5368
-8916
8058
-5068
-9858
-8457
783
6856
-4824
6755
-3068
-7832
1371
490
-8552
-7968
-6953
-4487
-4676
-3183
5399
-9794
-3318
7412
3982
-3260
6489
4070
4412
3100
-5856
9274
1883
-9775
5355
-8495
-2627
7860
766
4219
-5752
2544
-8727
4696
9588
-3890
-420
-2858
-6256
3040
1877
94
696
-7207
3714
-1742
2033
4448
-7999
9847
-5819
4994
-8885
4054
5417
3209
6689
3318
9616
-3141
-2156
9556
1392
-1048
8807
9284
-9701
-311
6454
888
-2128
7682
8251
-3200
-1290
4966
6976
5760
-2016
6907
3623
-2346
-9454
-4312
-2846
7127
553
1258
5317
-7172
2614
-6599
-6628
5910
-2986
2938
6025
-9661
-3423
724
-5952
3333
1073
1204
-5169
-2034
5640
-9580
-4009
2451
8870
8919
-275
-1615
8164
-6104
-8177
928
906
3451
790
-174
9825
3457
-8529
9658
2637
-9627
-2346
8577
-1094
-3293
487
-4266
5565
-4925
1992
-49
1333
-8555
8376
-9093
1894
9612
-7388
7884
-2709
-9748
-9141
-5712
-6122
7010
-5478
-5919
4424
-6130
7975
557
-3436
1601
8646
2581
-3377
5767
-127
-8730
7301
5147
-8860
-1848
9900
-906
-5643
3560
1125
3538
-2820
-6923
9699
-7590
6291
3979
-1384
9557
3611
-4956
-5628
991
-6444
4294
-2084
-9251
-6869
-3630
5440
378
2158
-3415
-2949
2111
1973
-2928
4132
-181
5227
3116
6214
7756
-1264
7904
2033
-6091
1450
7401
-9411
-4316
-2805
784
-2255
7642
4876
-7536
4026
6197
4684
3201
-3649
1227
2301
9829
-2403
-1450
1375
1908
7892
9977
-4740
-5717
-7802
1410
5157
-3762
-1841
9467
-5169
6242
-4961
-7819
-8102
8330
8792
-678
4268
5477
-1071
5126
2646
8903
4758
4180
-8437
9973
-9536
-8149
-1237
-5271
8431
1955
6835
3807
1402
-7808
-8084
-4058
5925
-5832
-6712
-1284
-1831
113
-8497
4941
-3958
-3956
8766
-1887
1525
-6115
-3849
-3586
7598
9260
-6823
-4517
5448
-2993
-2639
4600
1203
-6360
-8552
-620
-3768
9005
690
336
-3691
-5841
6512
-8251
-2364
7465
5977
-3869
-1769
-7363
-1265
1663
2814
7465
6091
6958
-7265
5539
-818
-3469
-4222
1528
8854
-6311
7178
5037
-3163
8976
-1779
2881
9088
-3990
-7596
-3834
1156
4731
9445
7562
-7048
255
5102
6082
1500
-5873
-6613
-9032
-6526
-9688
-1810
-8533
-2098
9353
-1171
5513
-3132
-3893
2656
