5963
4387
-3133
-6360
1337
5495
-5226
4869
-665
6634
1044
-6606
23
805
-565
1530
-2755
-1910
8000
523
9872
7174
6433
8581
6836
-8103
-7063
-7112
8988
812
-845
-7665
215
6807
-6847
-399
-8068
-9535
4759
-670
8608
-382
-8620
-6193
5995
151
-5087
-5439
-5063
-8550
-2308
-5149
-9942
-4701
-4846
1150
8172
6283
5989
2013
7683
3559
1258
-9527
3524
-7238
5945
3439
-2296
-5895
5140
-478
-4841
-9502
-6828
-9252
1976
-514
7379
3333
-3755
2905
4034
4543
-126
-2581
-833
-7270
9648
-9653
2835
-2489
3444
4227
-8469
-7111
3523
2540
-1351
-257
8183
9561
-1057
3076
-2338
7506
-6924
-2905
7294
-7083
-248
5657
-2753
-9785
-7973
-2637
-3643
5010
5345
-9232
-5738
5414
-5896
-3308
6990
7524
4600
561
5974
-2344
-4083
-2562
4932
2453
4345
-780
-2514
7937
3628
6477
-512
-3378
-1788
2047
-9632
2073
7785
-4110
-1669
-1696
9788
-2457
9308
-7661
9766
-1822
247
6631
-4431
5366
9301
-2777
925
-9757
-745
3699
-8725
1756
3254
1215
-8923
-5373
-1506
4651
8240
6771
1764
-693
-7922
-1396
3542
4388
-7009
4058
-5885
-477
-5392
8083
-4685
-2853
-4508
4054
-6985
2677
2602
2180
9274
-2425
-7043
4832
9419
-3983
8356
7453
6047
-3804
-9357
6663
4960
7080
8049
4179
9468
5910
-4782
3907
424
-3526
2618
7478
2147
7786
-4752
-379
2453
2321
-4452
6864
-8578
-3037
999
6814
-5874
952
9831
1911
2880
9789
-6260
-1570
-4612
8155
-9970
1402
-5725
1693
-1798
-8198
-6577
-153
-5236
5852
-8173
7967
-2576
-6013
-6473
4639
9601
5785
2580
-3002
-3392
-2301
2998
-9249
-4914
651
3302
8520
-1803
-7287
-9339
3789
7054
5764
2369
-3812
-6144
-5512
8455
7975
8536
7138
7840
-2038
-9491
-9733
-7049
-8938
4638
6616
-5020
3132
-2851
5995
4705
-5257
-2630
-2165
-3247
-6280
-3433
994
7125
6781
6153
723
3437
-7514
-6299
5379
-4904
-1983
-9350
3479
-4084
403
-220
9111
1806
7124
-7788
-5976
5910
-371
-1070
-7522
-8962
-3969
5759
-7907
-7863
-5631
-8553
-9202
3962
-5322
-2030
9998
9654
-255
4610
9347
-6267
129
8608
7861
-8532
7381
-4311
-4704
2891
-2418
9582
-5186
489
-3070
2551
-8743
-805
-826
9638
-1173
-8591
-3819
-2381
8188
-4999
7971
-4283
-9574
-3639
3233
3289
4543
-3652
1430
-6379
9236
4836
-5873
243
-6744
-4361
583
-6039
8518
679
-8779
-6832
-3568
7857
-6067
3460
8478
2748
-3685
-8313
-6935
8173
-1122
6766
-2199
-7606
-5418
-2890
9739
-701
6560
9428
149
-4498
-4513
2043
-4326
-2076
3638
4332
-3947
9041
-4525
-3231
-270
-8346
-1574
4071
3430
5604
7072
782
-2573
-365
8977
9516
4388
-3574
-90
-3299
-3916
-7857
945
-1257
6866
5203
-7330
-8393
-7098
-6091
6085
966
6406
-5228
-9597
-8077
6303
-1621
216
2268
-3111
4966
735
-624
8317
-6031
-6016
-3174
5927
6069
3867
-7223
7327
-9132
360
4658
-2003
1646
5904
-4245
-9451
-5552
-3625
-2450
-3532
4939
-828
-4449
-5614
1173
-7699
-1602
-6951
8253
4745
2934
-3905
-8352
1966
5911
-1873
7330
8243
6172
5064
1374
9024
6764
-9648
8868
4028
4929
-7209
-6085
-4380
8473
3926
1380
379
-4410
8455
-150
-6905
9672
-8104
-2082
-3403
-7430
-8542
2873
9277
2852
-7054
-5014
-3618
-8947
3121
-6034
197
-6593
2993
-8079
4860
-2767
-6816
-9690
-2617
7575
-7897
-9210
-6022
3746
3702
-9374
-4744
-1927
-7329
-4341
-8641
-1315
6336
-3645
3085
7996
3075
-2400
5833
2628
6960
3435
9275
5098
-4457
-4994
-587
-6182
7027
-7133
4962
-5322
-719
-1005
-3925
-9202
-3668
-7861
-1497
7963
-9364
8777
5938
-4637
4237
-1874
3689
-8645
7818
-1098
-5201
-6058
2571
-9539
9384
7718
-8315
-659
-4579
1311
-3099
2838
-9128
4983
8383
6207
3932
8216
-1415
-5835
-2661
-324
1804
2070
2723
8149
2478
-7053
1518
-2326
7443
6248
-8043
5830
-44
-5215
9479
9427
-5826
-4782
-6051
-6117
-3477
-2284
-5129
-697
5845
2584
-7347
1156
-572
250
-3295
-5799
-6476
3414
-9285
-3675
7516
-613
4605
-6211
892
4229
720
-4772
9625
8005
4937
-2278
-2857
-1567
7218
6998
-8987
1890
-9008
3153
-7782
-178
7221
6059
-7648
-2805
-4868
9220
-3320
-6601
2180
-6966
-7468
-2065
8554
9049
6889
2866
6164
-2938
287
6392
-652
-5458
-13
8037
2955
7899
4522
1413
-9049
-7761
1842
-7768
1129
-5866
6844
461
-4603
9765
-6761
4595
141
3064
52
7636
-9013
5580
-3444
-4129
-2917
1089
792
-6572
6636
-7832
-5259
4869
2956
1925
3235
-8842
-4506
5327
-4396
1821
6458
8155
7372
-8460
7320
-9751
4590
6620
-2486
-4164
-3026
-1419
6645
-3468
-9852
9343
-6657
6681
-3253
1713
6109
-2997
-9056
9723
-6387
5451
-3227
-7783
6819
-5226
8790
-7946
8188
7382
-3266
5842
9787
-5937
9340
-7730
23
-9974
-7130
9012
-4597
-2717
-1199
6892
4236
2353
-9205
3730
6095
-6825
-1978
3074
9053
-4732
6733
7361
3335
1075
6098
-4851
-9177
9616
-5699
3464
-7562
-3322
2160
900
-8464
-576
1520
-3661
8473
-7601
-5360
2423
-212
6913
8161
-7550
-523
-7514
-4844
6536
3048
-5018
-1818
-4605
3531
-8909
-8373
799
2940
9772
7795
4514
4340
1443
-9196
-1595
4327
1788
1715
-4904
8801
1085
2504
1552
-5881
-8820
8684
-7879
5816
-8140
-1346
3701
-8917
-2161
-6561
-9344
7731
7854
4399
-2561
-8939
-1354
1944
-7533
-3800
-3175
-466
-4860
-3348
-3027
-29
9710
6008
-1749
-7093
5069
814
2177
1948
8470
-8993
-1702
3172
-3459
-315
6731
-5748
-1600
8331
-3298
7943
6872
-360
8685
-9619
-1928
-3946
-6028
1238
4895
1390
7665
8514
6125
7888
-3210
-2386
-6642
-6884
5213
-7800
3892
-8258
8672
-7638
5838
1163
-621
60
-1480
-3518
2571
8508
-4385
-4398
1645
3686
5994
-3959
5947
-5905
-7133
7846
-5898
-4402
9414
9574
6051
7443
-3025
-4806
-1270
-3331
-3793
-6101
7042
-7810
-326
-5307
-6167
7760
1568
3486
3113
4583
-6129
-5044
2909
-3223
-7430
3537
3612
4363
-2828
1555
101
-8038
-703
-6008
-2239
6620
-6759
3164
-2290
-3933
9675
4893
-4878
5133
-6707
-8676
7751
8887
1816
9167
3151
-9396
-2460
-8361
7685
-831
6353
4745
-3235
-888
6124
-9203
2691
3326
-8122
6911
2052
-1580
1380
-9948
-4802
6870
-4154
-4979
-5364
-4559
8387
3942
-5915
1944
-6941
3442
-4870
9166
-4520
274
-5943
-2450
823
6359
3859
5515
3647
6235
6492
-664
446
4255
3504
-5787
9123
-6589
8406
7338
-2734
-5277
4352
2173
-8225
7675
3977
3084
-6314
-4865
-90
-3855
-8189
-6850
7159
9674
4852
-710
-3157
-7911
6574
-262
-7590
-2385
-3240
-2234
-4265
1514
1128
-4484
6761
-7032
-8069
6369
-412
5319
-6866
-5
7136
7806
6353
3887
8441
-420
-542
-7081
-7548
-4564
8930
3035
-3732
3754
5222
-6970
-699
-697
7499
-9733
-6088
9339
144
-4040
-1072
5208
-6735
6103
-7378
5229
-3567
-6775
-4084
-5137
5418
1571
8029
-8564
8803
8167
9800
-6964
-3035
-3314
-1915
3611
6122
-8527
-7021
-8122
794
5300
1731
-154
5733
-6200
-6074
-2249
-8495
7684
-9401
-2148
9529
-4205
-1123
-4326
1200
817
8619
-8991
-1801
-3301
5318
-4314
-2156
626
9063
-4312
-1604
4492
-4607
-434
912
4617
4382
9660
-1979
-6477
-8520
5732
-8067
272
-8496
-2963
3728
-6047
8769
-4036
-616
-82
-7304
-4152
3924
-1952
8954
3964
4309
9986
5359
2832
-1871
5225
-1219
2102
-1996
-469
9583
-5375
-7690
-1489
-8169
-8986
9393
-2075
-4588
-1327
1242
-3243
-869
4025
-2201
-9596
-6679
1503
-1575
-2646
-6241
-7992
-1052
1695
6110
2660
9584
-7791
9690
-4226
3196
-5217
9653
-6131
9101
-7992
-1268
2164
2404
-5949
8066
-290
4086
-6085
6210
9343
1001
-92
5518
9255
2126
8252
3138
-514
-506
-3186
-546
-2686
6942
-4372
5787
-4978
-9803
5765
610
4078
-5087
-4413
6542
5800
2289
7490
4827
-7421
-4537
8871
-2628
7020
5963
-4018
-1944
4624
5376
-3762
-8258
7502
-2873
3368
-3120
8569
5260
3172
8571
2541
6895
1037
-1599
-9187
4857
-4882
-3678
-6880
1266
-5631
-3828
-2440
965
-7066
3624
5253
-9832
9262
9102
4586
-7502
-6578
7608
-9095
-8449
-9472
-7306
-6619
-7049
-1829
-3260
548
-5480
-1940
-6815
-6252
-8169
5766
-4313
-7402
-2841
5737
7134
-7341
6169
-6955
-7473
5096
1541
-5371
3339
-9127
7515
9292
-1827
4416
-8147
-6397
-1896
-172
-597
3321
6588
-6024
1138
-3842
9922
-4388
8030
-4704
5519
5444
8586
5204
2466
9022
-8197
7810
-8834
4653
1103
-2273
-4872
-6993
6218
4970
5918
-8888
-6510
8556
-9802
-8468
7049
4373
4669
9821
5164
1537
983
9039
-5901
-2136
-5792
-8724
7397
-1548
8250
-4408
3686
6539
2865
5762
-7004
-1497
-964
3948
7660
4937
1489
4043
7232
4222
-9353
-8026
-9987
6367
-3354
9562
-8209
-6719
5880
-6474
9405
5342
-3534
-668
-7268
3009
-1169
-8084
3684
4849
1828
-3188
-6097
-9895
1597
3521
3087
-9058
-1484
-9841
1173
2372
8095
6526
-7512
-8750
1098
5078
6426
7951
-8240
-794
2529
-4968
-8042
-8975
9557
-1640
6205
2415
-1986
8904
4210
-6312
5992
5859
-7649
-258
7402
8522
-7425
-9483
6881
2035
-9088
9178
-6819
4943
-4318
-6347
107
3136
3856
-3430
8329
-4067
-2995
-6677
-5753
-8905
-9196
178
5961
-1482
-6323
-3322
9954
-8047
-1561
-5477
-8119
-1127
9145
-6728
-3602
4136
9705
-7606
1282
-745
5254
-3936
4833
-4491
7616
-5148
-4140
-9626
-2440
5709
6742
3776
1877
-9688
9882
6635
6425
-7897
-4286
-6599
-519
-5517
6817
9058
7024
-5700
-6805
-5842
-2934
1221
-33
-5249
2332
-1937
-5108
-6011
-2920
549
-9274
6601
-9275
2968
-4577
3329
9436
-2423
758
6844
-1326
-8402
8232
6860
-2122
2491
-3096
-9176
-6727
3213
-6196
7409
-1172
-1102
-39
-4241
-3024
3409
510
-3446
-3609
-5073
-5231
-4453
-6240
-8884
6747
-5834
556
3152
6662
2681
-5500
9576
-6363
-5602
-2559
-7539
-1029
5800
6440
3575
-6235
-1525
-2529
6365
-688
-6117
-9211
-8317
4327
-6767
8387
-4496
-8400
6178
9401
-8478
2940
6359
9971
2563
7563
4964
-2698
6719
3472
-9741
7279
6579
-8122
5985
6605
5912
-9156
-5158
-9622
3050
-861
283
-5040
-3971
4705
5143
7745
6940
-5267
-9840
4137
-4928
4313
-4861
-3508
2389
8655
9417
-59
-2385
1964
-7561
4171
8558
6767
-7314
-2158
3975
482
3902
876
-5491
-8522
8070
7292
7966
-8284
4402
3385
7367
-117
2607
3624
-5639
-5261
-6780
5640
3035
6186
3829
-4718
-5570
1753
-2433
9231
-6206
8197
-8173
-7265
-8457
7046
-8821
4326
-196
2788
-6138
8239
-3620
6347
-7013
-144
4586
-5242
-7282
9825
-798
7682
6140
9534
-3704
5791
-7709
-2923
-3400
-2652
-9035
-4741
9286
-8938
-539
-2557
-1811
7504
5796
-3908
-2220
8516
2386
1005
-7915
-3461
4546
-415
-754
3647
-1337
-6975
4447
-7747
1141
9600
-5027
3318
4448
1642
5322
-9264
-2076
-9940
346
9771
-5263
-4867
-5557
5356
7369
8265
4050
3382
4361
7429
1936
8615
-2652
-1077
-3374
4248
-8445
-7566
8044
5165
2254
6539
4187
8163
-5974
-2674
9795
8379
-7514
4200
-2975
7179
9849
9469
-103
-4464
7091
-2044
6972
7457
-162
8427
-3811
-8869
-8526
-2913
9805
9587
2515
-834
-6524
4952
2821
-4890
2546
-9096
9912
9266
-3476
8861
-6277
2696
2549
7311
8743
-4810
-7058
-7066
6366
-9692
-4956
-5292
-1854
6850
-4149
5492
-884
2537
-4255
-6030
-4224
3746
6870
-1699
-2146
3085
5773
-2594
-9242
5216
2910
-4045
484
-4586
9486
2427
-6112
-9747
-4045
4296
-3798
-1759
1029
-496
-1373
2849
3982
2609
2427
-6814
7290
-6474
51
-4487
-9174
-6339
1092
5991
-6473
-3666
-4457
6492
-8724
-6629
2164
3678
4998
-9862
1131
3287
-2013
-9204
-7035
3693
-6152
2815
-8933
1734
-5200
-8337
-4821
-9791
-7833
-5553
3809
8443
201
-5414
-179
9962
-9308
-9192
-8222
5338
2309
6063
-4482
-1608
9344
-3475
5761
-6820
5059
2267
7116
-7142
598
-7716
3937
-4338
-3495
8434
6157
-2112
-7663
-7342
681
-6692
-9454
-2845
177
390
-8631
-3743
-2530
6888
5017
8447
-5453
-3514
2577
-7609
-5036
8856
2736
-9414
5318
-3752
-7830
-8461
8385
-9873
-3799
2438
931
2951
8424
5563
3749
6987
-7740
-4196
-5205
-1747
-8609
7920
-8362
8276
9844
8920
4167
-6207
7804
3542
9845
-2262
4868
-2537
2497
1462
875
693
2779
1298
8222
2312
2507
-4426
1120
6290
-3030
7241
8232
3443
-8320
-143
-5848
-9176
-7845
248
-5625
6552
9509
8847
-6929
8443
-2218
-3999
8869
2514
939
-3310
1202
-9511
4535
-3176
-6494
3584
8094
-8533
8122
3151
-7009
1520
-34
-2244
9622
8366
4526
-5153
-8911
1275
3719
1739
1378
-6118
-8914
-6829
-3104
7354
9552
-4723
-8704
8725
-103
-9056
-8889
-2036
8902
8990
6213
-6560
7666
5040
-6671
-8521
-4248
1703
6842
-3438
-4015
-9508
-2452
-4160
7200
6094
-4411
3898
-522
-4517
-2656
6682
-1445
7062
6469
-7332
2563
-4584
2306
-9234
-1731
4619
-6670
-1020
-860
6314
-2036
2564
-2534
6639
8440
6658
-9009
-244
-1982
-5155
2549
4843
4198
7436
-9576
-5084
-3019
4640
-3610
-463
-6877
-5244
3641
-7052
8387
-6318
-5201
8552
-3023
66
-1178
9503
-1191
7076
-8180
2355
-9204
6155
-2152
541
-5794
-5565
-3839
-1709
-6009
2025
-707
8815
3606
-1923
-6949
1915
-6383
-3865
-7347
-196
6281
2883
-3913
-2009
7558
4423
-6472
-516
-1823
-579
9662
-3902
-8341
-1935
9164
2084
-1617
-5868
-9428
6316
-6013
-6174
-3609
-4165
-8886
-9499
-4027
9977
9596
1192
8019
-109
-1588
-6939
-9779
2987
8754
6807
3464
-6340
-5253
5173
-6707
-7851
75
-3430
6470
897
3775
2319
1145
4073
4994
7287
3787
-1711
8665
-3349
-1380
2796
6128
5605
4199
-7325
-9770
7766
-7468
-2406
1260
3848
4756
5254
-2968
-7527
8866
6557
-6742
9548
-1322
-5668
-2845
-6065
5985
-8569
-4579
9829
5813
604
-871
1700
-4333
8629
-9940
-2175
-5009
-1395
-2060
1280
-2346
2748
8358
-518
8327
-9525
5656
-2361
-6567
4930
-4387
-1219
-4432
-8583
7817
4757
-292
6468
5954
6007
-9074
7530
6833
4763
4314
8852
1184
1455
-9030
-7972
-3867
7893
909
9205
6943
7052
-9537
620
4738
-8436
-4690
9697
859
-6446
-5095
-8653
749
6657
6452
4897
1085
8941
-6027
8163
-9073
-6968
-8666
3489
553
-786
-5678
8385
5688
-2873
3731
3316
-4984
-8371
-5628
6906
-6401
7036
-8623
-1177
-6404
7856
8817
-7548
-3928
7256
2083
-1343
6440
8335
-2952
1117
-1577
1702
-2967
9219
-6124
8090
-9082
-1725
6514
9208
-896
-9112
1501
-6010
-2728
-3860
-8132
2959
-2832
7543
6767
2744
-7444
-7923
9525
-8378
1722
-6044
-9209
8658
3199
4405
-2590
8544
5838
9900
2705
-8173
4459
9420
9739
-2965
9943
1761
-9037
-2537
5349
6770
7750
-8001
-1924
1591
-8781
-5623
1783
4251
-1758
-9796
1018
-6881
-6026
9811
-2944
-4393
9892
-3004
-6259
-9583
-3679
1520
6993
-2320
-1567
-1150
6300
8704
-8621
8478
-8394
-5941
4942
-6941
4210
-7
-8467
-3277
6738
6151
-1546
-3343
-3416
-6769
4188
301
-9440
-7251
8582
8753
3389
-8034
-5353
-5598
-3209
-272
1921
-2074
6229
-3305
7246
1745
1655
-4402
5293
6030
7771
-5138
1627
2304
-8928
4221
3668
9523
9354
-3555
-5376
-2922
1769
2918
-1363
2367
-8873
-8745
-3800
-8651
-4854
-4203
-7853
-8212
-2262
-990
7838
9553
-6815
8109
6820
3977
-9020
9255
6942
-9169
6819
-8364
6424
6620
-7943
2403
1876
-2921
-4093
1544
-1326
559
-1661
9459
4207
6001
-5272
702
-9448
1561
1142
-7888
1724
-2849
-6954
8652
-9006
-5432
-3772
1324
1566
2753
-3351
-8620
-3789
-2313
-1165
-694
5301
8674
-1408
-2458
7229
-9915
-5320
5181
-2721
-8848
-8278
9096
-8237
1508
4261
1976
-3606
3234
-8546
-8456
-4333
6977
802
-6271
-9224
-9396
-1063
8499
-75
-7783
560
-5414
7809
4863
7793
-5612
1287
-9133
7850
3700
791
-5564
-9541
-1031
-8100
-5185
-600
-6723
-9030
-2388
-5965
8493
-2315
-5609
7913
6751
805
454
-9721
-806
-7085
4330
-6411
3047
5825
-8146
7164
-5544
-9447
-3757
-3999
3604
-2019
-5497
-457
2555
8681
333
2172
7229
-4356
3992
8482
-8480
6031
-9729
500
7416
-7457
2343
-6443
-5974
-3776
-2480
9440
1970
6263
-5332
-6527
-7828
-4177
-3413
-76
4801
1503
5268
-4524
8694
-1289
667
1953
-8868
-9231
8151
-9774
-9588
1159
-2624
-2615
-1682
6189
-9087
8330
-2893
-8415
3596
4993
7341
-5246
-4056
1728
-8034
-9749
-1550
1265
-1532
7681
7570
-6226
535
7311
-3728
-4330
-8433
1558
-8322
9918
9647
-7509
8459
529
994
-7957
-7371
7590
-2243
3234
3992
-9731
-8499
-9325
5951
-5704
3178
18
-7668
-1440
-7890
-6681
-2464
-2402
-4806
-9118
-1255
8038
-7779
4966
-734
9901
848
-3054
760
8799
6601
8269
4086
9164
2318
-1596
1545
820
-8849
9200
-2324
-9237
5679
-8710
-2064
-5483
5841
-9162
-1184
6129
-5953
-3474
2039
-1595
-9960
8784
-6314
-8616
9954
467
-3398
-8831
3813
-275
6379
858
-7363
-7644
4801
-7619
8257
-5945
-2328
-4208
9817
-2203
3060
4092
-5738
-9663
-2428
-3094
724
-7445
7286
1248
7879
-508
5110
-2364
998
6152
4082
-9946
8778
-364
4202
5962
8399
8467
4592
-5871
7946
-9722
-3635
-9342
682
4809
6743
1099
-9338
-8448
1165
-476
5248
6805
-8480
1409
5425
-774
-3213
-6860
-494
1776
338
2943
7746
6260
-5364
8384
6556
-8753
8145
4390
7884
1007
-5613
-8467
-5635
6559
9203
3287
-5323
5852
9927
8319
-4612
-6947
-7745
7593
-1119
827
-2185
1733
-5138
8305
8002
6163
-8833
-7619
-3071
275
8901
7950
-5693
-4255
-6678
-4308
-4998
1263
-8261
-3488
1266
-2698
-7315
-9124
-2612
-3410
-4946
6287
701
1862
4254
-2493
979
-7527
2014
-2537
-2200
4056
6296
9122
5986
2155
6769
9922
9587
-495
-3969
-4388
-4066
-6514
4821
413
-5733
-1454
4394
1777
-781
5657
7999
-2179
-1832
-760
-3539
650
364
5203
-1303
-6131
840
-8243
7294
-6074
-770
-5537
-6595
5111
-5907
6280
5320
4981
1311
7860
3212
-6221
-7114
-9067
-4116
5429
2457
6966
8221
9315
-2343
5756
8241
8198
-9852
-8144
1482
7145
-595
1081
-1158
2494
-7132
-8063
-3240
-5189
8573
-9609
-9614
-19
4616
-2048
-4421
-1649
-3864
2254
8030
4154
-3425
2616
-2344
-639
522
-6180
1831
-3529
-7114
-6651
7033
4068
5388
1728
-1161
-1720
5381
1120
-5824
225
5959
-2505
-8942
7348
6926
9688
-6475
9571
-3124
7256
-9698
-1323
1029
-5137
-1460
756
4604
4664
8119
498
-9913
4951
-8646
2353
-7384
4707
-8782
-9495
-6472
-9975
6056
8333
-9998
2696
997
4952
4425
-8500
-904
-7775
7953
4645
5208
-8952
-473
688
5601
1833
8128
5084
-9903
895
523
697
-5926
-3448
-470
971
473
9568
4557
-6398
9063
-7838
7803
7813
3967
9669
-7207
9066
-1690
4254
7064
-6645
-6195
9547
3616
7933
821
-2015
-7802
-2995
111
-9415
2651
6967
-2597
6332
-6245
-1467
6931
1789
2029
-3790
6721
-1932
-5767
-2071
3929
-8417
2450
3089
-6725
4983
7062
-6942
-5359
452
277
-9417
-8775
-6329
-3862
-8573
-5441
-1129
866
-6771
4208
1547
2506
3200
4862
-2706
7079
-4812
3484
5830
6184
-5466
4738
1912
-92
4135
-1763
4204
-7182
-3002
4479
689
2028
-5446
-8799
95
-2936
2055
-2504
1453
-2518
-47
-8336
7734
-4232
7800
1250
-8655
3737
-1507
4715
-6430
-6355
-5461
-423
889
-1004
-892
-6882
-7212
6521
882
-4935
312
-8495
460
2491
4830
3402
1675
6469
8621
-2165
-3171
7292
659
7074
-2581
-124
1364
4425
-7931
-7515
4474
-202
1174
78
-4824
-7661
-2921
-5431
5632
-3779
2548
722
-2244
6158
1912
789
6661
-3251
4109
2203
-8653
-8496
-951
3328
-4756
-3339
-4111
-1825
6042
-5005
5281
4055
9199
2375
-70
5254
-3150
-7322
-8903
5487
5210
-9490
-5686
3970
-6629
-9647
-1646
3552
7229
449
-7410
7915
-2830
-3755
1131
6339
7151
474
-4275
-4776
-1977
2327
9515
7405
5503
4870
7150
-9853
-8984
7696
7399
-3817
-6089
765
6020
2960
7675
5546
-9773
-1644
7101
-5797
-6447
1298
-7660
-5661
1398
-4072
-4202
-2060
8838
9746
5634
-4279
-1489
-9863
3598
-6135
6639
-2519
5346
-5121
94
-2322
-5599
-8522
-2121
-2643
-3000
8684
1045
-1505
-1675
-8293
850
-8172
7351
1841
8878
4827
528
1289
-8509
-6620
6247
2334
9576
-3786
1171
2683
6178
1534
3876
5238
7555
7002
3532
-7227
-2729
-7655
5478
-942
3739
2243
9589
2993
5443
-3625
-8782
6743
2139
2662
544
6956
2509
-3668
-3916
-6604
4796
4922
-8040
3204
3511
2205
6058
6163
7479
-9403
9934
7126
-6561
-7839
7586
2546
-1025
-5201
3632
1374
-3187
-5659
-8974
-1066
-5696
5104
-2495
1946
-4632
-9308
-204
-3380
-8442
8237
3314
-5176
-5676
-6762
-6941
-4160
-5448
579
-5381
-8985
4629
6258
8246
5868
4851
-6050
4149
4193
618
1329
5058
3686
7010
-3347
4986
4215
-1810
-6378
-1230
-5189
-2209
-6245
5050
3974
-692
-6746
-1359
-1817
8179
7543
3768
1326
5052
9715
2175
1724
-2316
9359
4949
6847
-5788
-5387
-6750
6071
-5992
4960
6020
283
-5180
-8900
-3269
-3339
819
-9842
2413
4486
1753
7906
2649
-8720
-9274
-2223
-7587
-160
-374
1769
1727
8177
4546
-5679
-1715
-7240
8704
-1425
-1315
9216
7001
-9094
-4527
1214
3644
1352
844
-2967
-7148
-1632
-333
-5220
3913
-7589
3876
4624
-7479
2916
5715
1228
-7374
8256
1242
-1828
-8074
-1125
2912
6139
-4264
5517
1048
3057
3352
4183
4398
-1107
-9938
430
7321
-591
9854
-1758
6660
-4918
-3277
-4631
-1553
-5129
7427
8246
-3691
-4734
9385
5303
3890
-1622
-8714
9453
-3195
-38
7704
-2363
-3233
8401
-4314
8153
1020
-8081
9194
-9320
8009
4157
3502
-6234
-1830
-1665
-8693
1754
-1858
-9854
2896
-3617
-6508
2582
-1103
9847
-1015
-5143
-7941
6641
-9316
6518
2529
-3928
2624
-1348
-4611
1124
-309
-7760
-3
-4466
-5751
-5587
-1196
-7773
1015
4504
5936
-455
-9358
-3110
2560
166
-3887
8113
-5907
-2651
3985
-7414
-1766
-7970
8533
-2109
958
589
-6408
214
-6429
616
-240
9260
7985
-4831
-9025
5830
9697
-9119
8787
-7544
4402
-8399
-8231
-7075
8238
6225
-8067
8341
5672
-3826
8534
2196
-2112
7602
-9521
-2652
6862
4774
-1679
4954
-3910
-9258
4885
-3677
-1847
-3674
2533
-2408
7060
-8873
-6272
-6571
-6298
-9315
5981
7465
-5651
-1266
4085
8689
-3079
-842
-1608
5785
693
-663
5774
-6157
-1202
7108
-5411
-9091
-163
4984
-942
-5071
-1950
-2811
303
9467
2753
-9829
812
-8162
-8325
5382
-9666
1712
-7669
2366
-2559
-226
-6437
9052
-715
-3315
-5390
-7821
-1519
-8170
9972
-5050
6924
4133
6760
-3749
6770
-3954
-1376
9383
1281
-326
290
-9798
8120
1294
-5876
2129
-4612
-9633
-65
-3156
4974
9404
-6989
-4705
5763
7552
-9130
-2365
121
-9629
4634
-4044
2857
-6502
-5738
-4725
-3925
-3276
-9488
5127
7426
2525
-2352
4946
6941
-1459
9720
5821
5640
-6609
9768
-5277
-1461
-290
-8736
467
-3413
-196
1257
9789
4993
-7228
5061
1154
-4640
6955
-4105
-8011
1185
6908
-7997
-8141
-4312
-5373
8419
-5613
-6207
7269
5192
3358
-780
-9254
5612
-2337
-1084
9310
-741
-3434
3922
-5678
-1418
9869
3003
-6280
4973
-1209
-8462
2507
-837
-4838
-1095
-635
9528
-7152
4214
-9999
4895
4654
-4699
-9573
3884
-4660
-7498
-3593
1594
6366
-4621
-2477
-1954
-5656
486
-7460
-5931
-1243
-382
-6072
-9881
5447
7743
-860
6384
-271
8987
-5636
-8679
-8283
-1712
-1897
7735
8262
3202
-3067
-7834
-7568
1412
5733
2617
6766
-9847
-5134
8516
7148
1091
-6835
-6667
8492
-1133
-7734
7524
-2656
-8105
-7321
-4669
-8417
4527
-4476
-5593
4324
1783
5981
7570
9301
9164
403
6216
-5229
7516
-5037
-2750
-1775
-9321
-4186
3584
-1413
2853
4221
2428
-1720
7941
4595
805
2819
4844
4228
-7594
130
5735
-9585
2015
6493
396
4127
7339
3137
3856
8803
4526
5993
-3898
-9801
-5975
-2413
-663
2839
-9635
3454
-8869
-2967
2819
-8635
-5576
5046
-3237
3251
-2896
-2874
2036
3213
-5527
4253
-9862
8710
7610
5228
-2411
0
2027
-9169
6276
5806
-7963
-5421
9441
-8943
9343
7834
-3290
299
7560
-5644
4629
-9128
6807
-7904
6880
-7250
-9314
7932
9353
-5127
747
6108
2283
4363
-3169
-7736
3213
5636
-4065
7694
-7183
3100
5151
-5077
9218
-9826
3960
-9187
-2621
-4011
-4515
-2852
707
-2352
806
268
-2777
5230
-8234
4378
-7386
8194
3697
-3109
7229
5571
4597
4720
-359
-5002
-655
-9976
-1853
6185
163
-2895
-8542
-3170
-4027
2420
6971
7211
6841
4511
-1339
-6304
4059
-7883
-3898
8372
-8347
6911
-4960
-7301
-6172
2028
-3512
4958
7793
-1404
2277
7729
-9936
7624
2978
-3145
674
-9631
8577
695
-255
3302
-9262
1091
-5
-3665
-8123
9904
3772
8005
577
4761
-2870
1885
8886
110
-5994
-9440
9373
9918
128
5225
-5331
6635
-7158
7376
3020
-4229
3560
840
-1656
4177
7335
-5084
-819
-5937
7183
2779
350
7576
-3780
-4754
8453
-8032
2017
-1724
3462
9755
6043
5204
-3543
9381
-6042
8377
-6454
4520
-6844
-2704
-8404
6743
-3616
-7550
7042
4413
9221
8232
8673
4141
-1101
-2539
-3877
6327
2956
6983
8908
-8511
7970
-1853
2476
55
-5793
8455
8811
-3081
5138
2861
-8274
7492
-7444
7932
6205
-2442
-4777
9435
-9177
2670
-6914
-2670
5387
5724
8384
-3148
2505
-5329
6120
-8636
-2006
6856
-2348
-116
-3710
3215
-5343
6088
8088
3329
2775
-8035
6736
804
8498
4839
-3337
7425
-3840
493
8430
-4640
8745
-2510
-1359
-6348
-6405
-8129
1859
-7994
7444
-1610
-1936
203
-6179
-8705
-5937
31
1952
3743
2969
-9270
-3171
-658
-1235
-7178
-288
1778
8245
4526
-6682
7214
-4355
6899
3159
-3292
-9648
-7839
2621
621
-5759
-6562
6362
1116
4947
806
2371
-8581
8428
-2596
9070
-9293
-4799
3662
4989
7448
7240
-7638
-6002
5284
5094
8204
-6984
9260
-1440
5861
-3994
-1719
3278
-1199
6429
2176
-5103
-9175
5979
-3539
-9790
7182
-681
6396
-2951
9506
7874
8830
-8239
-2134
-9443
121
-1419
4840
-6390
-4185
-456
-1943
-7448
2632
-7358
9229
8272
7893
5059
-2129
-3507
-4064
-9241
9458
-3979
6802
657
7751
-5189
-3922
-8273
-3563
-1297
5151
-7327
-4961
-887
2945
9272
8899
-6920
-6214
2502
-8136
3522
5352
3721
9955
-6475
54
-9901
-9043
-2657
1065
-9851
-8601
-6030
-3227
2619
6979
4264
-9971
7163
1981
-567
-8745
4044
-1327
-9909
-2790
5253
-5724
-7440
7120
2691
483
9616
-5628
-9332
-2692
5331
1810
-9623
-3588
5157
-7773
7318
-9939
1699
4894
-9570
-4023
-3039
-4818
5894
-9092
4234
1278
9381
-6095
-8936
1673
-5396
-7845
4334
-2280
9958
8881
-7827
-2534
-5933
2752
3098
-1882
277
3659
-6601
7391
-9611
6029
2852
-1503
4659
-3869
8379
7129
6246
1551
-9708
-1581
-6900
9071
319
1808
2448
7743
5181
809
7404
6820
9158
9183
6465
7558
-7347
-6334
1952
-8917
-1250
-3033
3658
8233
-4568
-739
-3237
980
-6354
-3381
-2
6038
-7290
-4135
-8799
-6777
6935
3158
-3488
-3682
5912
-2174
-1487
1269
7236
-8397
5810
-599
5241
3310
1096
-8809
8871
1521
9224
-8798
8546
1128
-8292
5435
2206
9787
5960
-9467
6706
-59
4478
6714
-5283
3478
-61
8035
-469
-5302
-3711
-5078
4539
887
4051
-7890
-6326
-273
-5327
3084
4091
-9683
5290
-5436
9013
-7400
8390
1572
-2826
6722
9426
1689
-6140
593
1602
4133
-1075
-871
-802
-8120
-2965
-194
-4812
-1860
1110
-5921
-2219
6922
-7808
3739
748
4810
8233
-3155
-8925
-8400
-1129
-8354
8112
-9133
-1716
-5642
-4219
-698
3766
-3088
9667
1299
-7336
8830
-6562
9527
2338
2033
1455
-3393
-5781
4502
550
8116
-2337
-1516
-1764
-5893
3673
7677
6668
72
-1902
7213
-998
-6902
6469
-8514
7176
-336
-1782
-9492
-6062
9261
-4999
-3790
8035
-1945
9513
7801
-5413
9506
9894
-5037
9230
8785
-8294
-7436
3391
-5092
-674
-2892
8402
-7035
3588
4492
-4983
8851
8731
-9732
-5150
496
2945
-7332
4637
-2120
-5998
-5178
5887
7497
-7059
-5385
-5267
-476
3522
-1519
1652
9581
2570
-8596
-6075
-8539
-6740
-8647
-3734
4659
-9608
-3354
-337
2785
6680
-550
-4511
-9832
-9602
-3206
6763
3795
8867
7959
3383
-1570
1348
5188
-587
1916
4187
-4191
169
3457
-5850
5090
3007
2758
-8461
-3788
-866
4178
-2948
-7474
106
-1477
-9989
-5999
-3155
956
5224
-8767
4900
7290
-6836
-7688
-1512
6140
7209
-4247
-8628
2173
8084
2727
4340
7117
-399
-2249
9932
-178
5852
7464
-7980
2270
7074
-1399
-3049
-6317
-7304
4313
-4996
8154
8438
-9206
-8661
-6464
8421
-8055
-6613
-5608
-5093
2837
-3515
2216
-3798
-1902
1688
4974
-342
-5376
-7469
7153
9208
2921
7107
-3138
9333
-3410
-9080
-3452
6206
-8853
-6977
-7580
9562
4246
3375
299
528
937
-505
5126
-726
-3585
-7934
8032
-8529
9770
-949
5603
4447
6981
-5924
4481
-8442
-3803
510
3093
-6869
885
7204
-2431
-5692
2531
-8565
-9969
9638
1619
-1151
-9662
-4041
8947
-3115
1428
-7268
3083
-7322
5514
6809
8332
-7825
698
-1411
6519
2603
420
-4935
-2952
9558
7626
-5026
8157
5962
7343
-1137
-4733
3759
-5838
1964
3062
-4446
-6579
1925
-480
7598
6163
9975
5997
6555
7861
-1727
-6715
-3235
6526
-7644
2626
-1628
-6206
5882
-3705
-6104
998
-8258
-6878
6364
-464
1770
743
-5587
-3192
-6128
2796
2125
6001
9815
-7262
7972
1720
-3351
1680
-9139
5461
8642
-6842
-4066
7883
7545
-7854
-6249
4068
1134
-3692
6360
8312
-3536
8878
-7333
-8398
-641
3669
-3110
-7731
-4541
8513
8029
68
-9114
-4404
9240
9562
812
-3280
-8899
-8292
1415
1609
-6430
-4547
6294
-5911
-3663
-7751
2547
1138
-7277
97
6259
-1529
3644
-719
-7095
8863
-924
5552
1470
-4867
2038
4881
-2593
2943
20
-1055
-6841
9357
-4167
810
1117
5556
1408
-236
-5129
-1392
2324
-5530
5827
3658
5421
9388
-8658
5604
6360
1113
1741
-847
1163
-8355
4573
9457
-3635
-9768
2480
-4899
-7668
798
1645
-7989
4476
9345
-7261
-8045
-3309
4060
-9135
2020
-1760
5726
-4875
9560
8347
1306
-709
5641
5776
-1024
-3922
2738
7998
1151
-8928
1312
7970
9049
1059
816
5910
2453
8318
-3387
-9741
1988
1516
8927
420
-4479
-7520
-3379
-4886
4728
8632
-1640
8480
-5136
-3535
-2800
-6855
-5791
-1688
-8169
-4641
-2463
-3571
-1881
-4427
-6310
-3767
-9817
-4964
-7074
2494
-5003
1958
-989
3928
6723
-8254
5756
-6404
-6153
-2820
7506
428
3482
-9492
8909
-5323
230
7170
3298
4264
-5715
2849
7032
-527
-8517
-7686
1164
4786
2150
-4172
-3939
-4510
9145
9387
-7647
1645
-9294
-5308
6913
-4099
5860
-2194
-634
-9824
-8260
5173
6483
-9722
924
7342
-5108
7024
5816
-4920
-1024
6342
-463
1287
-8520
5143
-4235
7120
3879
4059
-3085
-3244
9705
-133
-7015
-1311
3186
8895
5091
4975
