-9820
-2469
-1952
8403
1637
-2518
-619
5350
7973
5314
-4791
5526
4214
-8771
9895
-7603
9774
-7874
-7130
6678
3549
-5149
3030
4268
4375
7164
-1130
4899
7618
7908
3526
1633
-2528
-114
-6656
3837
3514
-9865
-8727
564
-8672
8130
5873
2011
539
5295
-332
-9717
-7347
-1194
6753
-3371
-7809
-3666
-2037
-8424
-8912
-3245
71
-4045
-4063
236
5150
5392
8496
-3121
6949
-7653
-9870
-4026
5464
-1856
4637
7800
6532
-4073
4938
-6149
7245
-299
-6552
-7215
-5856
9036
-5707
-4040
-2629
-2399
-1484
2383
-6483
-4443
933
-9560
-7258
2306
-6070
-1123
4967
-1773
-5453
-1512
-5475
-3905
-8177
-8110
6736
3481
-4826
-5546
904
-3193
-8146
8523
5445
9753
6047
-6993
717
9385
-899
7055
-2372
-513
2030
-4612
-4436
914
-2847
6526
2939
5059
-50
5763
-559
-4929
45
2875
-9917
-4210
-6850
-6027
6862
1431
-6540
-5773
5390
2350
-5592
8757
-2668
5699
-4360
6628
6045
9252
-2369
-2594
-3923
5107
9088
-8228
8860
-4058
-2450
7434
-4398
-8989
7460
2789
-6769
-6312
8973
-1871
-8823
2680
5943
-7663
-6354
1409
9266
7602
-6288
-9354
-1731
-458
-2158
-362
6505
8836
4726
5808
-109
7842
-4665
6260
6890
-7174
-9797
814
-4621
4769
1547
2297
5051
-5000
4000
-7175
-9001
3401
4214
8763
-2861
2878
-4315
1121
-2302
3484
4267
-8879
-9365
8958
-9228
5173
-1173
8418
6905
-5844
-2017
911
8420
3107
-5727
3799
-870
6006
-1916
3392
973
-8158
-7943
-7682
-6985
5503
-8241
6539
398
-8091
4059
4324
9875
-295
9579
3520
7302
-3270
4886
-5659
9916
-1936
-2338
-7636
3024
6365
-494
-7278
-5012
3992
-8951
1983
-60
-4823
8223
8151
-4245
6477
1047
7181
7588
-9743
5453
5868
-7981
8193
-5306
5187
-2920
-7274
1084
1647
1497
9357
2180
9686
-2199
-1190
-2172
1866
1710
9395
176
6080
-6168
7751
4660
-5379
9059
-7290
903
6577
9323
6508
-9663
8380
-9131
-4363
2570
-8385
3267
-3158
-9232
-1060
-1084
-1874
-2140
5525
7602
3105
8064
2826
2455
-8318
8824
7268
4161
-6849
85
5331
2400
3812
4119
8707
2912
-830
1368
-5087
-7963
-1441
-6084
-1460
350
9875
3310
9893
-422
7956
-8044
-5030
-3693
9871
-2541
-5873
1296
8705
4422
1817
-6717
1794
6480
-4340
77
4173
-8900
1290
-5526
736
-6013
278
8259
8025
2585
-1333
5111
-6057
9213
-6682
6737
9025
2399
-7275
9975
-1295
-2562
1521
6135
1720
-2374
-1592
-4693
4966
-8620
-6573
-2155
-3272
3048
-9821
2682
5895
-1575
9900
-494
-6310
-6661
-664
4036
-9197
4635
6221
-8414
203
-8353
-808
-5724
1549
-5692
1925
-2529
5620
-6036
-7458
9984
-6894
220
-4005
4881
-9773
4165
-4102
9226
6187
2834
-4654
-1881
-2212
-9083
7504
8269
-7341
-1468
-5783
-3170
-3571
-6144
6443
-7231
3986
616
227
-9987
2134
-1299
5194
-886
4191
2574
-8890
-5109
5608
-2365
7276
-2826
-2764
8137
-5588
-8924
-7993
-7634
-7458
-5223
3279
-695
-3843
8724
-3917
2057
2535
7534
-8450
160
-2406
770
5341
-3671
-3895
9955
-9995
-5697
-8730
7220
7984
5472
-7361
9953
1617
-8668
-2194
-2466
-7390
438
8340
2689
1233
9776
1299
5976
-6988
-9884
2771
-8660
1093
-6808
-1618
1189
3043
7851
6884
4371
6908
1970
3745
2548
3876
-6729
-1278
-4370
-9637
215
-3006
-5235
3243
-1792
-7333
-5450
-6045
-2547
5188
4677
-243
-4870
6445
6354
-6688
719
5047
-5403
-649
9817
-5118
8797
2437
2282
-6847
-1306
7040
5001
-1393
8116
3184
-7436
8692
1896
7621
498
-646
4389
4870
1611
-4911
1606
6104
-178
1248
7322
3448
243
-3246
-1720
7543
1399
3099
-741
-6930
4673
-6107
-7006
-7504
-7484
4542
4996
-9149
630
7653
-1600
-4447
-686
-5675
8105
-1362
3229
-954
-1239
-7710
5835
8548
-8963
332
4942
1986
-1395
-5970
7364
-7279
-8420
-4019
-5473
9728
3385
-3578
4904
3570
-6563
-8517
-5000
4117
-3029
-4628
5152
5656
-7022
2365
4713
6106
-8929
7165
-193
-1174
-1608
6868
-1105
-6600
-9926
2406
-4992
6971
-1116
3559
2949
3517
-3827
6352
-9227
-1361
-608
2435
-2425
8734
1950
3679
-1184
-6829
-9998
-7103
-4320
9181
-6575
-6295
3884
-3697
3252
-5463
9766
8830
-858
1438
6160
-7754
2042
7066
-3446
-850
3290
6698
3861
7371
2144
774
5725
1673
1259
1853
8891
8093
-3439
8869
3643
-1239
798
9897
-6270
-5217
-6798
-6218
-7223
-6172
2079
-2141
-1921
-7385
3701
-5655
29
-5151
-2728
-4774
-6365
6664
6894
-3194
5429
-8217
3534
6766
-2038
3162
-2912
-9213
2506
4305
-3615
-1489
-4405
4645
-9786
4242
-8055
-3721
4616
-6953
-9580
-4204
-5749
484
-3627
-4853
6013
2025
-3648
-1443
7274
2707
-9044
-6861
-6080
8524
-1370
5230
7251
-4633
-6351
-2594
5611
-1566
-4483
-8485
6631
-9468
-637
8517
-3941
-3055
-2282
-8044
-5354
-5690
6673
-880
9362
-5684
9681
-5083
-885
1745
-2820
-9903
-8482
-7352
-447
-4122
-5175
-5765
-6139
-6226
-1615
8352
5799
1116
3364
8967
-5161
6392
3763
6246
1084
-3640
-60
3830
9249
6606
3259
5776
5697
8664
1495
-721
-6020
-6543
2649
3716
-3970
5956
-4392
9072
-736
7451
8873
-1047
7202
7580
-4862
-1761
4151
-1315
-2330
7321
-9539
6533
-3146
-3819
7729
-335
-6881
4616
-2897
9
2525
9096
7685
-8480
5367
958
-8615
-5302
-3217
-1031
-1806
9367
-7720
-5584
6048
8859
4588
6140
5485
7236
-1227
945
-778
1483
1489
1370
5918
-267
-5016
8817
-7658
5208
3038
8942
5904
-8005
-3345
-414
-6362
9837
4678
4827
1207
-7144
4759
-2878
9658
-9663
6826
-9474
7906
-2435
6677
-7034
-7086
-3376
-5923
1934
8698
1969
-7496
3785
9233
-2661
6224
1005
-9582
-8596
-768
9047
320
-7506
3134
-9537
-882
-1741
8527
-9580
9272
8714
-1419
529
-9045
6366
-3334
-4630
-1983
-630
-4104
6141
8171
8347
-1111
-728
-9962
9604
-386
3274
-2705
-8017
-9339
9572
-3067
-6179
3377
1826
-5250
-6127
7677
-1329
-6504
1521
1002
4279
-5935
8999
-590
-8277
-4806
-1105
5868
7735
-2298
-2117
-4042
-6153
7972
1145
-2428
2040
-1109
-3911
-834
3083
7470
-5807
2251
129
-6101
-4006
1645
8499
2297
5675
742
9225
8032
2675
-1367
6902
-7790
-511
1095
4017
6043
773
2778
-3868
-2386
1800
3838
5464
-1747
-1898
2147
4181
-23
-3087
-2762
-1348
-9986
1032
3829
-4460
-8377
8622
572
-7206
2728
-6440
-3419
5185
5642
3317
67
-8784
5020
-4062
1541
9488
1024
-9519
9178
-9643
4457
6167
-2843
-8598
-6670
-8611
686
36
8113
-8535
7261
-6320
1212
-7953
-9929
5713
3376
-2902
3132
-7443
-7629
6158
6332
7769
-1629
3949
4214
-7433
612
2226
-7068
7168
6231
-2577
5200
3327
-1142
6533
3682
-87
-8736
-9738
-2777
8187
8462
4183
4988
2707
-9797
7569
1817
-4002
2151
3742
2065
6577
-3700
-7094
-8761
430
9484
6850
3674
-8194
-7980
4246
6767
9249
-5781
6720
-2907
8929
-2051
8477
-9699
-6911
-7937
-6036
8401
-3929
1308
696
4518
78
-3827
7262
5930
1128
-5641
-9818
4150
1519
2791
-857
8692
-4004
3803
9655
-5403
6257
4876
-9415
7120
-4210
7584
-425
-9001
344
-9051
8229
-1531
-2718
-2233
-1634
1302
7150
3070
5300
3438
-596
2073
-5577
9781
-8551
-200
6285
3836
-3071
2754
-3236
-6835
886
-488
2393
9300
2989
4088
6813
-8987
8086
6779
-1753
9190
-2323
9923
-5672
-1063
6840
8172
-7239
9811
-2848
-3979
-4928
7407
-1190
6105
-6274
-3826
-9625
3110
-8471
4699
6439
781
621
5755
-3425
-1935
647
3463
4742
8111
-6659
-6875
720
5274
-3385
7819
-7287
-9879
-9167
-5344
2381
-7341
8006
-5555
418
2329
-4104
-9869
-4715
9139
-3489
3093
5612
-855
8412
7731
-8965
8006
5429
2414
5671
-1003
7338
-502
7923
-5742
-2478
-9512
-2028
8476
2290
-3266
767
4287
-9491
6459
-534
3330
-4726
-5651
-9775
-368
-9159
-1628
-5624
6073
-4089
-5527
-5038
3085
6383
-5172
-5238
5841
307
8648
-5802
865
-2135
9305
-1371
3363
3837
-97
-9586
6731
6076
-5471
3656
3906
8792
5821
2689
3346
-9689
-2970
5844
-7894
7140
5104
-8238
-1752
-4170
-6096
-7566
9386
-4490
-7281
-396
274
-9860
-9381
6274
5137
467
8517
5872
2518
-6446
-2998
6727
-9400
-9194
-6976
6354
-5920
5717
2895
7913
2198
-7875
-7198
-8020
-4776
1111
2743
-9789
1238
-4002
-6999
-6727
4218
-825
7247
-4722
-173
-4182
-2720
-45
4064
-3739
-8916
-1011
-8404
93
-1150
9745
-3994
9910
-2836
-8377
124
-9587
-8930
-883
-4006
9906
-6540
-7804
-2785
-3435
-2767
-6113
-6578
9717
4523
603
-7701
731
6281
-6358
9498
-523
9497
-4098
-7965
8454
-1799
1480
-802
5061
-4930
-3813
-1390
3208
-7917
-7066
9764
-4859
-5961
4522
8660
-5635
-6153
5987
-382
-5082
8251
-5085
9391
519
2514
5832
-6308
6266
-6836
-4409
-1293
8078
2286
5883
-8674
-4682
-9569
-8450
134
-4469
-8884
9733
-739
5594
2201
620
-697
1992
-63
-2207
5827
-6171
-4685
-496
1427
-2017
7333
1696
7483
7305
-769
8191
7959
-6138
6870
1550
3304
-6098
5448
4304
-3235
3558
2776
6662
6378
3278
-7346
-7794
4385
-5218
5980
-3873
795
2286
-5598
6695
-9092
7668
4616
7326
-152
9316
-3302
9025
-6608
-2207
-4190
-2413
-515
6049
2114
3800
1147
7276
-8370
4439
-1779
-9341
-5050
-4509
7823
4632
3698
641
3871
4625
-7074
-9953
-3845
-2297
-4064
-6688
6729
-2289
-5531
-9824
158
-9797
-3253
1305
5530
-8780
-5015
-4901
1232
-3698
-6382
-5143
5085
6697
-3709
-4252
-3176
-3946
-3557
2535
-9857
-629
810
4332
2904
-4018
-1565
7273
8557
-7992
-7070
-7339
3509
387
-1920
6023
-4740
6638
3048
8733
-3582
9329
6083
-5536
-7373
-3466
-2134
-6287
-629
-1544
1183
-2266
-7797
827
7918
5556
1322
7642
-2051
-5537
2048
9950
-7970
9156
-3746
9963
7890
-7892
9967
3169
8609
9715
-9358
8763
4409
-8756
-5050
9190
7723
8900
4843
-3266
4724
-43
1486
8181
-5214
-7393
-6573
587
4863
-4845
7328
-5908
3145
-3203
2844
8042
-2192
-2834
5237
8713
-141
8182
-1613
6843
-7573
8502
4745
-3562
7138
5157
3910
7693
-4582
887
-2493
-9932
4030
530
-5625
1284
1611
5905
-9376
-2805
-9298
9747
-2874
9214
-5163
4926
6041
-8500
-7183
-5517
-8628
3317
-5171
5726
-700
-7636
9477
-1156
806
3929
5654
4449
-5680
1949
1500
3948
4525
86
6536
-9709
1670
-4246
4341
-5900
3709
7168
-4943
-2468
1112
-3246
7919
1771
9738
9996
6804
-7822
4665
7559
1948
6773
7350
-1886
-2068
-7321
7212
5567
-4369
8805
479
2678
-9371
2975
2329
471
-9322
2619
-3226
-1232
-8455
-6550
6683
2247
-9227
-5798
3661
-412
-1177
314
8289
782
8045
-8921
-656
5063
4415
-7853
-5084
-6941
5286
-4805
6429
5982
-701
6083
2755
-825
-2847
4209
14
-5400
-4894
2109
3260
-8975
9227
7877
9335
-1981
-7720
1050
-8010
-4787
-8216
7297
-2089
5834
-9489
3465
-2132
8888
1604
-9081
-8136
-6566
-9826
3517
-8773
8731
8003
324
-8579
-9870
1714
1502
-4889
-9176
-2331
-4837
9238
653
-695
-6885
-2453
-8306
3045
-2636
-8720
3227
2525
464
1551
5231
6681
7570
3758
-1557
-5122
6802
4280
-9159
1786
-468
7045
-5074
-3111
-564
-921
1466
-6791
-7690
5229
-8078
5806
-2874
2320
5039
-8918
7464
-7280
3213
1930
-6355
4917
-7648
-3675
-8889
-5932
-2039
6902
-9947
7380
8596
-7019
-1000
7366
8212
1014
7175
285
-420
4747
-1755
-6867
1259
9316
-3963
-2782
-9879
6203
-9347
-620
1480
-6524
-4660
-2701
5016
1847
-714
-6352
-8974
2777
7381
9033
7521
6780
4634
-8025
-2287
-8568
2326
-8248
2177
-4779
9283
2252
-4712
9651
9175
-8371
7630
-9920
6646
-6657
8728
-5273
-2228
7286
5257
5356
8654
-2851
-1599
5520
-4394
4195
-5369
-1325
2439
-9241
7636
-6121
3680
-5690
2529
6952
4587
-1346
-5124
1518
-8301
-376
-4229
2915
6768
9839
8440
9530
9053
-8487
9683
-4561
-7631
8981
-8340
3422
-76
-5457
-8006
-7512
8346
675
5963
9710
1639
865
7521
367
-1666
-1809
-8514
2510
1091
6729
465
1538
-6915
-5092
-7174
7764
587
1568
9844
9817
5756
-6091
-221
3159
2756
9194
7701
-722
-6144
1636
6876
-2050
7908
3675
-6543
3209
-4336
7324
-9885
2223
8939
4407
8201
-3811
7341
4282
7344
-2804
-2553
7758
-6871
-7777
-705
-7908
6766
5149
-7945
-4205
-5593
9288
-8989
-3783
6914
6017
6559
-2431
7928
5297
-8852
-8434
-5389
-3864
9078
4317
9095
104
7101
-5163
2502
-1570
8263
-7271
-3323
-189
-8595
7619
-4417
-1415
8769
2854
6663
1412
1398
6331
-1085
-634
7594
-3128
7047
-3132
9041
-5865
-6978
-8365
1267
-8689
-5821
-6312
2302
2837
-5119
-7313
-8427
4820
-7531
5192
5366
-7450
-7431
-5949
8914
4712
-7206
-4598
-3756
3758
-6900
9562
-3013
-1204
-6905
7446
-3922
-6360
-9571
-990
-6978
-974
5787
9524
-6858
-3710
-6875
4348
-3474
7638
-448
1122
652
-743
1297
7568
-8064
2705
4800
-7566
-9319
6008
900
-2080
5376
-5816
1238
-3248
7838
-1008
-705
450
-1090
8230
7359
6200
-5740
-1942
-1436
5292
-8363
-5996
4991
-2803
4160
6542
8641
-5279
-9838
1751
779
-4683
-3711
-1198
-7696
-6578
8868
6602
104
-2379
-3082
6075
-2694
-515
-6074
6022
-8580
2844
728
-8406
9738
800
9894
6216
-7886
-352
-4550
6667
-7634
6140
2234
-9904
-5200
-2883
-6930
-821
-1499
6537
-2862
2949
7986
-8557
5022
6332
7293
-4120
8687
5804
-8391
-9177
-8662
2141
7775
1804
6531
6194
4017
474
-806
-5298
-2899
-5620
-563
-1997
4318
1093
7849
7452
-152
9020
7988
5764
4379
-4923
9730
-889
-2848
-9983
9156
-4824
351
-3812
-2198
-4310
6876
4243
-709
-3414
3270
262
-6120
1055
8923
-461
-2894
-5786
-552
-2155
1217
4954
1668
5654
4691
1739
-6895
-4096
4109
1520
3960
1711
-2875
-8507
8859
-2426
3055
4652
-6491
-6306
3651
5466
9877
3496
-4262
-1575
5961
-4041
-7988
-590
-4961
-7252
7162
1181
-3256
6123
4300
117
6851
718
-8519
3496
-3643
-9416
-4586
5352
-7875
8438
-7769
-438
-9476
-8165
2683
-3066
4266
9442
8462
596
-8446
4231
-5743
-8437
2211
2828
3191
3186
2862
4147
-2591
1965
-7370
-6504
-1902
-8915
-7976
3823
-5074
-4322
2138
6176
5946
-7927
9871
-4212
1047
-5570
7402
4150
-2784
7534
5899
-3761
-129
-7700
8045
-18
8697
-4921
3195
5971
5854
-1935
3971
-7789
-9413
-2532
3272
2880
355
4741
891
-6559
1013
-6320
3191
-7793
219
8996
-7635
-4255
6005
9566
-6333
-3080
-4630
9248
9258
6565
1954
-7450
8267
-1355
9451
2536
7672
5580
2547
89
-5725
875
-3366
8682
-4096
5263
-3470
-4216
-9202
8450
4718
6535
-48
-3272
-7991
-6205
-2167
-5714
-182
-5083
6163
-1248
9624
1646
2420
-7055
8887
-900
-581
-8103
1759
9145
3576
-42
-8151
-5862
1161
3401
6640
8565
7206
1652
-9425
1578
8297
399
-8574
-6387
-8628
6133
5612
9484
7566
807
8758
3401
-1864
2812
3373
8051
3990
5849
1602
2405
-1767
-4674
-6557
1032
2156
693
4925
6126
3827
1032
9394
-3222
-8962
-1812
-8928
8046
-4662
-108
582
-2651
-8233
-9362
-1296
1329
-8707
-9837
-1887
-670
-8976
-9131
-8342
-3551
9102
-7735
-7417
-3875
1536
1142
-4556
7421
3292
-3127
-2171
4299
8390
-4466
-5448
-195
-6344
-7573
1020
-6843
8861
-340
1070
6973
7490
-1799
1742
-5365
-9494
-8123
-95
-5573
-7902
9971
-8243
-1391
4361
1205
-6843
-3189
-214
-4610
2602
1886
2041
-2396
6126
-7508
2784
-7988
-7069
5028
8553
-899
3308
7508
4219
-8311
-9650
-5437
-7972
-5416
9449
1599
6168
-1522
9416
-2797
5015
472
3930
3341
4877
-2029
-155
-325
-6335
-5510
-9427
7398
-4534
8200
-3519
-2019
-9782
8851
-6633
-945
7901
915
5286
148
-3405
-1064
-8591
8222
-2233
-6030
-872
-6915
8432
-4834
-7045
-8419
1016
4043
8727
6739
-2995
894
-5667
-9597
-4501
2802
-2750
8118
-5869
-2087
7565
-3842
-4571
-1570
7350
-6490
1959
-131
-6935
1334
1925
-7256
1294
-2064
-3809
-2159
7253
3544
-6103
6155
8965
9055
5897
-6605
-891
8239
-1349
-6998
-171
5263
948
497
-7528
-1502
-3834
-3635
-2136
3449
-54
2744
-1248
-4455
-8225
8185
9802
-8457
835
469
-8707
-4878
-4130
7955
3075
6514
410
7976
3246
6436
-5413
-1960
-2159
5664
2438
400
-2344
683
-7890
5361
-4594
8778
-9971
6640
-8281
-9560
-3422
-2644
140
3091
8404
-8610
4402
-8576
891
2850
2141
2694
5249
6409
-1863
3362
-7101
2693
6500
2950
-6016
1463
4240
4799
-3072
5873
1894
-8260
-7943
2213
9888
-414
-3772
9407
-7368
-7137
-5842
9424
-4423
-2239
-1766
-304
-5936
1025
-6813
678
8230
3828
7809
8396
-5325
-5810
-3085
-6125
6350
1628
3878
-3657
9491
-7476
-4748
66
-660
8398
-6661
8810
7051
-5837
6623
-5431
6703
-8874
2004
571
5239
-2807
6035
726
73
-369
-3325
-5321
552
4137
747
1524
-9716
-3519
9503
-7546
-9691
6075
8811
1056
-8049
-844
257
1863
-6945
895
-4593
-6992
268
-3344
-9506
1937
6646
7730
-7728
-3965
7727
-7818
9737
-2135
-1825
-7667
4271
3919
2788
91
-2875
209
-2711
4540
-1794
-8849
4997
-1857
5670
-1856
1193
5367
-2688
2993
993
-1328
107
450
-9890
-6887
-2429
-4072
-3020
389
-1843
-7783
6956
7128
-2067
-5614
3430
-3443
-2184
4135
-250
-3456
-6696
4960
-5059
-5653
-1614
8479
-7007
-1058
4158
-4012
9855
772
5364
-2159
7650
8296
745
2291
-643
1257
-4059
1849
-4859
-7874
3153
4379
3418
5858
-4921
-118
1547
-5277
-8444
-6310
-34
2386
1558
4425
3863
-8413
-6284
-7995
3681
-5846
-2832
7853
-7867
4915
202
-1232
2033
-4635
-3826
-7415
992
-6035
7129
5379
5445
-6
-4405
-8248
-1950
-8593
-6994
5271
90
-6477
-3391
4506
5190
8906
6602
-8431
-8405
-3398
-8854
291
-8561
-5159
-4582
1165
1746
-361
7519
-6426
-5300
-7157
-6647
-5595
2621
1653
-8820
-1391
-3979
4902
-2923
2214
-6390
-7446
1578
7263
-2556
9938
1621
-5023
-4814
1910
-3838
-3947
5144
5921
5780
-8825
-6336
969
-8856
7546
-2648
-7343
-2378
-748
-476
-4863
-2747
1182
-889
7870
5526
561
-6222
3240
-1816
9078
-2359
-2226
8044
6865
-6805
-2955
-47
-7236
-231
8086
-8142
-8707
5731
1277
9803
6527
5766
6897
489
-4722
1461
9703
-1200
6507
2737
5104
3412
4332
-624
6067
-8194
-784
5019
9698
6493
-8114
-2135
5148
1877
-7260
5960
4551
5313
6868
-7109
463
-3988
9063
684
-6468
-2609
-1490
1951
2449
6152
4489
-4944
-2421
-7598
8192
4510
719
2852
-6777
6664
-1883
-7722
6163
5673
602
-8640
7037
-8803
740
9581
-7220
1277
-6646
2602
6154
4677
5689
-8301
-9535
1746
-8293
-5577
3977
9362
-608
-7107
3
-9299
5411
-8138
6628
-3321
8806
-1346
2319
-5150
3886
9851
-5244
6881
7625
3728
336
-1549
-3965
2814
1970
-6698
-4324
34
8779
-6074
-6544
-4977
-1531
7836
-4699
7063
5872
-8041
5104
-1266
-9194
-7607
8378
-7056
-4971
9416
3478
3011
-8445
9780
-7240
5368
4744
-5117
2161
8675
-4208
-321
-5906
651
9998
-93
8337
1418
-9909
-8270
-5735
9286
7698
3044
7337
1477
-9229
7915
-6291
8340
-5267
9186
5720
-3883
5836
-864
703
3800
727
6936
8657
4526
6955
-9181
-3883
3343
-6756
5891
-6834
63
-9052
3191
5037
5386
-3223
6000
-561
-9691
-6494
-105
-8409
8706
-5289
298
1273
-9286
6477
-2088
8727
-9349
6623
6094
3135
909
-6051
4913
260
-4115
0
1990
9934
3203
9570
813
-968
-2365
8579
614
-4962
673
7372
1694
-5663
-404
8724
9459
4072
-2370
9026
1317
4645
-5212
7622
4693
-4619
2974
6948
-7588
-6740
6764
4091
-5346
5474
1793
-8731
-8602
-8207
704
-3340
-7730
5797
7685
-8976
-8547
-1440
-5642
4039
-2500
-2782
403
-3980
2134
9921
1807
-7066
9226
-1057
-1387
5074
-8660
8366
341
8023
-5855
-8936
-9486
8945
9340
9511
4966
-8067
2957
-9222
-9647
5761
4062
-1477
-309
-157
-5130
4754
5053
8410
-6163
2174
-3615
-248
4450
1396
-5736
8689
-6396
-9670
9129
5547
3349
3651
9160
8752
9693
-9986
-6889
-4359
6797
620
-794
-8636
-863
-6255
-198
4626
6182
2477
5170
3195
7873
-5689
8528
711
9769
-163
-443
4253
-3824
3305
5110
499
7104
-3505
1960
6306
-1267
-3854
980
7400
-7272
-5436
2838
-6575
-4989
5891
9724
4298
3373
-2535
-2073
-2761
1902
4440
9693
9043
8105
-4551
-3172
4284
9166
-1198
-2936
3540
7836
-8144
-8823
5363
4181
-3719
-2612
1012
-5050
-2503
-9620
-730
-2583
-7528
3143
-8500
-1547
-7061
7330
7317
2866
7603
-9860
4184
-7279
-3991
-5732
-7718
8781
-8184
-7401
-1581
2209
678
4517
3767
-3128
2336
-8623
5197
-1075
-9871
-4272
1039
9080
5232
-8279
4706
-3435
7695
3041
-7589
-7675
7580
8225
-7215
3886
2237
7493
2772
-2606
-8155
-3410
9705
9832
-7890
4173
4438
-5939
-6879
405
6194
6688
-3143
-8875
5338
900
-2381
-2737
6716
-2901
2035
4624
-2059
-347
508
9778
7666
9673
1946
-1287
-2308
2089
2700
-8451
5594
-2763
2933
-2315
-8854
-4649
-5705
-9505
9021
6259
6298
-6616
-976
-9633
-6559
2629
-5326
-699
2595
6094
-6702
-9324
-9283
7147
2307
-416
1755
1822
1687
636
-2246
-7565
6453
-7513
544
-4396
-3042
-9058
-7628
5720
2527
-2315
-5028
-6450
-8922
-8732
-6948
-3794
-1503
2719
-8259
-7851
7216
-7284
9077
4945
-6452
7296
-5864
-6585
-9140
-6544
9703
-818
8429
-9542
4744
-833
-6061
-2800
3682
-7691
6940
-3160
-2562
-250
-379
2702
4222
5517
-2057
-745
-8236
-6959
-3768
-3457
-5352
-6615
-7757
-775
6116
9254
8619
8446
6607
-3269
8540
-269
9044
3534
991
-1907
1387
5999
3916
3009
-7999
2475
5894
-8788
2938
6751
7819
-5703
-8516
-9934
-8223
8439
4381
3776
2517
6977
6574
5605
5168
3248
1758
7445
-9096
-6567
-9150
-4940
-8418
5868
-1522
-8761
-9091
4612
-7138
-2322
6969
1164
-6428
4836
-4311
3416
824
-8020
-3882
-1507
-6265
-8068
4465
-6560
-605
1921
2778
6565
2371
-8305
-4625
2768
8169
9549
2417
1200
-7390
9728
7121
4383
-5809
-8384
175
7624
-4195
6721
4920
2851
-4074
-4979
7721
434
-447
-5499
6073
6097
-457
5897
-4748
-5668
-7708
720
-1294
-5166
4314
7956
-9047
-7510
-6581
8875
9242
21
5700
5812
3758
8773
-1802
-2687
6575
6876
-8327
-7373
5123
3800
3737
-3289
2349
1950
-9342
53
6553
-4916
5231
-9434
-8835
-9015
1108
-3382
7328
-6057
5250
5505
-3310
645
-2689
5971
-6757
-9711
-3265
2564
7917
-5511
1245
7342
-7119
5811
-821
-9217
7138
6648
6014
-7639
-1198
3701
-9235
-1541
4968
8037
-88
-712
2732
821
-4873
3835
6355
9415
-7675
-8598
610
4230
-5948
4452
-9976
-1678
7045
-7895
-121
3611
7286
-3468
-1916
-7767
-1849
1043
-7082
-6884
-1999
-1455
2325
-6418
-6015
-8022
3170
-2064
1523
1101
-9628
8663
-9908
-6461
-3269
-1497
7954
5943
9343
-9453
-7954
686
-8158
-7097
-5132
-2974
7093
-9300
425
2702
-8360
-7735
7423
-8378
-7874
3314
4573
617
-7476
2396
7634
8147
-6148
7517
-2816
2515
5808
-5245
8016
-7843
3843
-4820
-8167
6303
-7614
1233
793
-8266
-5814
-5540
9605
-8507
7806
-3375
7174
-6273
-4842
9849
2578
7561
6394
-5339
-6269
-2524
755
2029
-2338
-9565
-1536
-5466
7892
391
712
8922
-297
7047
4467
-864
-5654
-2814
-249
7456
6112
3713
-2167
-2712
9323
6334
7141
8621
-683
714
-6066
-6391
7888
4083
2656
-7801
-7754
2419
-7611
-2594
-7258
1978
-7268
3813
4334
-2217
4019
8033
-9065
4876
-403
-1567
-2615
-1347
-36
6882
9497
-1956
-6290
-5704
8579
6262
4015
-6592
9614
-3076
474
5115
5014
2549
9144
-4203
1098
-371
4085
-709
-9102
-5895
-3136
1792
-3866
1843
5406
1322
7302
-3115
2201
-2189
-4512
6207
-836
-5145
2706
8750
7635
8585
-7004
745
9797
6556
-2568
5249
5820
4187
-9597
-6432
-668
-741
-6207
-7225
-4984
-520
-4396
7085
7316
976
5969
-2812
-4516
-5544
8521
1799
-8286
-5971
6455
-7618
5174
-5187
8313
2424
-3227
7143
9698
9292
1001
-4457
537
-340
-3627
-8207
-6497
-3200
6267
-6734
7019
9296
7417
-1966
-6590
2231
3256
2403
-1656
-3557
9521
-1689
2870
6233
9222
-446
1263
3127
-2930
6951
-7346
9090
3342
-9127
-4186
-308
7351
6323
9020
3941
6961
-4405
3133
4339
5017
1789
-6405
-9566
-2983
7210
-1169
-3390
-5729
-2288
-9861
3419
-2701
3210
2311
5654
-5683
-6244
-1443
-9349
899
1203
690
3810
7178
-5476
2470
-487
-2548
-8774
-4696
-9594
8750
-5379
-1498
327
-6903
6333
-5075
-7762
-7821
8741
7901
-7496
-7341
3189
8418
1177
423
3095
8743
2233
7746
1775
9969
-1294
5075
3977
9151
5072
-8759
-8663
2235
-802
-369
8985
-8875
744
-9731
3504
8297
-7666
8359
-8
-237
-2809
-4679
-9523
1311
2341
-8297
3519
5150
-7016
3079
-1704
4109
-2411
-7806
1308
-1427
3908
8804
-1293
-5372
-1411
1052
6543
1045
-3675
3050
-7760
-1305
1088
5982
2534
-5589
8761
9536
1842
4257
8858
5211
4098
-6550
2243
-2832
-5812
-2249
-4729
7612
3882
680
-2475
-3114
-9597
5837
-4422
-193
8560
-3101
7017
-3174
-3882
-1260
7983
-2322
2259
-3363
-1351
6007
-3833
-1328
-5605
6875
7105
-2138
-389
3789
-9572
7984
4956
-5378
3286
-8762
-3297
-1570
2032
2984
6734
-6709
-3486
2301
4613
1507
-5333
-5657
7743
1437
-9109
-1348
-7200
-5948
9306
9168
-3216
-6358
8137
-252
5016
-192
-8299
-9245
-2661
-6311
-7040
1954
6228
-8247
-4899
1813
-5991
-2832
1594
-143
-9658
7408
-9699
8468
9171
-1728
4009
5928
-90
9960
-754
1260
-1179
4133
-6236
-6701
-431
-2853
8835
704
6498
8114
-1846
-7416
-1235
-8646
-7151
3484
9925
-411
-1352
6954
-610
-3546
-6629
-8783
2947
368
8376
4780
9996
876
420
-4696
-3434
-625
6519
-5593
-3844
-769
-3744
8657
-2918
1658
-9339
2147
3683
-9430
-7714
-8336
-8207
-9712
-8307
-8960
9597
3771
8271
1954
6603
219
-6127
-2088
-4617
9750
3863
-9443
-6467
-1263
-5304
-2670
-29
5228
7995
8421
7398
-4158
4343
4437
-2114
-662
-5295
-1407
-6786
-713
6457
-7873
-3327
3465
-2217
-3238
1991
-9265
-8178
6238
3411
4340
6021
-111
-9904
4027
-7738
-1136
8478
6425
-8159
-4227
8159
-4843
-5616
-7824
8535
543
701
447
-4741
6907
-2129
-2969
6491
-2410
6935
3936
-5254
-2528
-9447
-32
-4127
96
-9773
-220
9609
9496
7924
-9983
-3061
2569
-4092
1610
2385
-3134
9111
7547
-1198
2642
-1653
-6436
3620
-1598
356
-5669
7679
148
9718
41
-9298
-6495
8355
3386
-1841
3644
-7008
-8968
-3281
3398
1544
-4827
4187
-1498
-3128
2304
-4947
9317
-3718
-9504
9883
5642
-98
6607
9293
-6700
-3755
6615
-7782
3840
7114
-3376
8762
6042
8829
8542
-485
-8777
-2186
499
-8544
-1660
-993
1236
3457
4789
6767
-1633
-9619
7714
9526
1703
-3685
5566
2025
9958
-6293
-4038
3903
5257
-901
-8632
-7872
-5239
7490
3857
-4802
-7765
6885
-4936
-8404
5669
3551
7953
-3001
-559
-827
-4369
-9866
8405
2804
2359
-8566
-8221
-1291
520
-9780
5270
-4661
-9145
5215
1926
7760
509
8378
-2545
-8496
-2365
-7220
-3556
7288
-8202
-5961
6316
-71
3746
-8759
-8257
-4261
1626
-2326
7303
-9752
5174
8069
-5656
-3769
7928
6880
-1629
9296
-7560
1317
-2420
1606
-1666
-596
-6469
6445
8150
-3537
-1351
-6403
4775
3420
-2027
9091
-850
6550
-4732
-1896
9022
3283
-3778
3279
6637
-6216
-2086
9850
4268
5326
-1438
1798
-3630
-3928
5079
-6627
-8359
-2507
-3587
2614
-8881
-9722
-4732
8926
-6968
-1175
9402
-8910
-6470
-6875
-8660
6694
-4202
-7797
-1442
-4992
-8962
388
8520
-3708
-7307
5422
-5940
4812
1805
4237
-370
8851
1275
-1048
9521
-2366
2734
4759
3124
3581
-1688
-7514
3826
5733
753
-76
-2816
3603
6607
6044
-1962
-9007
-1769
7922
2855
-5245
-838
-8081
3229
8878
-440
6774
-2963
-9559
-8387
7554
-5079
5124
-316
-7649
-2008
-9647
-1425
7185
3738
6769
6836
6468
-2411
-9216
-6585
5000
-7449
8168
259
9361
6329
-2877
1920
9650
-8775
-1772
-8093
5794
-6312
-1195
-321
5692
4898
6837
-9091
6913
-5622
5994
-7737
-2458
-7389
-5825
-3395
-8963
-5915
-3926
-7003
-2636
5354
2772
5888
4202
-2482
8812
608
9215
-8434
357
2320
-4149
-9739
-5769
8212
-1907
8592
4953
-300
2591
-2167
2617
-7237
6691
2123
1403
9696
8199
-8392
-6589
-7355
4603
-5858
-1786
-9540
9156
8602
-6839
-2194
8422
3974
4922
-982
-4668
-8007
-5769
-4068
-8357
4384
5889
-8389
-750
-1512
-4666
-79
-395
-6134
7295
3141
165
-7327
-1676
379
-3426
-1768
-6570
-7202
8893
9690
2605
-1940
-3788
1085
-6035
6035
4031
-3406
7567
-3632
-8353
-5258
-5003
-2929
479
-5399
-8984
-945
-9797
-2738
-5679
-9316
-6327
-959
-8939
-1164
189
-904
7098
8137
9299
4905
6403
-2319
1517
-9900
-3883
9835
-9149
331
7330
1742
-4300
7598
9063
-3044
3394
147
-3134
2531
7907
7139
-2712
4546
6259
-9109
-5561
-8760
-8728
-998
-674
5559
3222
6529
8454
2746
-4814
8013
-121
-3934
-6040
-2361
9425
-192
8136
-2330
1219
-4331
5642
1860
6939
1531
8078
5700
6633
936
-2767
-6510
820
297
-2316
-7082
3159
9804
8730
-1414
6689
1819
3698
-5996
2216
380
1204
-1841
7330
-8094
-4270
8566
-8471
8284
2400
4130
-6510
-7129
-75
-7706
-8350
3925
9516
-8638
3246
-7586
2859
1382
2690
4008
-9860
4941
-7032
-2050
7320
-5414
-293
-5514
-5504
-1961
7039
-4741
-5024
-9745
-1645
4223
-4877
-8240
781
1978
8637
-9634
-4541
2333
-1159
43
275
-6238
2580
5712
5896
2276
-9870
7475
6187
-7108
-8773
9348
-6482
-6273
538
1336
-2974
4964
-8571
-2277
-7858
-3709
9819
-5876
-544
5693
4541
-1922
3248
909
-5960
-5175
416
-7273
8209
-6364
6626
361
6993
-3320
-6915
-1549
2410
5408
6762
-8981
-7520
-1087
6391
-6999
9372
6685
5493
7478
-1505
4323
-9978
832
8170
8232
-1974
5383
-926
1720
7899
1231
7677
1502
7164
-8833
-2684
-2171
5823
-3057
-3659
1253
-5306
-659
8655
4420
-6287
-2843
-1122
1248
-1666
4855
6258
4177
687
1388
5572
7221
-8277
-11
9429
-6425
-9841
4783
-9299
-1054
1952
-8758
-2377
3076
3644
-7178
1331
2606
1331
2812
-1015
-8706
-2812
1118
2181
-8142
2201
-5686
-9438
9548
-8229
-3769
-7029
6811
2865
-7626
1338
3431
5900
9842
-3468
9107
3812
9864
8737
-881
-8020
-4554
2443
3774
8440
-7737
-2920
-64
3172
-2433
-3520
2085
4097
-4756
4947
762
1152
-289
8120
949
5196
-2187
5640
-5101
-435
-5177
-6844
8796
-2663
1225
-7407
5197
8788
667
9528
667
6466
-7318
2810
-435
44
-7244
-9160
-1477
-499
8716
7236
9572
-2527
5153
-3284
-8883
1569
3826
-5573
5353
7164
-522
9039
9697
-6745
4427
5265
1844
-5761
-8068
-448
