8809
3899
-1418
-810
-4273
-743
-8380
8581
-1584
-7353
8872
4052
-4806
3837
8987
3348
-5200
5196
9942
-8332
8720
-8523
3107
813
-9434
1213
-2143
8362
-4093
1069
27
-4052
2443
9340
-5305
3448
6478
-2043
4986
2207
1929
3224
1167
-6753
-6997
6201
4685
8694
6561
-5319
1885
852
-4947
-1225
9935
9089
6680
7275
-2025
9485
2604
-3328
6264
4827
-8257
5872
-1113
7867
2436
-212
-5799
-1355
6535
1266
-6305
-6456
-9409
4413
6247
1854
-8292
-6801
7257
5548
-3579
-2519
5294
-183
4194
-2142
7761
-592
679
8280
1241
-9158
5158
3986
-1212
599
882
-120
-3202
2814
9192
-1125
9487
-4542
-8441
-6048
-6678
-3781
7636
3088
-7298
-3110
7407
-1486
-2830
9396
2271
4149
6591
5711
-1106
8019
-2277
-2694
7228
6949
8066
-5115
-5587
-3567
6725
-6910
-2139
-2477
-9380
4595
9725
-7005
4265
-4619
-5487
-5693
2112
-4974
7175
2717
6644
-5156
9599
-8525
2055
-1449
-7881
3106
-9347
6434
-1212
4517
9903
-2571
-9323
-9567
-7786
9815
4077
1875
1911
6275
-208
-4923
5446
9142
-2538
4174
-2598
-333
1795
2842
2279
-7583
-7523
484
4045
7119
-4547
-2231
-4190
8413
8909
-9163
8893
5067
313
-7127
-6924
-8367
693
-2094
-6572
-1702
-2731
5084
167
4695
-7921
8601
-4865
5628
-1040
9569
-203
-9558
6820
-825
1351
7363
-5013
4371
1926
-7894
-2068
-4797
-1821
-1392
1188
536
-3537
7378
7667
-3978
-5214
4327
-3109
8822
-9747
-1630
349
4524
7163
-6560
761
-3212
1803
-283
-6960
4023
-6710
-7286
-6893
3448
-5161
-2055
-9778
-7980
3258
5280
439
-7143
-8117
9454
-6202
787
3347
312
-9711
-4436
-7233
6249
1760
450
9306
2586
582
727
-7862
1345
7877
8831
-4355
77
7333
5486
601
5182
8361
-1655
-1237
6161
6376
-7646
-6988
-7307
1031
5037
-3942
2406
-5540
592
-270
-6244
-3457
-7808
4592
-3921
-4111
-2246
-9554
5284
-4237
1370
67
7139
-1338
-8270
-8166
354
-3765
-1357
5429
2414
3583
-8867
9542
-8571
941
7853
3723
-6322
-2813
-2232
-6454
8630
-4756
3424
4229
-1044
1644
108
1921
-6654
-2201
-727
3719
714
-2608
3504
-2598
3636
-6456
3943
7812
7115
-1869
-9045
-7973
-3113
1789
809
-1975
-9614
44
-8987
-1199
194
-4122
-4489
-4259
6695
5368
-392
-9870
-5592
8699
7050
-4327
9011
-6864
1470
7572
769
-8810
8806
5847
6296
-7726
-5609
9518
-2851
2017
278
-1834
-3053
-1619
6081
8096
426
2817
-6030
4983
-381
7071
-6952
-6650
-3876
-3193
-2147
-7598
3835
7678
-8187
2310
6355
5009
-1601
8155
9689
-8285
5470
1187
4067
675
4274
-4091
4507
-9878
-7740
-1775
-6964
1038
-882
-2883
5376
-8340
-7949
-4845
-3494
-1946
-2576
-5983
709
-4804
-5065
689
5549
3429
-461
-2685
3984
7770
7800
-7007
-2223
7932
1799
-3490
5315
-9699
-3099
-3264
3529
-6563
-2157
-5045
-8223
3272
-4887
9854
-7709
-4791
-5245
1219
1506
5011
1069
2857
8252
-1535
-4719
-7392
8578
6450
-9314
7749
-9271
-8098
-4691
7526
-9163
-5571
-4616
-7857
370
5894
8216
6085
-735
3676
4141
-5883
4620
4396
5507
-9382
9573
-5407
7371
9338
5793
3273
-6132
-3409
3827
-2100
2057
3175
-3474
5142
1966
7744
3465
-1181
-8971
5465
7198
7895
-141
-7573
4500
6780
993
4431
-3229
-8032
-7753
8436
-7359
-9274
4515
-7651
-125
8964
-2597
-723
1800
-3952
3683
6764
-1715
707
-6666
-3537
-3238
-1489
481
3487
8629
9940
-1701
9955
7880
5432
-6168
5270
-2005
-1844
-8513
8280
-6542
-4396
2070
1414
5512
7694
4375
-6345
9529
-9150
-244
-2957
4313
-4628
-5205
-8449
-7477
-7309
7008
-2165
-2120
6551
1827
-6978
5515
813
-4861
-9939
9947
-7612
-2046
-3299
653
-3891
789
1959
2717
-2208
2811
4988
4761
-1708
1465
6886
2341
7951
-9213
-8968
8034
-2394
8362
2450
-8415
-544
-9583
2612
324
7633
8277
-7727
-152
-2026
-8439
7410
210
-9536
7269
2444
5693
6304
-1553
-2238
4211
-3963
8534
6617
7433
-8449
-9882
5827
995
-3008
-7217
-6360
4475
6672
-1632
-477
8004
1843
7659
4159
5873
-8449
4201
1613
-338
7606
-1109
4462
775
4723
274
229
4313
528
4385
7881
4106
8641
-4814
7805
558
12
-2510
9840
8926
-7762
2213
5765
4040
-836
-823
-1981
9093
-1184
-5361
4041
898
7193
4566
7154
8364
5542
-894
5816
4473
4752
6475
-1313
-4571
-6310
7362
-8024
5405
3442
-5358
-8130
-9994
-3365
-5605
-9664
3197
-6153
1191
-4650
-1579
2247
-3063
2503
9116
1046
4716
8820
7120
-5068
6298
1250
-2820
-7672
2074
-2189
-6047
-7517
-8483
2748
-7585
-9591
7461
-3618
5946
893
-1106
6280
1530
8690
9326
-2320
8455
-626
1658
-9542
4708
-8896
-8110
-1031
-651
5231
1560
7350
-4459
-9468
6045
2658
-575
-2124
-1076
2680
-3888
584
2011
6208
-8028
9263
495
-2066
881
6401
-6962
-323
-4262
-4058
9306
9974
-7507
-3285
-7934
-5236
6701
3473
-7658
9181
-2220
3418
-1128
-6485
7335
-1805
6832
6764
9723
-6466
7101
6178
-5905
-5044
8007
-7739
-5884
-4503
-3541
162
1521
3288
-1067
-944
-7590
-7901
-3665
-1882
-8842
-5145
7703
-4222
9915
-2356
-723
-6281
-7461
571
5578
8484
-5492
9773
1633
9541
5603
1092
-2805
2710
3465
8183
-5242
-2992
1802
-8844
4497
4473
-7906
-8403
3232
2015
-663
8396
5653
-3044
8086
7622
-4173
3244
-1350
-7782
7126
-4659
-5472
2619
3726
-5907
9944
-7697
3948
2003
-4844
7800
-6516
-5612
-9288
-298
7747
-2504
9402
5754
7672
-1400
-2455
1569
-7534
-2482
2257
-522
4547
-9393
-8481
3667
-5614
-6744
9188
6275
-1625
-8848
1489
-6226
-7864
5682
40
6594
-4122
-8946
6834
8040
-155
4455
8650
-2051
-8288
-7128
-407
-3090
5167
1309
3688
-6280
8924
-2303
9731
-7340
-6354
4630
5290
3246
7107
-8751
-7976
5264
-8317
775
-4867
888
3655
9030
4538
-7540
-5344
7265
7975
-8852
6310
6726
8292
3864
-2381
-8412
-2628
494
-1175
-2346
-2183
7320
-5179
-2943
7934
1852
-1393
-8188
260
9257
-8882
5693
-442
2794
8584
-503
800
-6117
6816
-7943
-8080
8012
5050
-9775
1655
2163
-3738
3462
4060
8091
7249
2423
-6447
-4546
-285
9839
-5652
-3313
3551
9772
2750
9655
7913
-7162
-5184
5417
1782
-2589
-5892
2210
-6051
-8619
3174
-5007
-4562
-2011
-4507
-1025
-5752
90
5964
4783
2953
-200
-6471
-7895
-6582
8306
2738
-1320
1410
-6521
-6353
-8553
-6016
9639
-9316
565
-9560
7582
8018
-7142
-3098
-4091
8601
4768
8799
1947
-8511
8141
612
-1562
-58
1021
4235
2850
1857
2204
-2533
-9965
3115
4124
-4963
4718
-3911
4838
-6017
-7240
1867
8946
-8201
-1838
1879
9388
-9674
1872
962
7
5273
9977
4670
8250
2399
-8952
-5057
8450
-9971
-4281
-2674
-8779
9507
1361
6721
-9110
-2280
-9270
8138
-2825
5433
-8163
175
-2879
-2993
-9256
9742
-1343
-4758
4745
747
2054
7212
9990
-7521
-8030
5811
1812
2422
-8864
7244
4879
6772
8421
3620
-2773
-8379
9881
-7911
-1576
-2065
3404
-1447
-1612
1888
1499
9762
-7267
4996
-8592
-2688
5805
-7459
-4179
-8217
3481
-1822
3494
-7380
-1353
4614
5662
9131
-3744
9601
-6938
80
9501
9179
5836
-3798
-9883
-1974
-7682
-8371
7219
-9467
-8458
-8904
-5320
-8225
-1672
-3757
6010
7242
7429
9424
6164
-1741
-9880
-9195
-6112
-5843
7803
-4982
-3420
-6518
-3166
-37
-5674
-351
4249
2684
2146
-2842
-3125
7625
-6973
-7185
2135
1921
5868
5768
346
7306
-4233
-3008
8952
9157
-7079
-2545
-4042
5121
130
-5323
-6260
-3206
7138
-7608
9485
9925
-545
9644
-4851
4016
-1394
-6275
2201
-201
-9637
-633
-8336
451
7854
-783
-365
-7324
-9807
7063
2833
5090
209
-4794
-9346
9521
-3626
3021
-2977
6555
-8551
-4996
-4835
3308
-7290
-205
6913
2359
3591
-954
3521
-1639
7675
8720
-5504
-7802
2697
6815
2740
-540
-7575
6236
-3420
8905
-8585
1022
-3061
8478
-6168
-7913
-2320
9904
3968
-2661
239
5229
-4305
1951
-8817
-8302
-7992
5570
-5485
-9492
6678
8174
-2421
-2989
-2781
3856
5506
-7018
-5439
-9504
-1153
-3450
-905
4936
6252
3512
2348
8731
5038
538
-7092
8750
6813
-9052
-9011
-5450
146
-1863
10
-4263
2420
-3302
-7284
-546
8414
-7262
-2438
6912
-7993
-3258
-4409
8118
-901
-2393
638
3098
6171
7802
-9957
7219
4713
-931
6255
394
6289
-5809
4146
8295
-6259
8403
-6575
-4567
-3228
7069
9605
1710
-6060
3142
1436
-7068
7589
7788
1152
8234
2783
-2387
7638
9119
1152
4911
-656
-3883
6718
-4033
-4158
1024
-4033
-6046
6566
3984
5371
-7031
3995
-7841
2522
4220
-148
3867
-6392
-5952
964
5051
-9014
-9257
3039
-6037
-5506
-7724
2258
345
8001
-9999
3156
6242
-9671
-1052
-102
-179
4557
-4167
-8545
3296
-8135
1512
8319
2217
4276
5082
1240
-44
6601
7853
-2121
-7295
-6082
7037
5697
-5366
2188
-7495
-1957
-7049
1891
3551
8883
-9584
9390
1734
-4728
5828
9544
-5284
1575
-8165
9720
3675
8195
8032
7960
-6851
2953
1100
-245
4377
-6899
4505
5969
4314
-3056
7847
8694
-5245
415
-4120
-8755
7593
-160
-214
5348
-7153
-7253
9179
8359
4557
2661
8061
-4393
-9323
236
5772
-7190
-6063
7528
-5224
-9952
3457
1674
-2723
-5986
3686
-9897
-5514
4464
-1136
-9142
5253
175
4414
-874
1206
9628
-4987
-5204
-1998
1070
9045
-3122
-8866
2599
6641
6877
-6513
-863
-3566
6295
-9940
-2626
6964
3184
-6891
2839
-5258
-6902
5939
5842
-6601
-1590
-9636
-776
7788
9656
-657
8381
-7306
-6657
6420
3967
-2047
-9890
-4250
-538
-7101
-6740
-4854
-6808
-1990
9100
-6606
-7149
4738
7027
6914
4402
-7236
8202
-9859
-1906
-1506
-9763
1141
8122
6694
5551
-2439
5775
-855
4974
-7263
-7574
9952
9309
-9545
-2249
-8874
7492
4363
7920
5716
-6231
-7419
-4592
1122
8635
6229
-3983
-9026
-1429
-1299
-2800
-3805
3333
14
-5103
-1534
-6191
-9449
456
9832
6034
-6845
-7174
-1582
3433
8131
4190
-2738
1208
-5511
-809
-3351
-2837
-4916
914
3993
-6771
2865
7091
-6827
-258
207
-563
-1698
1245
-7065
-4834
-2858
-8473
-9362
4500
-1178
7975
2299
5819
37
8825
-302
-2313
-482
-2233
-6118
-6939
-2692
5853
3973
-2171
-6301
9508
3010
703
1729
-9465
7572
2459
8294
5832
-354
8040
2583
-1730
2885
4868
-2357
-3430
-5384
-9854
7043
-7856
4650
1650
-5821
-7541
4284
-6274
-8204
3426
-6313
-2219
94
2719
7073
-5035
-306
-2466
3058
-6807
8762
-9426
4386
2956
-7713
-3403
4503
-7363
-1639
-4257
4801
6932
-9798
2503
-1941
8391
-7796
9601
3836
3415
-987
6840
-7501
-2920
-3060
1062
-8251
-7805
-7714
-1375
5125
-1311
9996
-3470
-1794
7713
6559
-7221
5739
-3083
883
8785
-1010
-6528
-315
-651
-1490
4462
6690
1731
-2265
6248
-1244
4933
-6451
-6848
-7551
-1466
3595
1004
3285
9545
-3663
3892
-2768
127
7533
5237
-7463
-3867
899
7378
-823
1543
3541
2965
-7269
-4888
-38
-4609
2431
5966
1163
-7085
-3258
-1028
-7427
-2493
-2125
9120
-7567
161
-8624
-6623
5111
-6014
6390
-6392
-5570
636
14
4157
5328
1302
-8846
-5497
808
922
345
-3804
-3133
-5974
-5504
3417
-9166
6305
-2859
2355
4542
-1963
5574
-5954
8114
-6113
-8204
-6096
-90
8519
5870
-706
-8069
-1096
8774
-4715
6161
5573
9282
-6791
2427
-3460
7078
-5793
-8999
179
354
7130
7390
8498
7393
-1971
8765
-1197
-3457
1631
5225
-9271
-2464
5338
3527
-9951
1570
2064
-7085
8272
9495
6141
-5574
-7024
-6179
-1978
4030
-2533
2205
5350
-4924
7901
-1301
-7452
7375
-1108
8197
3189
7418
2661
-7136
7030
-1999
6389
-3399
-8163
-7284
7394
1367
-1628
8749
-3181
-7840
3689
-6536
7558
8595
7759
-4575
2009
-9508
-1869
6124
-5960
-942
-9889
1520
-5574
5567
6499
6182
-560
-5308
-235
-8210
9829
2662
-9871
5282
9794
-5307
6837
-9964
-3596
604
-442
1064
-5605
8374
3221
-6165
-3187
6159
-942
7132
-6889
1062
-5467
-6024
-974
6228
8993
-3595
-8540
8037
-5017
6369
9332
2157
-4796
1130
3796
-2767
-8022
-7587
-3935
-9437
2981
970
-79
433
4568
-6361
-2817
9566
8160
-5668
1023
6044
3596
-6327
165
3308
-6287
-8057
9892
3287
1824
290
-6281
7132
-6360
8254
2068
-2111
7510
-123
-7657
-7061
9563
-1116
6826
-5545
-2363
2996
3610
6719
5410
-9016
-1075
8773
7429
-5047
8431
-8806
-6948
7331
-260
-5961
1267
-6153
-475
-1781
9614
-2519
-4135
2849
1245
-1915
2153
5994
796
-5168
7588
-5621
-1261
-1490
-7265
-6037
-9672
2905
-9214
9048
1723
-2420
-4621
-8562
-9414
-546
-2844
-9424
-105
-6072
9391
7334
6294
7359
9710
294
-2892
-9828
6141
-9768
2805
-3841
1450
-1493
-2246
4665
9981
-1711
-4323
2883
-6650
-4488
-3204
9243
4790
-9730
1420
-2696
6106
9545
-9730
4156
9953
-2656
-2366
-1403
-4519
-2723
-449
2447
-9553
6651
2916
-5660
8803
3199
7368
-5057
474
-554
-2931
-8192
5712
3940
3424
-2308
-8348
748
-1923
-1644
-3976
1227
-7160
-5072
-2800
7340
8075
-8605
-8636
-1032
-5363
-1758
-5934
5869
7822
-203
7790
2763
6979
-9735
-499
-1340
-5556
-8151
-4426
3390
4124
2344
6697
-3809
-5524
-7626
-8553
7440
8514
-5117
9056
7306
-495
867
-7311
-896
4135
7343
-7329
-6324
-4262
3861
-3269
-9484
-9468
7610
-7864
-6656
7548
1027
-3598
-4366
5096
-4457
4377
9830
-9391
5249
5315
-753
-5012
5772
9593
2895
8578
-3165
-4300
7428
-2439
3067
1682
7815
-2191
8084
-8264
7713
-3501
-9253
1947
7245
-846
5416
6391
4854
-4545
-1069
-2704
-5924
-2685
7994
-823
7369
1448
-9777
6801
9462
-700
-1182
7696
-2334
1724
6268
2722
-4762
457
136
-7922
7138
2752
9209
-1719
8852
7779
-4116
410
-2698
1946
-7357
5920
5372
8483
-5220
-2922
-3660
7186
9685
-8857
478
-4716
1428
8258
3575
8333
9448
2358
-2423
-4971
6345
5966
-5569
-3144
-811
-6252
1569
-7360
509
-2277
-1512
-3410
9193
-9827
-89
-8201
1664
-3453
-5196
-9642
-8937
-6489
-3120
499
-3874
242
-7523
5112
-4459
-5575
-5618
9385
-7858
-3652
4222
2583
3495
-7748
-1683
-4090
-7433
-4714
-9091
-9546
-3583
-2936
-5602
-8521
9444
-3450
8280
-272
5417
2246
6368
5001
7072
-4730
3618
5519
9195
-7821
9944
-8264
-8890
1223
-5496
-3195
2612
7048
6019
-9255
8563
6121
8313
5816
-1607
107
8514
-808
-2561
-853
-3982
3056
7522
2267
1604
9790
5786
5462
-1530
238
-6782
-4902
5504
-2760
7477
-1865
3265
-6063
-1746
-1652
8787
4721
-2284
2659
551
5403
3859
8692
-6479
-3041
-3899
-707
-4673
-5486
-2727
-545
5703
-1108
1119
-7164
-814
6292
-7264
-5376
3121
-8784
8727
-8159
-5654
-8461
7526
-6237
927
-9239
8071
2827
-1584
4569
8382
7178
-669
4236
-4729
7872
-3054
-2055
8646
-5696
6633
-2415
3138
6378
3071
8647
1798
-5445
3059
-7682
-575
1043
-326
3592
6943
5677
-1956
-7242
5366
-4543
-9996
-517
-1116
6329
-750
1363
6710
2223
-3695
-235
6597
227
-1546
-9438
-6001
-4794
-6601
-4332
9339
-6346
-6250
9409
2031
1258
2263
-2825
-7160
556
4313
139
4954
-4727
8096
1752
8828
2826
-2345
8779
-6394
6359
7063
-8975
7669
-2305
-7377
-7721
5589
-5080
3567
9045
5828
4242
-8008
8203
-3935
-3311
-4052
430
7832
-5188
204
122
-2837
1377
5316
944
-4560
-5417
-7014
-145
-2221
5807
-6058
9677
1284
-22
3942
2676
-9623
9209
-9652
6267
5889
-2622
4251
756
-2207
1925
8665
816
5915
-8135
-949
6457
-6617
8149
-4126
287
-5561
3552
4717
-2853
-4029
-1726
-5047
9688
6264
8163
9526
-2126
302
-9294
-6214
8871
-7009
7185
224
-6890
3601
996
4745
8264
-2986
-5223
-8827
-4289
4369
1442
8438
9362
-3731
8527
-8788
-4950
-5049
6113
1394
-8285
-4391
-7475
-8986
1360
-9422
911
-4946
3235
-6236
-3237
1719
2732
-3952
5050
4388
9167
5052
5061
-1421
-5936
6017
-9973
4517
5496
8561
-7132
-3405
4560
-6412
9509
9496
-5160
6478
6434
-4345
677
6007
-8938
-5035
-5853
9361
-5583
-8794
6385
-8937
-3192
-3423
-6764
4868
7059
-8466
4692
7217
6859
4388
-6628
-2568
-7786
3563
-1809
-4151
-1201
7315
1408
926
-5511
-7885
-5438
-6434
-5878
-2822
-2445
-2614
920
1995
6104
-7318
5570
-4204
8379
-6752
-1942
1191
1122
-5724
4197
-1743
-6664
9238
9185
-7540
-3249
8696
-1932
-5411
-3014
4796
-3942
7745
8613
-7061
2692
3955
9573
-6849
2727
-1078
-969
6698
-2321
-882
5152
-3894
4773
-4168
-1864
-280
-145
-352
3344
3467
1442
-1873
-8782
6885
9100
8477
6836
7365
8995
-6016
5833
9353
2128
8051
8744
4235
8663
6227
-4058
1773
5032
7198
-4282
8179
467
-9657
926
-1982
-8500
4969
8600
4496
-9731
-8824
-1082
-6461
-4470
9370
9096
6199
7736
9338
-2933
7510
-4552
-5852
-3029
7445
-452
1776
8124
-5083
693
6759
3759
2493
1807
4452
-3485
8163
779
4741
1419
-1351
-428
-6354
-7521
3074
4371
5645
6361
5713
1298
-1994
6007
8595
6280
-8888
-6172
1346
-6282
2429
-3764
265
-8154
5826
9601
5545
-9969
-9223
2188
8770
-800
9116
-3203
-788
-9756
592
-4592
9786
2409
8587
9034
-8234
-1648
-1505
3952
-5157
-401
-1628
-4199
-7189
-5696
-1983
-97
7804
7076
8595
5591
9174
7529
367
5945
-5240
-1762
6252
-5632
7724
-4923
-807
4833
9068
-4667
4749
7339
-7569
856
6730
3520
-361
-117
6144
-9533
9297
6982
-4547
7936
3285
9390
-4979
-5514
8169
-3990
4352
1236
-1873
-5824
-3924
-1022
8186
-7772
6876
-6249
-7307
-7412
9979
-9804
-5068
-2859
8455
-6866
5615
-4565
9266
7601
4255
-7068
8261
5460
8146
-3250
-896
-7891
2581
3793
-4559
5904
9715
6184
2931
5192
4741
915
9259
-4240
-1804
7299
-5956
4252
8187
7735
2496
1595
697
7151
-2243
-5950
2600
-3913
-1519
6394
-2928
-9489
-1045
-3218
-2541
6840
-635
5455
2931
1664
3009
2819
-4441
6382
1467
6020
-279
-4078
9223
1287
1557
-8461
-5289
-3314
-6381
6379
2896
5855
-3010
1404
-1692
675
-3029
575
4196
-3700
-5566
-1507
-331
-1857
-7686
-3782
1235
-5304
9263
6761
-5031
7545
-2872
-5797
-2722
275
540
191
1989
678
9562
9181
-284
6433
8994
6742
-6342
7631
6956
2062
-970
-5490
6385
-163
3852
4841
-3516
-6341
2935
-1130
-9045
8841
6976
-2934
-6642
6507
9823
-7836
7305
2017
7062
-2942
888
6747
1856
1251
-8079
337
-6948
1654
7074
6550
-4122
3421
-9242
-7189
704
-5695
-7209
7503
5094
8728
-6927
9755
-9792
-6394
-2575
-6471
862
8830
9381
-1237
7388
-6
4882
-2857
3110
7440
-3504
8205
5126
372
2861
139
-1326
-8249
2721
-9496
-9034
3569
9182
4371
2265
-1832
-7293
-5620
3901
-6642
-5079
-4862
-2170
-9840
-728
-126
-7847
-4965
-2573
4708
-9753
-7304
-8405
-6854
-1349
-5323
-6659
1380
-454
6382
-7051
-9537
7483
4269
2356
69
-4975
-7346
6205
2684
-2630
3834
3993
-4976
-7610
-5159
5303
-5199
9422
-9162
-6621
6246
-2360
-2436
2508
680
6167
5134
1927
-2736
7365
2120
3927
833
9525
1557
3535
3322
634
5700
-4348
-965
9683
8981
-9082
-1930
-2606
-5280
3118
8984
-9793
9728
8942
-3995
-3530
-323
-1315
1859
-3929
1186
-3989
4533
-6185
2394
8823
-5984
-318
-951
-7282
-537
-6944
-3718
2465
396
-9109
5881
7045
-2873
681
-7878
8809
4285
6431
-9642
-838
5389
7543
-3461
7796
2740
9002
-5796
3292
-1417
2091
-3996
5804
-7189
6045
6022
2295
-382
-7806
9974
-9300
9466
7774
-5537
-1013
-9687
-2485
-1298
-2700
950
2195
-270
-5624
9599
2522
-968
-6578
737
4494
2884
-1152
1308
6591
-3320
4842
-9265
5765
7196
285
865
1728
-2652
2035
-6361
-333
-3082
-2552
4193
7334
-542
4367
5142
3426
-6419
-3752
-867
5090
-2690
-634
-5722
-3472
1153
8011
6855
5314
8599
-1633
5161
5754
3049
7354
8916
2736
-9916
9231
-2611
-6697
-7205
-6166
5857
7237
5755
8702
-1103
-548
3885
-441
-4332
-7526
-5817
472
-9918
-2688
-9759
4186
-9392
-8286
4635
9906
3979
-6352
-4109
-7869
2468
3778
-2761
-6266
9229
-2009
-2073
6298
1995
-3435
3210
4477
5423
-1156
-9501
5803
4363
7426
3992
-5826
-288
8791
6485
-3121
5393
-2718
44
6244
-1489
1310
9151
843
-5033
2635
380
-3277
5355
-9109
-1755
6831
-478
5430
-8796
-5410
3809
5618
3686
7469
-5389
9858
8926
-9844
-3435
-7055
-8418
-7140
5426
8287
6985
7391
-3149
-9636
-4000
8808
2788
330
8026
-5596
-9399
3509
-7146
-3093
-4936
2520
4005
3729
347
5166
5495
-5717
-5225
2023
4501
-5777
-2986
2599
-5117
5698
5611
-4920
3402
-74
-9622
-9939
2829
9193
4148
-2033
-7369
-6692
-2682
-862
5391
-6356
-2464
-7831
4413
-6237
9279
-2497
-168
-1098
909
415
-3391
-6172
9491
-4102
4294
6134
1569
-3079
-7755
-3312
-4790
-7273
1954
-8205
1852
-471
-9362
-3608
5579
-6933
-1810
-839
3828
4854
675
2872
9261
-4863
9174
4565
-7026
-472
6169
-4556
-2812
-31
-9981
-6924
4884
6538
-6261
-3232
-6278
-2489
-6138
-7198
-7540
-1836
-9599
4905
6164
70
4317
-3210
-6166
-6472
-2005
-7780
138
-9670
-2767
-97
-6541
8743
2915
-9629
7018
7358
-3209
3428
2055
-7673
2628
386
8465
4073
-7388
1558
-8835
-4196
-6178
-1097
-1347
6172
352
-4586
-8199
6498
2162
2871
2205
-2574
-5032
-9828
4129
-7538
7334
-1955
-7775
-2780
-5179
-6149
5949
-5245
-290
-9560
8007
2499
6250
-2074
8920
-8398
61
-7590
-525
-6164
-6296
-5041
7933
-3708
-7941
-3889
-7981
-8075
-1429
-1674
-2004
-2094
3364
3147
2243
6441
-2936
-1477
-9761
4675
-7147
2095
-1851
-7068
-5615
-8821
-8623
-1478
-7938
-127
-1715
5967
-9403
-600
2863
-8370
-156
-8972
-6472
2615
-8851
9459
8249
-226
4284
-7558
1460
8153
7544
-4950
-3463
838
2800
-696
7753
5259
-7013
7529
-992
2572
7584
2723
-205
8964
-2216
2747
-2680
-1283
7126
9722
-9941
170
-8164
5542
7648
-4491
4333
6473
-5246
-6117
-4761
-6998
-2766
3340
-8283
6750
-7300
-4570
-9411
8467
8377
1323
5726
8103
9691
-976
9496
423
-4475
5305
-663
4763
-3173
-348
-9264
-5945
5014
-6843
-2813
4796
9586
-8142
8207
-1199
568
-4301
-8306
137
1420
-6870
515
-7817
-2012
-8784
8399
646
5923
-7732
-7647
4531
-445
-9391
4558
5812
-5245
8988
-8617
-7978
-1021
5792
-709
-240
-6528
5366
-5047
5031
-915
8641
-5988
1548
-8404
5239
-569
-1550
-4093
-836
-3810
-1821
-2843
-4836
-6634
4935
8097
-5122
-5566
6238
-3795
1247
9315
369
531
6061
9791
5016
6573
-8479
-4156
-3122
5452
-6862
94
-7299
4427
3314
-8649
-1805
2357
4086
7698
8131
1234
241
-4412
9966
2954
5740
6895
-2130
-1784
7206
3623
-5889
-3427
747
-4232
23
-3569
6441
-6797
3003
-2382
330
4768
-6643
6557
-7139
-1468
-5767
-7165
-4285
-1199
1543
9858
-9221
3847
8419
3759
7682
4189
5860
6769
-9957
8024
-6476
-7943
5978
4719
-1539
2103
7704
-9796
-3360
7915
-9059
-1776
1585
-8279
9507
4671
7038
1081
-7225
-1201
2440
9100
-1836
2141
-4059
183
-4612
-4016
2146
-2669
6205
-774
-870
-6491
-8068
-5060
-407
7393
-3932
1213
-4787
-231
-1998
-5237
9200
-7512
-6806
6635
9522
950
2160
3210
5050
-7109
2910
2757
-2621
-3025
-3954
-4855
6619
-4030
-9360
1947
-4730
-3997
3181
1299
-3726
-7681
6224
8518
-3036
5927
9805
-8861
6441
-7125
8368
-4767
3795
2480
-7702
6712
5391
8444
4495
-9839
1313
-6922
5926
-582
-6889
-2798
5133
5983
-3271
-8723
-9485
3327
-9042
-9127
-3830
-9263
-4770
-8979
-141
-5685
7462
7953
8308
-4303
-5987
7325
238
3031
-1709
-5214
-846
-5141
815
-5550
-5074
6454
-6103
7579
-9635
6740
6381
-5604
-1811
8991
1036
-3199
-5377
-4256
-5814
2193
5445
311
-3424
-4319
-9879
9611
9156
2658
-4835
-5690
7417
-719
5891
-7446
9786
-9334
4304
7601
-9015
-5416
9967
-5041
-6256
-2074
-8812
709
-713
-6569
2587
3239
1910
1160
-3221
-3638
-4814
-2048
2308
7980
7166
-3258
8646
-3278
-6535
5599
-3200
-4494
1861
-5647
-1413
3
-550
6046
7321
8722
-7524
6401
-2621
4578
-7094
3500
6496
3054
1963
714
-8821
104
6259
8987
-150
-5931
-1064
-6084
6822
-4805
-1629
6468
-8459
7401
5158
1521
-8128
3988
-6866
-8678
-2575
-5183
9870
8508
-1008
-1987
1400
746
6179
-8324
-3801
3885
-727
7419
3840
-8020
5126
-8006
7956
-7361
-920
-7566
4252
7063
4435
7588
-4274
-8847
1633
-208
-8920
1253
-4383
6436
-3165
-3314
2042
3728
3748
-4938
9967
-4623
2419
-3353
-8337
8801
4907
2587
-476
-8072
-2386
2156
9806
-7502
-7880
1884
8452
-6202
4792
-2084
8607
-8131
8533
2214
9780
6651
-5094
6555
1242
6606
-2337
-2480
9170
4151
-737
5407
2242
-7715
392
4702
7801
-3118
-211
-6459
-3070
-2062
-3357
2337
-2362
-6040
-281
8463
1754
-7026
6952
4774
-7268
-2211
-1281
3121
-1244
-2555
5138
-1941
4296
3907
2848
-6393
7016
5106
-9625
-5470
6408
9555
4977
1765
-6931
5564
6828
5377
-5011
5972
-1796
689
8838
9449
-5917
3686
-2421
4255
7916
7881
-3951
-242
-4081
8946
-3773
6367
9771
-1680
6498
-9137
-7646
-8104
5156
-2012
6802
2152
2645
7055
-183
4650
-7213
7869
9885
2152
-4215
-7230
1226
4503
-5973
3730
6884
9016
5199
9184
-1750
-3573
5169
2648
7706
-7102
1570
7425
-5026
3445
-6805
4640
-3743
3860
7412
-676
-3996
4135
-9220
-6019
9085
-4625
2867
9959
-8797
-5355
4417
-8936
3388
-3846
1908
6359
-568
-239
-8913
-8195
-8781
-2925
447
1779
171
-7976
4858
-4906
-5683
7373
-7789
-8516
-2960
4289
-693
-9060
4929
8476
-6936
5970
3231
-1210
3104
-5582
-6082
7166
-1744
5313
-4487
99
-4516
943
4307
295
-1454
-5435
-4147
-4342
-2907
9894
700
2001
5592
5984
3835
-685
-3172
-4398
-3444
-5368
-4754
-5834
-8884
-644
1830
9328
9691
-2068
5278
7777
-3180
-5934
9291
-1998
-530
-194
8316
-2789
7986
-4367
-6480
-5102
-3950
2956
-6310
-9660
5878
-5161
5049
-5131
-3157
3467
2381
8336
3422
5108
2941
-837
-142
-3280
-642
7775
8726
9546
-9573
0
-6880
4896
-7935
1640
2507
-4571
-7389
5745
9041
934
8
-7662
3790
9456
9034
-9476
9593
5146
7634
-8969
3892
697
-1922
-3322
2193
2987
-688
8233
-4805
-1648
-4442
839
-6729
-1924
677
7922
-626
-4189
569
548
-1908
4196
4738
-2506
3150
-1358
-2131
2690
2279
7190
-6622
918
5284
-2414
499
-2597
9555
-9168
-2647
98
-8383
4263
1943
7746
634
-502
-3152
2941
-2171
-5687
3430
-8051
-7195
-3144
-2449
6469
-8358
-3342
-8105
1494
4245
3500
-2779
8544
1594
943
2227
9626
7521
6422
284
3940
-3902
5606
7804
46
-2100
-511
-3501
-3110
1201
7782
-7699
-5403
7127
7408
-7391
9447
-3073
3717
-2454
998
-4028
-300
-8398
3373
-9394
1911
-592
-5568
8093
9303
8561
-4072
-9973
-7488
-6661
2299
-5820
-3944
9177
2190
-5814
-955
-3770
-9661
-2891
-5421
-7026
-9318
3152
266
9880
-4126
-171
-3843
8663
2581
-3890
7659
9604
9330
-7612
8143
793
-5154
8561
5199
-5774
-8772
-8439
-8863
-7229
-6020
465
5473
7543
1594
8511
6499
5434
4804
2092
6387
4260
-3536
-8228
612
-8181
-9983
7488
1511
-6893
-7615
-6878
-7387
8305
1309
6677
-9908
-1254
1621
1794
-5850
-7082
9759
-779
1905
-9777
-1976
-7223
-5423
9225
-832
-8965
-9739
1114
-6046
-264
29
-20
-9514
-863
4534
9305
-7468
3784
6423
-2592
-7733
566
-3550
-6776
1559
-8677
6967
-5827
7618
-870
-4140
7930
386
356
9519
5944
-6394
-8863
-3383
-2581
9561
-6855
-9657
7237
1221
6516
4817
999
-1329
8439
-2910
-9975
-4806
2399
-6221
4806
1035
-1079
7207
-5996
-5099
3146
-4902
507
-6511
-8706
-8238
4980
-4910
-5831
9426
4884
-2489
1597
-2910
-6913
9746
4847
9229
4038
-4579
795
8608
-8762
4703
9458
-6073
319
9902
945
-8452
5854
-3731
-635
-3774
-3907
-3939
-6415
-5233
-973
-7090
8313
-5159
8303
-5674
8098
9250
-6687
5313
-2711
-7689
-1492
-5589
777
-7712
8905
-507
-5832
-1700
7020
3596
-3427
5925
-2172
8306
-1789
7707
-1767
6462
-7345
2945
9725
-6291
-7088
1706
9649
6813
9490
-6901
-3790
-7213
4489
9938
3026
-8271
906
-7677
-4157
7818
6599
-7039
6064
3807
2633
7148
-5522
6612
-7806
4044
6806
6871
-3960
-9677
-6606
6385
-5707
5161
-7227
7381
-422
-8048
6574
9796
-5648
-4800
3002
7123
-1429
-2550
6733
8866
-4521
8756
7277
-1654
9883
3397
-8048
1677
-2441
-6034
-5177
-8262
-8695
9179
7464
2113
3439
-236
8315
2059
1570
6544
-8550
-949
8808
1955
1071
-4782
-7944
-8803
4464
-9122
-9231
6139
-2880
-3358
-4456
3655
-3758
6498
-4319
-854
3303
7824
7843
-2725
2031
-1953
704
6397
9129
653
6633
-8115
-4920
3087
-2306
-6203
5270
2070
1528
3657
-459
6409
8923
3496
3704
8417
-6846
1066
1306
1282
1755
121
7234
3148
-7922
-3693
9832
3476
7017
-6513
-7298
-2521
1837
3066
1606
-6642
-1261
4234
7617
-545
1363
5918
5264
2514
-4542
-5041
-7915
-278
4513
-1895
9270
-3177
-62
-2913
4482
1021
-4560
-4647
8594
-1212
-1425
7994
-6829
-3492
7936
-1484
6791
6043
-1135
-3894
2209
7546
9865
9303
1514
7298
-6471
-2292
2233
-9513
-132
-6980
-3941
-8516
1369
1285
8373
-8725
-3867
-6918
-5153
7008
5446
-6435
5585
-5299
-4718
-946
-4945
8207
3803
-5952
-5813
3747
308
-8274
-1098
-5309
-3725
3958
-5652
9491
2352
-5687
-9604
-7546
6936
-8289
-4894
7835
-6315
2678
8865
2889
8513
1762
5248
7492
-8002
6719
3362
3521
-6112
-8371
968
3203
-6954
-6363
4814
-4892
-5636
-8339
5663
4553
9038
-2364
1320
-1670
1967
8489
-2032
-522
-3111
-9528
-7510
6423
-5905
6868
3796
-1869
-9141
4473
1193
-9336
-951
-3071
1575
-5897
7678
7006
-4527
-9801
6045
-8209
6973
-684
3033
-5298
-211
3179
2923
-980
-1626
-8346
-5078
-7572
5702
8578
-9197
8761
-470
9399
7027
5479
-976
-5944
810
-5200
995
-2793
9094
-6873
7829
3309
9990
8219
2726
8691
-402
-8172
-1243
7490
-7340
-4903
3709
-3560
4030
9002
5800
4086
9188
-2203
-3248
-9642
-2589
-4316
-2673
5072
-3847
4900
-2646
3381
-4186
1695
-5195
-4823
-2897
4780
-8223
-9872
-1188
-4015
3508
7884
6141
7469
3357
2906
-6651
-172
1312
4304
1352
-5856
8811
-2678
5797
9077
205
-862
-2454
1575
3096
5729
-2429
4598
-9643
8990
-2269
-8463
-7145
-4191
-2665
1661
3009
-2739
-8452
-4467
32
3914
-868
-6186
-2803
2576
-3768
922
-5017
-3527
5165
4076
476
-3362
-4319
-659
7662
9030
-2423
-6930
-8892
-7314
1872
8888
-271
-956
-5086
-4701
-7940
5269
8914
3291
9426
-3701
4732
-7970
-6309
2090
-7565
2285
5873
9074
9750
-5047
4918
4513
-5991
2882
-8503
8651
7014
1592
17
-2261
8432
2116
-6700
1987
9939
-2942
-6474
-5759
-7499
