-8766
1753
6086
-9588
6131
3361
9263
-9301
6280
9078
-6735
-9427
7779
-5514
-7948
-4390
7169
6222
-9312
-3629
6308
-8980
7430
-7142
-5254
6578
-1943
-5121
-8777
-2001
5754
-4025
-1132
9045
-6985
2399
2259
-3719
77
9797
8731
82
-3114
1292
-4433
6567
4683
8215
-9233
5309
6340
3017
8694
-7505
6132
-2423
4284
-2392
-4497
8436
-1453
6125
6363
1154
2451
-9478
-2290
859
1856
111
7080
9376
-5357
-5942
-6472
-2318
-6580
1080
-1228
4519
2452
4701
-3209
657
4937
6305
9898
1916
5862
7839
-2216
7351
1952
-4323
5459
5585
-9254
-9832
-4724
8415
9630
4944
-4257
2991
7175
-5093
-4863
3301
-9094
6666
4689
-4918
-3793
-9130
-6510
-9151
8805
-7002
8976
4083
-2506
-5046
-191
309
6538
3728
-9462
8632
-350
-9662
7100
-5451
5331
-7558
2740
9132
3651
5999
9802
7237
-6085
-9263
7454
-220
3879
1400
1699
1852
-2020
-6723
-4069
519
5132
3028
9816
8331
-2687
-9939
-7447
6957
7209
-5014
-8000
-39
7708
-4506
-5548
2135
714
4002
71
3204
-2975
-6550
64
-5865
-3129
2357
5024
9865
4468
4639
-7320
4508
-7312
-790
8834
-5143
-7413
6687
258
4260
-6359
4651
-9946
1191
959
-2335
4822
-7002
1274
-667
8012
2733
-1083
-3847
6566
-9859
-400
3360
-7949
1547
6902
997
5800
2093
-2049
2918
3884
-9802
-8107
-7987
-2113
5467
-4274
8770
-72
-4611
-3692
2872
-1561
6709
-8241
5628
-8327
-8690
4700
2528
-2379
3221
4133
-1250
-4074
4511
6146
8650
7497
-5641
1040
7678
-5558
-1828
5856
-2800
-4721
3421
-4770
223
3302
-947
376
1006
-7860
2027
-42
-931
-9379
6651
-670
-930
4654
-2916
-5992
-5820
8565
-129
-2803
7093
-9797
-9904
-6446
7612
5939
8822
1284
-2188
-3890
-8072
8895
-8240
-8021
-6543
5297
4973
-1643
-3832
-8638
-7885
6989
-8778
475
-7759
-5135
7299
-7008
-9791
-70
-531
1456
8997
472
586
-5157
2628
8659
6601
-2873
8977
8642
-8163
-7325
4647
4250
6692
9013
9135
3904
-7920
-42
6400
-735
200
4809
7996
5522
4052
6221
1277
-5150
8108
-3379
-9239
-1170
5404
-5564
-5604
1443
1823
-7799
9909
2818
-5424
-5250
2589
4320
1384
7313
-9268
-8439
-2324
-7338
-6843
2750
7884
-660
-1311
5330
-622
1825
-8757
-5199
-7515
-1735
-6439
-3396
-7659
-6822
-477
1159
-7111
-5259
-306
9198
-1257
9776
-7749
6044
3565
2664
-342
-4085
-7126
-6195
-4373
9024
2016
892
-2966
-2250
-7166
4806
8548
5869
-174
9288
-6989
7003
2294
-619
2843
1366
-8682
2301
-1225
-6102
5931
-9809
2069
-8393
-9882
8174
-6808
-9456
-6772
2887
-5794
-3200
9876
6322
-7227
-5015
1984
-5090
4773
-8993
-1272
8602
1590
1174
-4461
-5446
-3051
2365
-6476
2159
-9116
-6512
-265
-8453
9973
9668
-3938
-4042
-5374
-178
4886
-4812
8897
-2872
-2219
302
-3269
8755
9463
-181
1835
-7009
9266
-4751
-4283
7912
587
-3362
1796
-3746
-6777
5074
7981
9675
9822
-7898
7083
-8176
2044
6515
-297
-8627
-1588
-3508
-4310
-8387
2144
-5802
3587
-2864
516
6306
-9384
-9885
7884
-519
3983
-8025
-1934
9260
8220
-9435
7348
-1633
-4034
-5219
1597
-6818
1444
5402
-1470
-9345
1159
6163
3301
-167
9837
-4142
-6481
-4981
4901
1355
-5516
2058
-9789
-4542
627
4112
8512
-9610
-669
2640
-506
-5250
5051
8595
-2857
-9762
-3207
-259
7243
-1683
-1201
7740
3155
7868
-5074
3660
-7310
2382
9658
1278
-1569
5729
-9745
-4535
-8109
-6778
7772
9355
1133
-9044
8425
1871
-8969
-8939
5978
7221
9056
-6025
4578
2035
1030
-4383
-5180
4820
9874
-9785
5391
1049
-1931
9501
-85
3984
-1488
-331
1324
7988
4565
5690
5872
-8404
-9582
4467
7365
962
1660
2740
8076
-4102
-8426
4441
-2139
-9618
-439
8566
8070
-577
8581
8647
-3487
-606
4119
-4839
-9030
5326
-4511
-211
1659
-4958
-9508
602
9760
6947
7600
1768
-3749
-8828
2453
-8422
-6275
-4496
2601
-7270
5508
-1531
-5406
169
3500
-3322
8004
-4122
9162
7331
3856
-1982
-1991
-48
-3348
-1488
8378
9925
-892
-484
7050
-1910
8971
3074
3997
1060
1648
-4835
-115
-8151
-6221
5206
-6681
7242
1894
1679
4818
-3648
-8614
-3542
-5096
970
7533
2560
2580
7485
6977
4213
770
5442
4245
5881
5136
1664
-4050
7734
3253
-4186
9062
7964
3871
7639
-6580
6493
1725
9555
-8113
-301
-8344
-878
-5409
9144
-1664
6531
-7292
-2546
-8895
6151
-6554
-7723
-7724
787
5135
3330
-702
8726
-8798
-5806
6450
2449
-9628
-3471
9182
-9182
5794
8531
4964
9504
-3235
-8639
9121
2026
3197
-7804
4248
-7304
-2878
1054
2398
-814
3817
-8510
8171
-3099
-4147
-2291
1714
-4969
6316
-4043
-1875
7065
-1487
1748
-179
-5990
5454
1992
5669
3744
-8624
-7863
-9166
-3249
4381
3275
-3056
-374
5980
1642
-9293
2078
-1997
-578
4022
1023
-4351
-4567
1929
9323
-879
4383
-7232
7995
6587
-5465
1109
4081
3784
-7429
-7250
4445
1548
-3389
8227
3802
-9239
-923
-5431
-4645
-7078
-6104
4402
8462
9228
8308
5607
850
-1271
-6228
7895
7982
4466
-4927
8209
-8213
-3777
9618
6464
-618
-5300
4388
8942
-1684
1406
-3048
7028
-2495
-8711
4959
668
-1353
4788
774
-7543
-979
4449
1813
9614
-5166
-5359
-2035
-8452
-7108
5796
-3434
9539
-472
4403
-4079
3605
-4739
2970
3018
-9996
8337
8444
-7763
-3024
6644
9677
-8185
-7332
-7085
7711
5324
2406
222
5819
4807
9531
3988
-6963
2365
6735
8039
1859
3302
-8567
6571
404
-8642
-7895
-883
-2870
8186
6371
7473
-4980
4720
8655
3532
-2748
-4219
-3065
-9296
-8774
4062
-7930
5936
-1621
4961
8582
8408
-3798
2634
-4676
-4990
-1953
-2058
1314
9127
-4909
578
-319
-4622
1343
6083
-9918
-2245
-9122
-3043
-2094
4360
-2540
-2240
-6906
4327
2079
-9729
-2179
-9103
3673
-6765
5168
6738
921
5218
-3
5261
4213
-2341
-1041
-5835
-5327
-4676
7616
993
-4657
3340
-73
-8283
-988
1972
504
703
-464
4220
4105
7923
-2246
9801
8723
6520
-3234
-6892
809
3150
3193
-3884
-5747
1940
4646
-5390
-9314
-6243
8953
-5799
4903
5325
-1164
-8636
8048
8588
-1429
1528
5783
-3463
-8
4661
-3435
8250
-6262
5288
5510
-7883
9411
2058
580
-8822
259
-707
-2242
-9111
-8664
-7029
9567
-1015
1052
-3926
805
6572
5956
6812
3515
-923
3250
5696
-2824
-4330
-4517
2832
7007
1413
7825
2030
-6244
-5361
71
9380
-6049
5575
4012
5495
1623
9555
-5118
6156
3169
3700
5464
-1707
5077
3140
8026
5481
-3802
-7706
-4926
-8091
259
9730
7479
-7506
-2588
9472
4188
4496
4267
5680
5249
9244
-724
2021
8569
7718
4836
4958
-2829
5728
7986
-5001
-7695
-4509
-8736
1221
9925
4138
5577
-8403
6830
139
-3719
-7286
5310
-4195
8411
963
5508
-2087
-8927
-4703
-3050
-659
7983
2203
-2735
-924
-1131
8617
9625
6246
-9446
9540
-513
2963
6685
-5618
-9919
5775
-9041
-4418
-9948
1744
-1577
4768
2630
-4885
491
-3912
-6691
-7930
-4463
4508
8067
-9125
-1519
6738
4982
9669
-71
-642
-3870
1741
4106
-5126
-2046
8017
2842
3080
-6650
987
-4615
6491
7100
-4469
-3208
1551
-56
-277
2439
-1354
-1733
-178
1379
-2971
2279
-6990
8281
-6459
-912
8937
-6031
-5662
8500
-8265
-5711
-4526
-6374
-8482
7766
8129
6291
-4591
-2131
-4585
-6665
-7203
9737
-2572
4478
-4517
7779
9352
-574
5813
-318
-5843
8468
6311
-3907
-8559
3233
6067
5197
-3031
-7555
-4872
-3766
9726
-6629
1081
-8780
1391
2206
4728
2522
283
8797
-4337
-7292
-4780
1843
-2439
-4760
7510
8436
6937
8446
-1332
6121
4220
-671
-5231
4227
5174
-5076
-9534
5212
-7106
-4592
8706
588
-2998
-2607
426
-7109
-4481
2010
-1676
-4149
-6443
-2754
6094
2442
-9296
-3670
-1999
7674
-9579
8320
7184
-9842
780
-7914
4814
721
-4075
6489
4590
-7321
2989
4897
4702
8769
6929
-489
-3058
-7719
5987
-8795
-760
5091
3439
-2013
-6859
8690
2999
-6651
-1064
2119
-4987
9273
-259
-257
9350
4993
-5434
1560
3712
8079
-7957
5433
-1506
-7839
-7977
5026
-8628
-5816
3207
-1924
-7040
-2245
3327
9433
269
-715
3800
5410
-8852
-17
3051
-3923
-3432
1287
8616
7426
9443
-6713
1146
-7573
-74
-3311
-9939
3338
3589
1588
-86
9647
-6955
4255
9215
8432
-214
4589
1354
6644
-5077
-7518
6474
2616
6790
-9061
6917
-2908
504
-1370
-6091
-6747
2091
1270
576
4051
-8624
9973
-4089
-6095
-5609
-392
-646
-4949
-6428
-6375
4680
-8934
4464
-5100
7903
6575
9875
-9842
-6232
796
-1113
5378
5254
-8409
5911
-2432
9375
-7370
7703
-689
8066
5708
1222
-2180
2417
-1568
5357
-8142
6601
3372
2273
2774
1783
2761
9244
-6790
-4506
675
3724
2121
-7668
-8696
-2726
-6672
9802
-3619
-4780
4668
-7598
-3096
-6430
-3763
-7314
4160
-5546
4874
3090
4456
-533
-4438
3992
8075
-7965
1708
-7121
-4043
1115
-5595
1064
-5719
8403
6555
2576
3605
3871
-9076
9469
-2440
1452
9425
-4405
5796
1022
-1497
-7520
-7894
-7020
827
644
2830
9731
-3147
-2224
-6033
5287
9214
-34
-1365
-2859
-2069
8234
-21
6586
-6364
-6407
4133
5366
1962
848
-8820
-5784
-5587
-2540
-1311
-2193
5039
-2023
-4733
3234
-142
-8682
-7163
5927
-3476
831
3635
-6871
1742
-3440
9928
5086
-5569
-2326
2160
2513
-1537
-7221
-5497
6341
-5259
-1234
8607
-1948
-8451
-924
-7865
-6481
6129
9449
6816
-873
-2257
-5084
-1864
2462
3530
8748
-4773
-1251
1277
-7158
-6203
351
948
2692
2198
-5164
-7085
-7142
-7308
-6472
9266
-4141
3890
-9727
1100
4234
6969
-6607
-30
7352
-8061
5134
-446
9711
9312
1535
6379
6076
-1443
-411
2970
-3743
-5096
-9759
-7743
-1621
-5403
3937
-3793
6319
-3848
722
-6966
7322
-9846
8316
-8281
-4987
-6834
4341
975
-8355
4139
-1655
-8818
-4609
-6389
-5181
-8624
-8347
6840
-9831
-5262
-6817
-9599
2084
-1864
6732
8468
6816
1473
9372
6855
6573
8842
-3285
4085
-2621
-2787
-8114
8275
5860
98
-8793
-4943
936
-1823
6713
3512
-8763
1459
-3298
-952
-1041
-2512
1894
-2953
-5372
9784
-5864
-8230
-1050
4713
-4353
810
3765
-190
2310
8499
2056
-4326
-8047
-3122
9609
-5883
-9859
-9563
5266
6255
-3057
6169
6955
-4233
133
8658
-6667
-126
-9715
-3304
-1057
5228
-4470
2897
-6321
-1135
4201
-715
6530
933
-7968
3602
-1844
906
-8294
-5128
6666
-7095
1240
-3752
8143
-5747
-8473
-8949
2233
522
1294
321
7977
2179
-2076
-861
-575
8363
5511
5759
424
-2138
696
2378
8331
7936
5138
5380
-6815
-2706
-3519
-3374
-3599
-8226
7266
9897
-6201
-7780
5799
-2076
5856
6688
6726
-4885
4935
-1549
157
7556
4468
7489
1846
-1420
7438
6158
-911
-5200
-9097
-9823
522
-4636
-7703
-8454
-4128
8181
-7829
7428
5550
-9492
3630
-3183
8587
444
1355
2942
-646
-5474
8749
2537
5355
9203
-4001
3224
-1125
-4507
8399
4417
6173
7450
-4956
-4288
-5670
-8834
9949
-4306
3341
9517
-5493
-6960
8129
-8109
9107
8131
-6301
-5149
519
-6913
-809
-7480
6915
5996
-2612
150
5273
5198
-3185
902
4475
9172
-3514
4059
480
7909
2487
-6446
4994
5224
-6778
7904
-1802
6120
5110
-2865
5210
8655
2029
-7521
-1881
9711
280
9166
771
6963
6244
-445
-5823
1240
-9936
-1454
-2639
4474
9627
6891
-3412
-8468
-1259
3800
4084
-8846
-4537
7830
-3905
6690
-808
2398
350
7635
2683
-5660
-1706
-4490
-1697
-4758
-5544
4778
-8276
-5490
3749
9069
7762
-8203
3844
-9411
7321
-7537
1907
-9758
-1169
-4420
-4565
-1874
-5772
-3650
-6250
872
-2395
9333
-3191
-4309
1709
3465
-7475
-7513
-4038
43
2900
-5717
-9264
-8199
9315
480
2406
3102
-3696
-3867
4478
2591
4268
8903
3312
876
-8683
8938
5778
-8002
-8444
-1729
-1035
5254
9574
6269
-4286
2173
3871
1716
1894
-461
5988
-8115
-1633
3659
-9062
8040
6367
-9237
5628
6774
5503
1439
-1183
-6170
-6212
-9130
-4882
-3986
-5567
2711
5616
6127
-5533
-8176
-1943
3971
5036
4387
1268
2776
7230
1705
6997
9996
5504
6286
-2421
4270
8789
4544
6575
6857
-5286
6536
458
7283
-3845
-5380
1604
4150
-3949
2197
1275
167
-8475
2517
-1265
7727
8230
612
-6715
-7671
-3659
-2813
-7198
-9198
7022
9482
-823
3340
7859
-8036
5145
5892
5651
6193
-4257
-8239
6150
-5404
3587
6131
2114
-9386
2678
7132
-4868
1562
-1459
-7214
486
8286
7426
-5745
-3205
1768
9495
-6002
-9188
7796
9311
-5255
-5695
-8520
-2295
-4459
-4315
9860
8836
2624
-2052
6410
665
5069
707
4114
-8683
-7924
3289
-2443
6315
3476
-5981
3316
-6760
-2276
5570
3589
-3475
8255
-5192
1581
651
2547
5738
5816
4504
-189
-6341
5910
-6783
-1422
-4976
-1379
9063
-5927
-9416
-4040
-117
4001
9521
3603
-8919
-3420
-4154
4111
-2712
-4536
-9905
929
2955
9002
-4236
-4152
1946
9462
2651
-4482
-9449
-8518
-8095
-1918
1747
-5335
-866
5911
5203
-7363
-9045
-8051
2634
2820
-2699
4768
-3581
-6824
9910
8110
-8900
358
-9079
7172
6032
6608
-9870
1446
3742
3652
4702
-32
4175
-5941
-3698
7449
5682
9594
8702
7572
-1995
8108
-6097
-2170
2077
-5775
-3952
9420
-250
5837
6327
-823
8046
9200
-6438
2026
-7633
-7390
823
-4175
1643
362
-8666
-7658
-5772
5760
3985
9339
-8581
1275
3520
-7736
7642
-5844
9854
-7967
-2339
8635
-7545
-9765
1449
6980
-9859
-7359
7970
5711
5083
9620
-4558
-740
-4325
-2492
-423
9122
7210
-3448
4546
6342
-7955
9479
-708
9114
-1924
-5936
6935
-8580
1958
-3464
-5726
-4487
-4523
4205
-1690
5650
-8041
6460
69
-5792
-9631
9100
3039
6753
-1947
3142
-633
2934
-8792
8111
9697
1863
-6732
-5097
-7341
5819
110
-6705
5052
-8529
-8488
6546
5815
9172
-8853
-7310
-9400
-3118
9698
7036
309
-5162
483
-7725
8779
-6355
-7924
9124
7719
9962
-47
3195
-7488
-5566
16
1541
6004
2887
4379
8925
3861
-8487
-4543
-865
-2820
-9226
6064
2286
-1349
-6036
-7645
-7197
-2706
424
596
6461
9505
-3929
9989
-1850
-3627
-7725
685
-9806
1923
5512
5039
-7566
-6204
-7917
-4158
-7672
712
706
1322
4256
1449
-2318
4395
5947
9567
-8437
-3894
5785
-5318
-2628
4746
-8078
18
2442
2700
5800
917
9780
-883
-9834
7918
2830
-8021
3111
1670
-4426
7515
8560
9742
-8274
5702
9635
1267
194
-8430
-6186
-773
-6233
-7361
-6410
8726
3335
-1296
-7746
9740
-1073
3274
-5682
9376
4916
-1173
-9668
6975
2469
-8124
9588
5084
4161
-9177
4587
5671
8992
2319
8416
9559
4109
5250
1945
-8299
-4225
-4069
3979
7026
3183
6467
6130
-2764
5336
-9913
-6091
-5125
-8843
-4839
6421
-5359
6454
-3907
-2662
5324
1917
1048
5484
101
-1748
8151
-6414
6687
2773
3066
-5686
-6509
5597
-9851
-3735
-1309
2950
-1101
4985
-400
-9715
2636
3665
-2235
-8381
2809
-6647
-4766
9631
2283
-7534
7193
-2846
-5227
9555
-314
-5398
9591
-2256
-3957
2789
2370
-8363
-7728
-3923
5563
2786
5652
7119
9934
5254
-6228
2782
-6610
1745
6835
-8147
1046
7566
5504
-7925
9970
6725
-3663
2277
9525
8030
574
141
2036
8286
3976
1588
9571
6890
1661
-7667
4777
4138
5603
-9942
3356
7662
3645
-4830
7978
7533
-3725
9750
443
781
2161
-9090
-7452
-362
605
8029
5483
-1903
-5922
-1393
-1959
3978
-3514
-2876
-3141
-4114
7323
-7185
3999
3231
9167
4006
1688
5811
-5911
7996
2192
1749
5487
-3476
-9212
-8500
1782
5961
5428
-8957
4028
5222
8889
1283
-8478
-6171
-1495
-1839
8868
4566
2256
-1286
-7458
-4228
-5363
6969
292
1297
-1940
-1778
8703
8892
-4838
792
-4096
2476
-7780
2256
4539
-2204
3772
-8689
-9816
3596
-2797
-7238
6236
-1963
5518
-5822
3718
9223
7943
3027
-5463
3942
-1843
5257
4856
6761
-7086
4208
-5161
3729
-4973
1393
-5032
-9462
6180
4131
6912
-572
2984
-9195
5964
-7323
3042
-6141
4368
-8108
1222
-2230
-9496
-7001
6714
4806
-4814
-9372
4956
5030
-9154
-4374
7830
-8912
-3435
-5944
-948
7781
3890
5890
-3943
472
7354
3652
-8148
-3845
-7313
-7322
6258
-6515
9017
9675
201
3126
8239
1081
-6716
-2906
-989
8462
4968
6789
882
5703
6867
1962
6739
-6329
-8744
1331
5492
-3653
-2492
-8114
4473
7121
-5386
-2527
-2786
-6074
401
-8378
3602
-3834
3028
2243
-7958
-5615
6373
6895
-5892
3561
-3595
-3634
2625
971
5663
-5286
-5894
-5655
2799
-2734
5500
9270
-34
-3101
7700
-5497
-814
6936
-5127
4936
7757
5093
-7611
-8740
6337
-3390
492
6160
-5523
-4597
-4775
-3418
9215
-2797
7846
2621
3709
4765
-4381
-9802
-9336
-6644
4525
-573
-8952
-1907
466
390
-1994
-8350
-3135
-3954
469
7707
-7904
-4905
-2403
1358
-1877
-2622
-9067
-9565
-5664
7690
4566
9673
9365
-1381
299
-827
5889
7384
-2200
8844
4739
5900
-5700
5155
-5873
1254
-1895
7915
-6402
4179
-8547
1803
2510
-9076
1219
-5336
-5199
4693
3108
1048
1284
3943
-6957
4357
-352
4832
8794
-1543
4361
9877
-1181
-5902
8986
5781
3190
3838
4870
8639
-5340
9431
2549
-2484
-392
6841
6926
614
5079
-4809
5963
-9791
3594
-6465
3478
-7151
-969
-674
7813
-8463
3385
8225
-6548
4245
-2847
-7325
2394
7133
5693
8042
6929
-9945
-7969
4633
6959
8872
5808
-8007
2916
-369
-5660
-7974
9950
-3499
-7461
-6373
136
-1700
-3661
-7713
-8570
9248
-8370
-3520
7052
-8067
-3874
-226
-6488
-9941
-6222
-8164
3214
7672
7688
974
5019
-6297
1524
557
9810
-2056
-3595
2645
3579
-2506
-6278
1939
-4615
-5891
-2277
3863
7756
-1698
9914
-2004
-5880
-7166
-6877
6473
5798
-6455
6433
-8635
-2256
-170
8630
1909
6851
2974
9208
6664
8302
-6136
561
9662
-6768
43
-2384
4912
-7665
8939
-4450
-3343
-9795
6436
-317
3281
8489
5732
8739
-2353
-6970
-2875
-9011
4139
-8130
-4895
7602
9679
-4554
7196
5988
-4760
-6751
-6187
-3855
-8798
-8298
3828
7536
-90
-1855
-478
-904
5233
-1890
-1253
4788
-7577
8337
8954
1439
-729
383
-3545
-2570
8332
-1126
4160
-3049
-591
1933
4647
-7466
1388
9976
-7787
-3473
-7170
-3670
6501
4047
297
8489
2562
665
5015
11
-4680
-704
-3834
1931
-8141
-5387
-5697
4253
7636
-9036
-5067
-923
3385
-6503
-2806
6743
-8217
3240
5541
559
-9888
-1693
-142
5470
-8564
8434
-3844
7038
-4165
8761
-8599
7381
-2046
9384
311
-6377
8356
5249
9744
-1250
-8342
3549
-2114
2265
1848
-6540
-6617
-5420
-317
-4915
-5514
-2641
-8691
-5155
4740
6228
-3821
-7556
-4511
7062
8185
-6430
8859
-5458
4046
-354
-7672
-9427
-8535
8282
-3409
7607
-4563
-6847
7376
-3131
-5944
-5235
7237
318
7692
6629
-8243
8222
-4027
-9437
-5555
-3782
7320
7256
-4009
-2630
947
-3824
-4665
-7428
-7805
8114
4591
-2028
-4122
-5158
7439
-4729
5100
-168
7616
5411
-4926
-7118
-79
-9450
-8738
-8062
-1158
5961
8233
-6141
-3153
9137
-5788
-3510
-6954
9248
-4201
-5213
-2419
-4186
-441
1408
-5837
-3372
-2189
3301
7446
-3310
-5344
2633
-9671
8083
-9169
627
-8540
8718
-3313
-9962
6524
-2470
-7524
-2469
4983
6825
-572
-6062
-8339
3280
-9628
6692
85
-2825
5133
4988
2880
8446
-9069
-2712
1067
9939
6460
-1145
-4182
-2881
911
2066
4285
6651
-5054
-2155
-8285
-6119
5879
-3302
8787
7770
3082
4571
3502
3874
-5841
-6386
3723
-7624
-9679
-3884
-6980
8077
-476
-4301
7624
-6215
7082
2780
-1803
2470
-7511
-2055
29
-1645
6191
4067
1415
3332
-1409
-5787
8503
-4647
-2723
7252
599
7385
-7883
-7154
-6526
-3528
-7569
174
4784
1483
-4139
-715
278
355
-7502
9678
1932
1126
-7202
4492
4821
1696
4861
-7741
3761
-7385
5240
6407
2680
9746
-7343
-2018
5573
4298
-9237
-1793
344
2141
1541
2245
-6425
1324
-4925
-9673
691
1308
-6357
-6438
-3926
7902
-7339
-8003
1827
6637
4923
3353
-388
9706
2888
-570
-5381
5327
-6167
-127
9624
-8654
-6320
746
-9730
210
-9652
6565
6113
-1246
2467
9791
6180
-5365
-9818
-8
-823
2304
-5152
9899
-8614
2872
8270
-7231
427
3674
-8134
4685
9596
6491
-5238
2318
9184
9970
-5488
-2306
-8460
608
-3839
1953
-5234
-5935
-1291
-8914
9381
-5273
-3284
-2080
5564
-2469
-1000
-2629
-9931
619
9648
-2373
-6417
-916
9404
740
3143
6530
5354
7457
-8384
-7668
-2540
-5320
-8577
-5828
983
6340
-7943
3662
3442
-4947
-401
-1840
5566
3982
9711
5834
-4120
-2739
2994
-3639
-3968
-1462
6154
-110
-8645
-3389
-7084
4799
-2513
3680
4023
7994
-4716
4394
-1918
-3961
-6477
6041
-9263
-1332
-3611
-9183
1481
-8053
5581
-4068
4671
2310
-883
-2323
-5271
-1477
-6118
-2387
-7037
-8278
2701
9523
-6629
7071
-847
-2035
-3043
3446
-5203
7601
-4149
-7186
286
7522
5679
2035
-6764
2135
-4152
5687
-1538
-7614
5414
9959
5542
-2983
4759
-4194
-3283
6259
-2909
4589
7190
359
-4544
-8398
8065
2625
2499
4692
134
6681
-1297
2760
5514
-1669
8232
5096
8269
1866
-8893
4415
-2629
-9210
6696
-3167
3484
2276
2774
9609
-9753
7928
3409
-6659
-2883
6012
-7060
-8477
3390
3247
-2027
5001
8090
-9752
-8787
6496
-9471
-549
-8119
8618
6517
-4817
-7291
3421
-3218
-7650
1776
-3316
6986
2678
9232
-3031
-4244
-8999
-5815
-9343
4580
2582
2283
-9508
8001
542
8817
7163
-2105
6510
-2970
8758
-7230
-6688
4783
-4536
8058
-9139
-6695
5510
-9533
-3328
-3642
-1957
3464
3034
-430
-9498
9708
3356
9386
6041
-2483
-1730
-1100
-6554
7970
3631
-5082
2912
4164
5936
5161
2941
7699
4829
-6514
-6165
-5221
523
-7382
3721
8851
-8128
-8726
6488
-6223
-2513
-9331
8509
5648
-5171
2215
-2496
6080
2759
-586
407
-9701
258
8031
4850
-2208
6504
-8168
6460
2182
6205
3541
8247
-6244
529
2205
437
1190
7818
-3130
-8325
-7713
-7067
8347
-1266
-2934
9429
-569
3088
518
7193
9917
2943
7873
-5438
2337
876
9634
-8880
-5327
-4236
5442
5305
-3632
-9501
-7901
-7417
8761
8996
-3498
6942
1343
3576
5280
8381
4624
407
1116
-4941
737
-9636
-5477
5860
8772
-4991
5877
-2593
-5111
-1101
7298
1133
-2037
-4683
9271
-9142
183
-7673
627
9478
4043
-7803
-6343
-6213
7464
-6215
-9416
5331
-7820
-2243
-8239
9862
-3374
2698
6555
8470
8247
6687
8756
-7198
3369
7279
8015
6435
9792
-8193
8546
9020
2821
7082
6147
-859
1598
-6943
3102
2405
-8920
3755
4512
-7938
396
1493
-3159
-9712
-350
-5369
9137
-5695
4259
-340
-8643
2925
4006
4728
3566
-3270
2710
8124
-9803
4801
-494
8672
7602
9902
-1191
7290
-1651
745
2689
5425
2110
3826
391
-8525
354
-7889
-4092
-9577
4776
3750
3456
5791
-2703
-282
-6263
-6754
-4194
-8138
-6574
-4283
-2294
1674
7070
-2557
-2177
9966
-957
2117
8553
-9809
-4021
-2840
6656
7171
-6712
9084
7241
-8689
9432
-4887
-69
-1472
-1626
8276
-3570
-7757
-6703
1575
609
-759
-360
8917
1553
-9423
-9432
3075
6226
2760
-2061
-1213
-5748
8908
-7656
3176
-3750
-164
6911
6538
-3992
2825
7953
9795
8034
-9900
4603
8786
2288
5462
-6676
-1745
-8490
-1779
270
-5196
-5466
-4193
-8073
6331
-2901
-4175
5860
-7487
-9745
7989
1550
4845
-900
-6957
7475
-6607
-5843
5442
4832
5529
-1989
-4357
1677
6929
3752
1272
-2294
6077
5485
-2975
-6268
-8200
2827
2757
192
-251
2276
2611
-3554
-6085
-3307
-20
-3087
-5669
-771
-127
-6604
4603
7913
6633
-8189
2348
1924
9029
1502
-6291
-4642
9474
-6898
4069
717
9959
1111
8406
4407
-9287
5289
7128
3979
-9807
8351
5999
9644
-5888
-7809
3551
-6941
9625
-9495
5164
-2518
-4463
-930
-8341
-3383
4044
502
-2297
3868
-1901
6034
-2824
6780
-7386
1884
-7674
-6520
4616
3264
-8669
2314
4176
-121
-4179
-9101
-1787
631
-9652
2150
-4234
-6127
-4494
8985
480
5095
-724
8838
5052
-3783
-2575
-5509
1584
-4916
6478
-4247
6655
4031
-7733
7084
-8013
-5009
-3551
-3890
6629
-2556
-2143
-8347
9114
9564
4063
-9052
-5522
1545
5094
-5964
7735
-8701
-9642
-1567
-5309
8538
9812
-4247
8884
8406
-8122
8667
6118
7890
-1169
-4188
-1442
5503
-7461
7749
8907
2829
-5090
2066
6862
1933
-3979
3468
4299
8637
-3003
-6247
-1303
-5092
4465
2031
-251
9957
7122
-3314
146
3477
4224
72
-3781
-7725
4907
7152
-6339
-9412
-5649
7989
-4414
3748
-3511
-7145
6509
-3102
4375
-138
9570
3427
7532
-4079
-1292
4778
2587
6751
-4580
9635
-5899
-4925
-8831
-4186
-1556
4973
2514
3261
-6203
-99
2870
-9182
7980
8897
-1542
8421
7299
-9364
-9412
7692
1176
-972
-9995
2849
-3502
4973
8372
-9789
726
9683
1838
6479
6188
-3222
-9167
9146
-6618
868
-7751
3715
1125
8014
1706
-5634
6477
2572
-9507
-7406
2362
-2585
6704
3301
6934
5805
-7836
-5035
5979
-8025
1781
513
-8723
6099
6493
117
-9539
-9711
2286
-1498
-7556
3238
7700
4330
-5546
5307
-8287
1063
5371
9050
6672
-8379
9733
-445
1678
-6727
-9000
-5643
-5419
2099
-7508
-730
-9852
-5047
5840
-8961
8515
-6806
-4371
1203
4870
1377
-8594
-5054
-6043
5409
-8622
6884
-9590
4828
-3655
8937
1384
-8282
7182
537
4689
2686
199
-8420
-4086
-5416
7855
6293
-3025
1040
9559
7797
-460
-7842
3833
-252
-291
885
6952
-8777
7144
3847
-8784
-1705
-3398
1454
126
8531
-5301
7989
-3329
1109
-538
-5036
-2004
-7249
-5651
-3410
-6240
3446
9365
40
6882
-82
7043
465
-6167
8094
2254
1565
-2273
-859
3757
7166
2224
8852
65
1224
-938
7450
9220
9460
-4251
-249
8370
495
207
-1172
6354
1833
6071
8762
2583
4340
8127
5111
-7227
1269
7564
-88
943
-4366
-8544
8747
-7223
-46
3879
6092
6787
-3276
-9650
-8761
-1411
5399
-2597
7572
4067
-4862
-3096
8415
3318
6552
-2186
-1470
2552
-6320
3230
378
-8797
2112
7534
3658
-1659
-2118
-8524
382
184
3359
918
-944
4366
1196
9773
-1604
-8445
1418
9200
-8416
-5136
1739
-2130
2138
3503
8827
584
-766
8320
298
-541
450
5441
8518
-6760
-8724
5965
-4501
-661
6203
-1781
-5703
-8732
-4237
6479
1119
-9822
-6320
8523
686
-7183
523
8105
3752
5108
-8684
5159
3102
-665
-5632
3635
6874
8125
8351
6333
-595
-7460
651
-5327
5514
8525
3652
5363
-7435
-9413
6184
-1448
-2320
863
-2080
-7309
-1095
8577
-3238
-8416
6269
1847
8340
1784
7280
-9964
-7150
-4959
-9773
7561
-9430
8208
6432
-6253
5683
-7259
3450
-2723
-4167
8692
7202
2748
4938
6503
-312
-6560
-7010
6259
-4914
3428
-9190
-2814
3623
2353
-8577
8581
-5513
-1388
-3311
1985
5193
-238
-7745
-9949
-8018
-9515
-8884
3964
-3364
5329
2696
6647
979
9699
7660
4554
-2441
5728
-817
3448
-949
1409
-8487
4246
7833
-7496
-9813
1405
3478
2953
-6339
-653
-3652
6157
-4935
9659
-9641
-1246
-4576
-3476
-2043
-6805
9687
-6428
3596
-8395
-4084
-3455
-5981
-7379
9917
-6905
9200
-5934
-5402
-9246
9822
-2186
-3658
8228
-6169
-21
2494
-8674
-4331
-5229
1601
-4248
8802
3425
-9282
-3305
5477
-5424
5598
-5264
2776
2613
2581
-7774
-8732
-8272
5065
-440
8021
-764
7565
-7831
-3142
1044
3667
-3086
-8172
-32
4397
-3541
1921
1072
-1180
-1509
9622
8876
-7161
6576
-8832
-9198
-7897
614
-5668
-2769
8723
3059
-2112
2959
-1475
-1975
-3777
-9125
-7650
-5898
189
-6575
-8594
2541
-6455
9748
5837
-3050
5967
-7312
-6323
4700
8748
-6626
-7951
675
8920
-297
-562
-2878
-7876
-9399
6346
2608
-6757
-6340
1454
4373
-3000
-5313
7568
-106
931
-9845
8144
4628
5643
-4980
-9090
8314
-2719
-6381
-7774
-9623
-3765
-9770
7406
8389
-9165
1975
-6086
-595
4997
-9154
1118
-6733
-614
8703
9525
8771
7052
8811
-5153
5281
4121
-3653
-1222
-319
5812
-2833
-4731
-9288
-9471
-815
-5743
-4206
-4100
5829
-237
1550
7081
7993
-9976
-8154
6651
-3274
6601
-4529
9536
3283
55
405
-9279
895
-3351
4299
1023
-8205
6687
7471
2761
6436
3950
-2776
-1409
7056
3784
-579
-4434
9615
-5551
-7178
-4237
4547
-7756
5997
3017
-8587
2814
-8145
381
6302
7381
-6947
-4673
3749
-1915
482
1631
-9289
-6606
-7285
-805
2182
3364
-2960
-961
-1746
5175
-9658
606
8586
-4790
-6123
-8733
-4684
-4471
-3322
3863
-987
-7303
-9546
6604
9523
-8441
9328
2025
-2075
1588
2492
3390
8946
2000
-3259
-8051
-9464
2335
-4407
9635
-530
1792
8224
8028
715
2171
4205
-163
5233
6685
3290
82
1422
8699
-9784
6356
5296
7893
5072
-8590
-7204
794
-1722
-2415
-8646
1103
-2645
-4185
2909
2781
7595
-2370
-9352
5487
-8502
-2583
-4846
7626
5862
7095
-6225
6987
732
7724
-4382
2786
764
-3077
-4110
-5751
4126
7237
3710
4833
2188
-7215
-4962
109
-402
753
-7116
-1492
6926
-4383
8255
-1965
-244
-4045
3558
2240
-288
-7033
-2817
990
2351
-4528
8885
1065
-9515
8593
-4638
-7505
7190
-6116
8517
-7560
-2923
4912
7743
-6426
-5653
3948
-3893
4947
1242
-508
7681
-7159
5305
1977
8524
6191
77
-8894
9719
6834
-9427
8958
1963
-1818
-4951
-8711
6289
6753
-6545
-810
-2513
5586
2869
-9958
789
-4426
638
9887
-1991
-6623
6850
-7050
7269
6110
-4724
-4145
8374
-9191
2367
-7977
8113
-7190
3025
-1734
-4646
3673
7145
1317
-4256
322
-9386
-8994
-4660
-4958
-8269
-5365
-5022
-3702
-2171
2400
-9343
-6814
3032
-6123
7151
-4343
8309
7426
9058
3422
-2479
-3430
-5081
-3756
1697
-9865
454
1668
9094
6968
7062
5903
-3649
7596
8609
-354
-2560
-6414
4163
-9813
-5595
-3310
7799
-4943
64
-2502
1755
1743
-6709
1212
6702
8979
-66
-8228
-5526
-4267
-1689
3185
-6376
-5814
-985
-1990
6613
-2170
6345
2452
-1806
-6771
0
6887
-2905
7541
-1234
-5220
-362
4377
9739
2964
-6102
8933
-6002
3324
2975
1809
7746
1637
6599
-1991
9645
3383
6362
2164
-6968
-4074
-746
-1413
4386
-468
-7106
3713
-4391
-7778
-7584
6640
3355
-6788
-925
-9743
8376
8136
4606
-6148
4768
8414
-2948
4146
-2255
4186
-4618
-7731
-7813
5538
7308
6373
-4415
-371
-8275
4661
7918
4274
-6884
-1884
8810
-8522
9360
92
-1613
-521
6508
-6740
2346
-6842
-2370
-4618
3675
-8881
-5455
-7458
8082
-5142
-4497
4333
1750
2150
7541
9762
5696
8087
6543
9309
-6149
9384
9649
2372
3163
708
9880
-4854
5015
-3049
1992
4456
6083
-2945
-8988
-439
7555
-8271
5952
7880
-3614
-2477
1665
3680
-525
-9678
-7806
-7888
2440
-7580
-1468
-9250
5681
3855
9150
-8344
-2745
4305
9462
-5112
8373
-7914
-7357
180
-2606
4697
-4841
-954
-9986
7190
1886
4156
9780
-5336
6495
6200
-9427
-7567
4753
-1601
2309
7956
-96
7495
-1338
445
-5990
9233
1903
6384
7764
8035
-1253
-850
7418
-6717
6533
-6580
-9898
-3626
373
1712
-547
-8080
-1192
9016
-1223
-2864
5170
-9787
-6921
-616
8260
-5161
-5644
1305
-9500
1269
-1740
7426
-1426
2331
6958
2023
-9440
-7569
-4064
-2205
