9905
8574
-251
5523
1288
6148
5214
3214
2007
-7974
6998
-801
-804
5900
1130
2090
8318
2962
1622
2371
-5819
-738
-2412
-5286
-7545
-2715
-906
-6295
-9167
4549
1407
-5078
-7016
2262
2778
180
-1237
-3722
-7739
9262
-6186
-7051
901
7443
-3065
2036
-8823
-4362
3047
7035
8186
-7869
3938
4405
7513
-8510
9847
2069
-3778
-4358
1203
7469
7707
-157
-2042
-2841
614
8241
-2475
-7566
1230
-1216
6935
4117
3087
8043
2945
-9069
1816
5787
-944
9555
-6920
9080
2974
-8605
4505
-8101
6954
-9836
-5796
-3775
3677
-3168
-1282
5798
-5679
-8379
1834
5068
-687
-2630
6271
7194
-7498
-1397
-9461
-7810
-8795
9648
6313
-3649
3706
1545
-4766
5523
2669
-2497
5236
-685
8614
6929
-4902
2403
-1330
-8818
2655
3976
-6462
9720
4604
-2958
6599
-791
-597
8847
9567
1144
-9391
-4155
-8202
-4752
3807
-4418
6679
2098
7533
7463
-723
750
-2012
6021
-2967
1154
5340
-676
-113
58
-5003
-2019
5589
4199
2855
1898
-9937
-1141
-3829
-3679
-1297
2489
-9508
-568
-65
7098
-3938
-9198
5010
-8349
1820
-2919
-2998
-74
8577
-5556
812
304
7705
1734
-5519
-656
-3269
-4291
9315
1869
4461
2813
-5875
2767
-4708
9852
7826
786
8
-2997
-9178
-7046
9857
1660
-2283
7946
-9442
-7162
6223
8253
-3604
3499
2379
7755
1489
4050
3412
4668
-5776
-6381
3839
4214
-1909
-3321
3997
-34
835
-3509
4290
-9457
-3443
-8720
3309
-1010
-6082
8486
1665
4017
4352
4721
3199
-5679
6682
-380
6591
-561
133
6555
-3360
-1093
8333
1796
-2705
-5376
5474
5986
9750
371
-907
8584
1343
-4340
6029
7728
2781
2364
-8868
-2306
-9547
-2648
-2066
-3880
505
9389
6797
-9115
2836
53
8574
6266
4461
1033
850
-1151
-6688
-5875
8893
-9064
-8395
4551
9450
-9116
3172
-529
-1437
6597
-2549
-4853
-9059
7138
1685
2845
-1584
3683
-8702
9590
3326
3571
-5231
4930
3294
-8415
-3673
7351
-6449
3853
-6188
8826
-7537
-9763
1469
9478
4059
4067
8017
1727
-7098
-4869
6785
8499
7457
-6329
-1848
-9013
-9820
-3437
-5040
-8700
9517
-9632
9392
-6858
-4871
-9072
6649
6831
3075
-2295
-6124
-8662
-9090
-9987
5735
3466
5131
4633
-1187
-2087
-2996
-3926
5954
-8009
2678
2990
2955
5921
-8517
-4710
8658
-2876
8476
8760
-1701
8562
3022
275
-1063
-4832
-7607
8545
-3327
-2356
6716
-4596
4638
-4024
8106
-4061
-579
-559
-2972
-8368
6396
-3687
1516
-2941
-719
-6174
-3681
-5837
8297
6051
-1658
-4063
-1075
-4428
-4161
7655
-2441
-2450
2469
3533
-6430
3139
4737
2150
2261
8141
8199
9959
-4695
7735
-8521
9890
2405
4835
-1803
148
9793
185
-7494
-8920
-2497
6464
9847
8859
3228
-3593
-1438
-565
-2490
6175
-4743
8745
8264
6722
-6807
-8167
-9782
-5065
-7637
9118
-3157
-5196
-5089
3658
-810
5668
7774
4660
2406
-8644
-2748
9330
2309
5696
6649
7735
-7448
-5543
7295
4705
9932
-49
7778
-407
-746
-19
6583
873
-4424
1592
-5397
-4819
-9729
7358
-875
-7189
-8055
-3720
7921
3055
9514
7491
9761
7710
-6495
201
-4471
122
-5853
8208
8511
7251
3827
323
5303
6178
-2275
2363
903
-9452
-914
-9844
9442
-6652
7833
-5815
8125
1724
-9780
751
-5362
-1371
4434
-5384
-5807
4474
9234
5339
-3015
-6347
5171
8560
3754
-4480
-9412
-2618
8038
-4338
-7626
9229
-5455
-4800
-5437
-7554
1455
-2828
8564
6187
-6939
6106
2896
-6157
-697
552
8992
-3672
-7034
-6813
331
1913
257
-6209
997
5703
-3624
-1896
6423
1580
2806
-5480
337
8458
2955
2778
2090
849
4080
-4995
-1211
7466
1560
-3161
174
-2875
-7373
-4385
2165
8865
2891
8195
-7917
-5197
-5939
-35
-4566
6477
-3211
-6862
9931
3044
4141
6694
-7607
-8970
-3817
9961
-1842
9535
653
-5553
6273
3860
9180
-8568
-7316
5796
9542
-9939
-1222
7602
3055
-366
-3657
-6473
7552
-2249
-2021
-3546
7134
3722
3667
-8682
8405
8264
7687
1994
-9332
-1892
3980
4879
-7442
7466
-977
9140
-1238
-2241
-2542
2670
2426
-506
-5367
-4128
-6846
-7853
-453
-7062
-8825
7434
-6177
5998
7098
1428
-5858
3172
-394
-2849
9770
-4780
7335
-3834
-73
9890
-8381
6578
-7294
-3485
-7214
2205
8665
7513
5174
1039
-1883
-256
5160
-4967
-2653
4858
-707
-8899
791
2440
1936
3671
7550
3849
-2452
-7180
-6388
6826
-386
4020
422
2104
2310
-6428
-2459
-2828
-932
973
-7675
6521
6228
-6092
4771
-7847
-4887
5304
-8751
-3363
4859
-9742
7332
6592
163
1504
-3445
-2867
-6082
-6245
-8301
-8595
6439
-9407
3017
-8871
-2704
-5562
-1989
701
-9361
4420
7816
6471
-1180
-260
-5898
3775
-5838
3745
-6596
3217
9637
-6412
4241
-5387
5022
-8472
-5226
1856
-6056
9981
1890
-2739
2017
-3929
4991
-5131
-9920
7351
-5196
-2584
3906
-3165
3169
5633
-3137
-1117
8636
7396
-168
-961
1094
-6232
-8576
-4778
8708
-9560
2036
-8235
-7391
9080
7031
-2459
9052
-7816
7885
9244
-6576
-3702
5924
-2303
-3211
2744
-4216
-6444
5729
7179
5578
4658
4003
-526
-4298
-413
4416
1927
1382
8692
932
-6749
-9051
4699
-5577
-9093
-2652
3581
-9590
4512
7228
7991
7558
-8062
1530
2879
-9494
3589
4475
-8489
-9987
5088
7722
3234
-9310
0
-3341
7856
8702
6560
7416
-1052
893
7091
8791
-4641
-7400
-4903
-7172
-3260
6107
4365
6318
-9541
6231
7632
-6139
-805
-2861
7506
2208
7403
-11
2559
2382
-5998
9301
-2169
-8025
-3339
-1265
-4661
1676
-7366
-7617
1312
3902
2837
5774
-2624
-9558
8120
-1399
-980
7695
-8246
853
5559
-9973
6888
2993
-1212
9572
6540
-9024
2913
6330
-1837
-9796
-1325
4117
5707
2296
3067
-3290
-1819
-946
1330
-4506
9685
4749
-8639
102
-675
-8346
-3755
-5834
4195
3602
-9001
8811
-3333
-8457
2599
-7161
8379
1483
-3007
3160
-4819
-3831
8715
-4347
-9604
-5073
-7450
6500
-5837
-5804
-3346
-8244
-1340
-7837
-9255
-9538
1028
2303
-4096
-5325
6464
-7029
1907
1228
-8551
-7225
75
-304
902
-7663
-9138
-8645
2124
308
-5492
2831
-4975
-8660
1358
4146
-9149
-8963
-3440
2830
-2332
8846
-2862
-646
1051
5999
-4145
-1543
8865
-3015
304
8326
-4480
-9690
-4417
-7860
6472
736
-5454
-8602
4494
5128
-7589
1997
-9065
3117
-7741
3654
-3354
8315
-5670
-1096
-699
-5205
4592
-2368
-1083
6923
7993
3823
8205
4223
76
-5978
6397
-4182
3111
-3522
3208
6347
-4862
9251
-9160
-4841
-3189
-2004
927
7203
2990
5523
7984
4636
2662
-8542
5612
-3798
3477
-6419
9115
7218
5407
1132
-5030
8059
-7251
9556
5231
4989
7201
9611
-8865
4699
-2432
-78
-5293
-2785
-2697
-2674
8419
-8580
-3465
-4312
9069
5855
-8712
3386
7502
-9290
2106
-6396
2479
-6079
-8048
-247
6885
-3120
781
-1175
2379
-2874
-631
3378
-7205
5132
-1312
-9195
-1937
-7730
1208
7906
-7705
-6520
-4532
-2122
-203
-3820
-5378
-9113
685
4964
8786
9392
2039
4636
8190
6426
4057
8154
-7829
9422
-7021
-8088
-2095
5803
-6882
3200
1131
-1203
-8449
5017
-3482
2607
-5262
-7111
2096
4589
-6105
-3567
9575
-9521
-8493
-6045
2197
105
-8883
-3354
-9944
6579
-7837
3513
1549
1599
5933
5893
-9382
-2890
2812
-256
8910
-7551
7440
-208
-1411
-2114
-2379
-959
6630
-9363
-8685
5089
4174
-6273
898
-5530
-8551
-7450
-3505
-1925
2977
4950
1262
-5109
1370
-8455
5801
-4579
6218
-9472
-56
5527
2468
-9399
215
-5222
3991
-4118
-2157
-3394
-9714
-7101
5611
7599
1096
8942
4641
-2522
1251
3674
7502
1657
-8732
1282
2374
867
5779
1424
-8039
5978
-1616
-5504
189
-698
6332
2979
-4708
-6979
9794
3084
9016
7178
3064
4949
1370
6305
6906
-7567
-5856
-3059
3050
5959
-7760
367
9151
1495
9969
9685
-7605
2362
-6098
8484
-1718
4864
-186
6991
-144
-7457
5928
8545
-1936
7180
-693
7705
69
-2530
833
-1667
911
7692
-5198
3442
-707
543
3144
-9779
7894
862
-1850
-2884
-1803
-5780
5287
2571
-4145
6655
3792
4744
-9571
5292
-8895
-2770
-5550
-7701
2743
711
9819
-431
5322
1177
-5755
7923
-5474
6065
-2148
9324
-3686
-5411
-4059
-9678
5578
-8163
-5734
3586
5080
-8811
-4838
-8997
5404
5491
-9710
5099
-4077
-8438
7757
-988
5546
-2476
-3643
1185
1171
3615
516
-9974
-1764
-7748
6120
-8975
2279
-8966
8405
-1437
1725
-6059
1951
2314
-3938
8388
-7409
5332
6443
-6545
1000
7013
5334
8901
-132
-2854
-3804
-2530
4140
-2765
792
5824
-6297
-1214
-4050
-565
-4354
2554
8859
3234
-2070
-3504
9624
8897
3483
2867
-6617
-6121
4980
-3221
4236
8074
7628
-543
-356
-3227
-3683
-5511
8545
8859
6711
4563
6241
1977
4329
9718
-2346
-5174
-6220
-3616
7102
-9472
7795
-291
-5625
2249
-1615
2752
-3986
5975
-4536
5641
-3388
2683
8436
4942
-3601
9841
-6313
6990
1626
5607
-3597
5881
5280
5340
6560
1815
4320
-6649
5886
-2825
-3610
-7309
-3642
8930
-3841
8886
-6172
-810
-5343
9086
3765
-4784
9662
7496
332
2062
1736
-2669
-2797
-3065
2733
3287
406
-6915
9943
2544
-8755
2139
5424
-2807
1977
-7062
9599
-7127
9214
7443
9406
-5234
8305
-4463
-3223
4272
406
-8361
-6357
-8732
4198
-1719
1574
-9777
-7250
1678
8884
1477
-5149
2242
7598
350
-6090
6174
-1523
5040
-9732
1042
-5092
4963
-4381
5425
4222
330
-5771
-9442
720
1055
-4095
-8394
-3183
-8789
3296
9550
519
-4519
8097
-9866
6430
-4036
-9777
-6805
4516
4920
1246
-5304
-4014
1645
-5663
-1417
5605
9897
492
7206
5216
7276
718
2024
-1297
5177
711
-2518
7636
5821
4176
-7380
9498
9173
5546
-3176
-5558
6799
4206
4403
-1932
3581
5011
-4365
-7464
3655
-4713
3398
-1338
-3943
-4106
-7536
-5086
7194
9969
3774
-1100
6617
9220
-7779
-8880
5821
-89
6080
8408
-1090
-1558
7599
7293
7790
-2858
8674
4608
9092
9366
-1690
9726
3167
9914
-9858
-8867
4447
-3203
9751
-5558
5685
7800
-8777
3777
-108
1021
6934
4119
7196
-6888
928
4048
1332
-2315
3987
2999
9920
-3689
6583
1903
6417
3090
1660
4576
4172
-4546
2945
-5327
8974
5910
6450
-3136
1775
1230
3371
7787
8159
1794
7250
7477
-7856
-1443
9472
-564
5817
3195
4979
-6382
6200
9725
4405
-1333
-1986
-9850
9751
6832
-5887
-6793
-8196
5110
2705
1724
-2668
7352
-9381
7802
-8393
6218
-6566
-5843
-1802
1375
4783
-2545
1890
2387
8960
6240
4426
7991
7438
3095
6217
4634
-5467
-8798
84
-9984
8585
-6906
-1146
9045
8327
5225
-1552
1523
1257
5864
-3906
9099
2434
-2943
3269
406
6122
4315
-3852
9672
9817
127
-9312
2221
-2450
-1562
4880
6334
4032
7668
-5476
6322
-1923
-6854
-6440
-6095
8424
-2303
2531
5998
5455
-7352
-6440
8218
-4693
7685
239
-7713
5751
2112
-1881
-6236
727
2640
-4181
6814
-763
7560
-5527
4809
-9125
-8372
-9983
-9563
5774
2489
9445
-7545
375
-8879
1993
3911
-4278
-3079
-8727
4433
7118
1324
6003
-3867
-369
945
1214
1
8455
-5637
-8059
4860
7818
-9722
-1547
5850
-5728
5092
-3955
9974
-3556
-8200
359
-3687
3741
2119
6458
9436
5735
-510
-1938
-7486
3843
-6120
9854
8241
9072
-6374
-6166
-5930
7832
-2527
3877
9303
2679
-6918
-3077
8733
4132
-4879
-1581
2006
8064
4073
-827
-3014
162
-4164
8250
8535
-7494
4052
-418
8323
7379
-2190
891
-2890
-5433
-7924
-2987
1468
7903
8236
-397
9939
-8237
4787
-7982
-4774
4200
-750
940
4412
-9796
-5550
-3046
-3910
5746
8343
3675
-2213
3342
-7834
8924
3902
-9135
6847
4310
-8927
2086
-4993
5225
4482
-564
-1677
6634
2917
3911
-4768
5344
8402
-2138
-7278
6548
-2883
7788
-5583
-1381
8835
-5962
-7898
-3689
-2267
2136
-989
-2361
-4509
2433
6451
209
-5400
-7800
-5255
1589
3699
-1707
724
8783
2747
858
-5635
1449
717
9764
-8694
4408
-5168
-2939
-9299
6475
-1017
3037
7202
7077
9542
-9259
5440
8018
-3576
-8025
-752
4883
667
-7065
5575
-6310
1648
-4862
-9682
-9637
-6795
-9679
-7533
8272
5558
-6270
-9480
-9559
8705
3848
1152
-1861
3644
5842
5483
6126
4679
-577
-6184
-303
9992
-2111
9737
-4627
6277
-2166
5412
-2000
96
-7343
-9256
-516
2290
618
8503
-4464
8069
-2494
7464
-6124
-746
-5135
-4584
-3072
1548
2289
3042
4795
-1367
-8891
4070
-7981
2918
-6859
-2973
-2028
3343
-7770
-2731
-5016
7988
-8884
9023
-5689
-5823
-6271
3524
-8839
-5757
-7686
9416
9858
-986
8280
-4183
9251
-5400
-4223
9973
9392
-2100
2895
-1087
-3911
9103
-3419
-1459
4774
1422
8000
-2408
3317
1891
2786
-2401
9299
-5349
-6792
6042
-6359
2064
-8777
9145
-3200
6687
4947
341
7268
-8394
-4813
-7388
-1750
-6422
8628
-8147
7280
2696
-7443
-1963
-6941
-9888
-6019
7141
-6833
8928
-9561
4123
4784
-4692
-7596
2003
-6621
-2427
-2144
8094
2818
-306
-2816
-6411
8325
5441
-8446
1133
-4895
1685
-3431
-5364
8341
-7562
7102
-3874
2802
1814
-6107
-854
-318
-2218
3069
-205
6803
544
9565
6388
4842
2843
7880
8435
-9662
-9624
3915
8370
-7071
4857
3120
8011
-1224
6297
2404
4843
-5649
2096
3602
-8548
-3119
-345
-8246
4611
-8718
-8821
9167
417
5660
1966
1752
2245
5349
-935
-6561
8664
-1508
371
5446
6970
-3211
2552
-5333
4502
-3180
-5476
-7357
5958
5796
6540
-4205
-1147
3947
7578
-5193
-5020
5027
-169
-6846
-3255
-4226
-2396
6590
2221
-7561
9513
8512
1701
8012
-1353
-3119
-2401
-5621
-8719
7481
-7985
-6419
9499
8266
-3138
5651
2792
7743
4995
7927
-5936
2066
-5144
651
5014
1878
-3410
-7367
4142
-7589
-2599
4478
2644
-5578
-5481
-8253
2080
6979
1449
8954
7025
7747
-456
5493
4460
7232
-6152
-7092
6725
2638
-8413
8090
-2045
8422
7904
8272
-4859
2955
1740
-3862
5391
9551
9826
3666
-4211
-5387
6051
-787
2892
9739
7151
-2756
6297
2494
-4754
-2018
-5514
-4932
2888
-4245
3000
7417
-4072
-4154
3115
2836
-1994
7203
1906
-334
-7741
830
9709
1267
9552
-745
-8981
-8121
3166
6193
-7585
7607
-958
-3075
4718
-1158
-3273
-5347
2637
9573
4637
-3219
2380
-3735
836
-1323
5813
9983
-286
-1255
9488
6979
-4516
655
-8042
727
-8158
-5372
-6168
5782
-8386
-2124
8540
3620
7389
6574
-6510
-3642
9192
-5749
-8871
8352
-3879
4342
-1546
1884
8109
1584
7641
217
-736
9093
-5013
2204
6246
407
3218
2823
-6793
-9732
-5498
-3962
5669
-853
4351
-3470
-1192
7140
1125
-204
190
78
1081
-1408
4564
-6901
-5410
-8820
-2679
-7509
-813
1652
9797
7104
5403
7812
-8163
-3769
-6949
9552
-7904
9520
5771
6108
4470
9325
9947
-3835
6999
4996
4938
3857
-4668
9949
-3203
-8277
4897
6373
-1929
8672
8064
-8551
8633
-4739
-8323
-4753
-5031
6744
-9019
5456
9336
2729
4272
7430
5930
287
-5334
1701
9223
-3212
-1490
8315
-5433
-5254
-471
-2412
1999
6848
-2617
4165
-9420
5767
-6360
9844
4369
9351
9980
2446
-6162
4217
-6055
8145
865
-9180
543
-9141
8622
8462
-7990
-4412
168
5244
-8043
-7327
7891
84
-6105
-3124
-5309
4816
2787
9848
6378
142
-2583
-3504
-2634
-4359
-2151
-1892
-1895
1367
-2476
1894
6915
8459
-7264
-1802
6265
8252
-1955
-3707
2487
-4551
-3899
-935
-4584
-8968
4464
2026
2800
3640
-8069
-5896
3782
-5564
1518
-2423
-3261
-9715
9349
-8963
1596
1392
7417
-6069
4757
3046
7414
-5019
9607
-7201
9618
5699
-7734
5060
9819
-5820
-6463
9843
-9044
-1513
-9221
-4997
1516
4920
9920
48
7063
-6572
7678
-1029
-9120
-9056
-8845
-8197
8417
-3763
3054
-1051
-5435
-4342
8800
9548
-1846
8915
1932
-836
-2238
8061
7343
-2864
2669
-7112
-151
-9737
1847
9405
7694
8874
4074
1797
-7788
6652
457
-4955
1870
-7531
6388
8728
3867
-1427
8771
-7251
-6953
5493
-6074
-9346
706
9410
-7930
-7238
-600
-7789
-8708
650
259
-9338
1236
-3946
4441
-104
-2713
-1122
7345
7254
4700
-7192
6488
-636
-3088
-4790
7156
-1666
-1897
1641
6207
-2965
-6901
7996
-6910
7612
1159
-3048
8355
3876
-4798
-5936
4045
9858
5594
-9987
4243
-2600
-5292
8542
-5830
7906
-8954
6906
1547
-386
1088
7778
-7778
-8010
2854
-6812
-6293
1889
9187
-928
-747
-9898
-3343
-4415
-3164
2276
-9062
-6927
-9100
8399
-7347
3053
2746
-6541
-5621
5326
-4829
2659
1989
-1209
6859
9929
-6245
-9948
4996
-8153
-2279
6950
-5596
953
3652
1816
2403
-9182
5208
-1103
2209
-922
-8836
8406
1857
2050
729
2490
-4470
6443
-848
-8814
-6910
-1621
-2652
-1043
-3649
3832
-2673
6905
4473
-6448
-4943
7117
4726
6878
4962
6993
7173
165
-1450
-7822
3988
1923
1879
-9154
-5839
9352
-9557
3697
-2626
-6674
-5811
3719
6999
-544
777
-1543
7485
1720
-213
-7025
2782
1611
-3781
-1738
-2575
6185
2338
-2998
-3085
5168
-7890
-848
7502
-1459
106
7627
-2414
4248
7517
2869
1430
9472
9882
-5920
6259
2900
588
-4900
3723
4425
-4404
-3385
-4400
6926
6427
-5583
-4885
9458
2638
6626
-1028
2458
-1134
-7126
-3946
2171
-5799
126
4048
2541
-947
4226
-917
-5462
6310
8767
8462
-4457
-6611
-5718
5445
2620
8954
8179
-1217
2952
-4245
-7258
-5312
8118
-5964
7480
7381
7078
-731
-5886
-899
-8053
-331
1473
53
-845
-4122
9756
4255
6677
4071
1874
8874
-369
2082
-8879
3899
7969
708
-9649
-4533
2725
-3864
-5190
8992
3688
-3751
-3014
-9137
4183
3830
-2754
-9013
-1847
-5391
8182
4842
8044
-7033
1445
-7562
-2070
-2208
-2423
5624
4747
-9854
-9906
1436
-6766
7124
1504
9562
9464
-1210
-6110
-8602
9559
-9364
-6086
1531
-4863
2340
-6360
1200
-4934
6696
4139
8682
-9246
5675
6018
2217
5539
-6684
-8961
3587
-2743
-5806
-7817
6955
-6078
-6238
4846
-2435
6778
8042
-6046
-2927
-5260
-1198
5004
-8171
4477
2586
-7455
4326
9729
220
8769
943
2236
-4828
2175
9678
6435
-9721
-7696
-754
5131
-4750
-494
-3835
2387
-9139
2593
-9698
-1370
-980
-3803
7925
3223
-8265
6078
-3656
-3482
7471
-517
-3396
4568
909
-7713
5849
6435
3337
322
-8791
2590
1649
1300
7119
5384
-8841
2542
380
2734
4937
-6404
-319
-8241
3044
-6950
-288
-8055
8300
8668
-8712
764
1129
7864
8248
1106
3905
6003
736
-4351
-1903
4817
5612
-5825
-5253
-207
6046
9256
-8484
5646
-2757
8361
-8236
-6100
-188
-8397
7683
-313
-3511
-8300
-8347
-2729
-7814
9466
6087
-6269
2737
-4209
8266
3732
-6798
-5538
3359
8696
5715
9974
-2614
6409
8151
-6864
-5743
1440
435
855
9103
-1591
9116
9050
-5310
6952
-6451
710
-7862
8866
9314
5320
2923
-6064
6430
4343
3185
4233
-2339
3047
5455
916
-9011
-1401
4459
-9758
7680
7263
-248
6861
4124
-786
5537
-7300
-342
6330
-2335
1653
4400
-7013
4306
-878
-8068
-7477
2422
2757
8792
-2470
-6713
4748
-8532
-2383
6144
6091
-7057
-2013
2007
6763
1381
5530
7605
2017
6215
-8854
-8445
-9083
-2530
-484
2699
-6915
-2638
-3178
1239
-808
-564
1835
236
1145
-5875
7440
6979
-9604
7661
2963
-1362
6723
2876
4784
-1310
-1889
-9887
-2344
301
541
3722
9532
9109
3656
-4275
3584
-1904
1432
2508
1184
-8919
-6494
2547
6873
-4041
1916
9512
-5881
-5908
5887
-3881
-2065
5313
-7945
3271
1766
-104
1358
-1589
-6065
1116
-2459
-3715
-7204
9155
519
-1104
9730
-3551
1082
9974
-3289
7394
1615
9147
1977
-3198
771
-8998
-4596
5448
-1617
6465
1288
-3252
4754
-3634
4612
7150
-9445
-9012
7312
-9029
-9549
1267
4813
-3028
-6378
4976
7757
-8369
2413
-6687
-8796
2103
8241
7507
8272
907
-30
5291
5451
6283
-6418
5559
5506
6765
-1747
5267
7592
-4086
-7277
-7697
-6049
7628
-3199
-9888
4999
2960
2070
-6284
-6441
5750
-8632
-3552
-3318
-1965
-1883
1907
1952
-8869
2743
-7690
2773
9060
4694
-431
4321
-1559
5357
-5191
-3109
-9764
4134
-7572
1159
-6016
4774
4467
3744
-6442
1987
8362
2201
7783
-8086
-6789
-553
9981
9039
-1395
-109
-4440
9303
-3032
-3236
-8107
1306
228
-6019
-7739
-8593
8467
-9716
-7105
1246
-6834
-2526
2218
8473
-6711
-6515
6193
5999
-4481
9305
-5787
-5251
-6498
6542
-6325
7246
-9909
9067
-295
-6556
-7380
-8258
-7653
9741
-7220
-4029
2594
8273
-3002
2638
2436
-8093
8323
5617
-9096
-6694
-3083
-6904
2633
-3878
7351
2578
9341
-4219
-7725
6445
3941
7627
-8910
-5205
6581
-9414
-208
-8893
-549
-2785
-2562
5871
-5879
-4758
6872
-6786
7344
-1203
8400
-8560
2748
7890
-5244
-7776
-8851
-2222
-1128
2602
-7822
-4684
4027
-3804
6643
-9938
-2504
-8295
5577
-4966
-1097
3223
-9491
-5705
-4535
4618
7599
4196
-8130
-2275
3015
-5451
-8322
1726
-3423
6937
-2991
4902
-8079
3880
-5913
3426
-4435
-429
3533
2311
-9702
-122
5069
-7325
-8853
9087
8921
6250
739
-1912
-9307
2844
8293
3250
-7123
-2441
7084
-7857
-8122
9805
8927
-7989
9696
3114
3660
-9873
4753
2768
-2747
-308
-7512
-77
-2951
-354
-1387
-8834
6928
5553
3536
-2290
-337
-1144
-4181
9087
1814
6340
1307
4362
-2977
3887
2985
-6391
531
-9843
248
-4935
-1518
3821
3143
-4721
-5721
1739
-1436
6399
-6374
1589
9265
-7741
-1426
7648
-9970
9865
-2834
133
3347
-6798
618
5377
-2561
-1869
-1759
-6250
2124
-1059
1379
3802
-1487
1732
-5133
-8865
-1030
4959
7247
6686
8544
1026
-8204
8614
-4665
-673
9739
2279
5114
9094
2505
5785
6134
5799
3541
1999
-7001
1073
6483
-6197
157
-8947
7396
4030
-5151
7353
-3007
7090
-7315
-8439
-6179
146
-5908
5929
5520
-7595
-9331
-1797
-2178
-6587
6910
-1589
7074
847
-7763
6235
-6084
-2309
7294
-8373
-9027
7320
985
-2835
-698
-420
3309
4269
8638
-1452
-6851
9611
-2864
1135
-2994
9568
7340
-6126
-915
-1151
1640
7056
6040
-2843
3931
2088
2597
5035
-3200
4109
7474
-979
-9449
-1854
4167
7724
5498
-3952
-6303
-2220
2989
198
-9950
-5118
-8179
-6177
2731
3659
-221
5778
-5605
5470
-5757
-1126
115
7128
8853
966
9895
-4859
4572
6639
256
9929
-7825
9468
3802
7918
6517
-4553
-3187
-9356
-9459
3794
4382
-9005
-5060
5286
5074
-2440
6348
7148
-3250
-1522
-1563
1305
369
-4882
7229
-6807
2065
-5562
2399
-2811
6850
5607
8602
8572
9897
6603
9887
-1463
-4670
5879
1353
4344
-9877
-422
-2539
-457
3066
4442
4136
7406
4990
-1931
-2645
1777
843
-2607
-7774
-2476
5411
8140
-1680
3946
-9273
5756
-7437
112
2254
-7929
6566
6091
-8547
-186
1856
-7518
-5129
3829
2277
6648
1404
-6754
1325
-347
3379
3516
8805
7519
-75
5256
8757
-2554
-3389
-1194
2993
7013
5169
6003
-547
3868
6839
-1585
8240
7381
7648
7512
-6497
6973
-7295
-1702
7593
-5268
-7506
-1792
569
-8939
5017
8111
-8218
-5905
5293
1131
-6716
-4006
-2360
-9877
-7783
4360
-5119
2870
6553
-7256
-4664
9887
-5737
-9670
272
1073
8129
1278
3999
-9737
-5002
166
5071
6566
-7542
-370
5670
-5903
-2089
-825
-9102
9271
7680
-9361
-9837
7355
6144
5956
2458
9295
-827
6624
-3160
7350
9930
-3051
-3127
5705
-4390
3340
-7835
-4558
8246
6114
147
4447
-1524
3597
7906
-1258
-1812
9291
-8674
-9349
-894
2383
-5242
-8759
7100
4122
-5587
-2651
-2335
-1052
-60
2773
5147
6233
6770
4012
-7681
2323
-3365
3918
4828
-9793
-9692
-9435
8505
-9397
-1213
1054
8627
550
7436
-4059
-5031
-6244
3156
7641
-1390
-771
2790
5259
-2985
-8650
-9767
-3819
5081
1903
-3547
-5006
7635
8076
6624
-9406
-5045
3281
2644
-2929
-6775
2914
-4632
5508
5782
-7696
9263
-4014
-6922
-4200
9068
-4928
6751
7144
9546
-7407
-9474
-5359
2240
4091
1197
4590
-8032
-5248
6082
-8055
-7123
1652
-3519
41
3478
2989
-5020
8710
1882
-1506
3185
-1779
5163
5136
-2772
-2762
7634
-381
5701
6045
-8345
2872
-7629
-6246
-4364
2719
3638
1020
9967
-2494
-4530
6747
-2347
-8034
3234
-3403
8277
-6109
2922
8309
8985
8437
4568
8420
2470
8548
1880
7374
-3422
6543
5822
6578
1003
6933
-9258
-9308
3832
6433
4638
-2984
9699
-1833
4127
-7592
4761
2878
-2067
-7553
-3293
-1481
-4251
-251
-4398
-6519
-7141
6919
6532
2970
2860
-582
4166
-5202
2545
-1383
3474
6887
-1492
1766
-5519
4146
-4424
-2696
-6123
4334
-8136
-7414
1309
168
-1822
-1019
6013
-7766
2460
-2640
-1633
7633
3754
-1869
-4899
9605
-2367
2713
6522
-6340
4429
6374
3169
5074
-8632
8865
-359
4036
9631
-654
7119
-8189
-6903
-3334
-5417
-8750
9762
2659
8721
-2358
-8785
-8190
4392
8647
7551
-7264
4016
-9539
-6308
5042
4314
-9591
-949
-2971
8764
-4385
-6496
5177
6724
3123
-4205
6003
-2493
2348
5331
-2202
-1496
36
-2643
142
-4567
3154
-2837
1775
4185
7252
-9133
3114
8409
-3629
-3572
-5474
9288
8196
-2776
-2842
2520
-6290
-9262
-8392
4299
-9351
2814
-9394
9416
2672
2848
2519
-1943
8208
3248
942
-6127
2821
-5697
-481
-465
-291
6210
-4553
-2378
-4896
2246
-6711
-4366
5456
4563
-5135
-5094
-1344
8816
5626
-459
-6166
6753
8348
360
-569
5879
8859
6642
-2927
9418
5817
-6468
-5562
-5516
-6149
3251
-4585
-5768
-3454
-4182
-3421
-8334
-6931
-9397
-3692
-225
-6217
2858
2216
-6595
2211
-9149
-9601
2356
-5116
-3546
-4138
-2816
-8793
-4968
-4533
-5588
-4800
-2717
-6387
-5608
-429
8255
-269
8716
-2537
2732
-3733
6985
-2955
9406
5691
-723
1909
7706
-9197
-7936
-3000
2255
7848
1905
-7041
5872
-1810
1490
2317
287
1754
6818
-5684
2117
-2876
-5043
-2327
-4510
-6617
-7055
1981
-6780
-4702
6204
-5931
5352
-8673
-4349
-2222
-9375
-8225
-8922
6163
-3487
3345
-7031
9417
-8364
8496
-9140
3768
6960
1912
-5328
-5007
602
9452
-1748
8253
4495
-376
3529
8537
6605
1937
-3080
-9496
-7372
-735
9509
-8594
-259
-1398
5721
9488
4753
-7355
4630
853
-4106
-4222
4884
-6257
9842
-3622
-9529
1543
-3852
4143
-8101
4569
6766
-6591
3787
-7138
-8209
-2671
-2505
-461
541
9815
-3
-3626
-2717
9993
-6442
-9176
-5035
7043
5269
1135
8686
-5280
-4691
8585
6288
-2003
5558
-2279
-864
7854
-9024
2643
-1078
1943
-1039
-5011
9999
3160
-8392
-1977
3118
-5138
2813
-3319
8898
-9984
-5472
1145
-1770
-5057
4090
-1583
3131
7861
-8850
-4671
651
-6381
1310
-913
11
-6132
2581
6391
6015
-571
-3214
-8287
1983
-8571
7399
-9211
7300
1182
8382
-1811
3044
-57
326
4824
4722
-1612
4226
-7917
9349
4207
-1944
-5476
-1286
494
2973
8831
-7612
3434
-3075
-2330
-9117
2407
-2622
-1114
-7454
-5378
5149
7522
2477
4122
-3399
8609
6313
-2134
-992
-9454
-2362
-9065
2701
-5616
8068
1245
-5314
-3424
-52
5197
-4058
-8599
-8993
-9897
-6640
2126
-9505
4003
8107
-7267
-7184
-6251
4948
3132
978
793
-6083
-8333
4090
4382
-1775
-2889
744
8997
-8844
-7779
-9275
-1739
2038
-9329
-4313
-3667
-6938
-9945
-2050
-601
-9339
-7642
3011
-1865
-9709
4260
-6111
7453
-9010
6301
6326
141
3965
-2943
5803
-6737
-5646
2889
4882
1793
5195
-5488
-5156
7922
4395
1816
1441
9109
-6872
-8249
3320
7341
7762
8489
-9802
8280
-5820
-9957
2529
-8728
2175
7003
-3993
7182
4171
6484
7235
8919
1085
-925
2629
8725
914
668
5536
-7648
-3841
-9248
5817
-4961
-8549
-5527
6537
-2892
2116
-2071
-4507
-9645
-2844
1685
9776
5696
8130
3093
-4646
9450
6206
-2317
-5339
-949
-1427
-8474
1049
-6525
7687
1448
-5814
3029
-3474
4146
-8335
-7596
-5113
-3920
3703
-7777
-1826
-6138
-8847
-7301
-7352
7842
426
-4748
8129
-991
9904
-5961
-7238
-2856
-5555
6171
-6710
5820
5299
4474
-8138
-25
-7410
1578
3010
117
8400
1532
9699
1677
-8649
9535
-3626
3833
-6758
-860
-746
-2012
2977
-432
-2216
8846
585
-8661
-9878
1807
-1622
6762
-8017
-3352
3
-3973
-6734
3021
700
9854
6251
-1273
8434
7134
9467
1642
3101
4490
2162
1238
-2023
4037
-6412
-9573
-1042
-5352
-2943
2215
7464
-6384
-2467
-8901
-7894
-1755
-4324
-5361
3131
-632
-3193
4349
-453
-9604
-1056
4161
876
-820
2133
2243
5244
2014
3078
7430
-8392
2978
9378
6810
-5034
2557
1595
2238
4520
-1308
1858
7133
4153
7558
1846
-6341
2374
8843
8395
-570
3776
6403
1812
2180
-7683
-7765
5007
975
-785
1301
8619
-7022
-2216
-7091
-8477
2528
-6362
-436
6903
-6308
-4690
-7907
8696
2496
2925
964
5882
-9790
4022
-8862
-2789
8757
550
799
-4404
2511
-2334
7108
-6518
-390
-6521
629
5726
-5216
7569
-2378
-1000
-2158
4115
108
-6275
1246
-8120
-4410
5208
-6219
-9290
-4679
5161
-9502
-4341
6393
-7299
6857
6371
1957
-3687
-5536
4333
9654
257
-6578
6399
9129
-6626
-5353
3878
-7263
-9858
4376
-4255
-5315
9506
-8978
2920
6752
5478
9504
-3206
5329
8686
3373
-3450
4661
6738
6550
7988
3796
-3457
-6764
-6206
8084
-1503
-158
-85
1056
1935
8957
-6048
-920
-3239
207
1304
4817
-5006
-4703
-8411
5033
-8237
-758
4312
-3986
-5083
-9696
1697
9000
5706
-8609
1244
-3637
-8918
1255
3007
9654
-6256
-9765
4025
2552
-6250
-8288
7089
4108
6765
4642
-2533
-7282
8521
-7573
-880
2470
-2143
-5336
-9251
-9181
-4444
5960
-8536
3927
7011
-769
-1513
-3345
-1658
545
-4321
-1406
2778
-8030
-5010
916
6244
-1391
-3245
-2498
8149
744
4657
8680
4347
-3861
1833
6853
3565
7772
-1480
-2422
-2673
151
-3907
2723
-2567
8078
6644
2969
7116
2067
8761
-7868
5615
74
-6243
-6372
-1265
9641
-1618
-2504
4360
-6265
-3015
2176
9057
2641
8743
4501
6865
-6517
-3588
6215
-8333
-4547
2108
9516
-6805
-5766
-2393
-6885
4554
-1074
-976
1263
-2142
4488
-5899
6334
-6428
-7796
-298
-9612
1273
2752
-3270
519
7720
-3956
-8307
-6717
7182
1176
2104
4576
-1992
2023
-8176
-3859
-2586
4603
372
2441
-9527
-5070
-1146
-4212
-1585
6824
-8195
2176
-8212
6544
989
9211
-5831
7163
5590
940
-2622
9496
-2193
8741
5718
2244
-4821
-6053
8065
-4841
-6762
7810
-9602
8761
8481
1097
-8854
723
6991
4938
6563
5579
-6950
8499
-2558
-7550
-4132
-9924
-704
5975
1342
2540
4484
-5768
5297
1207
-7515
-3340
601
9242
-9165
5957
3508
5513
5289
-6174
3850
2070
8092
-3300
-8270
4976
7116
-682
1649
4898
5460
1008
6540
9435
1446
1797
2279
6185
-6186
9775
-6488
4098
-1744
-5950
-1695
-804
2944
-2817
-8924
-5277
8233
-1404
-8279
8474
1499
8582
3779
-9372
7240
-4479
6013
-231
6066
-5690
1516
2823
-6153
-2480
-2231
-6899
8986
-7186
1869
3202
-4486
6653
8558
5984
1443
3654
-4768
4156
-4079
-995
-6175
-5963
4512
-7292
860
-9391
-3921
-5221
-9057
9384
2270
-1492
1488
3389
7620
-2729
1296
-8754
1242
-3008
-521
9063
-4014
-6868
7158
-1629
-2933
-6288
2917
-5032
3939
1342
-4996
3876
8716
2019
7400
7722
-8667
3051
-8658
2541
-8809
-4482
-3130
5988
8004
-8215
-2525
2265
-9631
4767
2759
8441
8578
-5083
8797
