8533
-4559
4671
2072
-2189
4531
-5950
6725
-8464
-3764
-7998
6841
-4380
9691
9815
3336
-7263
8064
-3928
4216
152
2886
8537
5278
-6087
4858
4251
-9898
-1029
-9215
3236
-268
-36
-4001
5064
3362
9875
-4129
-6726
-5020
-1370
-4866
3863
-4615
-6491
-824
-6526
-948
-8429
2937
-5556
-7262
7719
-6477
-5006
-9557
3849
-7695
1952
7749
-9748
-5348
-7496
3643
6010
-6060
-1811
3178
2827
9244
-1666
2941
-179
-8132
-1018
-2574
-1067
-8359
4010
-5352
8280
4502
-4949
8977
-2542
7992
-1741
7382
-8738
6887
-7606
2262
-7364
9162
-931
-9924
349
-6344
-4589
5048
-3956
3615
4207
-8023
-6614
-5824
9471
-6590
-6187
6237
3824
5745
9486
6323
5652
2042
6591
-381
8441
9794
3978
-8389
8259
-6959
-3346
4117
4415
8002
7564
-3235
3164
-9433
-1216
-7909
4934
-1330
-841
-235
2691
4740
9163
6725
-2811
511
8373
31
74
-9889
-9793
-2100
-5262
-964
1186
5043
-7256
-7938
-8370
-2142
1477
2118
4830
1609
-3071
-4482
1559
-6
6319
-9780
9492
-535
-1411
1178
-8621
3829
-5965
-2668
1063
-5300
-1418
3699
-236
-3648
3801
6755
4638
-9683
4292
4004
2656
-3293
7412
3549
-4378
9055
-3784
-9287
7385
-7781
-9956
-950
6183
2117
9928
-2513
-9082
9198
-1785
-7802
-2116
-2317
-8098
-1909
-6876
-6599
584
5789
-8039
723
-7963
9293
6796
7916
-892
-4801
-8385
-4599
9392
-9629
5506
-4390
-6299
-397
4524
-8442
4896
-6691
8040
-534
-144
-4508
5676
6750
670
2210
-4741
5135
-3049
3011
3791
258
-811
-8400
-5083
-1298
8080
6294
6369
9921
-1772
6235
-8593
6050
6893
1467
3648
-5387
-6632
4364
5544
-2502
-2647
-7331
-9110
7223
-1251
-6050
-2635
79
8035
-5750
-4757
-4656
6874
-4007
1341
-830
9237
5555
5083
-3080
-6260
5526
9137
-2324
-9117
7616
6217
8085
-2909
2775
6277
-135
5489
-2202
9153
5282
-5443
-5639
3347
5430
-2770
2287
8530
7655
-1736
-7008
7257
5666
7837
8907
903
4729
9833
-2874
5898
-8905
3419
7217
-8948
279
-5259
2128
-4137
-4744
4825
4382
548
7870
6761
-3446
-6352
7393
-8353
-2921
4204
-5961
-5075
-9140
-3209
8877
2176
-5657
-4727
6841
1773
-8348
-2868
-2894
-3046
883
5628
6159
7769
4469
-9315
2326
-4621
-8897
7190
2295
3551
-4205
-3017
-5917
-5743
3528
1638
-7338
5713
8102
1597
-2113
-9484
4786
9359
-3928
6846
4969
-718
-592
-6291
1272
-2628
4716
8380
-5062
-7878
-4473
7024
3482
-5772
3702
8418
9414
-4309
-8721
-4245
1631
3223
-1211
9161
-5192
2675
-2757
-2538
4140
9411
-6761
-978
9465
-758
-7774
-1218
5409
-6928
-6581
-2689
-6267
-3847
1776
-5218
4014
1920
5043
148
4340
996
-7834
-2496
-4958
8153
-1756
7674
5425
-2875
-3589
-8770
2117
-3689
-8589
9421
5516
1391
-2481
2908
-9498
-6627
3373
244
-3915
3777
9740
8787
-2460
8842
-9547
8133
7516
-6353
8627
1952
2515
9188
-3498
-2794
-167
-5646
4939
-1882
1858
88
3865
-7437
9511
-7067
295
3188
-6233
3965
9548
3344
-6185
3838
7188
1577
-7308
-8469
5692
-9294
2750
-1369
1341
2874
8144
-1928
-9406
-403
2256
4776
9349
-5953
7935
2983
9461
3463
8800
9741
-2127
2874
4619
-840
-6738
-8340
-4982
9397
-7168
-2056
-6512
-5095
-4677
7505
3621
2452
-5128
-2813
6588
6573
-1491
-8268
3633
227
-8729
2057
-5544
3125
-8393
4790
-2443
-2823
-4500
6500
-2282
-6824
603
9430
9815
-7093
-365
-6177
-2931
1523
388
-5516
-483
1631
4578
-7598
2058
2197
-3897
6094
-5468
6463
-4013
-7365
-2191
-29
6038
5734
4464
7639
2330
9561
283
-9683
174
4961
4172
9422
1007
-2737
2264
7707
1875
9379
9968
9265
-8754
4822
9296
-3511
8501
-8070
-786
-3279
7324
6766
-1880
-6871
8857
8313
9602
-2381
4213
-8245
-436
-8392
-9697
6225
4398
1812
-5272
1241
-3496
-1891
8317
5370
-6987
-9244
2728
9828
-7141
134
3008
7918
-9596
9136
-6625
6972
-1809
7878
-5617
5417
1566
-3565
-203
1671
5119
-8654
-2983
8763
1070
2211
2200
-2261
-1832
4256
-6496
-9413
-9231
6699
1609
4196
-4589
-8358
-1544
-6442
6515
-6984
2883
-3130
-1551
8219
1108
6485
-3780
9985
-2099
6626
9590
-918
250
6156
-2877
3158
7097
300
-4140
-3062
-766
9004
-4175
-8203
7082
6727
9363
-5418
-7756
-1580
897
2599
-9721
7937
4752
6404
-2367
5677
2643
9171
6228
4800
-6802
896
7470
-6331
-2995
6370
-7446
9149
-6886
3288
-5526
7636
8578
4476
6435
6934
-8975
6257
403
946
9460
-5407
5583
-3246
3314
9168
-7396
2548
3277
-6337
8726
2521
-4716
2579
8215
-358
7966
-9817
1314
9753
-6581
-7776
-189
-1721
-486
-5594
-4100
1023
4288
-2794
1455
-6887
-1411
1818
8387
-4183
-4086
-8870
-6386
5224
-7777
-5843
-3324
-2996
-6116
-3758
8002
-3743
-9070
7306
-8260
-569
2713
873
6651
14
3734
8691
5676
382
-5587
-5695
-6689
4025
-6076
1057
2686
-5753
8055
3383
5433
6071
5967
5149
-1628
-1043
926
-4038
-1139
-237
6209
-560
2745
430
-3190
-4576
9266
5539
-4947
8163
-4473
-2568
1136
8637
-8781
9309
-3024
-3489
9325
-1956
-2036
8487
2764
-9875
8652
-1266
-5905
329
-1018
5359
-71
-8126
4278
-3797
-39
-3905
2278
-7172
-7313
10
3044
-8376
537
4793
8247
5074
2905
4564
-4697
1453
7599
7394
2858
2761
-7454
4511
-3363
-9716
-4366
3105
-7534
5011
-7226
9034
2046
-809
4626
9158
1043
4381
9968
-758
1238
-8871
2187
9908
-6843
-7511
-4830
1538
1533
-2593
-9912
1386
-4056
-4977
-649
4119
-2619
5983
8947
2445
-695
-1152
9360
-9223
-3528
-4546
-1120
8315
287
-3000
3777
-149
-1538
-2066
-48
-4893
5524
-9265
-1509
9454
9598
-5684
8936
-4578
5062
-3992
-9284
4778
-4673
9471
5594
-6980
2119
-826
4403
3388
-1869
-9194
-7664
-318
-5991
7043
-2620
7517
-1752
3464
3583
-1839
127
-8737
4185
5056
-707
-8966
-7267
-8052
2888
-1138
2306
2677
6762
-9958
7046
-8135
9632
-482
802
958
5716
-4753
1847
6295
7252
-6385
191
-3579
-4988
4357
-128
1439
-4798
6176
-3976
5158
5057
-971
-9583
-4943
-6325
-5120
-9395
-4792
866
-6551
8118
9866
4587
-8988
-9374
-4894
8093
4121
-9104
7413
-6721
-7906
-4960
7363
1658
7030
6423
8970
5548
2950
-9978
-1693
-6348
3856
-7308
4542
-2623
-9404
2182
-2062
-1953
-9141
3485
-895
1673
3152
7644
2991
-7786
2671
-3631
5243
-3548
9133
7650
5633
-3977
2470
2647
-2784
-6325
-3312
9858
9265
-9416
9231
5760
8916
6688
2111
7972
-5054
8736
2359
7962
9448
1234
5739
-6693
-1671
-3212
331
1788
4624
8816
-4379
1204
-4808
2967
564
-8949
5290
7572
-8667
-2951
5192
-355
-6489
-3819
-2015
2766
8409
5966
2148
-6921
-2030
-9292
489
4082
5986
507
-2288
-8799
-6169
8012
-9018
-3483
-3391
3258
-5391
7957
2812
-4485
6442
-7296
-4340
-5852
-2060
9147
3639
-6080
-1282
8637
-5407
5976
-201
4961
4127
3426
-5459
-8809
2623
7818
-9921
3863
5464
-3221
8379
-8819
2488
-1110
8892
-8587
7528
8948
-9725
-4631
-8844
-517
-2770
-4787
631
7511
-1767
2299
-9547
-9652
7728
2310
6229
2306
-4510
-1606
-9388
-6454
-4678
-3986
9297
5725
-9507
9352
8207
9191
7247
-9311
-7545
6601
644
-5903
5648
4855
8085
2912
-5190
615
2738
-1163
6496
4201
572
-171
-1475
4152
1244
-8574
-3047
-179
5493
4891
-6621
4631
-8913
8297
3443
-9036
4749
6394
419
2813
7705
3191
-7442
-5827
-6682
-5925
-1146
-5084
-6790
-3739
3539
8605
-78
-4748
5018
-6239
9945
-540
3908
-8046
6421
-8819
-8849
-5757
-8181
5506
6094
1756
-2465
7420
-1138
3089
-5907
-5398
-2909
5036
-7698
-5625
9263
9960
1461
-3828
4471
2345
-3769
-3001
2980
-185
-5321
-370
-8844
6237
-5445
3408
-6926
33
1829
-7901
202
3007
-5166
3288
7324
-4607
2724
-1808
-5988
6828
5782
8332
567
-8290
-3337
-7208
-6991
-6619
8518
-899
-3908
9735
-4736
-2786
6804
-2410
-5765
3068
-920
4414
-7667
2413
-9595
461
-747
2720
-6938
-245
6594
8157
7645
8888
8640
2516
2181
4289
-4669
826
2592
-8066
6222
-4165
-2731
1038
2946
6677
6835
-2548
-9606
-2859
2090
5288
9662
1429
4031
3776
2150
-9259
-8489
-5122
7903
5194
-138
5330
7087
8922
5650
-2995
2482
4487
-8958
4982
1976
1537
-7210
-5437
9341
9917
-8601
-298
4511
4866
-7476
4382
3299
-720
-7839
7068
1791
770
3731
5626
2474
-9745
3788
2300
-7595
-3195
7776
2426
185
-5044
4852
-6046
-4747
510
-6898
-4749
-7673
-6677
-5394
-8825
-2141
7081
-6971
7172
3441
-9890
-1066
-3884
8482
1448
2877
-948
-7551
8280
-6241
6064
-7339
1013
3943
8242
1685
-3086
-7509
-1536
-549
5599
-4592
-9048
-8300
7240
-9658
-5151
-9575
4772
-2910
3790
-4692
5312
3111
4665
-6857
6311
2300
7116
288
-2974
-4243
3612
-1751
5710
3950
900
7997
2127
-2533
-7055
-8115
-9082
-291
-6950
-2917
316
1005
-7003
3109
4367
2140
2433
4254
-5566
-8878
-6726
-9291
8210
-4735
3528
-8733
-275
-7899
5746
4566
8400
342
-5314
6353
301
-6285
-9744
7070
4256
-7647
8393
1796
7858
6730
2159
-4553
-9830
-609
5270
-7295
-9381
-7409
-6721
328
7327
1991
1986
-5312
-1968
7449
2682
368
-612
9238
-3011
1820
-4541
-778
7012
8608
1187
2923
-9924
-3518
-2371
4830
296
31
1532
-441
6854
-4805
-6073
3034
5613
3605
-3178
151
8226
-2824
-8734
2530
2142
9646
-9409
-3661
6794
-1404
-7280
-1066
7748
8663
-4966
-6448
-2480
7215
6732
9525
7330
1279
7635
9515
5024
-3959
8486
9009
-6151
1273
-9113
-7278
5957
-2916
6224
3944
9949
-6335
5020
-9370
7894
-664
5631
5143
-6049
3585
6456
-6572
1672
-7302
6504
9270
2266
-9446
7967
3552
4320
981
-8426
-3660
2833
-5923
-9321
-3622
3388
7079
3616
7931
3126
-7870
964
3189
-5633
-2825
3083
6329
-7434
-8312
-5546
6119
567
714
-4746
7275
6543
1391
396
687
1883
6500
4611
-9027
4382
5009
-8331
-4321
2265
128
4679
2927
5490
7734
6679
3836
-9578
-389
-3688
8167
-7571
-7045
-6904
-1346
-4972
6643
-9332
-4524
5880
-8481
-9711
8553
-5873
3414
-3099
2003
8713
-7771
-3012
-4611
9402
-6191
1346
-8841
-5747
504
2648
5254
-4205
-9243
8748
-1815
-3493
-6420
8228
-3392
-1219
8776
-2764
-5292
4620
-7892
-8995
3861
-6370
7255
235
-7981
409
4662
-7079
7528
-718
-7197
9767
-8818
-8089
-9403
8025
-2443
6051
5273
-6010
5934
7321
-1185
-997
-2242
6444
28
-4486
5158
2576
6407
3507
4482
-8784
-9043
-8088
-6993
-684
9268
8088
4114
-7764
-3858
-8882
3504
5289
-6349
765
9786
-3376
-3477
-1349
-9087
2484
-2372
3723
-3172
-1375
9781
5699
1532
4381
6714
7053
-4021
-9763
-653
2390
-2354
-9863
2734
-6947
6122
-6764
-9157
1482
7822
-4297
4501
248
1883
8320
-9573
-2963
4629
2442
7971
-7708
-5711
5611
-3618
6675
6662
1325
-6205
-867
8903
-5605
2675
-2976
1807
-2343
687
-9911
-1221
140
-4338
-7775
-230
-4334
3309
2405
-6879
-1562
-4110
-8061
-8098
-1900
6101
5287
-5096
5408
-5562
6571
3160
5711
8277
4988
-7950
-3159
-4773
6723
-1158
-4070
-2661
3086
702
551
7387
1446
4494
-7492
-6064
7351
-2294
9477
9085
-2048
7109
537
-689
587
6221
-3962
2809
5746
-2014
7691
6128
2135
4464
3240
8549
-2991
430
2511
4019
-9432
-9679
7425
-4020
8229
3956
1824
-9947
-9505
-3354
-3794
7046
-223
-3747
9223
9643
-2777
-100
-4189
2968
-572
-3110
4621
-9056
-4084
802
6533
2904
-1561
-2493
-9118
-377
8265
9802
-5990
1172
6964
8298
6945
-8575
-219
3821
-3758
2711
-1959
9459
8737
5520
1819
2816
-4013
-3796
-751
-8244
2897
1261
-548
5463
2003
1898
-3073
4219
-4303
-4531
-7255
-4452
-8809
2981
3167
-2813
-2123
-7053
-2908
9321
-782
-7073
-7399
2447
993
8708
-6719
-6980
-4147
-5433
9128
6647
-2310
3140
549
-2660
-7803
-5114
-1971
-113
4911
-5877
6936
6457
9816
-9272
-5092
-171
6881
9522
673
3178
5610
4018
-6644
-7559
-2757
-3092
-6285
5683
-8374
-5138
-4005
-2995
2885
-5088
6299
4408
4682
514
1935
8464
-4186
-2337
7698
8287
-841
6549
2295
-4686
4084
-9204
6432
4742
-7972
-9428
-1442
8685
-1868
-4236
2370
-8952
6334
-4528
-3958
-7932
-4230
-3797
9575
5098
1893
-9807
-3827
9985
-4243
4780
9297
-4766
-653
-1477
6698
9085
5542
-959
5542
-216
-8747
-2801
-9375
3645
-5962
-49
5630
2709
8806
9314
5149
-1085
7380
1052
-599
8582
5602
6305
-6124
8953
1040
3951
-2853
-8274
-6486
-6869
6158
-3774
-104
-6325
-929
-5992
4614
1356
-555
-1584
-3687
-3964
3775
-219
-5488
-1534
-1143
-6583
9144
5035
-9410
7747
-9794
-5288
7865
-6856
-1849
-9889
-5353
6452
-8075
174
-523
-8609
4250
1074
-716
-4477
5218
-6648
-6804
-2868
8430
610
-2321
6050
-5286
4293
-5217
-1073
-8950
-4117
9743
-6602
9686
-6863
4084
-8530
5225
3856
6653
-2409
-4191
-4461
207
-7158
5192
5256
-8347
2425
-2822
-3676
-3354
1468
-4532
-3985
-7839
2528
9092
-8997
5183
4237
8192
3163
-5408
-4854
-7628
-1327
-3753
810
3477
-2757
-8980
7425
-1670
1908
-7246
-3474
-6467
-5748
-5215
-1764
-4469
-2499
-3027
-9862
6014
8133
3710
8689
5071
5091
-693
1815
2073
2329
9166
-4986
-1518
-7024
220
-3663
-7639
-6066
-8933
6158
6949
-9786
-8864
-1359
6031
-1308
5792
-2931
-6637
-2342
2932
-6421
-7791
313
-8379
1737
6441
-2294
3062
-1114
-3953
-8359
-4104
-1845
-5706
-715
-4150
3836
4943
-5247
-1986
4347
99
-8946
-3543
-6133
-6860
-118
5251
-699
-2400
8211
-3648
5304
-9401
6677
-6099
999
1758
5336
-7576
9034
-2195
8385
-7512
4712
4406
430
-8960
1000
-8786
-5682
-9490
-9018
-1357
4807
9579
-8902
39
-9834
-9596
-2505
-1087
3
-919
-8852
-1220
444
-194
-4378
-7700
-1195
8311
2578
9508
6226
-7265
1890
7598
835
8766
6388
-1201
-1094
8175
-1190
162
837
6153
-3325
363
-137
8287
9286
-436
-4119
9839
-2476
-3182
2568
8801
7309
-4347
8830
5443
-1877
4796
1187
-693
7780
9444
1093
8817
3940
-7832
465
-2150
-1079
6684
-4549
6893
4879
-4430
-7782
-9370
-8804
1256
7571
1546
-2057
6005
-4918
3126
4214
2969
-1424
-5068
5701
-7500
9358
-5962
2462
-9190
-5220
8432
-3945
5398
7469
-7407
-5804
5860
5977
5940
2634
1238
-4143
7101
1477
4584
4599
2406
-3829
-4906
5953
8200
2459
-6305
1112
-1511
-9480
4448
-7412
-5951
3777
-4577
-4955
6449
9186
-1671
-2389
8825
-9589
3927
-8668
-6507
3511
-5281
-5265
-2075
-8712
1340
5778
-5707
6781
5827
8886
6121
-8807
-1348
-6224
-2143
-5822
-9198
-8903
-4626
1904
7748
5114
-9155
-3579
-7941
-6544
9665
6474
7456
-3168
-1953
9058
-2141
4413
-3852
-3731
4494
9632
5847
7543
-4149
-2371
1817
-8372
-4627
-1018
-4697
7530
3884
3068
5922
6441
-3657
1455
-728
3316
3989
9210
3581
5514
4881
3006
9337
-4711
-6590
7120
-6082
4903
-3712
-6743
5022
-7782
5921
-3666
1291
-6078
9992
7917
7079
3116
-3562
-6122
-5115
5987
-979
-1038
6182
-512
-5558
-7047
9113
8487
538
3185
-5491
1565
3181
-8735
4136
-1576
2527
6365
2419
-4093
1574
-4313
-2373
610
8898
2247
-9685
4826
3054
-5061
2700
-218
5514
-5088
6797
-9340
4323
-6023
6697
100
-1194
-1161
5579
644
-9343
4472
5231
-2402
7985
-5531
-5900
391
-2143
8308
7978
-870
3183
-9470
216
-9150
-6299
-3956
-772
-4473
-6099
4352
-8066
-4681
362
5834
8161
-692
5083
-336
-4164
-9661
-983
1962
1055
-6174
-2813
-671
6197
-2807
-7991
-2781
-1849
4936
357
4923
987
-9846
8192
-2757
1896
-6828
3012
6966
133
3264
-7126
-6831
-8729
-1440
3436
-6042
-8773
-2293
-572
6295
-2898
5149
-73
-1717
3599
-7076
27
-1160
-6817
-1511
1384
-6052
8750
3450
8933
-8586
-491
-7682
-8886
-8813
727
7304
8911
-9443
1524
-2063
-4517
-4025
-5958
-9946
7751
-7578
9275
883
318
8717
7140
8433
-3426
-8856
5547
-3883
-961
-7153
7002
7302
-875
-9542
-6702
-1829
2113
6385
611
-652
-828
6101
-4570
-1030
-155
1436
9865
6021
-2420
975
6056
-2559
1254
947
6292
4005
3851
1426
-3796
-6375
-306
-6603
801
59
7864
995
-2779
3048
2753
-2145
-1512
-7434
1273
-5661
292
8262
-4779
313
-3294
2684
334
9262
-9091
-7818
-9899
8522
-5150
7701
-6176
-5256
-6159
3308
-2442
-6597
4083
4712
-7089
4388
1954
1175
943
-2385
-6568
-3192
6900
-330
7518
338
-6948
-3570
-1267
-131
-1202
7872
9337
6087
-7236
-6506
9126
-7607
5700
729
-4323
447
-9972
5390
9472
-4105
3428
8532
9817
1688
7803
7594
3261
-8530
88
5087
5984
8200
3385
3483
7091
8360
9280
-2448
-487
-4414
5375
1523
-4135
5880
1876
7901
7821
8962
-5375
-2024
-598
-8953
-6290
-3411
8195
-7783
8849
-5313
8861
5254
8915
-9609
-3332
-7360
-5514
-2674
923
-1431
6469
8886
9094
-5791
7212
-872
-8287
1137
4526
4676
7283
-1882
3775
-3574
6910
8359
-8965
-6474
-1525
4958
9895
5498
8364
5014
9627
2692
4616
602
8487
7601
833
4243
-7909
5889
7202
9991
8584
-4134
-6074
-3349
2562
-7475
-184
3048
-8238
4878
-991
2831
466
1439
-5735
8092
5466
8384
-4933
-452
-1611
-9180
4299
3189
2723
4542
6370
-1795
-73
14
-7466
-6892
2929
7286
5062
-1235
-5211
-4418
-9103
8570
-7543
-773
8372
-9800
9877
9588
9621
-1022
9704
-4842
2833
-8838
4862
-9383
761
-568
-7938
-8080
4625
-953
-1366
-3220
788
-2313
8447
9310
5078
-2152
-5731
988
2469
784
6475
-837
-9847
-1638
-3198
3569
-8718
8629
-9777
9246
-2876
8214
-9955
1005
3294
8573
-9678
-2093
-8798
4725
5221
2916
-6437
6338
7750
-1309
9902
4490
-7633
8214
-7817
4701
8601
6620
-6287
-6175
2692
-3693
1686
-1410
-1786
-4826
355
6040
-519
3565
-1612
6134
8353
-3238
9260
-9018
5691
-4516
4678
-4151
-31
-8111
-1452
-2564
-3404
3339
-7536
6967
-1559
-1382
5953
-9718
8727
6734
-9179
-2567
-9176
1540
5490
-334
-8202
-5324
-7844
479
772
6938
-7118
1916
5547
-6478
-1901
-9364
5713
-2388
-6481
4005
5724
-2995
-7124
7319
-4835
-2330
4315
2566
-4127
7225
5227
7581
3640
6424
6360
3314
148
2704
-1045
-4838
4174
5868
280
5440
6875
-7862
8244
-9848
3612
-1262
5758
-9655
1190
8878
-5939
-2536
-52
5353
6361
-7029
-1013
1262
1110
6293
-8531
6465
-4348
-7543
8962
2219
4191
-8654
2760
940
-2020
9818
4169
-8372
-7724
-6061
-594
5418
-5763
-5957
-6534
-5921
-453
-2896
-3751
-2259
-1414
-7947
152
-2798
1737
7486
4769
3950
2080
-4568
-5184
-4890
-3683
281
6729
-4793
-2040
-254
9929
909
861
-1880
-3734
-716
2876
9849
7346
-2968
9998
-1131
-2672
-513
-448
5704
-2798
2442
4521
-5965
9248
4338
3860
-6066
-2258
3176
-1351
-2192
3811
7775
-36
-6194
-2754
6618
9807
-7931
-4974
2303
64
-6157
9295
-5949
5025
3883
1542
-5470
-5900
-1750
-5046
8763
-759
-2134
-5745
6616
8614
-7486
4006
395
-8953
8686
3297
6434
1766
-3095
-7941
-2440
5970
-7418
8278
-1220
6071
-7487
1844
3551
7852
5659
-3352
-5114
3985
-6615
-4669
2084
-9505
-4079
8329
-6160
5330
-4189
4592
-2649
5181
-6090
2578
4498
7606
-6690
-577
1153
146
-4454
-9296
-3519
7110
-6618
4480
5394
-5917
-5283
2146
-7293
9510
-427
-469
-779
3950
-2147
7268
-99
993
-94
1002
-3244
-5157
5467
-6171
-6369
-3623
-9759
1141
-3930
5140
-4890
-7518
1871
-1050
1394
5428
-2704
-7529
4854
8302
-9456
3191
5934
4120
80
298
6028
7439
5174
1026
8817
-8007
-9620
2439
-7817
7259
3102
-5134
-1391
-3590
-5384
-897
9647
932
-9679
4105
-2116
2872
-1489
-122
-1203
-6314
888
1464
4013
4516
3367
-9141
4330
9232
8101
2234
-7318
-5635
-2770
-3525
-1786
-1718
897
2775
8761
5964
-1114
2129
-545
3185
7685
28
-1435
8679
8209
1004
9843
-5075
-7449
8803
-1697
-4615
5971
9341
6667
-1965
8431
8237
-2041
9145
9165
-4848
3871
-4656
-2083
-1059
1387
3476
-7757
-8439
8632
3241
-3090
1792
-6747
-4617
7952
612
-1428
664
-8807
-2529
-2686
785
-1475
-4400
-8230
9786
3912
7412
-7553
1497
-5180
-2285
-1120
-9443
8602
-9447
-7906
4111
5540
-6951
-5016
7534
-1156
5789
-5082
-1079
5109
-8263
-705
1626
-8179
133
367
4651
-508
-1344
-6874
-83
-8351
-3335
7695
8318
-4013
-3155
6344
-9243
-8001
-5909
-5334
-6720
3319
7435
-4194
4635
9322
-8512
498
-8297
-6545
403
-7973
-6755
4560
9080
-3331
-7438
-2045
-2095
2696
-4395
1972
7717
-9218
5379
5115
-722
-5817
1050
-1911
2988
842
-1614
-6140
-9934
9881
2402
-3817
5749
-3974
-70
7275
-1364
-3034
-5377
-7467
9133
3393
6819
-7210
-7349
114
-1815
-4284
-5843
7926
8562
-6109
1198
-9486
2222
7042
-6368
6018
3664
-5278
4892
-3342
7641
8767
4271
-5803
-9982
-8636
-6613
-1651
137
4170
-7163
-6105
6261
5569
-2956
-2447
4905
-9435
-4516
7322
-6332
-7216
-3242
-3668
-9510
-8662
-5935
3633
-7893
-790
5783
-4224
-8269
7808
6020
482
122
-8965
8503
-4503
2278
-9433
-4460
3777
-6869
-3932
-8792
8999
8096
-4078
2492
-9748
4705
-8179
9965
6264
593
6585
9341
-6914
-7575
6566
-4231
-3879
-7962
-8199
4800
-4109
-2303
6767
-4529
-8637
-9425
7745
6557
-995
-1731
7654
-140
-4632
8605
-7730
3421
28
-4725
7685
3432
-4459
-8114
3662
8073
-1309
-4827
-7871
-7645
1202
3326
-7432
-5468
-4270
-1788
-6391
-8074
-1426
-5869
8061
5533
-2634
2767
4428
-1564
1854
-9835
-5634
-1286
1611
2427
-5291
1661
-4928
6209
-6759
-6011
-8755
3706
-1403
9340
-956
-3542
2343
-5619
2436
3506
-6208
1668
7024
-5352
-1033
4837
4382
-74
588
3289
-5391
7289
-4122
-8344
-5214
-1314
-5846
-8127
6542
9544
251
-498
-4442
-5807
-7833
1169
4604
2534
-723
-9781
-8856
-773
9277
-2732
-5320
-6345
8754
6598
5753
3766
9907
75
9276
-6975
8475
-5564
9962
7324
6417
3764
5572
-4845
-2006
5902
6087
8356
-6859
8645
-3639
-3623
-5432
6098
-9944
6518
-6526
1837
-3393
9838
6988
1439
-5607
-8330
4895
-2596
6420
6317
3281
-5567
7034
6301
-5709
-1466
3393
4933
1867
9682
-5697
4806
-4755
8572
5414
6686
-1005
-5527
8177
-6994
-2423
-3453
-9467
-9617
-9907
-793
165
-9462
601
1317
698
-7560
5304
8064
-5804
-3968
-5994
3092
-6694
5256
2647
-948
3837
7935
-4417
-9168
1472
7816
-2771
-3521
-4487
-8010
-3147
-9200
-9369
5050
7331
1717
3528
3417
907
-2867
1530
-3681
8836
7798
-2483
8395
7532
8962
176
2924
-3605
1531
-6400
5439
-7912
-2696
-8374
1474
8456
-4221
3152
-3642
-7268
-3602
-5479
-6372
4460
4207
-698
8857
-7328
-8924
-954
-6794
3569
-4981
1263
-4972
5492
-9866
-1763
-8241
6442
-9546
-3873
8028
-1532
-588
-1036
5155
2302
-7146
-9187
7459
-8915
2336
-8190
2465
-4114
-1010
3088
1190
316
-7582
-3214
9063
4944
8237
-7959
3878
-9383
1559
-304
-8738
3781
-5454
-3103
-24
-3335
1074
-8548
-6543
-1670
-6382
-8240
-6244
3453
-2990
9858
1141
1467
-9943
6546
9424
-3051
-7238
6835
-6106
7024
36
6150
52
4971
1769
5779
-5706
-155
628
1567
-2454
3199
-9308
-2515
-3167
-6161
2271
-8985
6210
-5657
8306
-1262
1930
-1282
8702
1870
5505
-7746
-2959
9207
-2904
-7848
4639
-5824
5665
8706
9695
-2003
3231
5493
-8418
-4139
8646
-5370
9995
7880
-4563
-9220
-5601
8009
-1727
-384
1940
557
1357
-7652
2182
-7828
-6169
-4442
5368
3660
-2210
7295
0
-4519
5089
4645
8011
-1835
9726
1110
-7715
-2357
2328
-3511
-2516
-6258
-6929
-2248
4294
-7212
6539
-5746
6711
-4729
729
6234
2287
6670
7282
2309
-2015
9048
-5458
-7443
3374
967
2369
-3876
-7368
-4876
-1963
-8188
-9016
6191
8220
8249
8559
-1763
284
-1219
-2599
-3693
-7483
-8789
-5350
3549
6418
8981
-246
2152
-691
3444
-1256
-1830
6170
5436
-1424
-1235
-1192
6445
-3393
-7681
-1608
-8764
-2986
-8311
5129
-7225
2244
9339
-8131
-5783
2777
-2148
714
3661
-3757
6029
2643
-1387
-1428
-49
-3567
9171
8631
-644
5862
8837
-3491
-7368
7361
-5771
-6195
-6461
-4253
-9218
1527
852
-1550
-7644
-2749
-5594
-9605
884
9293
9757
424
2289
-6750
9381
-6753
-2215
-2657
1176
249
8837
-5737
-3397
-2459
-3497
9371
-8533
-3760
-5582
-2364
-2287
-952
6258
-1337
-4687
3757
-1321
9436
-2123
4142
-870
-5506
3583
61
7552
6317
463
7012
5739
2024
-6902
-6594
1113
-1610
-6833
1195
-3912
-782
-4660
-7832
-9327
9476
8798
-2249
5407
9979
1189
6399
-2234
9484
1343
-8630
6100
-2856
459
-6053
8955
2371
9743
-2880
-6477
-1204
-7171
-6820
7793
-6601
-8623
-8026
6085
6808
-2583
-1544
-2110
3091
-2403
4715
1989
-4444
-6500
5598
6567
-8007
-4824
-7070
-2062
2556
-9384
4023
-802
-5996
-7750
-7797
-6430
-268
-1018
-2850
-93
8747
-1941
-5539
-2890
1840
4689
3859
-5104
-6257
4988
-9982
4614
2213
-8302
4542
5266
688
4113
2735
978
-9780
6413
-7518
2871
5205
-4029
-4470
-4816
5001
-9587
-6163
7448
2657
2545
-1356
1927
6007
-51
-5710
-2484
1513
-9122
-6274
1167
4826
-5079
-1585
-9081
8904
-4072
-2825
5922
-354
2052
-9223
-3588
3188
-8597
2647
-306
-6713
-1645
2133
-8811
-883
-8355
-9046
5891
8126
8080
7465
-846
5389
5759
-2439
-7291
3943
7890
837
-6119
7352
8702
-5628
7423
9941
-1150
4684
-5699
-9066
-5898
9411
5764
-4554
-1608
-6882
6456
-7798
-1535
-1532
5429
1134
4660
-8903
1131
-5411
4445
-4486
-7378
9908
-4632
5263
-1892
4175
9475
179
-2584
-5738
5290
8529
-4445
1142
1256
1955
-5480
-331
49
-6620
2270
-5973
3073
6998
-4502
-31
797
1681
-3048
9598
6025
-4616
8050
-2819
6811
2280
1865
3593
-6165
8415
-6689
-658
7684
3188
8237
-2655
-9835
2870
-4905
5820
-6722
9491
6557
5056
-9863
-7298
8245
2317
-3757
4307
2002
8467
7842
-2754
-4150
-6083
-8809
-1849
-6505
1025
-178
-9836
7318
-23
-562
-114
-1828
27
8089
7925
2894
2580
6078
9924
-9335
-3146
-4278
8867
-3331
935
-708
-9609
8513
9538
-1451
-585
-7224
-2491
9649
-7075
8831
-719
-379
-8659
-952
756
-5069
3504
1988
-3620
7719
6354
6434
-4270
-5280
5471
-4136
-673
-6260
-6123
832
-9706
-4869
-4709
-144
-4328
-2814
-8086
-6512
-2773
-7265
7297
-4462
5879
-1427
3483
-2091
3063
-3655
-6519
5675
987
-2129
-3634
7886
-1462
4724
6159
4303
6771
7893
-7382
1577
-1273
4145
-3488
5920
-7860
5014
-2557
-2429
6671
5270
3689
-4164
-1291
4602
9442
-4863
4631
-4967
-5
-714
-2622
5381
-6773
4718
8954
1057
6335
-1790
-8158
484
-3262
-4018
7536
-2274
1562
3256
664
3454
-159
-2556
6495
-2220
7355
8904
8450
1135
2865
7131
7311
-1244
-3715
8968
213
3646
2092
-1746
5588
-2689
9006
8459
-513
-4145
7590
-4588
-2595
-2467
3749
7380
-3275
-3567
9942
125
-3195
3388
9922
7392
-3187
-8040
8432
7114
6311
-8207
28
-2009
-7394
9167
5505
5863
6562
7819
2693
9884
2351
9873
-816
-564
8190
3554
-4045
-3255
-3238
1015
-382
-5004
4919
5025
6637
-6135
-5796
-6440
8836
2487
1883
7454
-169
9297
2997
-6705
-5307
3283
-8242
4943
769
-1642
-1403
-4129
5916
-5427
-1633
-8623
8086
5
-4610
-4400
8413
7184
-8084
-1130
1963
-1984
-3661
2404
6939
2002
3517
1349
-2933
-8851
-6804
2502
-7453
-9272
-5483
-5880
-3310
-8119
-3488
5919
6802
-6724
-6260
-6166
-8128
7837
9961
465
-959
-2766
-935
-2720
7675
-7184
-6383
269
-431
-9592
-6624
-420
5901
-423
-7799
-5731
3346
386
1439
-1287
-1441
3805
-3894
6372
-9230
6430
4358
3716
-512
7467
-4878
1803
8969
-2446
-9612
-9593
-3456
6919
-3408
-8478
8985
-989
-1729
3246
-9167
1173
-4921
-2452
-115
9210
9876
-8672
4174
-7094
-1257
822
4207
3808
2613
-3997
5635
2041
4962
-7056
3949
2503
6712
-4601
-9990
9366
-4151
7902
3922
2829
-6162
-8853
1551
3839
311
2070
-3401
-1588
9990
2918
7766
6581
3929
-3389
3904
-772
-44
3562
-424
-1562
5336
3629
-6996
8285
2360
-411
-4562
-8241
627
2677
-361
4268
8245
1605
9328
-7417
-5071
6286
-2639
-6366
-3721
-9297
-7553
9864
8867
-4057
56
-9747
-8448
3935
3303
-9809
-2643
-2884
-331
-193
7763
8779
-9149
-7847
-2574
3531
-1884
1089
-3981
8599
7440
-332
-7513
555
-8844
-7624
5567
-8989
2303
4840
3000
-8254
4880
-4030
5333
5255
-1666
-3769
9549
-7856
1332
2171
1285
-2314
1021
-626
-5082
-3614
7690
2320
6245
-9555
3224
-6107
-3908
-8038
-4891
9416
4894
7100
1060
-3507
-7110
8935
-4473
652
-9364
2421
-1847
-5551
-1746
3449
-9066
-2689
7005
8746
5830
7205
8721
6827
-2255
9337
6474
9207
2629
1547
-1742
6063
-8299
3001
-760
-3176
-2487
-8259
-2210
-1156
4728
-5741
-8296
3730
1591
6818
-7452
-9149
-3325
8233
-5783
-7694
3214
8945
-2165
-8656
7492
7481
-8854
2201
8939
-7402
-5468
-5072
-6515
6585
-9219
4225
6715
-687
8419
-9164
9741
2379
9419
-2023
5023
-5705
-9414
-4223
6158
-9285
8825
-9934
-4885
2991
-7323
-9498
7403
170
-7013
-483
-3989
1550
4753
-83
-4696
7553
3144
232
-9689
2877
6339
5965
2714
-970
-2494
8324
-123
-6247
-9413
-5425
5901
8819
-3746
9165
5229
-9822
-6959
494
-5244
5504
-3205
3194
-1893
-4664
-5237
-4641
-5995
7208
-4537
-2179
-10
1211
-934
5414
9369
2092
5194
-7987
8690
302
-5257
7206
-3717
-3276
3138
-6279
-4399
3297
-4829
1856
-3181
-5385
-5
-9061
-5258
8389
1779
7275
-4340
8007
-9342
2559
8284
2663
7904
-6791
3854
-1869
-1042
-9338
-8820
1971
-294
4412
-2623
-6061
5629
6126
-3916
3203
-8300
3700
4446
-7120
-4497
-1290
3907
6017
4212
452
9719
3295
-4764
-8397
8966
3598
-2563
-1880
7152
9823
9854
4811
9872
-4527
-5408
7495
-9025
-3522
9453
-6784
4758
-310
3477
-9375
-7998
-7539
-4961
-4960
-6103
-5657
-5595
-2033
-5967
9546
9081
6764
4709
1075
-1220
4551
-7986
-9241
-673
-4601
-9938
-9837
-3518
-213
-6752
-3440
-8511
1325
-7959
-3912
-2838
-1293
5679
9600
65
-6914
2263
-5913
2963
9227
-1043
1093
-3958
-2799
-3203
6638
5047
-2841
-6232
34
-7213
-2797
-5818
283
6589
9840
3591
-6011
935
-2082
7706
-1883
5349
9258
-1874
1509
553
8150
1186
4054
582
5048
-9815
7371
9263
224
6528
-2623
6466
3530
-8825
-4101
-5797
-6033
5489
-3192
5125
-9869
-316
-7339
-156
7418
6931
-3219
9102
1298
-5669
-8321
3435
8718
8768
6692
5696
7268
-9347
2647
-379
4360
-2994
953
8019
-9226
8166
3186
5795
4621
-3071
-7752
-176
5215
2224
-5418
8466
995
-5411
3092
6436
-6995
5509
-6059
-8679
-5110
-9225
2951
-6786
-9872
-6678
-8262
8021
