2442
7993
8858
-9827
4749
9439
4776
-3057
-7766
-531
747
3738
-5093
3446
3911
6614
-2552
7451
9224
-8183
5309
-5000
-9657
-2320
-8958
3858
-8484
2494
6737
-6105
-1461
-2913
7505
-5086
-3241
-1926
-7646
-5639
-5421
1022
216
1258
3323
1918
-6328
-4248
-4802
-2378
-7026
-1382
-7174
8650
-8701
-8083
-7682
-8700
-1502
8739
-8856
5795
8117
-9402
-2559
6397
-9794
1820
-5588
9830
7573
-4533
5234
-9715
-9272
7570
5429
-8800
7015
-2212
2788
-9463
5799
6199
7136
-1919
936
7809
-2987
956
-1076
-9315
6808
-9882
3955
1433
-9915
7295
4012
5640
-8347
-8273
-4588
444
-9172
6627
2554
1066
-7345
8967
-9881
9366
8447
-4524
4940
2300
426
6882
6132
-2714
-1794
-5090
-1802
5874
4658
-1985
-3369
-8744
8425
-6958
-3069
-6764
-4060
8930
-3793
-4626
9346
-2788
-6129
-3374
-2814
-9206
6887
6062
7648
-3408
-4175
8153
-7229
-3179
-6364
6841
783
-234
6194
-5599
-1025
-1914
-6683
-6350
5643
-2090
2538
1904
1032
1161
9288
-5546
-9751
-5073
2526
3000
-2844
-2383
1307
-4392
-4405
-6594
3022
267
8517
-8205
-1870
6273
-8075
-7213
-9428
5656
879
2185
3766
-7394
-886
-6427
-3048
485
1514
-5268
-624
-1664
-3504
-1022
-1259
-4674
-2004
3817
-2311
-4091
-6244
-7127
-9442
-5666
-483
-6605
-3753
-8172
6718
-9608
-6108
-8796
-8087
-644
4858
5305
-6851
-4937
-5175
3368
-2366
8243
1759
6722
2582
-6152
-1839
-1192
7222
165
2042
947
-2060
1064
-976
-6854
1452
-2283
9189
2305
673
7325
9532
1451
466
5599
3901
8460
-3723
500
6836
-4070
-8239
-2024
-2513
-7523
54
-3771
9294
7767
9088
792
5197
-7711
2479
411
-8390
-9291
1316
2899
-9133
5081
3306
2656
3462
-4323
-7326
-3442
4366
7334
5787
-3105
3182
2484
7245
4243
2525
-4216
4823
7294
-2186
-8868
5649
-1649
-1106
-7502
2724
8561
-1816
1358
-3452
-6872
-8520
-6084
8365
-8842
-6392
-5488
9526
8778
-7590
4166
-541
-1535
8988
-1102
9130
1483
7706
-3079
-8859
5058
3132
7574
-8710
1652
-8318
9718
-7970
8234
9397
6835
9146
-2882
-8974
-7107
-3473
1142
-8313
-5986
-2018
-7053
-3599
-5114
303
7559
-3548
3732
-5953
5024
9193
1801
6934
7634
-1814
-7411
-2631
-1558
-1670
8439
1209
-1919
8427
9865
4518
-1874
-4012
3682
-6113
-394
9981
7919
-8894
9681
4441
-4913
-6327
-2618
-8068
6721
5252
9098
4807
7267
8863
-7643
-505
-6706
5628
-5343
-1879
-3345
-3609
-4809
-8996
-2429
-9947
-1558
-6747
9117
2114
9080
-4687
-5046
-943
1666
19
4034
5414
-7019
5556
-2676
-5725
-1643
3006
-5840
-4234
2069
2081
-5425
3569
4077
7613
-3113
7378
-246
-128
4316
-1992
3410
97
1026
6636
9892
-2522
5880
5690
1738
-6413
-8341
9020
1622
3217
6682
-5401
7551
-9343
-6144
-9652
7078
540
-4525
6278
-2301
78
1334
1124
7654
8432
5589
7820
-2177
9484
-365
7658
-6796
7147
9281
9951
-4972
6721
1251
4869
2027
-7344
-5029
2312
4423
-5415
-4349
-8467
-5325
-4021
-7795
6326
6906
-91
-4916
7717
-2984
-9234
1565
-2123
-7875
-8048
-2962
-1965
8593
5058
-2556
-4883
7917
-4379
-8391
1065
-5270
-712
-6423
7671
-817
-325
-1951
-3018
5777
319
-6206
338
-8508
-7666
-4994
-4647
1651
229
275
-6550
295
4343
3554
3630
-4988
-7354
-2049
3525
-6226
-8997
4757
2703
-9005
-2469
-5717
1540
-7006
-4632
6060
9363
6018
4907
4752
2784
-5328
4092
338
-6892
3974
-7618
-2445
-1624
-6003
2548
2317
5008
-5154
-4008
6242
856
4779
-4688
4370
980
3199
-529
125
-1011
8224
-6811
-2178
-4520
-7073
-1448
-1800
-2286
-9562
-6513
-3262
-2272
3114
-4752
3958
-1171
7840
5169
3901
213
8794
630
1348
6338
-312
896
2439
-4807
-4319
-6466
-7943
-873
-422
2201
-9486
-6202
714
4814
-934
-410
-6268
-5007
8031
-9314
5516
3276
-830
9239
6929
8246
-8963
-1113
-9705
7736
-9407
8966
-6546
5729
-11
4919
-2022
2906
-9773
-6792
8519
-4468
8624
-5049
-9283
-6609
-5298
-2968
4734
2167
-1770
7615
-3846
-6768
-6678
-9526
7173
9057
-8198
-5810
-1848
2517
8882
-4820
1807
-1787
-1141
-488
8344
3417
2243
978
-7150
-9555
1977
-9373
7997
-3180
4448
3817
-2359
-5184
7871
-701
2433
6885
-2694
-7303
-2255
-6324
-8877
-9631
7904
3107
7755
-7108
9161
4493
2537
-8234
-9390
-4905
-4223
365
3926
-2138
-6458
-2386
9771
6135
-3691
1157
-1031
421
-1903
-1386
5206
-2007
-111
-3834
5147
2916
3876
-8609
-347
5346
-9121
8721
9036
-2922
-5729
-4033
-9523
-2506
-5554
-7283
-5178
-4581
8789
1942
2526
5366
5934
-6329
6002
-498
-19
-9639
-6134
-8372
5179
-3306
106
1057
3208
5475
5002
2053
9286
7276
4352
3134
1721
7034
8054
6976
8261
-2630
4214
-8393
3287
-2770
-9008
-4562
6032
-5116
7264
-3869
9864
-2941
-2166
3728
-6630
-2247
-7177
28
-8063
-8142
7113
-4792
-8363
2670
8145
3999
-8151
6266
-8432
-4587
277
1546
2069
-8181
2144
-1210
-9100
-9226
-7628
1539
3429
6907
3986
-9147
-8673
-3468
5653
-1455
-9197
6376
7334
-689
-9905
8137
3364
7125
-3695
5533
8952
9753
-9930
-9518
-1664
1590
-756
8105
-8213
-2454
4637
7196
-2504
4160
-8103
8476
5738
-1850
-7381
-9280
8363
-417
-1296
6615
6654
-6851
5653
-6443
-3799
7740
7154
9724
-6503
-6120
-1840
-8745
3334
3411
9020
-835
-291
277
-6720
1661
2422
-4876
-8765
7020
-7693
-8238
6817
-280
773
4236
2896
-2433
9928
-6004
9239
3112
9773
-1538
-2672
-3862
-6296
-8709
157
9440
-8268
3922
590
9004
-899
9275
5534
6677
3475
-221
-8144
135
-2549
-9460
-5244
6664
-6264
-3055
2219
8397
3367
-1648
-4223
-2360
2575
3012
25
-6373
4087
-2190
6774
-8857
-5237
1975
-4929
-9165
-6571
9603
-2654
5187
-2928
5165
-8093
-6656
-6537
3482
6103
5845
5553
-3978
-3284
-2158
2020
-2402
1407
3485
7783
-4181
-4740
5143
-5558
-1668
1165
6728
-5025
6533
486
-8243
630
-4210
-5871
9538
8566
9409
5970
-1231
5329
454
-5953
1097
9168
-5497
5409
7158
-8807
-5479
9894
-7636
853
-7133
723
8354
-8475
-4300
4580
-155
9147
7347
451
2495
8477
8575
-6495
-4497
-540
-6189
3513
1407
-2448
-567
4906
2699
-2417
-4413
-5217
-7829
-6057
-2682
658
7079
-5215
9075
-5388
-7811
7345
3404
-6732
-1003
1070
-8126
-1005
-8960
5374
-2944
-9179
2770
5712
3572
-8216
7205
-176
4416
9572
-1573
-2858
-5263
-1133
-7306
9532
8884
-2606
6965
-2872
-9882
-7280
-4773
-575
5069
-4987
-5791
-9935
-2213
2069
-9417
6721
-7065
-4227
-3020
4498
-8255
-7207
-3203
2958
-5864
-8495
-5434
271
2241
391
7626
4970
-3019
1144
-9598
7496
-2147
-6204
-8281
-128
7267
-6052
-8086
-6778
-761
563
6838
848
7427
-2411
384
221
1864
3626
3115
3318
7396
95
-7425
-9126
3622
-8532
-2438
7111
1563
9240
1200
17
-3730
-5853
-5992
-3687
1465
167
-3396
-3249
-3400
6149
-4347
-4291
6993
2285
9489
-948
-9753
-5500
6870
259
-7988
-3103
-7265
3557
-8690
1406
-2202
-1233
4527
-988
1185
-6728
-2804
-8934
-7504
-9305
6737
7792
-6560
-2833
-1418
9492
6671
-9579
-7440
-10000
-9972
-3843
2302
7121
-197
176
3464
-9506
4889
-4833
7154
9677
1900
7188
3937
7674
-3918
-9874
-5407
-4792
193
-2572
6374
-8800
-1644
4573
-3432
3006
4096
-5515
-3891
-1619
-4497
-2008
8718
-2924
6698
-265
-9360
9983
6591
1323
-1081
-5822
-1238
5928
4824
-6340
2990
750
-5488
-9545
7535
6264
-6996
4160
-4332
-9286
3561
-4106
8924
-9964
-2157
7929
-9271
3828
3332
-3861
-2432
4426
-6283
-1844
-3666
976
9312
-3635
-7352
-8545
8709
-847
7979
-5296
7459
-8700
9942
-2510
161
135
-6817
-8290
2101
-964
4427
-5128
8466
1758
-7065
4824
-4397
6279
2996
-1678
7772
9473
3556
-6282
4390
-228
11
7802
-9591
-5444
3726
-2196
1240
-2289
8091
-7444
6482
-4962
5197
-4619
8698
-759
-6299
5337
-1707
7788
2726
-1990
-5390
-3301
3104
7062
663
-7263
3486
1749
1983
-532
9326
-2166
2430
-825
2093
-3467
9813
2493
-8751
-8365
-2232
-8052
9363
-6747
-8023
425
-6616
-7327
-8160
-4869
-1202
643
8806
8697
-8665
-5050
-7947
5060
6613
3872
2809
-4301
5953
-2339
4136
-2701
6239
-7562
9265
3767
3117
-3398
8459
1670
5397
-4807
-7944
9910
291
-3028
8737
-837
-8051
3768
-2464
-3264
-1366
5456
-4130
6097
-666
-3603
7055
5612
-3796
-296
7055
-2859
7379
4961
1342
5469
-7639
3647
2596
5128
-460
-9313
203
-7922
-4022
-4841
-8715
9822
2467
3864
8297
3703
-5750
-1841
-3100
-7439
-9087
-1323
1309
4870
5216
814
-4957
-2728
-4062
-6268
-8492
6986
7348
7858
-2574
1478
187
-2380
-3585
-185
-7757
3427
9975
-2070
2792
7289
3659
3995
8798
-2425
-8483
2920
4677
4311
-7975
-3304
-8733
-5506
1516
-9447
-3929
2807
-1421
5362
1694
9574
-3429
-6695
8580
1445
-9598
-189
8642
-7987
5734
6251
4535
-1108
-5118
-9279
-2009
3489
-6506
8581
-5736
6718
-7204
-9977
-9233
-9357
-1304
-4424
-7987
-9718
9137
-5426
2869
6794
6420
-1372
-398
-5487
639
0
7477
9046
-7789
4278
-890
-2434
-4757
-2226
5976
-5289
1360
612
-4706
2032
-1313
-1281
671
-9755
3273
-4402
7371
-1551
1498
2414
-6641
-4132
-635
-4905
-6051
-3750
677
8221
-7675
-3737
-6244
8619
5754
-279
8975
1923
7472
-463
3059
-5789
9314
-8055
1712
-2942
1280
8022
-6742
-5028
2618
-364
4265
7101
-5681
7476
-7103
-2186
-8995
-6960
-8419
-3827
6713
3582
1755
-2111
-9243
-9896
-9781
5241
-9027
4937
7801
4417
6216
-4368
-8325
4523
1271
3451
-9884
-6910
5429
-6317
6648
-3428
5396
-1144
-5409
2791
5619
1048
2988
-1334
-89
-4779
-259
277
5711
-9625
8597
718
1008
1335
-832
5765
-7136
2308
-1518
-6424
-3041
9839
712
-4188
-2941
-769
-1355
8624
-2259
7542
2800
2669
7644
3370
-2096
-1844
7775
979
-215
6137
-4268
242
2555
4934
6198
4887
1806
6009
-7510
-7432
6516
-9383
3878
-4517
566
5593
-4490
-1872
-7142
-5838
4636
9326
5800
-8333
7010
-1430
-2717
-1233
3177
-8578
2340
7528
-1795
-6802
3296
-1388
-6881
1837
-2645
-8670
7633
-4494
335
6481
1167
9886
-97
8017
-882
2669
3860
9264
-6119
4055
4321
3545
3273
-4098
4261
8412
4583
4491
-1843
6911
-8465
2982
-8271
1875
-4416
351
7902
-7554
-6295
-4909
1200
-7643
-92
-7449
7755
2573
-6161
-1687
-6
1768
-1357
1354
-8274
8514
-3494
-5329
-4249
6070
9125
6442
3162
3692
-5758
7934
-4533
364
-1320
-3925
7623
-2189
6926
6730
-471
6638
3843
4346
-778
-3161
1872
-6035
2769
5015
4380
2568
-6677
1576
-4633
-389
6486
3931
9229
-5744
7203
-9032
-6980
5623
-5046
-9373
5848
7293
2705
-5770
-6241
-7115
-7066
583
6321
-2383
-8673
-7533
-3836
-6999
-584
-2094
-9437
2923
-9273
3391
-8445
4573
1736
4506
1572
2582
-1072
3164
-278
6679
-7475
8847
-9073
-4839
2761
-5591
5378
7300
-4386
1944
7344
9571
9205
857
-1409
8136
8173
2651
-4322
6184
-636
3625
-8864
4423
-891
1342
-8538
-3797
-316
5207
4162
-2738
-5490
-7535
-4467
1498
-6480
5992
-3546
-66
-9737
3039
351
4155
-6884
1780
9256
-5874
4102
-509
-6203
-1812
6783
149
1906
-1454
653
-9778
-2172
-3173
-3655
5480
5520
3290
2562
6866
9978
-6171
-4487
-3793
-4163
9714
-6257
-3039
2606
1146
3951
-997
-1617
-2603
823
3798
-9954
4622
-4289
-718
-8054
8371
-1702
192
634
-4210
222
317
135
5025
8264
7330
2613
7629
-4706
6236
-3499
-4534
-7336
7470
-7905
-1361
3864
2309
-9073
-2272
-7229
7582
-8986
6945
1893
7170
-7152
-7789
9368
3758
-7157
5420
9294
9379
-5702
-3677
7069
7347
5519
-2923
-221
-1422
1823
-1775
3541
214
-1780
-2948
7282
6193
7815
8487
3697
-8987
-8574
3279
-4613
2107
-5801
3459
6813
-694
-1499
-8100
2537
-5473
7351
-8371
-9646
4653
-7558
-8292
-9637
-1255
-7041
5115
-2044
-8014
-9205
-5425
557
-5863
-1411
-5105
-9640
-4825
1690
7455
-357
8091
-7248
3982
-696
-1017
3901
6620
-8734
6862
-5655
-8469
6665
171
5393
2570
-9942
6878
-838
4635
8538
-7473
4800
6212
-6715
5835
-5074
9328
3557
1724
7330
-2289
9032
-9331
3781
-9034
9354
7792
-1539
1205
-1025
2084
-7157
-2914
5090
4388
8064
3097
-1865
-6611
7327
-9286
-1668
4557
-5537
9660
8944
-2996
-2430
-7302
-5579
8752
-1350
-1745
4158
5872
1618
-8085
-3469
2885
7480
3221
6643
7261
7384
-2078
-6982
-6236
4069
-4124
7745
6395
-4182
1863
-9950
6597
5944
-8591
-6580
-159
-4783
2211
2518
-2547
-9787
5589
6979
-283
-8304
1622
9248
-5218
-2141
-2951
9151
5917
-6361
2106
-792
-4465
-947
7723
1883
2728
6290
6473
-1199
6792
-5811
8326
3597
2137
-2887
4872
5420
-4942
-4697
-6551
-3071
-6850
-2602
4864
-4093
1517
7237
9888
3176
1294
6634
1762
5169
1523
7353
7195
-3411
-8106
1887
8506
-4448
1207
-396
3220
9586
4303
1210
6832
9607
-3092
2483
9980
-1459
3264
6882
-3991
-4777
9565
2242
5510
-1649
1161
-3785
1775
5250
-9930
-7642
2979
-1647
8961
1204
-7109
-4376
-8281
3126
5697
-3249
-3653
4701
-5964
-7231
-2102
4723
-6006
-6224
4810
-2020
4858
8115
-3954
-3342
8566
5537
-5133
9451
-6685
-1464
1157
8949
-1057
-3962
6102
7607
151
-8231
825
809
7780
-8381
-2374
-8061
-4562
-2322
153
1499
4192
615
1056
4786
4218
4141
-4338
-4888
2862
6084
-4486
6838
9187
827
-7002
765
-3865
-6137
-7655
-1243
-1700
5251
-522
-1331
-5124
2356
3908
-7510
-9935
8336
-6131
-7235
699
3661
5044
7737
-3444
1781
6184
3356
7539
-9542
4467
-8744
6980
-747
-3468
7022
-3703
5228
-4500
5180
1988
8591
-4934
3867
-3554
-7114
1511
-5051
-7506
-8203
9748
9016
7940
-9283
-4976
-1612
-4746
-7024
-4024
-3796
-9860
-4413
9111
-8072
2109
5315
7138
671
8638
4923
8211
4050
9885
9746
7003
-1585
-8094
-2652
-9328
-5242
6404
6878
-4179
-7427
-6741
-7904
-8410
-223
9897
-3602
-7207
-8794
494
-1180
-8558
848
2814
4110
4055
-761
-916
-3408
1499
5191
-7870
5474
7049
-6849
4500
3001
-5945
4459
7566
-6388
-1178
-9878
-995
562
-8943
-7845
1450
-6155
-8151
-9919
-1294
4548
-8862
-1744
-7873
3495
1095
2022
-7870
-3724
1145
-2291
9500
7221
-7276
-8925
3295
4721
-464
2669
4323
3380
-8713
6436
-4826
-5519
-5403
9115
6457
5915
-3095
1686
5586
8177
4310
2087
3449
416
-9848
6942
-5327
6633
3446
-1531
9380
-3043
-8770
-4189
6302
-7883
1060
-7693
-5506
-9175
1090
8157
2241
-7373
3538
1417
-2696
8870
5352
-8005
-948
1920
2235
-383
2436
-8702
2993
-348
3516
5974
2151
225
-5638
2032
1007
8826
-5677
-9555
-6053
-1976
1033
2309
1579
7910
9293
8672
208
-9782
-7386
6447
1058
1140
4497
1558
-330
5334
6303
-7862
3172
6487
5477
6529
-8900
7965
4891
1240
3849
4041
5441
-9790
-7462
-1854
-13
3589
-7542
-3714
8738
-4021
69
4273
-8409
-8676
-7428
-3163
668
-1038
-6463
-1351
-9443
-4386
4375
-8606
-7971
4380
-6165
-263
9717
5098
2050
3760
5516
114
7081
9319
-1332
-3638
-8061
-4565
-7191
6697
4769
9885
-8033
-9874
-3504
-9907
-1500
7209
989
6577
6014
-5542
5807
-1031
-4883
9776
2690
-4691
8627
-7349
-2254
4839
8255
-4507
5035
6294
6758
-2943
-4063
8763
-4787
-7758
-4631
-8931
-9130
-6811
3408
-7423
-9420
7056
1571
3402
-9291
5675
-8273
3748
-3136
2489
-1428
9529
8536
5461
2501
-9764
7476
2895
-848
1390
6531
4408
947
4749
-7337
-7657
-2849
-5941
-3898
9388
2099
-937
2523
-7440
-485
1480
-3504
-5007
3051
-9482
1095
9678
9982
-4902
9729
-7559
-4227
1862
-9999
-7131
-7006
-9184
7462
8398
3715
4429
988
348
-2172
-5048
-5082
-3809
3615
-6301
2357
7331
-4444
3249
8191
-936
3269
-3280
-9479
-6248
3545
6427
-3340
-1845
6765
-3000
9672
-9488
5023
1979
3524
-291
-4592
-9008
-9382
-9904
-4095
9886
-9693
8256
-1835
3951
-4207
-2548
6905
1945
-5038
1833
-7785
-4585
4766
7715
339
1351
1315
8525
-4350
-3795
-3912
3637
-4007
4074
8954
-527
3160
7317
-3310
-9625
-550
5979
-5231
1061
3725
-5359
9877
2990
-2889
2123
7229
-3341
-7558
1824
-5100
5565
9553
7199
-8886
-4228
5617
-6317
2730
-8142
-1718
-8535
3845
7154
-8978
6645
2874
3648
-8095
5635
8403
-1384
5091
-1993
-2974
-2378
6291
-2674
-1290
7177
4531
9482
8705
5116
-1784
-2911
-9542
-8933
5607
-9293
-274
2440
-8139
-6455
2240
-880
6715
-6069
2144
-1059
4601
5340
-6348
2380
-8832
-6768
-6690
-488
9696
-2341
-1431
-2427
-3007
7684
-4789
-5878
1977
-2491
-2499
5394
265
-5815
-8853
-5329
1539
8731
2731
2619
-3776
-2283
6317
-2509
8445
5647
351
6880
5691
8002
-4086
7888
6696
-7735
-6401
-9345
-3521
-4276
-6951
-4415
4863
-1141
-2671
-1060
3445
3541
-5475
-5956
7034
322
1556
-3541
-424
-7930
-1374
-9318
198
3573
2072
5559
-7508
-5872
-876
3175
6701
3859
8823
-5656
-9223
-9405
-9092
9708
-2898
-3913
-3141
2502
6411
-7404
-880
7301
7655
7025
8189
-7624
2412
2428
-6238
5091
-6813
-7487
-2260
-7614
2972
1368
709
-2709
-2254
-7119
-7047
-5351
-4752
-2596
3823
1014
6705
6844
-129
2336
-9839
4816
-1072
-2165
-7914
-4737
3440
-6697
-6110
5307
7434
9829
-8316
4506
1976
-3937
5870
7749
-2952
-2853
-8847
-844
9494
9985
7614
-2337
3372
8229
-8012
-603
468
-8646
8317
3373
-1352
1657
-9862
1224
52
-7993
6128
-2032
6245
-6537
-6996
386
-6314
-2785
-5843
4497
2974
4707
7236
3306
-1499
-2479
2055
8154
2993
4749
5091
-6632
1569
6910
-7351
1057
2853
6178
1659
389
-5790
4196
-5447
-2338
-8372
341
9092
1917
622
7960
-1637
-3773
-4929
-1345
8251
8233
4661
-3419
-5446
5197
6874
-2830
-696
5788
3896
4420
-2863
-8946
-1572
8907
8639
9042
-9046
-5990
-8043
1055
6093
-93
8987
-1809
-9223
9479
-6852
9373
7041
7550
116
-7829
-8684
-9851
7153
1313
6543
1449
2507
-9489
-5934
7209
-3196
6416
-9902
1790
6867
6162
6926
-7109
-4016
-1445
-2916
2489
-5890
-6094
6631
6746
8197
8181
-9382
-2053
8261
-8292
-5728
-6583
-9915
-6632
1782
-6671
-6065
3350
1661
9476
-3614
-8847
668
4027
-9215
-4669
5851
1884
7215
-1026
744
-8673
3034
-4011
-1281
4233
-6241
-4123
-4160
2266
7634
-7832
7249
-9983
-3724
-5645
-4029
4500
215
3332
520
5504
3303
-7829
3658
3053
3915
5690
-4652
5296
5369
-9905
9529
3354
-9360
403
-1741
-9644
8666
4627
-8503
-1521
7522
-7185
3350
4277
-2201
1782
2288
-6253
5041
4382
9887
-4091
-4877
-3865
-4658
-8030
5632
5329
165
5517
2709
-1608
-9432
6417
-3707
605
5435
4598
-6016
9573
9737
8805
-8857
-2635
4624
-349
-1468
4497
1541
-6408
-2311
-1575
-40
5468
-6376
1577
6981
5830
-9023
3928
-5324
-8967
-5096
6409
-5479
7029
-1504
-7842
-9869
7797
-9953
-2753
-3173
-998
4037
-1531
-6498
7041
-1535
-8842
-3651
-2977
8411
-3758
1638
727
5769
-7412
-5507
9523
4805
-7843
-9763
7857
-7652
7160
4723
-258
3957
-3119
-6343
703
4005
5819
2391
-7607
9239
299
-6082
-4948
165
7551
772
359
9788
-9691
5683
-3742
7959
9845
3210
-9363
8318
-3706
2906
243
4881
7623
5897
-6177
-9739
-7613
-6179
-5709
-6822
4747
-2019
-8002
-9231
4969
-1515
2720
9260
-5622
-1259
4707
889
-6690
-5993
5595
4279
-2087
194
6273
-587
5195
9564
2569
3300
-3298
1579
1482
-9179
7565
-9437
6814
7923
8783
-3021
-1158
-4690
4183
3807
-5860
3736
7390
-8073
-1785
-4600
-1772
-4177
-1497
4498
7288
-5229
-7833
1892
2298
8034
-4721
-6566
-4754
-2842
3598
-955
-1676
-6138
-2799
5953
1907
-477
-7882
-2012
4721
-1188
8023
-2896
-6114
9693
7332
5185
5294
7100
-215
1324
6242
-9776
6766
-7827
3088
689
-7572
-3101
-3458
-6420
-7293
1276
996
-9986
-2899
-9432
-6779
-3867
-5557
-5632
9511
5950
-4813
-4312
-6055
3520
-9923
-3724
7097
-6855
5994
7402
-7593
-4530
1923
-7870
7981
-7081
-3034
6219
-109
4361
3788
-5580
-1318
4583
-4974
-7
1202
9854
5376
2834
-8153
3799
-86
198
-7052
-1789
6330
6058
5149
-3239
2982
-4820
-539
8444
1773
-6440
6513
-9528
-6605
-6754
-5461
6187
2371
2718
-8072
2158
6189
8205
-7072
-7571
2077
1067
9932
-5694
-4744
-6290
1611
9974
-9382
3221
6687
-8714
-2151
7108
-39
272
382
-6469
-6599
1218
2416
-8188
-3661
-3553
-4503
1646
-3712
-4780
-6182
-1685
1836
-6396
6181
-7759
-9339
-2198
-8038
3221
-4475
7700
8328
4386
1862
-5888
-725
3741
-4517
-2592
5908
5462
6308
6798
-786
-4275
-8072
-7404
-437
-611
7618
-8085
2742
-5989
2445
-6243
8727
2634
4084
-320
-1362
399
4711
-2147
1699
-2299
-9877
7479
-4101
7140
-6064
8347
-1583
-4062
8125
-5476
-8263
9171
-9609
7633
-8323
-8844
8480
7490
-9980
7795
1810
341
8510
-2521
-5620
-2860
4558
-2384
288
-3961
2668
1225
7632
-8786
-272
-2177
3150
-9874
9198
7116
-5722
6610
178
57
-7563
-5241
-5819
751
9195
6921
9004
668
-7758
520
1815
8676
-2156
-261
-4709
7763
-5156
5660
6910
7379
-869
2664
-6756
8174
5822
440
-5092
-7238
-3223
7809
5694
2273
2939
-6992
4209
2595
-4256
-29
-1095
3311
-4485
4991
-4656
-6587
4174
4948
7442
530
-8827
2546
2966
-1872
7808
6991
13
-3406
-3415
-8273
8636
-875
-6974
5526
5350
-6935
4279
-2574
-5008
1694
9651
3910
-3375
321
-6513
8631
-7511
8299
2449
8176
-724
3960
8456
6109
5103
-6150
5299
4638
-7373
-2102
4751
3095
3224
-6869
-9811
8156
-1117
1072
-5993
4258
-9074
8105
-5249
-5330
-6987
-5437
5143
5767
2556
-7220
-8568
9377
-1164
6989
3419
9938
8676
-9930
-7456
5945
1458
-3948
-850
-5156
9752
7523
7823
-1629
8939
-246
9195
9053
8224
8815
9695
-9443
7765
-7292
7414
5457
3407
-5440
7943
8003
-2807
-3088
2396
-8126
7988
1641
-6802
-3683
7110
6089
131
6771
-2611
-2167
-9624
-7506
-3789
3681
5024
3366
-9339
-4431
7803
-1010
-9411
7667
7552
-9276
7350
-3542
-5331
-7874
-8437
-1642
-2948
6184
-6653
1365
-7916
-536
-806
-7631
6119
6344
-8169
3220
-8121
-3577
-7213
1891
-483
159
980
8369
-449
-8124
9163
-2244
931
1596
-83
2921
2852
-4024
-3376
-1826
3599
-4442
-457
-6275
3570
-9060
-2593
-6642
-7649
4911
-5760
-4753
4776
-6956
7380
-6808
-6762
-8610
2496
8545
6963
8426
5978
-3854
525
-2373
-2948
-595
508
2043
1778
8982
8414
-3964
-2716
-8574
-3373
-4163
502
-9654
-1572
-5168
-1170
-3559
-6383
9673
-1633
-4403
-73
-6269
-5640
-1559
-21
7831
-1196
8230
5863
-2425
2669
6520
-9196
9930
5436
-3496
4083
-4949
-2144
-5936
4915
-8069
7479
3668
-7961
3003
2620
-2713
-4324
6776
-1534
9821
-4978
3715
8674
-9393
-3037
1743
-1720
2263
4486
-1221
3589
-3405
-6229
2428
5070
-2176
-9496
-7647
3208
-4445
-7410
-7794
-802
-650
7812
1535
-9258
7636
6346
6923
417
5002
-216
-1718
-2986
-8592
57
8780
5690
4749
5899
7161
2405
9027
-3353
-7882
4137
2127
-7829
5762
8992
4033
7835
-5113
-4014
-4539
3254
-7640
-2141
-4663
-825
5475
3433
8811
7041
-893
-2198
1960
-8153
6993
-653
9643
8030
-357
-5405
-1044
7266
7573
-5122
7130
-1117
2362
-6560
6420
-9577
9033
1337
744
252
-991
7721
-2106
-3533
-98
102
9663
-44
-3862
-3778
2745
2313
-2586
-4240
-1811
-6181
-7923
8205
-4312
-2632
-7572
-8339
-6516
-7341
-8284
4812
5556
-3573
-762
4601
8152
3810
5585
-3835
3815
-6906
-8855
9358
-652
-489
-9909
3153
1332
2831
1140
-7337
5282
4487
1751
-7983
694
7601
-3083
3234
6548
-3
3049
4854
556
-1952
-1180
2670
3622
5680
-3781
-8190
5249
-1813
802
7103
-7176
-2137
2140
318
-4428
-5209
-1327
-9762
-4000
9868
-8799
8219
-1382
-1826
-5289
-2175
4293
-210
8265
-2848
1145
-4181
810
-3359
8994
4566
2831
9346
-2035
-1822
9082
-6252
-7064
9582
-7141
-8948
-6757
-2537
-1139
-8438
-5075
-8485
-3872
5927
-1705
-6983
694
6759
3999
1250
-3535
5385
-5591
5702
-2292
7865
-587
-8825
-3913
-207
-1033
9968
6527
-9282
-3207
-9080
7136
-8011
-5244
398
6603
-8064
4536
4696
4904
-1397
-8449
-9783
-2977
6608
5978
-5675
4867
-7337
-1150
9081
5345
7686
-1204
-1678
-3666
-4004
-3904
8020
-3744
3283
8679
1874
-4645
-5875
-5710
4250
3004
-4294
-5582
-2509
746
424
9664
7495
-7328
-667
-7975
-4881
-5584
2224
-7002
-7646
-4249
4047
-4628
-8911
-8221
-2784
3172
8251
-9721
-7505
4367
-30
-9643
-6926
2055
9327
8604
-9404
-9336
-9542
1444
-9050
-6987
-5961
7301
1002
-9051
-1186
9726
5073
9693
1631
-7805
-9823
-2633
9084
9735
-8392
788
-7701
-4914
3407
-9099
4766
9217
674
-7954
3024
864
-474
8094
3469
-1024
800
451
113
4156
9102
5956
-2412
-7967
-7780
-1072
-6819
1815
-3963
4478
6230
-5426
-5965
9195
4949
-6849
7206
-2267
7278
9725
3366
-1041
-9795
5167
55
1080
-986
-2777
-6414
-5800
-6995
-8708
4677
2009
8965
6015
6970
-8732
-5684
4045
8414
8911
-5066
-9103
9908
4892
-9381
-8213
4928
8959
-2076
-1454
-2095
-9601
8547
-6032
9345
2694
-9258
-7040
6089
4305
1273
5667
6953
-8472
-3415
-5524
-4361
-8949
1033
-1700
-7545
-8676
8695
-5201
2391
4502
-2951
-7454
-9953
7583
2809
5778
1419
1763
2524
843
3864
-3269
-9876
-1480
-4210
-5079
3260
491
8476
8430
2574
7503
-9623
-2122
-2151
-1396
-70
7506
-8812
-5314
4326
-3330
4456
-1874
-3065
-9994
-599
-4817
-2461
7180
1709
-6062
-1627
2319
5314
3877
6590
9889
9428
8724
-1408
-3165
2078
8222
5740
-710
-3441
1624
3474
-9634
8408
7229
-8861
-6433
6301
-3223
-5003
-4121
4866
-3594
-4530
1228
7712
-5956
3819
-4292
-7884
7406
-207
470
-5429
-7848
-6326
-1035
3469
-7622
-6871
9677
-5566
7729
-934
1787
-6978
6457
7361
-2182
-3765
-5800
1509
9096
-6666
4694
-9228
-1691
-1162
3814
-7964
6823
1188
-8424
-5436
8345
-1613
1627
-3523
-8852
-3770
-223
8714
-9424
-9096
9376
-743
7694
8222
270
7896
8325
6769
-7044
-874
2877
4513
5423
7061
-7950
1603
-5669
-3608
-1485
-4077
6750
788
7132
1041
-6950
-6802
5754
7570
-8530
-1361
1235
-645
520
8237
5086
-254
-4229
-6229
-556
4148
-633
3989
2379
-2714
7464
6552
-2675
9881
6517
-482
-7040
-7102
8447
-149
7365
-9
-3179
9779
-9587
1601
8943
-4668
-5213
1518
1881
215
-5197
-8302
-1223
9299
3577
411
2075
6897
6099
2196
9036
5850
-6013
-3045
9042
-9183
5195
1473
-1110
-2510
3803
-1060
3997
-4684
-5782
-1820
-167
6109
719
-8851
5909
1867
-4765
-9920
-2995
1211
4658
5015
6809
-5836
9242
3840
9555
-6846
-2275
-1729
4831
-4349
-8847
511
1643
-4208
-5247
-8504
-1747
-3652
-8726
2987
4115
1139
9315
-9254
4260
6192
-537
2687
-4184
1719
-9711
4128
-800
4789
1351
-4308
-6788
1778
-9130
-54
8100
324
2843
3606
6549
3663
6857
6438
4286
2528
-5648
748
-9324
-6060
199
-4956
-7762
5928
6271
4416
8851
7215
-1846
4902
-3629
-5539
6431
-4372
-6513
2348
-9293
-8017
-1909
-9343
7225
-2668
4708
8610
-4961
9256
4323
7165
2986
-6211
-6854
-3377
-8148
2442
-8892
7972
2233
-5856
-9516
4213
2439
2234
-4097
208
-5577
9748
4677
-1329
-4712
-6380
-6889
2198
2986
1088
2662
5839
4374
-4677
1271
-2222
-5273
-3030
-8704
-9658
-3956
-3602
6738
-305
-7204
5899
8688
5338
-4696
-8038
8314
6315
2100
-4423
2057
-6679
-3260
4068
-2459
-1414
320
5186
2397
-3431
8211
-9254
-5588
-2461
6508
-6985
-8715
5904
-7371
-9370
4478
-1415
2982
9285
2903
-7810
-9718
-3013
-298
-4318
-9158
6486
-1412
8152
7925
8060
-545
6923
9378
8173
-1630
5492
-199
-6396
-5626
-6550
4035
8056
5982
401
-2542
5866
-9346
2223
-1380
-6807
-9253
-4431
5066
-907
5070
-7667
-9877
-6460
-7148
-6409
-8495
5781
-1807
4239
-3512
6599
6587
9391
-9495
6882
6974
3359
-4922
5013
759
-4085
5947
3042
5104
503
3731
8016
4421
7071
5821
5286
-4251
-5351
-9981
-8128
-7471
4627
5754
9992
-4353
5131
5035
-9316
-7291
-5497
-8000
-1885
4306
-758
-4832
2488
-2870
8406
6845
-5821
7012
7811
-2889
6424
-6212
2657
-8154
8806
-4154
-6948
2921
-1865
-9048
2616
-8167
-6190
-4963
-796
3469
8927
-5341
9413
172
-8482
5726
-6918
-9406
-557
-2615
5683
205
7741
-9300
-8904
-7731
7213
-7592
1655
-5390
4973
6383
172
-7498
-470
4165
3424
-1069
2490
-2809
-7532
6296
5741
-4198
6717
5340
-7676
9613
4109
-8139
6823
4179
1972
2151
-7098
-5139
3667
-160
-7438
-3214
9058
-6568
-2416
930
-923
7992
7494
-384
-2453
8357
2029
-5676
4916
-2215
4234
1968
-191
-2521
-4914
-3967
5001
-753
-992
1542
-2423
-7902
-5589
9108
1535
4605
-8731
8455
-7876
7509
1652
1765
-5837
-6788
8070
2701
-9066
6680
-7849
8683
6473
6887
1998
6682
-9565
-7731
-3102
8254
1456
-6079
-1958
6882
9143
-2207
-9451
-2170
-8418
-24
2507
-950
-5115
-4379
-4355
-4937
7333
-9505
-2244
-8208
704
2125
294
5504
2853
1192
1197
4086
-3747
3804
-8122
-7756
-5835
-3430
-7376
1490
1557
-2287
3109
9138
6123
-4408
-7671
4622
271
9757
-5124
9168
1161
2621
805
-3246
-9493
-9408
6905
-2085
7503
-1980
-2527
-7916
-5564
2701
6856
-408
4793
-6479
-5751
9173
-9270
3279
-5314
8651
4281
-1778
821
6218
6311
-1192
-5748
8949
6454
3600
-3614
3065
-1355
-3565
-4806
2871
4842
-5321
-1664
-2687
-8996
329
-7694
-6154
5576
-9640
1008
2166
-7426
-6165
7791
-5637
4767
1691
-8951
4343
-3160
2276
1976
-134
-8274
3520
-435
3984
7623
-4140
-5603
9521
-934
2260
8223
8974
8912
-3854
-3560
8785
4826
6936
-9582
9536
-4572
8221
6372
6292
-8629
1242
4662
-987
3692
-6203
-2784
8038
2663
2199
-4265
-8048
9149
1875
-2772
2133
-6663
7066
-7215
1197
3308
1514
-7424
-288
9871
3387
-9992
-8094
-3018
5953
4651
5546
5505
-9563
3861
5568
2210
-1834
-2143
8032
4190
-5824
7165
-185
-2916
7898
-1554
-2962
3406
-7984
2997
-7899
8042
-4936
324
7691
2532
8877
4920
5800
1700
-535
-115
-7034
5552
-4828
5969
1455
-5435
-2264
-3285
8637
-6000
7073
8588
-7866
1151
-5415
1347
-2640
1206
492
5730
-4538
-4071
-3947
1878
2408
5417
4537
5798
7676
-1538
-5750
-2796
-5567
3869
-3752
6629
-5011
-5993
5883
-5470
-7122
-2364
7749
-6210
3263
2935
-3897
599
-8901
9446
3046
-336
8761
7187
-3893
3307
-2087
-722
-1622
-9881
-4209
-3300
8431
6407
-2104
7419
-3596
-2903
-7116
-8402
-9944
-3259
-7600
3728
-3901
9261
7906
8313
5771
4200
-7796
-26
5336
7948
8194
-253
5449
