-5920
7274
429
4533
5123
-162
-4503
-8480
-2711
-3073
8666
4806
-7697
-1463
-6655
1618
-9986
-6668
-9389
-7616
2286
-2707
8984
9656
-6272
1607
-7372
9423
7379
8109
-7313
-1536
2856
-4829
-132
6394
-6247
-3175
7596
-1133
-1621
-3729
5025
1169
-2533
2091
-8928
-2965
-3971
-2751
-5254
5923
-358
-3963
-3695
7573
-9038
-1274
9363
-1607
6632
-5918
5677
-2729
-5141
-7054
-1281
5770
-5756
3566
9436
9081
920
-1962
-501
3815
-9437
-1841
6792
-1381
-5111
9299
4446
1106
6775
-1722
8723
8922
-6387
4430
-7602
5771
-2354
-845
3503
-1324
7231
-2997
4489
4625
-2499
8508
4399
8294
8268
3473
-6038
-7055
-2424
8089
-2742
4500
-2014
3314
-1446
-4283
9443
2370
4707
3183
-7478
-465
-72
3872
9950
9787
-2603
-4650
-9573
-4476
-461
-1858
-367
2107
-4006
8277
9769
-3991
6043
7399
-4747
6540
4559
9145
6943
9864
-9600
-7324
-4226
7800
-2740
2962
9867
5661
-1056
447
-6036
-8111
-7442
-5385
5281
-9805
-5669
-4056
-2248
5680
1669
4381
-7994
6125
2187
7442
967
4639
-8172
6770
1958
2061
3048
9847
-5150
-1950
5356
-2562
-3768
6287
1187
-2736
-6769
-9311
-4254
-3243
2522
11
525
8748
6483
-542
-9917
2624
2493
8705
-9703
-2229
-1543
-7470
3021
1399
-7557
3528
-1143
-8727
7109
9831
-17
-9042
-8824
-4196
-9997
-3315
-8678
-7170
-2648
-9167
-9412
7556
-54
152
-5818
-3284
-140
-6997
2818
8629
-6184
-8144
9907
6176
9913
-65
3821
-3373
5378
-92
1067
-9062
5101
5783
3371
-4919
-966
-5215
-1993
-413
9724
-2016
1405
-7559
7071
-7433
-8863
-3561
4825
-9288
4035
-5212
-2883
4277
2046
-8856
-1392
-5749
-4054
3655
-8807
-3828
-1769
3904
8384
-8552
-6212
-8264
-9069
-9557
-6476
-9869
6681
-7755
1192
1515
7853
-5451
4046
-4374
2287
-1387
-4746
-7024
8513
-6307
8579
-3983
4593
2822
929
-9360
-7970
582
7937
1793
-8030
-4070
879
-1404
829
-5672
-9751
8128
-7930
1142
-1088
-3517
-309
8012
-6067
-4852
3908
107
-7606
1246
5541
-2877
9342
6304
-6603
-4980
-5126
-866
7319
1262
-4987
2373
6077
-1070
-2401
-4484
-6861
3733
-8135
1700
2705
9923
7926
8973
-4662
3626
4851
5535
3878
-4496
2337
5506
-8992
4470
-464
-5255
-2331
5689
-6479
-8921
-6137
9037
-222
-9028
4421
-3867
6575
-8705
-6924
9879
-9964
5670
9173
-1517
450
5834
-6614
-3750
7010
6161
1422
-5652
1251
2231
-7746
-4788
3950
5862
4858
-1118
7617
2105
7968
3844
546
-2917
3304
-8421
-1731
-6930
7467
-3843
-1430
862
-1049
2206
9207
-8307
3029
-3549
9790
-5944
-5546
9035
7262
5490
8336
-4627
9757
-2158
-8307
-5586
-104
6809
-2536
9387
2665
-9505
2302
-899
2998
6772
1681
9080
4903
3491
6703
8826
8942
3081
98
5141
7532
-6360
-2266
9288
4408
-341
1248
-8256
378
3084
-3198
9493
3085
9699
168
2637
5792
-7601
3807
-8743
-9075
-6193
2048
-5390
-9769
-7326
-773
2956
-3487
-8044
4018
-3353
-624
6430
-4349
-7543
868
-4675
-9718
-2292
-7922
898
4317
9768
4429
-2692
-8724
-5840
6854
883
9018
4233
1500
1600
-5385
4052
5754
8345
8278
-7607
3155
3506
-4164
-3971
-6957
502
-3545
-1241
4475
3563
-1035
7078
3692
2089
-1067
2801
4368
-422
3015
-1011
8195
1941
-6423
-549
6409
-8442
-399
5443
-8756
-1896
-1226
6410
4633
-5921
-8766
4495
5880
8536
-5328
-6446
-740
-6103
-335
560
264
778
340
9888
1643
214
-6730
-6943
7782
8802
2789
-341
-8815
-4300
-7730
9171
9177
2351
7728
5308
3377
4104
3076
-7384
-4655
-8888
6129
-2657
3366
-4762
-6901
4663
6072
4630
-1871
5167
-2142
-4555
6857
-8704
-1911
3968
6647
6787
-9366
4489
-2506
6699
-2751
5270
-3610
6746
-8497
-7953
-50
-5816
7413
3588
-3075
125
7265
7226
-2964
-4170
2483
3261
6101
-6058
51
-6062
609
-9644
412
5946
4277
-7164
-3618
-150
-9386
-6471
-3875
2055
-6521
-6356
-158
-9673
3516
-1936
6607
6129
6222
-9666
4079
-740
-5002
8095
-3381
-9149
4541
-6207
1486
4954
4848
-5891
-4350
3285
-8196
8905
3801
8849
112
1544
1438
7108
2547
-2150
-9469
7490
-3850
7608
-6969
1749
-3293
4975
-194
8963
7534
3565
7242
1036
-2629
-916
-645
9023
8009
3356
6237
-1106
8144
8172
-3087
-7668
3559
-9708
7151
-7491
-5320
6212
-874
1879
6149
-7666
-1965
-210
6917
7443
7258
-1301
9423
2195
-1722
9844
-5095
5091
-8443
-6105
4520
-7238
2732
136
4570
-912
-2356
-8804
8279
-6119
-6380
5086
-7632
8880
7048
4281
907
5671
-2747
1087
4360
3468
-5201
-4766
-2677
-8961
-727
-7077
3823
3679
-3662
9050
-1733
4018
9846
-8241
-4617
6429
-9467
-7667
7556
-8422
1472
-1247
5547
-5441
6287
-8322
7185
2155
9615
1547
-9766
4273
7751
-8312
3741
-3584
-4003
-5732
-8205
4607
6586
3193
9339
-5970
-652
-4462
613
-3442
-1021
3468
6949
-4381
-7588
-3966
-5007
-5321
2401
3539
-8290
5380
-5962
6636
8889
8216
-451
-9684
-7302
-4401
9210
3707
8014
4218
5149
-6324
1299
-8158
-5483
-5543
-1050
8654
6633
2322
4346
2001
-1032
-7524
-949
3771
7107
-1593
9942
-4587
4740
-2057
6335
-5610
1178
-4766
-2584
-4745
-6502
9709
8754
-5218
3575
1161
-267
-7935
-4643
4969
4079
-7815
-5695
2841
-2508
2162
-81
4654
-8913
6058
-4923
4999
956
-5747
7407
9458
-5292
6033
3159
9422
-2149
1823
5611
-1661
-9528
-7110
-3522
317
4508
-6954
3610
-4497
-3488
9285
6650
4231
-4123
-3741
8314
-1199
9155
4154
-557
8338
-6409
9814
-5385
4213
9773
8144
-490
-3845
3195
-8088
-5423
7612
3398
9133
7724
3773
-7329
5661
-740
-8189
-7194
101
-8751
-6884
-9348
-1238
-445
3266
3259
-5929
8804
-1985
-3315
-3479
4016
5707
9344
1998
-6153
9403
-1356
5122
-6061
-9145
-247
-5706
6133
-8851
8998
301
-7473
8945
8226
-4538
-6338
-5477
-5866
4909
-652
6890
3245
6832
6935
8323
8804
2418
9014
-114
6370
-3859
-2534
7982
-6997
8
3464
-7285
-2136
-4362
-4562
-2679
-1172
-2420
1038
7539
8214
5180
-5597
-4568
-1429
-3387
-3404
-187
-3184
4092
-9591
470
788
-7047
-5425
5688
-5742
-3517
4438
3834
4019
-4211
6467
905
1172
-6192
5828
-7167
3816
867
9659
-4148
3375
-6474
-3833
-6691
-8908
-8809
6796
8017
-3306
3397
-6175
3495
-1143
-772
-9077
-541
-7122
4099
4612
-7923
-1151
-4951
6379
-7639
9864
8781
3395
6473
4631
-6295
258
2389
-2995
807
-1237
2949
3843
4450
-8375
-9136
6615
-8089
-746
8140
-1375
-744
-538
-2926
9671
4386
1757
4769
5756
9084
9069
7284
3987
-1650
7514
-6979
-974
8163
8663
-5849
-422
-7059
-5151
-6114
-4490
-4841
3471
-5863
-7997
853
4411
7042
800
1106
-1571
-4023
9293
-3627
1049
1792
123
-9476
9538
7714
7941
4196
3869
9759
-4286
-4238
2310
-7121
6547
-1675
-6838
6221
-4373
-8400
-6031
-6228
5835
7905
214
3453
-7213
-8749
-4086
-3220
8364
-8853
-7153
-1165
270
3880
-9007
3285
2618
6126
4718
-5546
-7012
2597
-5449
-9334
-5794
2226
748
-8662
7330
2561
1942
-8639
6115
5682
537
2460
-67
-1564
1601
-5898
-7976
-4692
9748
-4150
-7242
6315
4490
-5744
5754
404
-2534
2211
2029
6132
6851
191
-4604
-3474
-6288
4784
-5062
1398
4868
9034
-9043
-32
6982
4706
-6141
-9190
-3191
-3713
2666
5682
1534
-7951
910
-942
-881
7638
-4800
8685
-6150
-4726
4565
-9545
-11
8497
2422
5939
2085
4983
-7183
5752
-4576
545
8152
7902
-2773
-2612
-7720
6271
9946
-7378
7657
-1087
-8759
5058
6268
-8439
-5529
-8218
2276
9256
-9402
-7639
6626
-8858
-5854
3195
-5182
-6958
-2761
-4303
-3768
5859
-7766
-5649
-1915
1531
-7642
-9095
3262
8204
3927
-1950
-8595
-2212
4232
5090
-2233
4883
5317
1855
-3637
-7477
-2268
-44
-3920
3408
-7938
4900
1298
-4255
-8190
-527
402
6478
-1403
-832
7859
5134
5226
-8793
-578
9394
9618
-4608
3779
-2215
-2841
9144
2947
-3119
-6250
-8941
7631
8719
4515
-3050
5278
-353
-164
9929
144
2002
5278
4775
-5731
-4514
-8546
-3747
9171
-4096
-2955
-1779
2504
-4004
7885
4942
8906
-8424
-9569
6637
1570
6647
5525
-9301
9163
3803
1837
-9752
-4581
-1674
6976
-6836
3044
9385
2219
-4601
-1506
9150
-6680
-2868
-3813
-6660
-4451
-9790
5072
9206
2428
-7731
-4301
-7149
-18
4658
-6583
-5988
6119
8100
4656
-6940
4503
7706
-5183
3675
6068
-5449
-6758
-1670
-5271
-9586
5136
-4470
8542
9652
6132
8115
4414
-4940
-8186
937
-8735
-8230
4655
-1000
-3417
9807
-584
7571
-3863
-4250
9909
-6170
8495
3892
-6833
-8986
-3588
-8394
9470
-3762
-8020
9437
4734
-4589
-5455
3195
972
7488
6017
946
-8797
-2145
5543
-9949
-1262
-8696
8149
-2543
-1591
-5104
7029
-1321
463
6305
9151
-2193
-5102
-1065
1848
5139
9268
-6275
3146
4579
-6671
1276
3155
7393
-285
6733
-801
-6848
-6576
-3548
-8786
4943
-6755
-7386
-9762
4031
-6835
-3451
8403
-949
4460
4361
7312
3360
3302
1198
9520
8518
-5138
4094
-6694
-9252
-5617
-4087
-124
-596
2243
2417
1065
3225
-2085
6880
8056
-6588
-2344
7459
1489
-5488
9066
5012
-9868
-8740
8003
-7505
7957
7483
-6917
8007
-4351
3771
-446
-7440
4841
-7109
7096
2986
-8420
-7770
-2848
9914
4758
-921
-7457
-646
5552
-4867
-7548
-9859
7266
27
5343
-8597
-9486
2683
-3021
-3491
-1354
8965
-519
9443
-8361
-72
8926
-5435
-3161
-9310
2531
3473
-7002
5154
-44
-93
-2874
2266
9563
8371
7541
-4155
-2435
-5899
-7248
7001
8342
-807
1076
4056
7627
3599
-6697
-3990
7197
7295
-5551
-4566
-3165
-2165
8395
-5117
6798
-4215
7567
-7418
-329
8505
-9343
-4792
5689
9359
-8311
3501
2358
-9580
-5828
-8854
-149
9905
6294
835
8981
-8076
8248
-495
480
4191
2107
-8901
5588
-5245
2718
-4988
-8269
-7169
-2876
-7320
7864
-7077
3422
7457
-1712
1934
-6622
-9408
5190
2400
2155
462
8559
-2197
9213
-3601
-8649
4073
-3986
-640
-8759
3094
-9106
-8259
-1951
-6884
506
6179
1362
-210
-7585
7866
6088
-8296
-4594
9366
-2769
9203
4670
1123
1061
-668
3150
-981
-5878
-910
-3404
3950
470
6088
-6741
-5779
2212
9313
7722
2893
-7318
7450
7603
-833
1594
-2258
-1576
6968
1827
1905
-9950
990
-6436
7301
9531
-8414
4594
5325
9023
8192
219
7565
1516
5398
909
8903
7843
-3929
-2229
4999
6927
2159
-4555
-1531
3093
6579
-3125
907
-5784
4601
1905
4086
4093
7886
-8397
6144
-7127
-1854
-9643
4253
-1295
5346
9301
5858
-7355
-6795
1927
3025
-3262
9746
-3335
6148
3701
1046
5312
6506
-3561
-9629
-8810
-2546
-530
2464
-2255
9153
-1522
-6923
621
2684
-8672
-5610
6525
-7089
3310
-511
6752
8031
467
-8225
-6334
2623
-2252
-6988
7610
-2102
-5736
-9213
3510
-3602
-9864
368
-2745
-4995
6353
-6132
9533
-3741
-1528
-4995
-2035
-6657
9633
2717
1764
2543
-3254
8418
901
-3759
3212
-9424
5659
-5969
-8489
3493
1620
-7556
6636
-2523
-1329
1465
6400
-1458
5319
-2622
-7334
-9724
5229
3495
5588
-247
-1698
8837
-1182
2869
317
8211
9678
4804
6081
-1515
-351
679
-503
8379
3722
-8644
5836
-7053
-3630
7070
-7693
-2217
-2872
8425
759
-3978
-6931
-3050
-2272
-2261
7255
5796
4473
1789
4154
2699
-321
-2887
9506
3263
6428
-2457
-1121
-6242
-3406
7649
3908
3343
6559
1990
7771
-5721
-9258
31
-8559
-2762
7185
-1921
6308
-1280
-4152
-3771
-4550
5947
-9205
3118
5499
-8563
320
-1382
8562
4583
2179
6799
3820
-235
-4206
1998
-7856
2481
-343
-121
-6645
7140
-3894
-2183
9081
7520
9150
-6240
5163
7092
6523
-5839
-4859
-4919
9390
1225
-7237
1819
-9009
-1835
4581
-8602
-8470
2690
-2882
5062
-7901
-505
8374
9910
921
-7553
-9573
7330
6675
-2627
5669
5406
2698
8789
-5062
-5339
1315
7044
-2320
8061
6351
3554
7916
-6620
7466
-5529
-2728
8547
6636
7591
8459
2312
5010
6049
-5906
5908
8626
-3258
5317
-3659
8368
-8055
-6929
9378
-2905
1104
5265
203
-3351
-5926
7720
-5579
-4914
-7349
6566
185
-3887
9203
3620
7880
-8010
2151
8502
-6172
-4434
-748
-4679
-7159
2317
-6063
-2286
-1398
-6411
6459
-3113
-5741
-3933
4542
-1058
-4851
9453
2668
884
-8749
1577
-2900
9152
-5593
-828
-9871
3837
9646
-220
-6585
3341
9332
-8820
-3902
-1341
9216
3802
4162
1242
2750
-8407
-8200
2886
-9742
-1579
2897
4584
-3598
54
-3292
5572
8643
5189
-9303
7531
7059
-4935
-2133
-8944
-8318
-5990
9551
-2764
1396
-2416
2427
-6109
-1473
-4762
7112
-502
-8390
8107
9571
2592
-3666
8319
7533
8171
-6563
-3311
6345
6867
-7348
119
2704
907
7719
9185
-7989
-9006
-4144
-4438
9526
-5597
-9788
1440
-3797
6406
4641
-6176
-338
-3645
-1489
3898
8860
8023
-7433
860
-5009
-165
-6827
1717
-2089
1069
1688
1933
-7055
-9786
-9917
7620
9157
-6608
-9989
4874
8683
1786
3159
6937
1485
3009
-711
-241
2134
9717
4254
9787
4916
8686
-1690
-192
7209
3255
-90
-1209
4191
8091
-9441
-5570
7367
2431
7982
2584
1883
-7372
-682
3101
9271
6974
7299
-140
2901
-8686
-5430
-4800
-3163
-5936
6961
-8887
-8213
-4571
-3413
-4129
3962
-5309
-6833
-2782
3914
-6344
8065
6007
-5458
3815
-3517
-4459
4259
2972
4867
211
-2486
9584
-3544
-333
-9829
-9345
3271
-264
-8462
-2897
9483
9408
-4415
5417
3995
-2366
8178
-2701
-6972
6600
-6800
-140
-5915
-1443
8209
7080
3176
3902
6037
6655
-9339
-3885
9852
398
9680
-5213
1371
-7671
4902
9036
-1943
-2276
-5329
3139
437
-2482
-9849
-4022
3466
-6139
7020
8606
1869
-9574
5965
8968
8314
-7491
-8955
-6580
-940
1257
-5899
2194
7100
-4636
3358
3747
9384
9269
7156
7435
3395
7038
-8173
6435
3016
-2809
5498
7691
-4268
-9002
9740
9634
3301
-2925
-2027
-2736
-7529
8887
-967
409
1482
9720
-694
9894
540
-6539
-7999
1540
-6419
1312
-5507
121
7984
-4139
892
3704
-9770
-5994
-9175
-3993
-8484
-8161
6310
7023
-4629
-1541
7475
4641
2433
-2641
2732
-5286
-6276
8110
-6065
-7227
-5939
-6444
1198
-8690
-6164
-3677
-9033
-7015
8257
-9731
7094
-3394
-2764
3454
-916
618
2595
7316
-976
-8722
5426
7240
-6463
7490
-2668
9114
8955
5329
-9855
-1137
4892
1221
-9902
371
5641
153
-6376
-2591
7893
-2726
8646
6872
-5152
6478
4576
194
-3155
-9879
-9296
2824
8211
9910
497
2196
-7647
675
1702
-1608
5814
-3613
-4983
168
-7439
9486
-3744
2096
2505
-8605
-4328
-6774
3296
8476
2463
5724
-4743
-7440
-6858
-9074
3823
-8759
-7617
-2028
-2375
-2097
1568
1332
-404
8352
72
2824
3739
-9405
7468
-3748
701
6515
-9871
7735
-7373
-9799
-4747
-6078
9969
6521
1410
6262
-5872
-7763
1403
7578
1942
-1459
-5558
-4088
9873
4747
-1473
-7218
-3556
109
1142
-3814
2696
7900
3480
-617
251
2480
-653
-2826
8635
-430
-248
2636
-1130
-7075
7576
-3481
-413
1915
-3712
7080
-5720
4450
-5206
-3311
-3811
-9378
-848
7457
-6586
4143
-9352
5437
9975
-2459
-9362
-5226
-4580
4537
-9804
1903
-8403
-8497
-4281
4496
-5961
7737
7941
5096
-6139
-5834
9052
4615
3146
4019
-369
4981
-1157
6180
-7314
4582
3363
-2932
-972
-2319
464
-9345
3949
-5757
-1952
616
6258
582
5915
-6160
6565
-1773
9574
-5409
1377
-1751
3254
7916
1025
7140
-5090
6317
-6701
3689
2397
-3128
-7173
8447
-8362
1413
7352
-9298
9443
4958
-3378
4638
9739
5728
-545
138
3444
5107
-1031
5283
5483
-726
8149
9723
3430
-2499
-2632
8308
-893
9912
-4329
4165
-3694
-7586
9595
-1119
5381
-7648
-674
388
7858
-5572
8403
1564
6276
758
-3670
-4585
4709
4409
-6258
7692
579
4978
1920
6125
1336
5853
9836
7735
6466
-834
2979
-4603
-1547
423
-3304
4270
-8768
-6008
-2206
-232
108
9571
4213
-9010
-5200
-3768
8488
258
5779
887
-8416
7155
2594
9529
-4250
6615
8672
4662
7628
-2762
-4886
124
-9605
-2498
-9948
2628
-5773
-9074
-7135
2837
3051
8054
-4332
2188
-2741
-253
-2301
-3793
3582
7891
-8482
-1971
-6702
3458
-76
7750
1600
5600
-707
7014
-8591
-2728
-9491
3886
-8513
2969
-40
4412
4911
8594
9582
-4633
-7403
-4115
-5182
-2737
7485
9886
4863
7141
9640
7199
-6316
-1060
-1283
-6666
4860
-9433
4832
-8937
-5304
-5884
3962
-5737
9474
-5832
-3991
9595
-2278
-6827
-3251
2677
-4421
8717
-8294
-8673
-9119
4353
817
6839
-3513
-6192
-8331
-3956
2856
5386
3733
8257
7036
-7723
1214
9143
4462
5125
-7202
-7922
7981
-2334
-5434
7742
1082
-5876
4643
5348
-389
-6412
-5849
-3432
2186
6225
3798
9893
6565
695
-3682
-9577
2661
6373
9972
-4774
-2421
-8536
-8916
3098
8341
-7948
54
-5219
2706
-9971
-4972
392
-2001
9119
-3439
4699
-375
8709
8039
5498
296
8336
-8496
-5701
-6866
-1572
5957
3196
-4681
-2501
-5708
-3960
-2531
-2486
4021
-2251
-1802
7915
-1112
7626
-8987
5578
7596
6478
-1367
4794
6186
-5286
7640
-4450
3930
-3837
2013
8695
2799
-9302
1144
7209
-8032
6248
8171
-4663
-4375
-3403
-7050
-9309
17
-5324
3436
-2420
6885
5978
-5400
8794
-3786
1708
8456
-3419
-5814
3017
4533
996
-9437
8229
3839
3080
-7726
7143
-1849
2260
4273
-9550
1091
-4032
-7572
-1682
-8801
-4784
9807
3516
7098
-8679
-5359
1212
1858
-7115
-4637
1899
-143
-1908
8326
-2549
-3719
-7401
-5575
722
-7991
7265
-7245
-2593
1504
-8947
-1911
-2877
-1022
2416
8002
2003
-1216
-159
-208
-8213
-5941
-2213
2063
6134
-204
3435
9487
8806
-8065
181
-1987
-7176
-1892
88
-9210
9586
2692
-1765
589
3960
9545
855
4921
7045
8569
5126
4913
-8348
8311
4076
8949
-1187
8949
-7836
8634
9685
-7305
6104
-6042
8452
8272
278
9013
-1226
-6002
1022
-6314
-5773
4947
9068
-7064
-5012
1672
-9231
-398
8491
3271
6331
2039
4113
7148
6991
4182
7305
9972
-3145
3880
-3713
655
1471
-3006
1959
3393
-7966
-9763
-4952
-1972
-8384
-7715
-1867
5829
-3371
-3372
7993
-1693
-1788
7436
6354
2009
6925
8035
3255
2817
8103
6474
9730
-9253
-4498
7346
-2238
6460
-8932
5205
8875
7291
6852
9424
-1921
-5921
-9743
7349
3539
-8264
-2818
-3418
-9141
-5866
-3996
8501
-2052
9916
4883
9418
-3928
5895
-4772
3316
-7634
7470
5508
5378
3218
246
-8484
1216
-3009
2217
4997
7204
-8912
7883
7733
-3011
3508
7312
4237
628
6702
-9752
-2888
-3311
-1364
3780
-8127
6009
-4632
-2428
4448
-6122
6394
-2261
8026
-9686
-2820
9942
-770
3492
757
-8477
-4024
-8021
8308
8028
8226
-9608
7988
2950
-373
2764
-1454
7554
-3354
5212
-9011
7960
9885
-8871
-2853
-6392
9090
-9731
302
-7263
5627
-8411
2186
-1486
-9628
991
-1932
-6583
730
6692
2983
5383
-1001
-4913
-5651
5358
9628
-9235
-9720
-3966
6944
56
-5734
2786
6551
-745
6205
4669
-2096
-4411
7771
3644
-9598
-9687
6697
-6916
7140
4303
3099
-1912
1199
-4620
3700
9053
2927
-7813
9074
2698
-8295
917
-8885
8518
-3160
-7576
7875
-5474
8049
-8997
6075
4517
7720
-357
9034
4132
7422
7707
-7749
-4965
1184
3273
3399
-1868
7410
-8989
-9005
-1942
-3627
-9063
8702
-1400
5295
-2462
-5417
-2421
-3264
5264
9458
-3530
-695
1049
3760
-3540
-3001
4697
-6358
9555
3767
-1286
-7013
-4160
-5477
7134
2882
5538
6353
4448
7611
-6971
3661
-4539
9297
-8946
-9413
7115
5384
7914
6570
4748
6768
660
-2554
-2325
-9118
-2160
-2184
992
-6742
-7868
-3970
4929
-3205
8413
2128
7130
-3338
5848
1635
7304
3302
-5804
5191
988
-8897
-9149
-9037
-4029
-7467
111
-9243
-670
-5430
-5177
-1304
-6686
-1702
8584
-3645
-1238
-7125
5690
27
-2391
1353
-5122
-6688
1643
-1624
4226
-7597
2209
2315
-63
-5162
-4281
268
-9943
4388
-8079
-8485
-1341
-5604
2060
9993
911
4599
9374
-4410
6281
9316
369
-2090
2338
9073
2742
-4568
-5764
-5694
3822
-5498
7755
0
1351
-3240
-5051
971
-163
-4861
3658
-2265
-2173
-1406
8001
-1922
-6215
-6006
615
-2928
2446
9622
-3945
6605
-3256
4069
6354
4374
-8937
-8307
8989
-6721
1708
1946
-8836
-4741
6144
-9409
-5976
-8646
7510
-9267
-9810
-3273
-2074
5868
9895
2714
-5078
-4598
-1875
4976
-2718
7844
-7974
-2823
-4215
-6051
4547
8811
8872
-7143
6219
-932
861
-8012
7343
259
1415
-3791
6665
3514
4074
4173
381
1565
-3706
1196
2087
-9548
-4111
9563
5517
5487
2203
-8854
-7434
2108
9001
6783
3519
867
-8954
-4032
-9743
-8122
9490
-4132
5281
853
2096
6380
791
-3377
-4741
-5813
7603
7076
-2975
1918
9238
2338
3673
-6933
6518
5624
-1047
5339
1531
4847
-9315
8478
3701
-3114
166
-2080
3310
-4272
6075
9958
-3948
3686
-2412
4094
5589
-4188
-2280
-9928
-4241
-259
-8081
-5786
2460
-3144
2898
7065
-7409
-5833
2977
9044
-9586
-9601
-9808
7017
5888
-3195
-6628
8812
5228
1597
9499
-2694
3587
-3824
-7570
3162
-8080
-8223
594
8218
6375
-9322
-4330
4290
-8657
2471
-6074
9216
4187
-1198
3230
9406
-3501
-7529
-7576
4658
268
7318
-6662
2939
3958
1091
-1670
-7921
5551
-5840
-7952
-4020
-3790
4753
-476
7298
8686
-9966
-1453
5679
2370
-8065
-1513
-8626
-4723
-9311
-9001
-4707
-2730
9310
4167
-5238
7960
6234
-6360
3625
6210
7580
-2653
-2931
-6957
7931
-5798
-8701
-7971
-3223
7856
-155
-2238
-7617
-3417
473
-127
-6218
-2936
6096
-9670
-626
2376
5707
1754
-4569
-84
-1879
5042
-3731
-5645
2255
7540
7270
8293
2556
-7844
-8525
4403
-732
-9324
8920
4556
98
4759
-2168
-741
9488
-7284
5562
3346
70
5869
1324
-5778
-1794
46
3801
1781
-7195
9089
7613
6835
-6701
5443
-7792
-343
-7497
834
5397
-9799
7519
6213
1151
1542
-7219
3428
-5211
-5311
-4348
7376
3368
-1404
1213
2261
-8674
-9900
9620
4546
2792
1173
5993
8203
3194
5710
-8095
-4949
757
-9093
5154
-3287
-7275
4952
5249
-5394
-3913
-4674
-7345
154
9772
-7693
504
-3955
-4346
308
-9494
8291
-8894
-4148
4249
-4629
9547
-7630
482
2549
9276
-5077
89
-6724
-6801
-8494
-2957
-1962
-7955
6444
6274
3231
9072
2960
-3491
-9363
2556
-6948
-2754
-4943
1945
-9170
-3762
4820
7511
9581
-2798
-9578
3709
2485
7975
-8385
6643
-831
627
7658
3134
3786
4198
-173
-2913
3668
-9009
-9418
-2032
-9308
-9821
-8280
-8671
-2945
-3257
-9476
-2150
-6891
-3832
-7531
2225
4347
-578
-8552
-8486
6031
-1098
-4596
9043
520
6213
-3966
3590
1626
-6355
-7450
-8411
516
322
3198
-9912
-3775
-8096
9711
-8874
1181
-2052
-7247
-9780
8539
5057
2838
8267
-1628
-9738
3060
-5076
7030
490
1730
-6675
4413
8677
-6781
-1175
-2714
1930
-1693
3117
9565
428
-2086
2217
9322
6636
-7326
9304
-87
76
353
-7289
4228
5415
-6295
-6264
-73
406
-1928
9587
-4705
-11
3528
2174
9062
-4443
-251
3116
-6921
1772
3835
2206
8773
282
-3089
4015
65
-1771
-3447
-3717
-850
-4682
7642
-6066
-492
5088
-3500
-2598
-6742
4336
-8774
-2464
3252
4450
-959
9104
-3364
-6295
-2136
-8410
-912
-913
-4995
3981
663
-1469
6427
1608
2028
1794
-9323
8225
-9723
-7654
-1557
-229
-4162
8538
3510
2267
2545
-1043
-1973
-410
8835
9722
-8752
2933
7132
7649
6899
-7872
8281
-6893
-6140
-8978
-4014
-8598
1750
-708
6391
3423
-7921
-8530
-2840
5729
-7483
2927
-8746
-9091
4743
-4248
-178
-6454
7135
-813
9092
-5582
4429
4529
2153
9316
1308
-6687
2167
-594
245
-1579
8052
-4197
-6867
7110
-5248
749
-9203
-9661
3532
3611
-5594
5139
3302
6016
3391
-9357
4567
-4044
2068
8669
5132
-824
9842
-6144
-5754
-8772
-2526
-9453
392
9566
-6945
4124
-9137
6100
8957
9865
9854
-6695
-7915
8212
2143
9488
-5193
6974
-3819
4106
-4325
611
5804
8483
4255
6003
6045
989
-5200
-9897
-6871
1923
-8712
7735
-3080
-3862
9697
3523
9953
-7346
8296
6954
-1379
-6971
3865
-7075
-8337
-3053
-1564
-1466
-7089
5754
-4502
6090
4591
-1774
822
-3796
-5896
-8567
5605
8763
4606
-7377
2110
113
2789
-4364
5439
-365
-1202
-8567
4478
3464
-4160
-6526
4711
2680
5923
6020
-5315
-874
-7091
5539
8880
-4295
-172
-1902
1006
6408
3230
-5708
90
60
-9298
3209
-4653
4729
-7133
-3617
-6746
-532
-5784
2882
5130
2258
-1453
8509
-1237
-4729
-161
5140
4224
-5485
-3859
7301
-8817
-2015
-780
3969
-1133
-8501
3076
-9420
-3143
1433
6084
-6225
6052
-4335
3914
-9153
6491
-9307
5496
-3291
-7138
-7155
-3683
-5716
5147
-8432
-7579
7721
-7585
4908
4867
-3726
2987
4683
-6571
3843
-2080
4464
1446
9280
-8747
9343
963
-3738
4393
3845
8746
9329
4999
7988
217
2563
367
-8595
-9200
-4553
-9338
9246
-8290
-9643
-3053
-1873
-8901
8421
784
-9240
-5068
-4297
-9252
337
2338
-7633
6911
-50
9363
7829
-9236
-385
5182
-1648
9709
3000
-9596
-5636
-3881
1821
-7526
-1486
-687
108
804
5879
5989
-8534
-2439
498
8230
9496
-9096
-3653
5052
8233
7238
2305
-2704
-3102
-7204
-2114
-7208
-5833
7343
-3599
-7330
7504
7245
4503
4661
-7548
5112
1997
5338
-1174
9341
3510
-1309
-5263
-8526
-1650
6387
3991
7226
6924
-3847
-3262
-7123
-1801
-7786
-7323
-4464
-1017
97
1881
5043
-5979
-8502
-5509
-7427
5607
-8830
5139
3584
-2041
6478
-2054
3650
7243
-7826
-1951
-8151
-5737
-2261
6356
-6709
9457
-9445
2959
-6960
3012
-4445
9293
1238
-1533
5454
7571
1414
-8726
-4950
-8484
-4243
-9734
-5372
-8278
503
1998
-4626
6548
1319
-7428
-5097
-1809
4124
860
-2211
8175
-8920
3075
5061
9200
2712
1423
-2126
-4340
-6310
-7499
9680
-9353
3041
9251
-9145
-4468
3327
4404
-2352
3145
2608
3133
414
9883
-2591
577
-2771
-7662
-7456
-3944
-7859
-4347
7297
4719
5791
-2635
-835
3814
-6468
25
8213
6356
3629
3630
2577
-3266
6462
-9684
6030
8767
5639
-9086
1574
6544
9869
-8449
-7680
-2382
2430
752
6230
7820
4499
-944
-7778
-7595
-3579
9604
285
3469
-834
-2127
8795
-8424
700
1806
3882
8112
9838
2646
-6112
-991
-121
-1793
-2263
-4624
2198
-2037
6583
-3231
1938
-2035
6984
801
-2000
5579
-1743
-4807
4693
-1566
7018
7877
-345
-3132
9281
8664
-7435
7838
-9640
-8594
-6929
-777
-8931
8159
-3435
8972
3474
-5012
73
8572
1397
6225
-2288
5978
-8584
-8764
8219
-258
-1451
-5512
-9689
7020
-990
-8941
-8416
3214
8841
-948
6612
8282
1493
-5308
-9772
9512
3134
-8657
-2178
-8520
1197
7049
2408
-1353
-1130
7697
6944
-6863
-8603
-9731
-4910
6750
-7982
3553
5887
-5929
-5661
-5678
5786
3729
5653
4825
-2842
-4842
2664
-5470
6936
3915
-4844
-7070
635
9200
4363
734
9648
8787
9019
-231
3687
-7581
-2196
-946
-6127
4444
1673
-8604
2341
6647
9998
-9431
2051
3194
-465
4791
-666
9422
3085
6250
8188
2790
4348
1575
-1995
3811
3098
8176
-1553
-6623
-2342
-8176
8965
-933
3480
-8461
-9137
709
5064
9815
7308
5338
2973
-1569
9701
5779
-2664
-2053
-5148
-1669
-7025
598
1647
5291
5294
3830
2074
4863
9473
-7555
7473
-2696
-4734
-5666
-4734
-3429
9406
-9208
7825
3761
-8328
1953
-8217
-7902
-570
-3693
-649
2288
-8837
-8802
-4973
-9029
-3216
5577
-3443
-32
6371
1371
-5536
-2754
759
9570
-9141
-4155
-1002
-7137
7807
-1584
6143
5586
-8606
-8018
7219
4044
4146
-4402
5283
341
-5265
-3651
3837
-4973
-8041
9290
-7479
3191
9876
6702
-5504
-2499
4613
6439
5175
6401
5951
7204
-4435
-346
1697
-722
-7948
-2539
8829
-1965
3507
515
786
5982
-8120
-4195
3911
6905
-4347
7522
-9567
5633
-7854
-3717
-2071
-172
-6544
3680
324
6609
-141
3157
2741
-9338
6626
-1884
-964
-6269
8548
-7133
7687
-8514
-7919
4840
-7916
-4295
-3103
3784
-974
-3685
-4944
-2184
-2668
-4181
2222
1532
-3142
7110
8454
9430
6199
-1361
3034
-1838
79
4077
-9778
-5199
-8061
-7557
-5013
640
9626
-7865
-5578
5679
-9371
3425
-4274
-3689
-1398
1208
6664
-7748
-1467
4049
-8437
-3448
-7844
-5090
-6999
-4712
-4497
4371
-4434
-7783
7042
8204
-1525
1111
2680
4120
-4136
-3118
252
-2871
3940
-5522
-5515
-4311
5190
7250
9717
-5757
8067
2819
6687
-9889
6951
-9536
-4736
-4206
8940
9830
4929
5572
3880
-8634
6505
-1503
-2245
-831
3595
4492
1309
-487
-4741
-6893
-3239
-1831
-8209
-1673
935
1769
1589
-8673
-8800
-5091
-3742
6942
-5939
-6463
837
1179
8718
-7816
-5876
-4325
8120
-5780
-2919
8991
-4871
-1474
-3012
7508
-1900
4113
-8743
4166
9422
-683
8286
3432
2610
6217
7830
4836
-5664
-3109
-3340
-8588
-8931
3316
-8783
5973
7645
4327
-8112
-5095
1864
-8324
-2596
-5658
-7209
-4084
-3412
6104
5127
2889
-1797
-2659
-9589
-2914
-5517
2636
-4345
1438
944
-3654
1174
541
4570
-6391
-4931
9933
6489
903
-5595
-37
-1024
5619
1036
-9527
6494
-3702
6754
-4146
6897
-3610
442
7809
3231
-9437
9936
-2758
1084
1885
-2796
-2852
4161
-2550
-4629
-2945
507
-2650
-1053
7739
9302
2247
-5192
5528
1333
-7588
8524
-5771
5496
-2266
-7997
4604
7034
2555
6401
9055
578
8521
-6187
8993
-2550
-252
-9148
-5665
2967
-2945
5671
7032
6301
-5448
-7642
3067
-4665
4360
-8500
-8683
4311
9817
2435
8010
8197
-9673
2249
-1382
-3205
-5964
-2043
-5574
480
-1249
-6543
-8583
1332
-2710
-3617
-2570
-9137
-8749
355
-2441
-9776
-6199
5901
-2996
-9271
-6280
-6213
-4582
-7510
3915
-6845
-5728
-1188
-8164
-9948
-1398
-7449
-1155
770
7156
-2094
9140
7113
-2818
2667
2053
2453
-3953
-7270
7341
9707
-6000
-4523
-9701
8022
3676
8722
-846
9343
7889
-6974
2466
5051
3391
-1834
-1131
5478
3083
3811
6040
6719
-9019
-3007
-9253
9859
-5960
-8087
3320
7437
-599
-3820
3064
796
-8497
-5498
-6680
9810
-1160
9688
6303
-3410
-7747
5965
-9699
-5324
-9404
-3561
-2860
-4480
9399
-183
7922
-3643
-8886
7639
2049
3033
-6383
390
723
-7892
-8897
8632
-3203
292
-3947
-7119
8842
-5808
4734
4566
-418
5132
-5172
-6181
-4661
9160
-7564
3641
760
3670
-3357
-2653
4795
-6287
-6563
-8150
1752
4116
-218
1105
7064
5176
-8543
-8972
6475
-532
-1359
-3856
6419
6931
2748
8635
7089
1615
-2945
1479
-6893
-2031
1019
3470
-103
-3150
6030
2351
9144
4261
6024
-7855
9212
-5260
-7493
471
5665
-9689
2749
-6065
4016
-8089
-9005
3334
-8221
583
944
9718
5455
-2041
-8002
4094
4602
6641
-8720
1355
1260
-1225
7079
4794
4242
-8424
-9987
-7125
7262
1225
777
-9900
-4788
-375
-943
-4121
-2867
4829
-1186
1923
-4183
-3293
3287
-339
1511
-1857
6331
3360
5336
8672
4375
-7796
9436
1717
7763
-1730
-2947
-9756
-6998
-1798
-8587
9818
6322
6952
4560
-6719
3979
1875
-1959
-1481
-7499
-2837
414
-5837
5296
2378
-2219
-9467
-360
6931
-9158
5042
7910
-3270
6911
-3778
